# /groups/rgutenk/lnt/software/anaconda3/envs/donni/bin/dadi-cli InferDM --fs input_fs/fs_015 --model split_mig --grids 178 196 214 --lbounds 1e-3 1e-3 1e-3 1e-3 0 --ubounds 1.1e2 1.1e2 3 12 0.5 --output inference/fs_015 --cpus 10 --force-convergence --delta-ll .001
# Log(likelihood)	nu1	nu2	T	m	misid	theta
-2242.711002815294	0.0936629266316578	0.5829122653689219	0.1942190726329498	0.9262418945667314	0.21290793832692906	299.4507176209884
-2257.789690677063	0.10600141356984108	0.5995121905897747	0.18957837511438747	0.6881630425530189	0.21624244632657835	291.0044278463529
-2337.44868516107	0.07875765938913291	0.6084306738663414	0.09240094174274768	0.23861758963707427	0.22807245409073176	287.1419775702304
-2238.6688021638042	0.08283754391984804	0.5591938604394717	0.17128941579632992	1.1261805072030273	0.21373458707286827	307.03374567513777
-2311.26482238418	0.06663148904946758	0.43527118848954094	0.08301223384938453	0.43201533441258727	0.22897874773300583	324.88601328202157
-2227.786530108732	0.07857786798113632	0.4788221057298935	0.29542242795844004	1.4624135565501577	0.20201184265830133	347.12807596960477
-2234.489592782242	0.08212869640154247	0.4872984273462033	0.17973071502665122	1.2044402127943523	0.19605954715603163	327.45106038081957
-2255.635205558197	0.11208167058359204	0.6016896933144901	0.21904442640178168	0.7058886220710769	0.20172049592367478	290.4331846068238
-2228.80161546023	0.07995858103938562	0.4861615020193208	0.488715851195441	1.4344758989311908	0.2009208618836836	357.8651430824902
-2229.1446362159386	0.08516364713455286	0.5085551872479248	0.4018067541973276	1.3528682916220516	0.2004230033370585	340.39126090569164
-2251.4814152033764	0.0906141443721095	0.5133599138556164	0.17017160934180633	0.8091489451296582	0.19593289725369548	314.6000897767545
-2289.653879823819	0.07892391437867413	0.5184746135265771	0.1029147769660208	0.5172190942358423	0.19279923238482882	306.26500840887564
-2248.54685839841	0.08175123336261743	0.4737763960953878	0.14551818931485352	0.9222167258371458	0.20846720138274688	325.21034451677656
-2312.040974494438	0.0884562032032893	0.5132113126973064	0.11159234806830057	0.3519766435350214	0.24569173182722998	305.77618666451207
-2232.6819569821782	0.08649069399152667	0.495267807216029	0.21995850525785393	1.1863200306898831	0.20540822940892572	328.35092847764145
-2301.270500087593	0.1091384809570648	0.6982743322270707	0.14652915594219726	0.3897848189638719	0.18670278057141063	269.8539172107564
-2274.6318791319104	0.12269494801599877	0.7157869225278174	0.21081724172368055	0.5402198318155694	0.2203463477311207	265.9168514982985
-2235.4885873963253	0.08875970390238327	0.5356137283790414	0.20301024085968958	1.0955728870055086	0.2119489219986553	313.9296229164511
-2258.2044047536406	0.12039393038358527	0.6393432950774509	0.25451809802710285	0.6935994618404211	0.23432239000885435	281.5942080062426
-2227.5206332832827	0.07448531762911452	0.45622327505367893	0.2764098616947655	1.5718957800832956	0.20075944566946782	356.4456068177441
-2231.8033017890725	0.08557317204354008	0.5106778059188238	0.2241435651256152	1.2077782874130134	0.2050418323077861	324.70007788830156
-2323.4273092622125	0.08634507383170831	0.6535447338254602	0.10348228060111556	0.3073981533240218	0.22657367670563447	279.3662906088025
-2283.712818022693	0.11220262117141352	0.5792363499305874	0.16592645632836106	0.4768245560460307	0.22690801994912327	291.20786235251984
-2227.2477622986808	0.07138180720141785	0.44320325553467965	0.41500265206070763	1.6483842343193944	0.19766230940935742	379.68470437323015
-2332.0538855727723	0.08870329170301912	0.5386787124162636	0.10462860986680603	0.23378938775043706	0.19223442082829106	298.94680664998106
-2231.4827497596093	0.08591668854754737	0.4885150598609864	0.23012931583899915	1.247976334721498	0.2127698931664214	332.08617813253636
-2229.059623263109	0.07568581735834813	0.4668977965071524	0.2205127380534627	1.456029906094959	0.21100238771019955	343.7901986758276
-2296.7023069217244	0.11003374865110964	0.7230993312508545	0.14664438401521931	0.4448714931592062	0.2350266566151782	266.05622458821466
-2337.2872546189756	0.09388764369067767	0.6606785270226126	0.11500798048907326	0.21895205270844553	0.19090443626967302	277.3064676425481
-2256.4269516776044	0.09396615866136644	0.5289787371256925	0.15513776199725193	0.748712022122978	0.19803724957056076	307.47936151385375
-2262.1519100314226	0.09872088371171311	0.5686224795983901	0.1701750965555092	0.6648673430951363	0.1842858232186524	298.32660318153705
-2292.3342961872745	0.11988209129112594	0.6371623845160808	0.1821921622939027	0.41994537936270004	0.1812769916875326	278.865121922688
-2240.2170652402806	0.10270193713862638	0.5837437425810842	0.2602702949008212	0.9620326586278739	0.22922631864279203	300.5171452778104
-2295.1132866071093	0.10748048709671706	0.6061171322778237	0.14996912707451518	0.3986634106988326	0.19692794573430597	285.9645542497386
-2256.8597822501706	0.11447565872808767	0.6320433819598483	0.22588894309647498	0.6895681132479514	0.21155669536387592	283.76277760975717
-2354.2485169232027	0.08522980943980088	0.5587991795372991	0.09418131732783767	0.14655244633226885	0.20843949558520763	294.1709245633818
-2227.229298439428	0.07257892192830259	0.44746675268884284	0.3854092639931104	1.6229822511272116	0.19877226805927323	373.7501508130512
-2249.1339084544106	0.0895348602566633	0.5149062342971356	0.15578328495580057	0.8681195709227845	0.19526560172134932	312.80475399925103
-2233.6775122870736	0.08158885239762939	0.5034534775993094	0.222614134360057	1.2082557225537316	0.22754380429314366	328.4500427250144
-2232.9102185617858	0.09031603947235095	0.5311790942918574	0.2235016550004143	1.1927969062316686	0.19648413068690965	316.7939872065288
-2235.2836628347577	0.10162007952012828	0.5904591447429238	0.3676631835558231	1.0814868835213465	0.19830364434625708	304.38969394685955
-2277.265245163998	0.11132995590291515	0.7039315618522357	0.173292575439904	0.5361770673705054	0.20602071982197306	269.6517039389483
-2271.2021091136103	0.09849684560627203	0.5595747074798701	0.16752856038355013	0.579101946067661	0.19225723584863652	299.99949020845764
-2390.0888326336735	0.09388248160190849	0.5219555145845624	0.22271869281410794	1.0196386598298077	0.4981999441479514	317.2391155527448
-2247.965196835202	0.08712232596998418	0.4539548297833937	0.19312313401527204	1.001440252587564	0.16256235602810384	337.0045686408564
-2253.4589149139874	0.10828572156742182	0.626823389416034	0.2118488294310812	0.7385544788502038	0.2203752901153898	286.13411030385106
-2328.3875495583648	0.0755091215581458	0.5555109273281013	0.08911849714206356	0.31856655160997366	0.2618310498456261	296.8614567095455
-2227.2086197506446	0.07174018616825154	0.44451607855078934	0.33582923563751954	1.6421694336995047	0.19790476358126313	370.58142513349725
-2331.6383483004624	0.08747298920479694	0.5173154462461623	0.10441517338946003	0.2528072025476375	0.24585531113739417	303.737576853135
-2232.2662329221193	0.08836776553649914	0.5156701133094496	0.36687687297190846	1.2054170418464936	0.19833709306432942	333.013850794729
-2229.831945855878	0.08982956508026867	0.5096553205147399	0.31817999566990324	1.3355496084439622	0.20933502889993633	331.9820671698297
-2279.7679077060147	0.09621942244877328	0.5550412599855787	0.1457659929001117	0.5452247655614828	0.25102059773774815	299.3854264236686
-2251.7707664288314	0.10935894412089407	0.5845360015901409	0.2300003601070479	0.7566612948852018	0.21320105273877285	295.7785061182091
-2262.668277736739	0.08182191977287873	0.5652381396778255	0.12697218183414122	0.8027626799341222	0.17169211122053768	299.8882867287184
-2241.602250990978	0.10518197956447212	0.5600966604182673	0.2579446942648908	0.9335549443954281	0.18958465511601622	305.2058891265485
-2279.6191088303076	0.0971272806298054	0.5437859377064119	0.13930569448518934	0.5221353093316521	0.21853211402105271	300.7072043406428
-2367.713377515581	0.07159913424119167	0.5365867822610288	0.07736163340249612	0.11627558468618543	0.23800357034657527	298.74772943387615
-2318.9334891679923	0.08779609361004607	0.5530605345981425	0.1116517183585446	0.31283951675597277	0.2500201966919285	297.59862848342635
-2356.197581977635	0.08748285877783836	0.5395624278295611	0.09828969070712952	0.14325990510739348	0.18122358502185323	297.9146905270977
-2267.0856235138695	0.0958517645074053	0.595405150440913	0.15596452389606238	0.6208586057643611	0.19232240366979098	292.28243144164526
-2265.1755636088596	0.08331434112247865	0.5854786007050877	0.1268451134527441	0.8513673386347466	0.1601826730918976	295.3798201508144
-2255.141148155298	0.09112883866114788	0.5394401241098464	0.157232942926887	0.7629090281308396	0.19113706166844963	306.2991933183868
-2229.726115285644	0.08306601926618977	0.5010063383134029	0.5469379804780136	1.3866503060424133	0.20246952537347349	352.28996438514775
-2232.2460662303088	0.09369222749642848	0.5411400244173384	0.30666200358686996	1.1611238751122277	0.2073546748200625	318.7962632626777
-2233.6218332570234	0.08758122700895307	0.503345576585072	0.24342613786826786	1.1420828643381398	0.203049902785013	327.72099940608655
-2337.576667594638	0.0789062616489929	0.4911919356548927	0.37128155132455587	1.4862545766799617	0.44992139166016637	349.29258684723715
-2240.5720565648376	0.07624708936828534	0.48564556697608735	0.14450611019058318	1.1500015366138912	0.22024105685423406	324.43194759964643
-2330.574779722527	0.08633375379447378	0.7374367186657474	0.1076538570789722	0.30330198037353984	0.18539045837000054	267.7963164535339
-2242.686872476607	0.10731639146270437	0.5967163688936488	0.2782308734726967	0.8943847472972218	0.21487015508732296	296.444406970879
-2295.9312534834344	0.10057797969985378	0.7154799187195593	0.13832416068404282	0.4418038959950275	0.2065353351212704	269.089109986888
-2341.167073041549	0.055103983485413274	0.4822711652644444	0.0611631774228014	0.3224683569844892	0.22345954687965372	309.5519845274932
-2379.9835799821603	0.08874331179799878	0.5025255025319673	0.295090674096459	1.2141702415177644	0.49378244134442545	332.3369687891994
-2258.3672952818456	0.10205174522464548	0.617176133855438	0.1806946956054525	0.7023083673543752	0.22853213647514253	288.09849398675397
-2317.936934738962	0.06979110344049207	0.5062540389688275	0.09288121080767568	0.34505122423847034	0.1988009328518233	309.6289103943044
-2340.498794844251	0.11038414284505772	0.5789753153637276	0.12436672377838955	0.19973589155882487	0.22135865233718968	287.5822033181663
-2300.8791867681307	0.10356973767031234	0.6125949849708873	0.13895971995170758	0.36886889055936195	0.20884069369549357	284.93372099555415
-2242.316013202105	0.09265192826161742	0.5462728356417865	0.18922547066196446	0.9277295766723126	0.202964693108565	307.9445340460167
-2313.7081631048923	0.0958854843224016	0.5906149061000275	0.11923695440525657	0.33376120919993496	0.24876779510098693	289.0739179885786
-2240.938969911857	0.08116702160626979	0.5018893813584678	0.15525806956808186	1.0503626365149066	0.20449769788943445	319.6712532506029
-2335.357096505799	0.09759559327453426	0.7291527553441604	0.1206962220624323	0.3009944526034619	0.2834227463544606	266.920514171987
-2237.5731142647187	0.09297036428402812	0.5580878864616763	0.22055369757400803	1.0125322844381628	0.20313779358125314	307.9064241120788
-2255.469132228751	0.11011341206814582	0.7137004776800392	0.27814078183595237	0.7720949175411588	0.2291463943294395	271.27811300674364
-2287.8644893390747	0.12284870855952877	0.6004628945889239	0.20839828998074675	0.4652123045111275	0.2398991414040488	286.40701387767854
-2323.6759392419194	0.10593633235633503	0.5641569992414056	0.20600561329844408	0.7031814612095282	0.395194072437688	299.92593504600023
-2271.730843732512	0.09585858633510155	0.5440702179627215	0.16204899473864418	0.6004381111146637	0.17304255939590601	303.8691071523651
-2228.0192612437095	0.07842760413949292	0.4598611790937087	0.32062710986198845	1.5040923870919773	0.18905112522062872	357.26158275898945
-2248.862033068398	0.08492271005309841	0.5082064052946079	0.14664876393095475	0.9032641256732605	0.19068925963048236	314.93169996815874
-2286.26359086385	0.12840699928086374	0.6788711624704744	0.2083806878663	0.45891116179966723	0.23723584861609234	270.3526510997476
-2251.730838686834	0.12061886992825785	0.6298645232640364	0.3383150361553168	0.7881501389141429	0.22997368970102336	285.9497620891131
-2273.598691008418	0.14188598999397922	0.7263251358417309	0.31099782629083345	0.5615485982726053	0.20878988524251268	260.4721943795099
-2264.147437101634	0.10906241705673982	0.6273327280277871	0.18601406239306456	0.6220090464852176	0.20227435944747033	284.2312551331699
-2301.873220798863	0.08357640334231206	0.5081992057293863	0.12050737666386199	0.40073700767150133	0.20169149997564081	310.3057546719449
-2250.7802845623223	0.106170797273774	0.6151361541891299	0.20722459840667193	0.7830504147340767	0.1909172859013198	289.00772067903466
-2229.4019066240708	0.08112426101323483	0.4688326789229951	0.444028410945224	1.4415833858465859	0.2179947152318028	361.62836013846123
-2332.9222356053156	0.12191987285587155	0.6437238179650012	0.16389599860558696	0.23337070999147802	0.23159831632064268	276.0496454225289
-2261.690354812714	0.12749727998198462	0.6971074463950261	0.2702545100773609	0.6499550334558197	0.2130856821747134	269.04290818971987
-2250.0610807230055	0.10791511277420542	0.580053553733998	0.22287986314831779	0.7780465703207428	0.20478719110428475	296.91291572146383
-2232.334373036084	0.09442258848052697	0.5454079436878762	0.3164553746324288	1.1636787190528317	0.21251652787258976	317.84815146197485
-2276.58572048059	0.13779519471231705	0.8004972288070092	0.26194641347348374	0.5549498616499121	0.19774149018704656	250.10910756334258
-2240.1283804440473	0.09658954689872164	0.5270251097871994	0.22172536335466672	0.9730511915207607	0.1905906078204511	314.5551560185308
-2298.608537780551	0.11234069733725816	0.6725293351917829	0.1631398255547712	0.3791492992689017	0.21570840753214307	273.8189536929839
-2229.86477274756	0.082202994725597	0.4741465775044727	0.2373564420728173	1.3318016714282834	0.20496139189050594	339.7403449768204
-2228.7152209140236	0.08324786464606082	0.4963262940910114	0.27152839523427175	1.385878487541848	0.19763554111718523	335.8350964681634
-2270.4796578489463	0.09916746439317402	0.4824639200796586	0.1695355867799653	0.6306834661117793	0.20823821907033951	319.15455704238906
-2231.4848788765144	0.09153939950862436	0.5358921440436825	0.29233122787144	1.191986301238878	0.20793485793807712	320.48182206667553
-2298.041046448938	0.11200550656861298	0.6137088688895788	0.15902626272119277	0.3835109215152998	0.1875419785085593	283.9336520292644
-2376.357574814422	0.06659005652768493	0.5035853683646314	0.06572242796167337	0.09212204501820458	0.22506092544350842	303.07323434803277
-2234.010331029332	0.09199209790682325	0.49447764242534287	0.22119634666253377	1.2296789335858924	0.21475655690613174	326.4410486720136
-2347.057962883786	0.063756648864931	0.40116801210325276	0.3748359887123226	1.8803067898914407	0.460342790482035	405.2809641483563
-2234.308498713746	0.09072938370118178	0.5155296116940586	0.23878851062852482	1.1076441407895385	0.19951128810621813	322.14961183044693
