# /groups/rgutenk/lnt/software/anaconda3/envs/donni/bin/dadi-cli InferDM --fs input_fs/fs_057 --model split_mig --grids 178 196 214 --lbounds 1e-3 1e-3 1e-3 1e-3 0 --ubounds 1.1e2 1.1e2 3 12 0.5 --output inference/fs_057 --cpus 10 --force-convergence --delta-ll .001
# Log(likelihood)	nu1	nu2	T	m	misid	theta
-7008.219528772195	0.1353373351780065	1.4257321303824384	0.015987458143635207	0.3014534934313542	0.2850342201361503	1047.859345645728
-6941.664070951972	0.15864717911017626	2.2769343906876283	0.019770140011468557	0.001	0.24429677378737738	980.5277875487735
-6938.685303389469	0.155090723459908	2.2645292670489883	0.01929172781468336	0.059136046239006264	0.2432406086086482	984.2995414749234
-6955.631060812337	0.15309539479372503	1.808000447784907	0.019073939776097018	0.08918489318214487	0.23490287229158732	1007.0566325196274
-7193.812028959515	0.12489021263040871	0.7991612341088309	0.013638750256576973	0.0013456302509576529	0.25712278568484337	1121.9730960446718
-6938.7550420593625	0.15219509307808934	2.4471103161864347	0.018955715940498427	0.015969639535611757	0.23967393510876453	980.1432567293422
-6987.256571369218	0.14747061714742074	1.5299139962310293	0.017446474784524435	0.004386534422885644	0.22931871072854235	1031.4845717853866
-6941.67665983441	0.15485449875245236	2.197329220022183	0.019274072432902304	0.027751584143166145	0.24533622790657852	987.0939193328485
-7473.299598051336	0.009364438938568719	0.24549517189091166	0.00106260203676548	0.13265968152197077	0.23033676732916047	1204.6262209465594
-7164.040565451477	0.08182028914432722	0.796280611539929	0.010433359616298658	0.09535110220571577	0.2337206942145961	1143.2540577622824
-6951.118137154554	0.15391473396634797	1.867789600007767	0.019142455243859977	0.08628490635686557	0.2429018706958147	1003.2656760043935
-7052.985674512252	0.13121069055613807	1.1095122564912399	0.01577017966925774	0.22661928268469306	0.23126322272828487	1077.8458960807534
-7010.091859537062	0.12820367787392192	5.346227902530695	0.0166559434874739	0.5407803065527655	0.31295537849311755	955.1222937765662
-7907.567794648517	0.0544662873716947	0.612801358628093	0.0065482376498065	0.10411043396743547	0.4942549192468624	1177.1522326759807
-7144.105623474643	0.08319875767731381	0.8310067203777025	0.010028240875831465	0.07230274230928008	0.24758629863240736	1136.9766121840673
-7390.135622470552	0.02187959933162152	0.37795731794532106	0.0025449906133866267	0.11784701479485925	0.24999697233589277	1204.501219399796
-6947.957141184659	0.15780039232522067	1.9860553313140477	0.019668744176049222	0.04188538385972421	0.24548459301821407	993.9329109700475
-7177.796152005289	0.08440528946531364	0.7650319474017485	0.009851371249959152	0.2475868513165316	0.26644497995818817	1145.0759800541648
-6956.384601065784	0.13499975423535132	1.7730700476922974	0.01805377587175469	0.21580310457010232	0.2424277125369509	1019.3556992012603
-7524.856123668827	0.22362842984746056	2.0459465525590326	0.030113684287110084	0.43906266467551264	0.4781718387402812	934.7899811056074
-7289.962660685027	0.04418986840189062	0.548717505080175	0.005281760165402887	0.09187305034430854	0.2641537232435885	1187.4374759203142
-7087.702112111421	0.09532720837488938	0.9901992621794635	0.011912208890046641	0.0887760533692464	0.24473472788197662	1111.8396913027889
-6936.134979452105	0.1678509485207286	1.828181735654511	0.02180343426641976	0.43666408980416177	0.2420952042741752	991.776526474369
-7003.626748070172	0.12555920433763657	1.3819676085779886	0.014952870274173566	0.001	0.24530106391694007	1057.565726518122
-6934.22519614107	0.156984417798633	2.3110558664435943	0.019715569655796315	0.13310462298235973	0.24323109319773634	980.1507127625323
-6946.255566803348	0.1487701554865589	1.9136061189260072	0.01864898790975216	0.1366713094979082	0.2431949817236506	1004.6249969273185
-6877.5421990633895	0.1891818563519802	2.113313104752947	0.026360638850277812	1.2063937078453306	0.24328821961888386	954.3153729548834
-6947.92723650231	0.14818655947768594	1.9663599305913968	0.018416435930459992	0.05301425164361042	0.2454612465364922	1003.0411421032994
-6923.042793406118	0.16663523372480926	2.9366315398325145	0.021385176465979677	0.3604490077077637	0.24876933366251283	949.5541906215406
-7123.744066612332	0.1007216656008551	0.8988540302968673	0.011825766238820028	0.07287626627574256	0.22626130269246714	1119.63730796713
-6890.812813135387	0.19173961106431991	2.3408740308287133	0.026010720012725985	0.9137431330764567	0.24363318026304276	943.4400857838104
-7030.634850045263	0.12246498473774586	1.2032217521705704	0.014707262297628372	0.11305910413532315	0.24136809687678518	1074.0853278687025
-6943.977440364953	0.15113572930955319	2.1535782052228165	0.018768020709968226	0.0015834614484563263	0.24381374428442384	992.2544951636612
-7266.88784410873	0.04591452693119223	0.6090299951216672	0.0055515664465552094	0.22489847194145476	0.279184970178891	1178.5176626965992
-6917.487570669418	0.15130336729572294	3.0211909201505858	0.01969551488060604	0.5349682305839104	0.23358566801786276	960.9423271414041
-7090.637274657955	0.10506672665941053	1.0266750469278658	0.012785280175525498	0.3220160214498312	0.2858317196885125	1102.4239769615149
-6977.069377190328	0.12502504673443235	1.5756064140933252	0.015692974644762325	0.06320396263205678	0.24501479678151622	1042.6784917426667
-6925.400595951387	0.17398454660632737	2.2150768972861155	0.02217342085104423	0.34404251250293233	0.2429879058200793	968.6027015281079
-6933.81855291966	0.15443471328329983	2.7411597937332037	0.019369078257242787	0.10295171430057579	0.24319891860856108	968.4908367961739
-7135.441658284651	0.08210372052243503	0.8635287169795642	0.00990494703197718	0.14639303121930336	0.26437394196186814	1133.4394444242948
-7316.715958363774	0.03887610967938629	0.510966402320539	0.004581426105975282	0.15465264953703306	0.2152850757802429	1192.1765327646708
-7441.095185405324	0.1394687055631822	3.3348594094307824	0.017369744475618502	0.001082957442306074	0.4594610360068217	970.4002008932263
-6935.276836639607	0.1579993497505975	2.5715119129083663	0.019630578595241782	0.07526926076050297	0.23986949930852228	971.0876102692293
-7553.590792586884	0.012448024177696323	0.27756080002254974	0.0014474659788980139	0.2729692446185899	0.33654987998328	1208.163856604701
-7355.377345915688	0.02822250833053518	0.4325322870989649	0.003285371433602676	0.08105146165643998	0.23960607548722918	1200.2961645275825
-6929.035141616079	0.14513042812621307	1.8701317452577968	0.018668421634402663	0.5766104977694136	0.23571060491812873	1008.4517711217019
-7295.023951800768	0.0390896051020566	0.548125837879417	0.004723841275575387	0.11584103590610621	0.2696512665117021	1187.2917623035012
-6940.9256678536885	0.15676968138478284	2.270873868448345	0.01947495126132591	0.013805572382128355	0.24495696614505408	982.6553647241547
-6919.519744055135	0.15219925091250772	2.201179645646985	0.019643783380563322	0.5032000526849114	0.2340603122013175	986.7418734344069
-7240.461883359994	0.04849868835217976	0.6291382645141177	0.00585104614267012	0.14074160526491855	0.24055090943490556	1175.3118783918178
-6926.348412519979	0.16832769512980914	2.108994633782004	0.02151171741147063	0.37317393375927893	0.2480920121790987	977.8297343423137
-6931.645688924713	0.1539084357412015	2.5859485786927623	0.019356893257245652	0.15051273337837243	0.24818635162209304	973.3661603176829
-6939.15676177931	0.1617591513441269	1.7879014926368075	0.021196621271521804	0.536272626288974	0.26557254503236444	998.3982247835751
-7071.910240113919	0.1036976259311492	1.0275664633168773	0.012872032393579886	0.20304959929458116	0.2425273483948248	1102.8846543246518
-7316.529997266275	0.03331813684634385	0.5101806939641135	0.004005981805950748	0.2470171721409954	0.26819746146559975	1191.566939221768
-8027.161726263221	0.022055601918955614	0.3727609623562389	0.0025649802714451937	0.14157850816125095	0.4890396184155069	1205.6993832514715
-6952.833878175705	0.14895574260984215	1.9045172212111912	0.018488680954761985	0.011373787171928926	0.245057633970074	1005.4832469731581
-7173.200810452513	0.06378854943580779	0.7683236526625091	0.008053200406493767	0.17976458078721588	0.24412325566503382	1154.0201990207727
-7023.814678510487	0.16490741107610804	1.3850828923783327	0.01868960669880975	0.001885396975225164	0.27284037801840333	1032.484216703429
-6843.168178592383	0.2027260834376039	2.4011196401632726	0.030916634584020303	1.6979276913241295	0.2417638041150555	920.8503657423641
-6931.702673841107	0.15838214742687126	2.2575499124966614	0.020040614278472497	0.20001760372174807	0.24227034277650336	980.4446430706703
-6931.237305993873	0.1547771842668072	2.133984969508925	0.019652035067066358	0.2672438056200674	0.24099843551559189	988.4702641082803
-7047.951460766099	0.14121344144153364	2.390280639166427	0.017640969524766823	0.0054343506022940516	0.3397952089628269	991.9171051677633
-7054.011702579308	0.18791532206307912	1.2407788922462506	0.022436204581492526	0.1230989233615309	0.2577313443012558	1029.7593496687973
-6918.063505827842	0.16929137414361523	2.805711122857982	0.021906448472233837	0.4560396024695331	0.233444573924975	950.0711930982303
-7402.260756593354	0.02619000046688127	0.433301737661565	0.003071330563073943	0.020331652444780253	0.1861280285002818	1199.0742475889333
-6930.118061704282	0.15657698466162875	2.5117433198324544	0.019821252834269377	0.17825285082003134	0.24342475568670452	972.7291090837722
-6942.857305106874	0.15125921602626016	2.191547335650596	0.018785505983322525	0.005523819750597131	0.24303285914541253	990.593150746088
-6883.554022231194	0.21795499616597153	2.8636251191956843	0.03025933637702521	1.1200815334512828	0.2413005941498797	899.6168898210271
-6918.161304016165	0.17590411000564768	2.566478840913578	0.022646165324940227	0.41459670817903244	0.24348395719497	952.3272846581868
-6982.147854314868	0.14123405300200817	1.5261946188018356	0.017545375638563662	0.05761237164063672	0.23350894343667297	1033.8453092256054
-6938.622424511076	0.15128956206215302	2.532770875711265	0.01882718822403119	0.004030334049719624	0.2435384726081938	978.237893624981
-6947.181676988555	0.15481816183098984	1.8403197080860403	0.019286832594706687	0.20166445898071494	0.2388795904117405	1004.0179131835063
-6897.0751289051905	0.18594389724000135	2.099693309308974	0.02517039511997607	0.8889164002192977	0.24313275164181178	959.7752759589536
-6922.919564102412	0.16179618722534672	2.6254280146083175	0.020732900159616974	0.31533242425169955	0.2429385006187031	963.2257334228323
-6927.524015485605	0.1563673984433897	2.6464579315351386	0.0200120988306533	0.22754908081486105	0.24473608109589562	967.6486339953191
-6957.039230734962	0.13446488706411042	1.667925960274884	0.01741287745930023	0.30456814215484035	0.23948920146047392	1027.9410735895046
-6915.9388498068	0.16963018280834147	3.144664653851815	0.022300686358446765	0.5875703985718052	0.23229310211846663	939.0869167973307
-7233.265705193605	0.1675333571318857	3.398557323258045	0.021768730097396893	0.6171266892747921	0.41349655430133636	936.6770574487974
-7136.428817394362	0.10732293974197508	0.86311893872654	0.01298479224793023	0.14484219404488885	0.23683528384307945	1121.3716755528526
-6956.154083715975	0.15110734179885035	1.816954708277832	0.018719390863524272	0.05226723151613083	0.23835019556753656	1008.5274403500175
-6955.73689492433	0.14689138926599213	1.8071161146704182	0.01823327670893239	0.06430307078458813	0.24334031877601947	1012.2806579962295
-7102.391679102859	0.09816249464094802	0.9605221825434799	0.012471404754081592	0.07669406108802841	0.22825346960115356	1113.5760976654772
-7049.716881361341	0.11215651395951619	1.1374484915563805	0.013493174480196038	0.03359148120132699	0.25467295362458686	1086.8134457230492
-6855.626668202524	0.22095493584797649	2.433403231856013	0.03250612244336118	1.4923983135479373	0.25139000750187385	908.5870694871616
-6908.836655982141	0.18344035018776134	2.2981098965162707	0.02409936090460497	0.6162746259521659	0.24445865157432403	954.7696731952914
-6920.828522386426	0.16540083008807352	2.6731111926298223	0.021257695332148774	0.35865100056991334	0.24325379077561546	958.1920529294061
-6911.858965883461	0.1388196988733303	3.9200581445777307	0.018720489378842072	1.0695198060364879	0.23951332820659052	953.940587681695
-6935.347257444094	0.1426344954622357	2.086811079336054	0.018449603155711456	0.29149679625803326	0.23098889724374755	999.6425007952722
-7449.743299086608	0.029202765114943248	0.45031084552993983	0.003478109980336023	0.17894023929312383	0.3385104414927691	1199.0843145426993
-6959.832722239511	0.1441749450943654	1.7637025492222764	0.017901780278778884	0.040617910824077105	0.24272444709963004	1016.8042118130561
-7106.677855022095	0.23006797899775616	2.396415363216956	0.03650641396885424	2.234846200991267	0.40858175856250323	896.3517223558524
-7436.7425363493285	0.014896703154914304	0.3037315677872839	0.001731927265983097	0.13858123851979584	0.2506427873003669	1208.2544739736115
-6964.541483709373	0.16137341493333546	1.7512519319920552	0.01955643519012281	0.0048326641995559754	0.24948073996077977	1005.6965592516434
-7553.082348012992	0.021913035934818602	0.38775885697250523	0.0026468824763195664	0.04991208175921164	0.3648735866978432	1204.8947336639212
-7082.500373081339	0.11079645968923457	1.0320517394665516	0.013101715997004618	0.001	0.2245884532898483	1098.5437819188653
-7108.166567151212	0.0984552308107844	0.942301112955618	0.012451620663075341	0.10059649967655972	0.22681396327641679	1115.630241204237
-6943.426323822525	0.15617187903197005	2.196787616644016	0.019296785324566534	0.0011155716122288927	0.2489077624674405	986.6104511828141
-6939.703841169991	0.15433685035099753	3.898741842708442	0.019795967597387703	0.3042669242440841	0.24029462807568286	942.0944002626206
-6979.333253461291	0.1273796010944071	1.6055875987901949	0.01585386398038591	0.11522805398356797	0.26850914147338195	1039.3970470930763
-6923.619442813464	0.163687643695633	2.5827910382529096	0.020962459449065725	0.3016689929315966	0.24357035510602845	962.9825275951691
-7336.633523513283	0.031007559027946104	0.4623422667177405	0.0036423749705557017	0.31419031899616184	0.2510875071777395	1197.314358306211
-7407.2145661753	0.02058539600664369	0.35043326069206593	0.0023927069395194983	0.11932416816971055	0.23812209309995283	1208.2430670063195
-6935.602202384478	0.1539998386831075	2.643649066461629	0.01928630524669863	0.062144858858595976	0.243457005104313	971.8207141200834
-7131.122271166071	0.0925844668245404	0.8756607060454555	0.011474793514633331	0.03927820412040967	0.23059945663797077	1127.0126981144126
-7020.209217356863	0.1461324880645808	1.2891072214999881	0.018172189391061553	0.2683901252736843	0.21518452710272906	1049.5182841469282
