# /groups/rgutenk/lnt/software/anaconda3/envs/donni/bin/dadi-cli InferDM --fs input_fs/fs_030 --model split_mig --grids 178 196 214 --lbounds 1e-3 1e-3 1e-3 1e-3 0 --ubounds 1.1e2 1.1e2 3 12 0.5 --output inference/fs_030 --cpus 10 --force-convergence --delta-ll .001
# Log(likelihood)	nu1	nu2	T	m	misid	theta
-4477.793038499574	0.544828753164719	0.1436231181029958	0.08722399833588772	0.23922598841876025	0.16620403358774774	560.6810660055842
-4342.501812202183	0.8293493526468141	0.23502891032029233	0.18730060019361294	0.44379760258172657	0.193751671063534	460.474775582617
-4310.617358742555	1.3435794915371615	0.24958108719353755	0.27099369097677795	0.7636141346735389	0.18273739471378164	372.07940735996965
-4319.467443942611	1.0528502055954683	0.24476243749886506	0.20455198911448014	0.5503004636914106	0.24627499399283048	417.61552211688263
-4204.013118760043	0.7343815462470213	0.18613181682268687	0.33482972597550836	1.3949890507715248	0.2092170411728392	502.7092905838787
-4202.581318820492	0.7264874822442046	0.189557160572388	0.43409838888433555	1.4226243548022603	0.20821727166351509	504.5105902217491
-4215.427843094223	0.8470052351924232	0.22970949705145902	0.38295666921244464	1.0504896571442082	0.21098546048602093	452.83553386478724
-4202.468827783459	0.7175512956028341	0.18686601211786658	0.4419476700784237	1.4516645571638118	0.20790298292149023	509.0678848581281
-4283.976467922566	0.7969439956396397	0.22768632699742222	0.1964084862613396	0.6493806318051399	0.21093595408030796	469.5613431513659
-4233.483294654305	0.8420224708695148	0.21784391178934295	0.2535173664742811	0.9136297306733959	0.20662875746549877	461.4088427646873
-4247.462222682252	0.784066649347038	0.18176231801303028	0.16277008175358793	1.029793327306766	0.19643534978305813	489.2246850409713
-4259.298729256734	0.7111709407593049	0.1719478195749772	0.15639968965078485	0.8960418439425941	0.19780756441307612	510.537886643032
-4535.585634152089	0.9523627850453459	0.23781061720330887	0.2041630325173904	0.46949172528447375	0.4246657530953315	435.4963925230594
-4207.625129325709	0.8797287511289346	0.2272325053860381	0.6196327194853114	1.1910630711286407	0.20729046243139262	441.26671249247755
-4283.221565285917	0.9329699458323923	0.25881118625487065	0.2564283138875577	0.6162655104753583	0.1995403444091159	430.0149227742126
-4262.607545277814	0.831698574634994	0.2558925505089172	0.3565004647894279	0.8155953785678441	0.1588250802153537	447.5886341355648
-4202.451528941206	0.7149722227843849	0.18590650032932604	0.4483577105914884	1.459042813807705	0.20843234368837518	510.5354450580851
-4202.588843213511	0.7174862654638144	0.1865520087167849	0.41505969870759	1.4448064422096183	0.20798946584225936	508.94180631559715
-4380.449279686405	0.9434950417337223	0.28672954899650566	0.2170781317372678	0.47293015848320996	0.3093064794780548	423.65852149946414
-4262.38405054995	0.7939507087510991	0.1859327634491688	0.16643654456073434	0.8454734987978081	0.18643896804625082	485.14253866855597
-4217.455671190467	0.7223232399946147	0.18180197380328117	0.2136050579158639	1.2427702302811363	0.2134806593595018	505.89016055783407
-4202.434760419264	0.7121203099995526	0.18527563953034032	0.45376297854166353	1.4709858629286272	0.20772596362385323	511.9752653521958
-4202.838474744832	0.7412208464219449	0.19386045325666537	0.4806159078970385	1.3974336648262105	0.21478020553641888	497.6500435107548
-4220.701483588946	0.8891560920293078	0.23492793216184657	0.36122980195929144	0.9942455067377161	0.21519404003844045	441.9086058744343
-4203.165805623979	0.6762427414378099	0.17459808291444354	0.5668176635788293	1.5921138621166686	0.20561482327215713	533.8972399142449
-4203.341142764501	0.7185217369362625	0.18480961002139024	0.3537576119853248	1.4199676361758522	0.2067287466485643	508.6121784052683
-4438.848671749717	0.5916713181176473	0.15984947238081557	0.09419634810380714	0.2898871216734982	0.22325359936887196	541.1890649164909
-4244.415668762876	0.6415863099723959	0.1650597251803173	0.16464708084904556	1.1415039359144976	0.17205967778632367	534.3960125929832
-4257.927092210133	0.8801035604158615	0.2301337742586693	0.22615175736701182	0.7670509701286298	0.2264360077976819	450.2899450326541
-4206.778547946754	0.6443592897699593	0.15836225731698714	0.2996881554861352	1.7147602929619161	0.2072036457428074	547.9952275766645
-4395.681354211389	0.9052091196422294	0.22031070468902522	0.14804864622171354	0.32855224896252616	0.17308772815816167	452.5884878851663
-4217.5199716739235	0.721120271628563	0.1586660230559014	0.19729702346666245	1.4548506493468645	0.20774686035353707	516.2929948310932
-4336.455174633763	0.743382971310275	0.1904806041253202	0.13318945947546615	0.5164343878737324	0.18616784044099038	494.6396810875212
-4243.129565544698	0.6656774168736764	0.17367518381095526	0.381115911027867	1.5547336415210646	0.2972812813882057	533.9014066799227
-4202.435479174718	0.7111776369299531	0.18552189547202771	0.45484646399434475	1.4719840151432673	0.2074727356555086	512.1915806273146
-4202.40985966259	0.71927664588297	0.1882974976603284	0.4800020523774598	1.4488623399765324	0.20815207459717383	508.05017628007994
-4269.044173928456	0.6289358406800785	0.16473250193989378	0.8410634492879661	1.7166493226159407	0.3237278537753108	568.9613654901127
-4401.726193205597	0.9313826467233416	0.2310776687368064	0.1563601559630273	0.29838796275150187	0.19794211020251837	444.5345849514773
-4202.441777707138	0.7159844961737717	0.18793332323087095	0.5018090244295181	1.463238740476677	0.20537730420059436	509.64603812387895
-4348.135247533348	0.7892477332168565	0.17732356045138528	0.12467969726958582	0.49223565706441175	0.23138048892645693	488.9861043234624
-4204.483528893125	0.7901195682117209	0.20853949767629915	0.5358730603768592	1.2690779840941577	0.20545345525635506	474.7162343751067
-4360.690886244036	0.9604987368776939	0.2329937917511701	0.17366985320635736	0.3923302373758983	0.20764966484694913	437.77599970794614
-4411.001361692459	0.624832629315839	0.12410550821470535	0.07557635794705074	0.4525411577545997	0.18041429756561508	542.9667397919811
-4549.332892312798	0.6650363446123442	0.15249441901208471	0.20017590504513902	1.5267042449959907	0.49014556350059213	536.660584566933
-4260.147827605925	0.7790228979311624	0.20814070260031692	0.18986037823748125	0.7876241047981658	0.20549167882088337	480.462612623784
-4211.584255473588	0.7585714968133408	0.1922424606355816	0.26918262191750414	1.2057203229226972	0.21087616965283745	491.9893783597253
-4346.636274334937	0.9804396257508116	0.2987681947327172	0.2702723525217264	0.4548857543131443	0.26021101049265055	410.5183267978635
-4266.910444380594	0.8447822937858688	0.2189127637604336	0.18887956234634856	0.7539721835127754	0.21563127258420103	462.5817221853835
-4415.534898124219	0.7468875669053022	0.12992824772913686	0.09000887249630589	0.3830182170395446	0.18917410470043203	513.7398618522484
-4206.971547186528	0.7108206066811473	0.16775341909615657	0.3032424968790171	1.6238826392259997	0.20683545716106702	519.4534631884782
-4202.448108197093	0.7185211967886913	0.1887744016218605	0.5688701325430622	1.4519703401970425	0.20851355367219987	508.6401437499964
-4205.081817784788	0.8047059843834864	0.2130945508217052	0.5151554858795724	1.2438110759913634	0.20725792774821597	468.67080002105234
-4316.735206961146	0.737066960644771	0.18058375416265354	0.1339146644953012	0.5966399700109267	0.1909382507645901	499.6827795755489
-4256.222022415008	0.8513577716141738	0.24276327308306916	0.2737984062081469	0.775003918480515	0.24003767963707087	450.29030068347583
-4202.68079533891	0.7367245197565211	0.1911116825228317	0.4336758017066046	1.4104158775804503	0.20746343015960292	500.3705762962856
-4277.917363607534	1.2249522922016913	0.26432955820448206	0.3012251127713525	0.7721677801163724	0.22377532864725339	380.6306279002748
-4209.629938132237	0.7727994221344537	0.18133975144777423	0.3396235189780751	1.4506779737537576	0.23437351148594573	493.80587449923513
-4202.701140795412	0.7139405178263537	0.18470436491785697	0.39470210845484266	1.4534670196427988	0.20766124617604045	510.85958304662927
-4206.436131932856	0.7960147862602469	0.21324292517924523	0.45760594660254267	1.2478053270750271	0.19543343744371366	471.7806506877764
-4258.333690297381	0.942704509107275	0.26250109066145694	0.30742579951557564	0.723256390707247	0.19940212346585845	424.4535996497344
-4250.432594102578	0.8802219871035974	0.24315929038388542	0.27584064083834003	0.7864316678864858	0.2292460903828723	444.0278318532171
-4492.203093796638	0.6141236401696228	0.14820857291682585	0.08189999249192138	0.16255723305125397	0.17347200080778277	537.057751959151
-4202.419363786497	0.7168682407182405	0.18706941338097668	0.4638664869454747	1.4562953557201246	0.20794417427916181	509.4235357664985
-4243.301231114907	0.7549408118242326	0.18127763774536512	0.17380187943589925	0.975418082961297	0.2046490644597944	496.29340417395264
-4209.400572742075	0.8415151880052258	0.23077636614810415	0.513613676126493	1.1268842299093342	0.20732835799611826	451.14446900181173
-4202.546730755954	0.7376142132231166	0.19361064022640687	0.5022499085464729	1.4047324096007114	0.20871851734518196	499.0365072847929
-4220.059894511095	0.8625975323934304	0.23669570884110952	0.4057668673196554	1.006989626796943	0.22755952507941082	445.92986412331163
-4215.882846535453	0.8812068536343496	0.23033515126253185	0.3612083755209033	1.0806988609367334	0.22031780242889046	445.5194189251054
-4219.708225126997	0.8750422652127666	0.25621491498373944	0.46687265341815826	0.9950834863572074	0.21891936042729712	434.74308341735536
-4202.583540399196	0.7082485167243224	0.18227937770127026	0.41987965271021865	1.4885350322164663	0.20580496246246258	514.5526550811195
-4293.920942337687	0.7394184795542775	0.19099964711831827	0.1495868594999731	0.6806173817178663	0.2264643219532012	495.7813920909066
-4219.065309356081	0.7328865038838684	0.1856322203553428	0.22117840241572165	1.164797878863988	0.20085576745757697	501.3084219975749
-4209.528585713147	0.8084802575654724	0.22425311743955553	0.418832334667299	1.1459879292356863	0.20903901522464047	464.0912376976377
-4202.500390609477	0.715240755056389	0.18588357057965235	0.4298261286588915	1.4578208086816153	0.2077383432002112	510.26347040984183
-4231.224609416635	0.6475076477126701	0.14529403083337972	0.15381216054486166	1.3951703186532396	0.20761454901072	541.2908790399515
-4356.852477072816	0.9596911646478438	0.17550518533562165	0.13409502685151453	0.673351279530036	0.13233823630152605	457.4694157113702
-4202.748316508866	0.7210890465704	0.18675465699518118	0.3964177900030778	1.433833599066949	0.20846890943641364	507.4049532931259
-4202.45741224515	0.7111956307467175	0.18512251396619003	0.44290944358736434	1.4686792552774883	0.20756383235918702	512.2356509530329
-4213.345253482526	0.7592562819859272	0.19816083752375363	0.26808768225032775	1.1671248059116903	0.20438403846485761	489.30241588586614
-4209.947759987358	0.7009916178752476	0.17739814378640376	0.24727382993745	1.378180206315598	0.22035250197256354	515.2943228643454
-4206.788389415316	0.7026733740086155	0.17398812973574906	0.26682015520034064	1.4291614565557382	0.20171235905613066	517.0925981622656
-4202.6204632651825	0.719460749315587	0.18670636717289235	0.4110060648242647	1.4413264441873368	0.20797382614318977	508.1511783843033
-4329.042161783279	0.7586835620960872	0.1558978263394085	0.10862379947173897	0.637737073441573	0.20867946239056892	502.9217555824668
-4221.289800280113	0.8515875462162366	0.227921015766649	0.32241542902086956	0.9956130349813507	0.21160003894242338	453.9130953708403
-4253.88761868442	0.7985439869321226	0.14617111407033734	0.13930867502665711	1.2876008121636708	0.20634309361302033	499.45118017339723
-4202.642700133839	0.7344866118236973	0.19463958836607873	0.744144501050874	1.417228082865425	0.20831811038775427	499.912561181016
-4322.7881376518035	0.5381127249641227	0.17608834928249117	0.13169998486999615	0.8183860510122675	0.25167256835019625	558.8448738733549
-4358.345144610307	1.0570385860502851	0.24032553483744842	0.18139905060454856	0.41978065094860073	0.23072364523170863	420.2482195502436
-4223.024850427615	0.899700734256298	0.24981167916490174	0.47231009242670957	0.987113353986783	0.18586577359847814	431.0680877495664
-4202.446289131931	0.7157098728032998	0.18641641356892605	0.4482323774000797	1.4580938306604776	0.20786606169747096	510.0203230844176
-4208.1197019108295	0.7195140407382193	0.1814445098541763	0.2649104988022681	1.334083494648751	0.20435541279939856	508.13116286134124
-4206.498949409075	0.7842461008497372	0.19589903169070044	0.3292378474044411	1.2857287918300668	0.2098998072702305	483.591078013497
-4273.347107552336	0.820578965718087	0.19010194313555331	0.16398723617331548	0.7566924941633906	0.2118625810013793	477.7542271628054
-4470.7395901431155	0.595693343870047	0.12554424733531153	0.06856426099642826	0.24244831907476655	0.20157806289745828	547.7625188956109
-4202.522261272372	0.7091522334901859	0.18395970269809367	0.4237386649775017	1.4762985977156002	0.20760038988486737	513.3545061755632
-4349.464796695886	0.6418326313294436	0.1077795977480824	0.07468225307068964	0.9276572250451338	0.20951003414283415	545.9205282945411
-4395.643190497962	0.8860818105967886	0.16240127669949816	0.10605539382580263	0.4189343006829477	0.16736741609039496	475.619703957639
-4335.00231670332	0.7596925864023182	0.18121030746811292	0.12495724127930312	0.5407236627808409	0.22608185005482995	494.0938637620284
-4205.6831987143205	0.7423325807047871	0.20413371163009483	0.4260786137794502	1.2650503196736977	0.20887286558275492	491.65410608518835
-4218.841163279211	0.6720992369037713	0.16058633194369099	0.21013418718036025	1.356230638218879	0.22992039662329872	530.5550753651844
-4202.400363672278	0.7175648485877193	0.18811958588632222	0.5199887055781783	1.4587069614382175	0.20804090313620585	509.0916106228867
-4204.8402024234065	0.8199488630972596	0.22176841511902384	0.7047563122750202	1.2297759000375805	0.21336160396246814	458.16425266639874
-4469.093272584285	1.0184712059373102	0.21046016354010225	0.12184731827706967	0.1906888131545882	0.21248301207992495	439.930918742311
-4281.086036820495	1.0708076955339534	0.2248486555350041	0.20556934612097594	0.7521897589374817	0.20473386745715572	420.042615361275
-4435.733286957432	1.1235998986740934	0.2236097119020345	0.1419884420870081	0.28769814801816884	0.246897616632538	419.91278387890935
-4202.587222190814	0.7265510782276313	0.18878475608033335	0.428167024429171	1.4282354904155257	0.2074360203160767	504.86566448098046
-4283.066981927744	0.8707898120242276	0.24956251807990681	0.2739201037027001	0.6313281692027926	0.20388338943553788	443.78795323692816
-4202.427020831165	0.7149116835664889	0.1866621311073	0.4578232414379124	1.4601825002823368	0.20785982674067863	510.27204155254304
