# /groups/rgutenk/lnt/software/anaconda3/envs/donni/bin/dadi-cli InferDM --fs input_fs/fs_025 --model split_mig --grids 178 196 214 --lbounds 1e-3 1e-3 1e-3 1e-3 0 --ubounds 1.1e2 1.1e2 3 12 0.5 --output inference/fs_025 --cpus 10 --force-convergence --delta-ll .001
# Log(likelihood)	nu1	nu2	T	m	misid	theta
-11042.18452952685	1.3828268764232823	2.7993881441758104	0.025526492310619864	0.09069597309192552	0.0701744911076967	3302.3790000871477
-13904.844208178101	0.4003346982699905	0.7295866948170282	0.007357861542227805	0.05963918109565119	0.09381714666140906	4308.25869840118
-11357.860160533974	1.1143083729347694	2.195216509450526	0.020431826102396217	0.001	0.06263572305258147	3532.728997468051
-15206.153762875587	0.10199319506919792	0.36193680818760454	0.0016905430608251122	0.027833592261555403	0.05843291677015664	4590.274891317984
-12999.635189114544	0.49972386000481234	1.0229154398997857	0.009246350279247025	0.0547454399777583	0.06492153835752658	4156.276578351151
-11104.133121901388	0.9430371635274835	2.9541818030545794	0.019401715010663737	0.4924127265745908	0.07044394810304389	3527.2377434772757
-14177.59446851846	0.3968953241101055	0.6630658996561973	0.0065301285893261144	0.12771330487819135	0.10423531964559996	4334.851302725688
-11738.509292562589	2.5462875371458984	2.2571483586366243	0.027452559795425907	0.055030545339547425	0.0977672356552279	3173.876045344218
-10759.579173225573	1.4815934832028965	4.563608711820294	0.029153244673466933	0.44528547644632166	0.06782128997805031	3083.005973221883
-10739.78155139145	1.4794822100798264	5.107629873636465	0.030044653064112452	0.6325962225402849	0.06712910542307936	3038.882407631246
-10851.931226282359	1.5368255947484972	3.5003608295351274	0.027684150773494717	0.21728323662317278	0.06794952726771529	3172.209971655247
-10748.98032038767	1.4703446706335401	5.053788473823525	0.028497245644705495	0.03698688581105477	0.0683474942472087	3095.9050289449674
-12635.944463830783	0.598951459377225	1.1742984222470731	0.01098657692144944	0.27123720149300745	0.061592759406876633	4050.0276846102133
-11196.665693285528	1.2162823801172806	2.4550608000605174	0.02207292894129493	0.016158158089255217	0.06528997550914413	3445.648805861033
-11060.510976998163	1.1550379998665248	2.709952087321025	0.022753069182869436	0.6688541501913765	0.07456545800654353	3406.4985984949644
-10913.320371117983	1.3345479444734503	2.949728043669744	0.02569498206539	0.9476425972329524	0.06802374944733212	3277.5623145065815
-11214.719692457953	1.3988628309600895	2.3707208365396464	0.023193356571235065	0.2008821896006862	0.06981284053398744	3391.663007311338
-13012.226671437433	0.4563650639274796	1.0482810766704853	0.00880617033115622	0.002105390481035588	0.06915110736538874	4179.3740764623235
-16864.706616174197	1.7735564358543054	5.952530684620329	0.033674235554379026	0.5613466059567369	0.3719352207822813	2885.316350531853
-10940.24478710192	1.334580864186805	3.2301036379023746	0.023916385094458682	0.027822072503872	0.07618283911181126	3318.1491469250973
-10741.832254301053	1.449993994947369	4.947556094687583	0.029355070823071504	0.6135873176120865	0.06706098328670974	3066.117715637122
-15360.224901607151	0.09875595812679344	0.3189406850315906	0.0015800948249296688	0.28283634287020587	0.08119229064890335	4600.829437693837
-10796.680001961995	1.588275176136134	3.919424888529066	0.028583639688675243	0.11481123407029924	0.0677510160176235	3125.075672501658
-11299.78781843184	1.0169714980473756	2.2869321944928505	0.01954633843085455	0.4187417269625314	0.06269880762358249	3560.942455004913
-11048.504807854564	1.1999865036466262	2.8028427175395594	0.022830494255038067	0.11590541556629079	0.06519957713992194	3400.549933253936
-10732.901992990686	1.4829374609590116	5.282360151526376	0.029204739608071243	0.1298203691559472	0.06766507077871022	3069.2382888500874
-12849.396518837457	0.6152278980546428	1.080369228888075	0.010878479872919154	0.045989255726147704	0.08538710984141601	4064.967151810723
-10751.542433629753	1.680251575777685	4.577647966055761	0.03082483504088015	0.16224747085656224	0.06882373506975142	3028.7753510383895
-10721.301007020424	1.5319818721586749	4.241407949157666	0.030958705787251024	0.9058172257020449	0.06891386604917034	3043.1112890173204
-11114.421131340816	1.362106596041479	2.564504517584119	0.023858429420362242	0.21344110987532103	0.0686996000012932	3363.4878204689626
-11067.194497590954	1.8934635654927883	2.9393670983125175	0.028475433580461108	0.18346531428462584	0.05866170763030516	3143.6120095412075
-10775.000110595955	1.3365795420695896	4.615149406283731	0.026316427331402555	0.261584007533526	0.06027819622969086	3182.134766172302
-10403.84124317609	1.3674275813737413	5.5198444613289475	0.037973307329077985	2.8487178938470024	0.06577579959138492	2873.3248184883423
-10743.911080149928	1.529875877724252	4.7895732117800405	0.02947016235049202	0.20279914652217418	0.06758149575196594	3069.4759912381646
-12794.607720546279	1.1804076712452538	1.1098979706629748	0.016149179759623024	0.02590165453131195	0.0805588988809308	3788.0247032910374
-10987.415022064397	1.2695106230364863	2.863000316134797	0.024375269342640747	0.5957571383101381	0.06893037371563208	3331.1048329491623
-12048.589392319242	0.6254116324668819	1.764107755516723	0.011552200102559175	0.22452078457252694	0.053964290823225874	3941.2537311698993
-10751.195016007763	1.5283222533185157	4.3508068672199665	0.028817005945366736	0.1735471326734668	0.06739493588140673	3107.2766722106035
-14547.83650139393	0.261177484474623	0.5193689800567427	0.004256090530174329	0.1814928586448791	0.07001837252834595	4465.550652334898
-10918.437873782654	1.39932472531114	3.1864556775928397	0.02497650105685083	0.11882232415311611	0.06937701550356096	3283.9046071308617
-13612.060794073062	0.4798941122642946	0.7788953597785884	0.007672585047734159	0.21605629420683006	0.07919626069325096	4247.217991637062
-13354.387966396984	0.6235578962067144	0.8473433165737438	0.0095965467896341	0.060957307155653125	0.0643526501501299	4140.805038278825
-10758.371741571296	1.6117020064787189	6.034075315116904	0.03241275323524989	0.7673179642183837	0.07006302082595206	2932.7050120082204
-10754.781833037889	1.297946421139709	4.392263633619193	0.026122337569218685	0.8405568187561424	0.06761814232034855	3192.5988098497187
-14099.197473625865	0.36382048684107027	0.6382745823833236	0.005710199869983205	0.1396006608021625	0.07614472132882562	4363.599643584242
-10757.709650584204	1.495117937256085	4.486753903206187	0.028475118521492353	0.08367010052813757	0.06944073665772992	3114.600839008258
-12368.57248728759	1.465468668639698	1.4364921701465696	0.023836999777778225	0.08329404639239062	0.07622658484483204	3499.5475344493325
-10714.311149088866	1.5225354948089325	4.2201311328441955	0.031088156542135755	0.9615647214332014	0.06918358280698178	3042.635828639036
-11438.437050576176	0.9246407641071966	2.164718834553605	0.018249426543956303	0.001	0.06494464499947858	3635.288968766211
-10776.696934203148	1.3057820429596176	4.197397227096197	0.025882327488256383	0.1949961958173797	0.0671463378400684	3221.6184116599547
-10755.30710224468	1.631713863097476	4.622778634934751	0.029497038331669834	0.1034322295055491	0.06382872652233366	3065.002827790741
-11627.787936496046	1.2708418490475026	1.8024741088441032	0.0205109002191065	0.3493736558176737	0.0670907248950848	3538.910301530747
-12338.075299366223	1.3372780107433977	1.3105210843673178	0.017188839368739762	0.5850174006467077	0.07419347143481457	3680.6804085363983
-15630.876409100738	0.08956132729369726	0.4215853779494713	0.001491381559214193	0.10331703208224227	0.13241408592235945	4574.800032141033
-10845.865527681603	1.5532527146893567	3.6047381097749605	0.028846653056972364	0.2657228591178124	0.06933684954775851	3132.2539351834685
-10769.989391387824	1.5729583890317602	3.8356821768562734	0.03102179235568146	0.7976778149362646	0.06882866964714034	3056.818315098914
-10745.467266192813	1.4110613360974933	6.208441413188003	0.028233096946186316	0.17695072641234527	0.06730699248566334	3078.05256644813
-14367.35876429837	0.3552779662058049	0.605816541182509	0.005698224091163571	0.20213084305793316	0.10184699402889767	4379.610664372619
-14038.689383446097	0.389569965332977	0.6488188424802733	0.006252255142312431	0.10369565152636703	0.0721535449837438	4344.212694549278
-10969.073854867445	0.9804241406767776	3.7548448962428127	0.02100661270006122	0.04461734745859454	0.0662317478345693	3434.97188191594
-10646.241010961141	1.6092190984707468	4.836752703961187	0.03459384056729915	1.2901419706853905	0.06797898864087605	2924.596014465952
-10726.652824937086	1.539840900635706	4.467300494981132	0.031088607349208926	0.8017885234770996	0.06765857685655285	3028.95455563915
-10743.590511267681	1.4747197597198927	5.174259554511356	0.02899981638085474	0.07838197938935167	0.06393984579595385	3079.00081729538
-10748.94935367634	1.4532135120823564	4.620940060053346	0.027966312110362736	0.2146255776260484	0.06677525900448476	3124.2061874384613
-11061.95672874229	1.0407007503909267	3.000866740072526	0.020381645941251594	0.001	0.06738300342357956	3482.0926681538026
-11194.611631451373	1.008314664966058	2.592006089664654	0.01971345005251921	0.04562273039201056	0.06470625648617502	3537.5137250319726
-10754.117501850671	1.4400793089606743	4.354714718833546	0.027769744780619547	0.16353513403436026	0.06558478129539547	3146.0123278466585
-10799.118665371652	1.2725821735539273	4.339401008674553	0.025219192624250507	0.006470973131534621	0.06696315306969167	3238.365049638107
-11712.702264086367	0.7188908607331836	1.939265321989712	0.015042392134592715	0.31854234510437207	0.06850078379042072	3800.4899254631305
-10730.163533434516	1.5006560500210393	4.884277160378002	0.029199210690392174	0.17128172362119296	0.06750946248617075	3080.8645153702796
-10632.5892635072	1.6181849923116927	5.672565536780187	0.037315640940606666	1.5548705774240306	0.07732063025753726	2836.3217393099612
-10601.686287695176	1.7251761774585324	4.252111707847311	0.03739546284335668	1.6095492694274334	0.06795001045934163	2878.226225092829
-11214.363042187775	0.9047032182085885	2.70197709693551	0.018935983033101705	0.1280683937322277	0.07093746070576833	3574.089721798656
-10750.278026009675	1.4953464322506183	4.4990993124284415	0.02857930608711204	0.1262830950356158	0.06574116174256088	3111.6230326617724
-11125.483780619885	1.817476629632271	2.7162652778031666	0.02766007304490111	0.038961069614030355	0.06656343624281474	3198.0076443026296
-10800.636935515602	1.5374022262033127	3.908347203867625	0.028647214733902936	0.43236206778034175	0.06833364087932704	3116.5156008889558
-11014.241868182375	1.8425138989340688	2.999889384684468	0.028351601549579736	0.09889211769174257	0.06611113073534823	3156.5210199599314
-10740.136956084392	1.545728881102497	4.5830723342784925	0.029392253526218045	0.17014868846377929	0.06722371176245376	3081.2024676029673
-11844.653748732013	0.6325309805485844	1.945519433142848	0.01378631874697805	0.02291147640181475	0.06355476975364344	3861.558983065018
-14525.421988122993	0.24556775248162124	0.5897059296407928	0.004571819184026326	0.18802330162103206	0.10183328975850674	4460.161369321944
-17632.116718819787	2.936854978847451	4.383481857423477	0.039638339102303556	0.7125135548224117	0.38508221861669445	2699.888601348954
-10784.210748151896	1.6222232044373512	3.2527637816733765	0.0321576473292584	1.3024624547589363	0.07165081406891087	3060.859668618122
-13259.17948619081	1.2912793481261726	7.1778714955810194	0.027168930366507256	0.08308565967844432	0.23901979269182957	3101.9353175682745
-10884.303950613063	2.114960912516571	4.494004124116256	0.03551535930632595	0.31513622142699754	0.06555711276619888	2861.448050626107
-10738.495610143356	1.6380935554736624	5.125819210394591	0.03064594929791059	0.1299457238436502	0.06597922717264515	3017.8616679327797
-10083.148062597438	1.5627161113763257	7.702544310321046	0.0642024588346161	4.351390097314257	0.0604678272739127	2377.0856398488754
-10802.76046466863	1.4269413634395933	4.30659976545262	0.029748337580391283	0.05965833153069497	0.06862356735192189	3102.9638743834043
-11672.916504881532	0.8127178427426573	1.8828123097263625	0.015892733948705492	0.2089261498277669	0.06679015850476423	3756.6410107184256
-10743.144674450215	1.5366455568941424	4.682289363085984	0.030199216199752608	0.626511232591913	0.06764607734956118	3041.943650992567
-11392.132204037462	0.8839434731155815	2.407348856006194	0.015993976109714758	0.024300836590869804	0.06807479341456335	3682.3242513681203
-11081.188221057531	1.3246325865930557	2.562659340885325	0.02425359893472176	0.7765959480856489	0.07518117250693958	3347.0389201245225
-12485.861436032694	0.6580975780312814	1.2513283289095163	0.013003235422219872	0.13534345363325723	0.06789507960017596	3971.596051279523
-11934.500093244358	1.0684533488426236	1.5327490833317927	0.0167767716917857	0.46620153405757647	0.060980618085998466	3710.2811246453757
-10735.205977097323	1.6186504907635162	4.929906044463706	0.03050457280414378	0.1607987998983316	0.06792046315454466	3030.760162598816
-11121.003206472687	2.071417153232497	2.898954286468719	0.02979312976810874	0.35960206924638205	0.06593715691602824	3083.653046913381
-11290.363406714916	1.151744553474512	2.2895341788877666	0.02063919503997855	0.0958482639636378	0.07466521445878328	3509.9527242893023
-11429.948567625599	1.0654901084483739	2.051313415267942	0.019347224084239178	0.39604988361662474	0.072900184015961	3579.65374571256
-21398.963730986412	0.08600005786254601	0.29697972749726936	0.0013758525264098934	0.36280563594404913	0.36933269746385516	4609.901876302303
-12883.313268090104	0.35057111221916	1.5031690516607858	0.00788097972704044	0.33844197229023276	0.08985361440257304	4185.394590024767
-10808.557041422831	1.219811559536463	4.1472675762457	0.02423875000302215	0.1657622311791484	0.07089961135528666	3281.89486354226
-10740.90482746024	1.489663584963699	5.298986562122142	0.02909254766650221	0.07795085809862172	0.0670356997797197	3070.229543915101
-11305.539601833865	1.0132322540724246	2.2928283672910093	0.019464477505476495	0.22907619423095565	0.06365537391675359	3569.7350811314964
-10747.900278722373	1.471185300958451	5.109072455495093	0.02864277938901625	0.03927805181330038	0.06736152658089611	3090.321922039047
-11143.954731157344	1.1230819033851633	2.549724225346119	0.02131889703837377	0.3679482634777198	0.06814449933824494	3467.964316508645
-10800.193851083572	1.4170939504968885	4.011433765583227	0.02659502363604797	0.03932622620967362	0.06558221589460599	3193.9802252817685
-13395.838090213618	0.35102431517042315	0.945674960619434	0.006874283194060281	0.12201839665448802	0.054559299007189685	4286.6610372862815
-11596.281792554128	2.4296240904681605	2.2469725767895357	0.02932855549798163	0.4203308665709197	0.059561566371501735	3113.9447659634275
-15298.262306174292	1.5907712157122118	7.080573598721422	0.029886990571645303	0.001	0.31937600621651074	2989.5297256143654
-10775.709131448062	1.573038880343356	4.256198724974935	0.027750962265062254	0.08719991148367927	0.06835486792480826	3131.0507816565214
-11049.058003505355	1.2754933659528387	2.7425982000860345	0.02397755297290662	0.2730304792546485	0.06713076027147194	3357.3307357709537
-10728.482792560515	1.46559637231556	5.012348506734953	0.028964086467557902	0.17262815034435863	0.06710051781049943	3087.167125533949
-15124.628654349499	0.14287603909992194	0.3737148631667919	0.0022859651512141133	0.14371465076857326	0.06251412889188813	4570.866893507977
-8856.605715261674	1.2575215590403979	5.423075269536481	0.0951533638043372	7.459499899554569	0.06921537190507757	2282.2855587059616
-13866.602053343779	0.24386795763239058	0.8376668203581455	0.005296656543276063	0.2511887319797922	0.0704733447796442	4399.566118074142
-11663.848561438905	1.2523087338105026	1.7991537573637768	0.019617461282874102	0.012819486816384734	0.07330949473615857	3573.2392283897057
-10848.340199448056	1.8078255539828356	3.8099537923630065	0.03044297147027309	0.22977419248106226	0.06685626756019614	3049.3078043551395
-13201.44830722225	0.40503202064169974	1.0024161666784965	0.007635080879549844	0.10972544540868187	0.053845705645732794	4233.585775311187
-14132.52419650702	0.34641634417186296	0.6303591935904572	0.005623608683878146	0.1719113729972613	0.05615960647804577	4377.073080689764
-11185.493564891396	1.2302316836978366	2.3166264090467212	0.022294627535885528	1.092175775527094	0.07782965111102386	3435.266116060692
-7870.763952696892	3.1791800481839645	4.532022549538631	0.46327573563576413	3.6233341895843103	0.07712504867428281	1247.7891386148917
-6928.2929085260175	2.205261745048547	6.645696457287934	0.7305386043273536	5.44107130619745	0.07490944916163468	1103.7707883059807
