# /groups/rgutenk/lnt/software/anaconda3/envs/donni/bin/dadi-cli InferDM --fs input_fs/fs_065 --model split_mig --grids 178 196 214 --lbounds 1e-3 1e-3 1e-3 1e-3 0 --ubounds 1.1e2 1.1e2 3 12 0.5 --output inference/fs_065 --cpus 10 --force-convergence --delta-ll .001
# Log(likelihood)	nu1	nu2	T	m	misid	theta
-6614.180544534886	1.5683769248191093	0.14888147225639595	0.03597790212857465	0.09059994772866391	0.02460949808207398	948.827821304416
-6542.139082212184	1.676054693640249	0.1976745449957106	0.05223093312196088	0.41484968823213075	0.024862096045383433	892.2845451753842
-6369.224597932659	2.355414091584545	0.36460906570086915	0.16703907169429003	1.1531571423351101	0.033613266318933584	668.0417402013046
-6584.760194650142	1.7417256978405042	0.17254996369315204	0.042336797679745485	0.2172427858182835	0.022110687010251377	910.8406840032217
-6565.219166989904	1.614804081369868	0.17397240057523508	0.04505409830536994	0.32135801405961684	0.02210313663067563	918.7221171596022
-6352.303921468142	2.3189629178839395	0.403227149083132	0.26868894870242	1.1931868577964762	0.03143940743871132	617.463234887433
-6622.725659368375	1.6381468767955223	0.1450920083170628	0.03574033582733511	0.04843930098237957	0.021192401851149643	943.6484661919515
-6379.14374399655	2.009433051798042	0.27287279344703	0.09923666293179088	1.0829875263750761	0.02895143843977539	776.6404939454142
-6256.495174479275	2.3308484664034426	0.37685935112891267	0.3202599114756166	1.6156527754533303	0.030261559677689794	609.4194886305772
-6645.920397620196	1.3040227558959114	0.1329071638968963	0.03106797506439725	0.02152664244224776	0.022076002310205105	994.3806313763499
-6362.408235990704	1.747812242422937	0.18021589470912017	0.06946126364315615	1.4329237947095281	0.017447382093380336	869.1521639485829
-6256.414197381548	1.7183968782684453	0.263774245595466	0.15156861605794641	1.7417027957614963	0.025337473920795654	780.6949401437298
-6378.066855600986	2.229807241523688	0.2413108254382267	0.08732727091985572	1.2146341041141553	0.033125973479699006	777.7714789962002
-6705.200103384367	0.9967357502324071	0.12696004438606914	0.02825739534439371	0.04844724419775516	0.02008202479616166	1047.1669554634475
-6550.590916056143	1.7539248597575856	0.1855605591354776	0.0470463172072626	0.3720861067882728	0.024417245871916463	896.7569940802126
-6601.633515028326	1.7359513675257163	0.1508791169832203	0.036286530364073595	0.13822883240210504	0.023730469527987984	931.2744935114566
-6485.632593706706	1.8453799880288937	0.23467833968304264	0.07078733257499148	0.642840692032215	0.02561271046401628	836.1538120708344
-6888.713043408745	0.6378123822324525	0.061871512680088454	0.014861333762047598	0.0864821948526785	0.03741685197170801	1158.3898036437006
-6205.955578656637	1.7629771959419966	0.23646860959926688	0.13697543988746022	2.2621247237560445	0.02721586052034719	794.1423270601508
-6553.023252619262	2.022565141661428	0.22779652776626974	0.060694333610567405	0.3928188501746171	0.022016960569675163	835.2319798720002
-6579.507464412972	1.8346698155693129	0.19595764978208313	0.04869426611290775	0.2519627389314829	0.024890324718648618	882.4006182583644
-6582.898831514297	1.7461297008450165	0.17819930496354214	0.043554410437778475	0.22698992315309519	0.023180572083891144	906.1622950039713
-6312.33074233834	2.429682940545992	0.3617510346998079	0.17945479857577298	1.540910022719595	0.030593855855240097	656.4666893217452
-6874.352095659979	0.6343918558982279	0.0677618295627037	0.015591200500187545	0.06771751633004551	0.02078699899894296	1156.5712925798714
-6463.990660150001	1.532193073448537	0.20906994364287204	0.06447552210567421	0.796453994462957	0.02419065979918966	890.5162277280789
-6402.792492463174	2.4943700337586665	0.2895203957629946	0.10673960275064076	1.121515419311485	0.02286290641122214	721.3946594184636
-6530.206669517571	2.353339214861032	0.26623249306037017	0.07836280520397416	0.5540580277536331	0.02564481478402396	771.1388535428129
-6620.64351233515	1.71344765319968	0.15727696323441828	0.037265766425118814	0.04451546166394259	0.02360074463569114	928.7753291876016
-6571.881886316655	1.6278572748445397	0.18025833899098928	0.0446611747853916	0.2875189288561289	0.022790833726290306	915.6053509388412
-6592.84159344505	1.427604695887429	0.13537956493502115	0.03212705088549365	0.2863375900074635	0.020003819179136892	976.9328083917268
-6559.36850574529	2.5281301655777733	0.24621206659925648	0.0680248922641002	0.49399169980491353	0.021572524635171793	779.9414528682355
-6571.3099888908855	1.9045691764043409	0.1734243520487281	0.043640748966048366	0.2859243105604045	0.024649086652595218	893.4176376658008
-6627.44400993446	1.2655378330617404	0.153330263353018	0.036213691728554646	0.16283041181999233	0.024043674327447567	983.7758574609119
-6799.696987396387	1.3224500356638098	0.31231048852529275	0.0696575363908243	0.21910301462526927	0.07185194533516485	880.1924456320386
-6223.27333461602	2.129672514399864	0.3250049639775493	0.2783704249049626	1.8216837647405466	0.03216200226119453	657.8166406008908
-6442.5096096232965	2.7079158219083497	0.34190646809860037	0.12511579865762032	1.0176738635613576	0.03124472545073699	675.7279805951234
-6127.8072890250005	1.5702149215307104	0.21172011983553854	0.6819599883574121	3.337638056421484	0.023730407384693408	773.3865060960491
-6195.654785720799	1.6787348161092128	0.26451802332191565	0.17514846866762498	2.27073213364395	0.03318174996024986	778.1447340957274
-6620.381010995675	1.729006660349772	0.14266013091456603	0.03348995314563199	0.04533314940303602	0.023088996313003318	940.9490510018635
-6579.95680066638	1.7289867905813383	0.16883646650532022	0.04191523529756122	0.24176740277913344	0.020449226567779987	914.2260890920484
-6465.945359070434	1.7823348761080549	0.17737983277982292	0.05030411504933937	0.8098266089586895	0.023271926017456212	891.9627850313562
-6533.029576970745	1.6776006714600293	0.17892610833627345	0.04656024470213247	0.4604751472157956	0.025377373919590274	907.8629790707166
-6444.074698849423	1.9921659952997954	0.25005861683066305	0.0819722513344718	0.8132489571624775	0.026695243128385372	802.8877509363995
-6465.096005509975	1.5662195422552874	0.19427262520807978	0.05480320333672866	0.8191550606999377	0.03201069211420594	903.369849404646
-6321.886258548394	2.4092761249761634	0.27138804035008307	0.12181230184332968	1.53881285287181	0.02664892174649119	719.8602243021942
-6480.906445164385	1.581482966406652	0.21831243637394604	0.0633136987025918	0.6987424435665632	0.02465191329247462	881.8600373540082
-6584.521218731526	1.8257483236295995	0.1542359565683869	0.03704553855024318	0.23813638459961362	0.026384476459457015	920.7498165369445
-6689.826580348258	0.9480175962753089	0.16895514803909475	0.042583021540605205	0.39808766834282094	0.02848705738417349	1029.375650490409
-6208.843936055223	1.7190153609694219	0.27860343286649814	0.19416278903001066	2.035473849280757	0.028825784483019312	757.8984006013454
-6588.565787003966	1.6898278768120567	0.16646683070083546	0.040894639770489426	0.2008170387516595	0.02216621510782862	920.7629083924884
-6660.037134369803	1.0340248427509944	0.15466952590274113	0.03782926796522427	0.2980731090416456	0.02222245252710411	1020.5679776529244
-6602.281345634679	1.7279682710145765	0.15161376153115094	0.03705101508777923	0.1363541431372685	0.025910797117332823	930.1155734297482
-6208.609358041623	1.596228874734948	0.27867329461888257	0.4223007160324923	2.122294967486356	0.040228459717389954	729.6222496631116
-6236.70170449688	1.6481214913252216	0.2647486555963616	0.1608364058876908	1.8919395110116024	0.026466672608426917	787.3509436916513
-6640.775421552233	1.2737223427005184	0.1298973108957258	0.0307222021552853	0.10567972328692389	0.03346822629916267	1000.3067761263134
-6403.5333643948925	1.703317782184737	0.2357216642756563	0.07672083716391555	1.0202169319878693	0.020272767637518518	845.8762626329598
-6159.483368635982	1.6593631227131755	0.21946596912039013	0.1798507287358646	2.954553308816909	0.024538819178143493	801.3854095822444
-6617.258710403544	1.692192842972773	0.14707968433060287	0.03482078397497826	0.05997123102119886	0.02237625618550347	939.6732192417026
-6210.444794128003	1.8321680473022361	0.22574299008546547	0.1241626621136661	2.364343324105001	0.03161158524573273	796.8430872957808
-6413.667898958082	1.983497201948256	0.29511375374394533	0.10131322558758987	0.9302633616881698	0.027771835650656464	770.8435707966623
-6358.454757798951	1.736786761485117	0.24528911413294135	0.08923591089375593	1.211486158721729	0.024041376356920465	826.2571896932527
-7039.673992870766	0.46255852374471934	0.0655011200353885	0.014258777183001338	0.022369186718092775	0.019707785668931027	1210.370566495819
-6446.700746569994	1.4720675767773577	0.23281383415421886	0.07434975695465317	0.90087456725062	0.02473229596182613	880.5234794999241
-6519.266350447027	1.8502984175251076	0.23467664143699196	0.06612701610029587	0.5156731189127223	0.02994526930907271	841.6163726892136
-6579.908642652456	1.5910888904059586	0.15563295621705148	0.03842386930427946	0.25761154999268915	0.02376672069259949	939.5460603710936
-6509.204079160987	1.7528842009446066	0.21824250924049182	0.06507875964733185	0.5627813811424892	0.027330357104922896	858.7985247544817
-6308.183494178291	2.0135426839844413	0.28435173199373404	0.1275672939166482	1.4376324526952529	0.019089360239400673	749.992080470394
-6573.590677300648	1.7056610404522181	0.1874000117959634	0.04675754501940576	0.2753765563158222	0.021600961673616602	901.3258132186476
-6366.483580440348	1.903599332869942	0.33918180434074235	0.14425225309124587	1.164974749857785	0.04251137112560824	735.4654759632278
-6596.395331175453	1.3793572445951583	0.16991321527578396	0.041658641974417675	0.2583795832328851	0.02834158440980933	953.9646826426524
-6497.336373054899	1.63512065244095	0.20854785725681227	0.05827806177739421	0.6200589705331436	0.020038797827106766	884.8831233952669
-6377.122374879708	1.8170304248618951	0.29191709310350955	0.11569763737415159	1.0838447591207687	0.028874724108063694	778.8222997781336
-6274.547965414292	2.3495785600762917	0.42427752518529893	0.49786004292243774	1.4374474025918476	0.033125953289927075	560.2503373718116
-6576.286525223058	1.8493726945835403	0.16045658728114198	0.038658116357311825	0.282361547660933	0.028058015301441017	913.06810626916
-6340.507456941132	2.056981077861393	0.342808167874939	0.1697271174897832	1.2247580916505556	0.03345923278245705	701.9179853771666
-6340.047390912911	1.5414645151170892	0.21093511775385101	0.07834330237808608	1.457628172167915	0.031065073221224957	875.7566139602986
-6285.911255827067	1.8827742191573342	0.3078615287807127	0.16173917155207274	1.4913138026499912	0.025899350985498653	737.6605205516204
-6187.022769836297	1.9281160888941733	0.2873308344166117	0.2651264625576132	2.1389120742522247	0.030178443572547366	701.29420994769
-6348.526619249045	2.1165632344038223	0.27767647253963457	0.11773642009421888	1.232393029032757	0.02833606711773873	747.8845733090244
-6624.25728675458	1.7088014918776342	0.13902985914090965	0.03281100241655903	0.02609110544313004	0.02340054000073313	945.6004752828911
-6586.898980561273	2.231198538948535	0.1956194954433302	0.04918457395776489	0.2833106670926373	0.02865618432911888	849.6349122844985
-6585.731961056281	1.8235481855393973	0.15908363575010567	0.03848738244197442	0.21988030020195362	0.023134021049556704	916.012947752632
-6489.105141025663	1.7590374374442515	0.260581835670448	0.07260658674733857	0.6545279409698254	0.024770451919821822	835.5057323416017
-6653.0038108854405	1.2856562120273423	0.12516821320675856	0.028526979736337884	0.001	0.025522519640441096	1003.9574552887177
-6624.635080003555	1.6776020138494032	0.14447937718270001	0.03388763437940796	0.022457847916418062	0.02328022372568768	943.9365890005922
-7180.700591718507	1.0975804609212572	0.3434690893236852	0.09179258071315256	0.003444909779793346	0.055214171431744515	894.8820428856079
-6409.342804898681	1.974381960278697	0.19574677026349216	0.061573575149781415	1.1208409464884699	0.01734016519429953	849.6245843620583
-6309.350393490883	2.6816125524853938	0.25332115468248956	0.13494446352158018	2.1612290066988704	0.03915166001510104	694.5629134888798
-6358.8528369669475	1.5749213505927797	0.3086295727881224	0.10373272578547622	1.5419560603516131	0.03349998475987796	816.5225057680179
-7010.8498479294585	0.4726352125097521	0.05596508426507966	0.012578070749296904	0.1319713760784803	0.02030965283995632	1206.0392833596866
-6936.932219498532	0.5503349071026306	0.062436530815064034	0.01397711598949152	0.10869556250191816	0.021411124434143523	1180.1895203200213
-6184.690312459486	2.1461424985719013	0.3312925342836489	0.48417389681869366	2.074656930471601	0.02936759230716881	615.5684311258112
-6572.401939444126	1.924889215005722	0.18390915241911385	0.04650080451676322	0.28201839342497315	0.023396799263212524	882.4594470934233
-6209.238715232591	2.0230546738396407	0.33350261835567974	0.30138202808514925	1.8975649919191304	0.029855343058910935	662.8786862931843
-6220.700175992454	1.9049743775860943	0.29792146140726844	0.18554489526143983	1.9472505806263216	0.02402591186306351	728.1603919358547
-6133.1905131677595	1.6110685078776437	0.22115333855161406	0.4055262049435318	3.190926632847882	0.026056190490014123	769.7830238061799
-6448.358424642937	1.8159277053181286	0.284076696508173	0.08235584048049496	0.8439666401920103	0.029195138323718946	811.3577510881524
-7062.814833691557	1.3752255385864043	0.1428311118453045	0.04808258814910117	1.4935002989115354	0.21693579463974622	960.1617529230099
-6145.4943259945785	1.8329330910207857	0.2702671503450485	0.651049226990817	2.573813105443006	0.027693989534863645	674.6364028820146
-6130.801787790992	1.6169629812996091	0.21594296031761195	0.45843752826271544	3.28556400530599	0.024769919252189198	768.63986294949
-6559.828033680074	1.5759689626786315	0.17776580297882225	0.04367298676730782	0.3641539749448682	0.02889816376870074	923.9679898783321
-6563.373272441807	2.0344162629177305	0.19010277067955386	0.04935610313900947	0.33904786031288775	0.0215363058443516	865.843611622839
-6531.627384297363	2.039823409369217	0.20060446146663355	0.05277768930691592	0.47822811666739984	0.02258233302402209	855.8501696757237
-6483.144504095403	2.246387832973789	0.2841962621612525	0.09388105621537368	0.7050027105795453	0.02511643394608539	755.8634078970412
-6443.205846450908	2.1956660459408317	0.3007049820429724	0.1079969342983684	0.8407076320956969	0.029036991658403195	741.8043074278402
-6369.716174382072	1.9664787807648854	0.3344750985559757	0.1425464800830489	1.1052099580008712	0.029828219787576993	730.2177001561188
-6538.218539607748	1.601197963520376	0.1982067358025518	0.052224300472071	0.4447985656817753	0.024392366138820756	900.6750471554589
-6529.865902964852	2.4588650245268107	0.22330259983700768	0.06238517276735014	0.589683908638147	0.02715932368386501	800.7165669238858
-6594.756844300189	1.4235038754276683	0.16323037394817266	0.040323903654282574	0.23447253126465542	0.02293202510716264	952.772657219627
-6249.7086653438755	1.824688693916779	0.27712482649304754	0.14562491781449347	1.7566563054244173	0.027503008380778564	764.6563263553472
-6569.472303493548	2.0815142689554618	0.19311189927582736	0.049628498933764795	0.3276776180230997	0.018756335044238976	860.603568533969
-6669.817555624533	1.031953920614812	0.11334255364591413	0.027178189492541225	0.20756554019064596	0.021032946568471773	1048.9389067288819
-6329.422153494317	1.8663446609172811	0.24105630349233775	0.09573023411406262	1.3625241452143284	0.02380973696988451	806.104806759962
-6143.770805035986	1.6994093445977239	0.2399224202084566	0.3166227318131081	2.847399738189169	0.02762772874244199	750.6774208394318
-6527.817314866029	1.7685128887551462	0.20502021341061347	0.05549589630178336	0.46873869250207506	0.02605271346091588	874.9663413390592
-6157.615753284562	1.671859507821558	0.23453417786783098	0.21752892338902358	2.740591550846892	0.02596484177540122	779.1291232433605
-6431.8351852631195	2.059364831640624	0.2547043200819219	0.08711673675220652	0.8748933499307906	0.03020384267867448	789.0523362750401
-6726.952088433894	0.9142866524822045	0.10185882431001707	0.024232805834703528	0.07186031759914795	0.024966192042334828	1078.0678560179929
-6558.03166977289	1.4924208988995897	0.191116856798966	0.04929229647248863	0.38987252216030827	0.023750356549710624	920.627304815814
-6774.546923886109	5.2877121971989105	0.09406502578032733	0.02314982177686213	0.3596208521887248	0.01403712329997864	889.48928516296
-6491.094053587591	1.637800639706024	0.2394617367178653	0.06974445442219472	0.6500232308669445	0.022330172235892128	859.8987017948197
-6256.837863868944	1.8657413685324467	0.3156192739325858	0.1896081737885366	1.6438445347327773	0.030533988969698347	724.7530547718087
-6562.5083190626365	1.6379250988783378	0.21225439014738773	0.052229267438881774	0.41457391081922257	0.04218110035490752	891.561972837486
-6173.885483262876	1.925481129981434	0.3042714373211708	0.35285661627522763	2.2178931447989054	0.030564014374208644	676.3934197094352
-6280.61640372485	2.1138482164388703	0.34454067055684684	0.19837883971338663	1.5061685881756335	0.030977510512242727	681.9716941393003
-6624.351736626561	1.3418741711477071	0.14909682212863878	0.03597346335639549	0.12312989382726895	0.022297888083181745	975.3784507213868
-6340.998475316073	2.045071511368653	0.23281023591694772	0.08333630544432923	1.4907112662647317	0.039998073288423155	802.9056493452492
-6606.118416393553	1.553381169638292	0.15292272073978147	0.0366427416315417	0.13279860133500113	0.022284240030321683	947.6584411192731
-6516.651723728014	2.3705414907435114	0.2727762555908501	0.08108486381265598	0.6089155859004756	0.02393943519733432	764.508279663488
-6217.343540374795	2.2592583901353795	0.38091110614975326	0.5904713268270209	1.724711747297627	0.034119689337286395	571.1243837589487
-6602.858284524689	1.5939428634143988	0.1550078293174803	0.03729307844307879	0.14120369000280303	0.0229926099432748	941.4041930877952
-6135.523402456326	1.5830337490216584	0.2120979511569304	0.3255534383120867	3.311480870661923	0.025939583279562927	790.8408342768255
-6170.7641586852715	1.8281268254894631	0.2657821119438854	0.24246801374208035	2.3878133141806837	0.029230070872711757	731.685002446985
-6648.339019842942	1.3069288018969616	0.13313129145796673	0.030855303661953895	0.0053613278024865355	0.022631692936418465	994.2007240507259
-6140.172219731237	1.6719949057481296	0.2366628810562019	0.34479354263724316	2.928699627787766	0.027453669993578473	753.6781937682647
-6795.486977401909	0.7783070574493193	0.09206352022614916	0.02149665357395409	0.07719299264531533	0.009332290926039868	1112.43049818115
-6783.434920385858	0.8101033721730687	0.10919737255675516	0.02528013710638487	0.0032700953346482308	0.026818146429721922	1096.2211041283385
-6346.951325370644	2.0933953942703574	0.36975596812110995	0.1822858966027322	1.2081598448352455	0.035729036503063485	684.5748437211635
-6142.627181324609	1.6581541369909512	0.22638842350734956	0.27380232971573204	3.044724754712375	0.02645466267472538	774.3054702612577
-6138.75526864463	1.563425430222353	0.197057149718433	0.27211518850631183	3.592081504690814	0.026362206253908445	813.8698500510368
-6520.467596719348	2.1711450480623005	0.1905592900486753	0.05051270952285902	0.5823823915157758	0.02835889278642324	853.2822945967923
-6139.48948286873	1.5745962792158037	0.19906133333294196	0.2787306073179426	3.534864593325291	0.030510200512222613	808.8127278678904
-6644.0810369508945	1.3521548876709524	0.13468992036665486	0.03135591928621867	0.002647177951245812	0.022852680282224	987.0844712772994
-6957.994242191075	0.5311125259929501	0.06620175712874043	0.014972059856420214	0.0820137510377854	0.01782164533271373	1187.4503557114292
-6234.303052631556	2.067518094425569	0.3185639152647323	0.1980933904414562	1.843486524410466	0.027068753804934526	695.9492242211127
-6583.485581338367	1.7149354250514495	0.1611139649550406	0.0397424463917836	0.22425267600249085	0.022798091250778845	922.5247418098689
-6411.045673313385	1.9643126901435624	0.31184946720345796	0.09761208162830266	1.034515525297836	0.03505576563207839	772.2561133015807
-6662.589844999633	1.2157540713447934	0.12363449335020815	0.027803760285584105	0.0024704948709858184	0.02184937136361455	1014.8160740274203
-6409.859646609003	1.6084303756289922	0.2556533880084514	0.0863683419260276	1.000840198829426	0.029558737239459523	841.9817904523078
-6541.515089273322	1.6040228053199803	0.17335645801193775	0.045692927672694346	0.43323548062094525	0.025974858752097915	919.291010643662
-6596.1041239140295	1.6768399455739647	0.16417813764930345	0.039660972306951245	0.1651983819292673	0.023902645545251632	925.1631546387736
-6405.791993611458	1.5058740245232425	0.22856901216077743	0.08062456518178601	1.0798043026066604	0.03063590048218703	871.5516131547796
-6729.8550380173765	0.8503027810219594	0.10972510343847605	0.02646328896254314	0.25064052296390643	0.02039397720640605	1087.1587194418892
-6451.930834086935	2.2411531810002425	0.25244258954550847	0.07905134519515303	0.8443575576774401	0.0325993515685015	783.3645826146792
-6171.009789643266	1.6728030314774678	0.2222159975817484	0.16063345687004585	2.766393705812084	0.029847800128134663	804.3115609396903
-6575.010670017191	1.4020312519513298	0.16960901741403303	0.043442595242074514	0.3444595769655083	0.02177818076452465	948.7318409915877
-6614.468762034457	1.0460277320355156	0.13511788019266502	0.033738059249098416	0.5523074169872982	0.015619814697984357	1031.0419145930873
-6619.7519010615215	1.7386972709115414	0.15524264525882636	0.03676370711859197	0.047045689105682784	0.0239400581535952	928.2697317537957
-6494.401169714215	1.3370923257835212	0.32248691423022185	0.16330441084942643	1.0956425802198058	0.02441252273003196	819.0870543339103
-6211.491101576456	1.7875266042174838	0.25392027058545025	0.152672788158809	2.101378238332947	0.027912331235962803	775.1179389846617
-6367.375003322362	1.827023952231685	0.3093206056998201	0.13849632849457535	1.1332146948456585	0.027216979420672197	756.711537290311
-6148.734710384265	1.6306112569313924	0.23271289300527598	0.24254835701051908	2.9305258486282066	0.02603630001055279	782.2068516559589
-6215.871660322049	2.1428678259646805	0.36221469421291447	0.4797775511776684	1.75928643465438	0.03331911644223654	604.274795187947
-6159.337823837364	1.7313970319906826	0.2808281133113665	0.4182929556752468	2.406097672790834	0.03180326030610244	707.2818871527417
-7300.340123671641	0.2413214223697636	0.020128988484858945	0.004396506724145713	0.3936794068791731	0.012758564082517361	1256.7300954475652
-6957.473297273329	2.908406999759883	0.15732112825218916	0.03576878004035447	0.06155316857967737	0.13281399671062882	861.0783934942972
-6637.940719496084	1.3484738628062853	0.12859560621642355	0.030680188336858767	0.045098970969685036	0.021338508015900075	991.3504642765279
-6606.596034731886	1.995962411062461	0.14007388264451334	0.035324553601922416	0.16047311482042526	0.02557824381298288	916.5730627538612
-6410.76402556229	1.7479360239898765	0.25902730561338055	0.09203574615598828	0.9571356143310635	0.02859215428641396	817.2035721350851
-6622.389267350935	1.3239163139752872	0.15302265165600304	0.03656238074867734	0.14561878352876328	0.024639571351623542	975.3001084127847
-6234.330482788165	1.9368508430368478	0.3152873104813548	0.2439336141258336	1.752824051554537	0.03428395783262753	695.1691729794239
-6358.016768145013	1.7459495455468108	0.27016740978325704	0.109245192207713	1.1853237234147689	0.02520663069284162	799.797537018579
-6457.0754402980365	1.5831674970924203	0.20973323086640588	0.06347169331619223	0.8380887354651395	0.015176042727422293	884.7298074940834
-6216.344090263928	1.844400111414802	0.2704479729334963	0.1584708491737519	2.0379699679453416	0.024928842394435952	758.3737495745851
-6621.08054803037	1.7803089674489658	0.15210378275056477	0.03563650471329474	0.04081988895325401	0.022103502044230627	928.2055176595901
-6520.836790110173	2.249031442434237	0.23523914684264927	0.06830142148736783	0.8186328004100494	0.06546035726122339	803.0614664392981
-6429.474350268158	1.7591455866062053	0.17060011695207192	0.05110779322234633	1.0588556155709752	0.027195889145036706	895.9446670131082
-6397.786707712301	2.2449043724645343	0.42041799552108167	0.24845949875539386	1.0496171324403791	0.0287363844965295	627.7494997785483
-6341.332544401599	2.0227406637025465	0.2890559562292806	0.12324689811923337	1.2374626079915683	0.025948330157238287	750.2331245168123
-6657.459510102587	1.158179941292405	0.11214342998245469	0.027577998045849733	0.11458700781396274	0.021947163900517035	1028.993478510877
-6694.042226668082	0.9800941424512041	0.11236717884162258	0.026496424276509542	0.14571147951420746	0.018445012731666318	1059.018424410089
-6590.273166677431	1.85491595686188	0.163909074423716	0.04048306235839438	0.1943047728988613	0.023536373166505257	907.3290202751556
-6623.85844791641	1.744522857690926	0.15375966674424937	0.03614993255447676	0.02622075423166316	0.023608468792013934	929.571017602426
-6329.595946506374	1.9967681756027074	0.34480313400831714	0.17623724772252128	1.2843416056078296	0.021094399320882036	705.0893800322511
-6157.233254894137	1.6432448992434017	0.21389738451449736	0.18693272896262803	2.975642227391373	0.02744565615834398	804.2892590776722
-6365.0662868333	1.5440652491522926	0.2535116513284479	0.09278118712889534	1.2435025704511806	0.0289019946816264	846.9663340187784
-6593.922839038332	1.5658603539811127	0.17873654384610385	0.04441770525542664	0.2045094007698584	0.024285303615962303	923.3194562309602
-6504.466528546107	1.7519198568076004	0.21164588627428516	0.05866443706840931	0.5674144149753764	0.026192881631182264	869.9723124706518
-6387.434842971444	1.2691207613237088	0.17788267357087537	0.0617450151680534	1.5126592973108348	0.020771739629929675	948.5689241821343
-7672.54824110268	2.10143977042327	0.29144408583632775	0.07829108274564556	0.4575791717341444	0.3029265235637246	785.3172302076324
-6609.47170817516	1.4865540374615893	0.15502735834428688	0.03683158228986289	0.13391871875699402	0.023568651010559234	953.8681918776501
-6147.42293066214	1.7439016911014182	0.27373531252515015	0.7165770655402157	2.5451014125343367	0.02651514831745009	684.4604287922556
-6142.571542348089	1.7955338842157942	0.262927147592671	0.5076928532838958	2.7348372385367377	0.028844912539405347	698.030109387212
-6629.683065523143	1.6173791783159364	0.13145928779222132	0.031056361604112792	0.009332093990826608	0.024950102345497594	960.6988093513422
-6495.451183878613	2.3539737169659465	0.30374556970190136	0.08123958102034853	0.9806307515206383	0.046064157635316835	758.9392557608834
-6582.770468021622	1.8348896299708408	0.17918228520526244	0.04486070055197566	0.2291164010894066	0.023793329528320598	895.0623085119967
-6152.93892924256	1.75135032185667	0.24480161167230638	0.2552414086770844	2.7314699321978555	0.02829136227669057	751.2165472279245
-6136.67316623603	1.5056565915898084	0.19622512504846668	0.2973896575086127	3.608233501682968	0.0243361245764114	823.5544193000887
-6127.385996613795	1.5198476011970055	0.20453399769290553	0.729610054671653	3.4150042130832166	0.02093928497496987	791.8041240151138
-6132.135371539423	1.7112337927722554	0.23173651823545705	1.3149280434658028	3.1239819372109014	0.0212423479216781	714.3187931736684
