# /groups/rgutenk/lnt/software/anaconda3/envs/donni/bin/dadi-cli InferDM --fs input_fs/fs_023 --model split_mig --grids 178 196 214 --lbounds 1e-3 1e-3 1e-3 1e-3 0 --ubounds 1.1e2 1.1e2 3 12 0.5 --output inference/fs_023 --cpus 10 --force-convergence --delta-ll .001
# Log(likelihood)	nu1	nu2	T	m	misid	theta
-6633.244758725217	0.0018301311740695312	0.8845983532146795	0.0014704178062119968	0.21511874422757257	0.12453279987058452	1521.4958077769606
-3282.6501828900655	0.13440765599253543	4.777452809124557	0.29596431896826836	0.43834003087738416	0.06659154307028695	658.7377344669324
-6312.663131661544	0.008382314761904253	1.022888231944883	0.007290531151022358	0.00830409536496767	0.04796230782101027	1505.5693441228266
-3306.7438853180684	0.10483574074385588	5.455322375618274	0.1817289869792907	0.23037326822812126	0.06488948341403995	718.3155847571148
-5376.078192618798	0.042583058312083755	1.4941118080483013	0.07253683742411697	0.8203375408907032	0.09003280439749235	1290.1500430633828
-3092.3685367610683	0.156213762483361	5.540059339201506	0.5168825963824162	0.6655442967376379	0.06437863662935904	540.8744428482747
-2756.362850947855	0.11345528448509944	8.105977068198673	0.2567741360055774	0.8240232397856637	0.05730407653924422	578.2835733612645
-6553.071939713783	0.0016187450267177344	0.8200681142806983	0.0013206521212564648	0.20163383754109762	0.09933053045137173	1523.8181947255428
-2876.841781027463	0.0727470650081911	5.411446614100577	0.3113286974528827	1.4787137763259466	0.05052308779008597	662.1493805156633
-2366.056777870297	0.09955078577359287	10.88747858187818	0.821391612001333	1.354358856633149	0.06345727518411366	390.78275513537403
-3497.148941009132	0.06006572792654169	3.228195909308286	0.26234197279951454	1.7757859030527021	0.05919667077050795	854.6850642840185
-2702.6593727968548	0.10851182276326242	6.971004568165835	0.3788534126015438	1.3729633788326547	0.07929532329162721	560.6851155119973
-3785.744703195178	0.08783483215806287	3.11106683683287	0.37219731619294877	0.9746376099200543	0.05473811932096682	786.4054921662855
-4974.92206995227	0.04712357594899441	1.9597806561355566	0.05281458327599723	0.2712085081207646	0.041846414072299255	1228.751678743434
-6542.700030156216	0.002448395122315118	0.7013726698987367	0.002043664290987987	0.101289137667323	0.039749797343977655	1533.523471496879
-7075.9199182310595	0.0012380115365345724	0.7443164206694606	0.001	0.3549515045904641	0.19452110712167014	1525.5172087337814
-2742.958146423976	0.17982945357756241	8.044698893260918	0.5768946223961975	0.570296040677158	0.050462251891259975	438.9208546401266
-5432.714441659221	0.06058618829991518	1.6959931168237072	0.0722134360437477	0.010964277069858487	0.10897835909047363	1225.5672595829633
-2349.565870699452	0.07503070461689193	12.615778149918977	0.6420138132742598	1.6132722209247927	0.05257479197638356	406.6359153157609
-2450.0638747519447	0.06792938125031481	11.316602304357959	0.43536645760306253	1.8749133271572986	0.05644836905970031	479.27669609313966
-2557.746319762309	0.15616943791128743	14.64478122138424	0.43621568272355105	0.5863954492426647	0.05221256088104492	384.62211848812024
-2871.8621531114813	0.1302857211819182	6.775492035706255	0.27541421619101314	0.6127040300141676	0.052674635415156185	593.1827076964487
-2267.284991760454	0.07766092400205918	13.503393978227912	1.050734219238848	1.7157579540382464	0.052272480901303854	364.2502776888722
-6438.024706516612	0.004104904044771682	0.8788856327703972	0.003429294743994468	0.19986042775746501	0.06145259858386742	1523.1890215043074
-4812.304061119427	0.06323029533361134	2.213770176469052	0.0673135190017986	0.001846452006877812	0.05595002091036364	1149.9969486471098
-2446.7034653870905	0.059433861989077526	8.778403481662865	0.47641604138279214	1.9624233203264294	0.058608449730482036	520.1748680261292
-2315.3900128416512	0.10341654667905203	14.453024935175137	0.8829315312273442	1.1612138861223584	0.05948531617153661	332.28377373671566
-2374.828771442577	0.04511966716353989	7.497100867725909	0.6243169932605698	2.77749826772192	0.04801845006963568	577.5820432487742
-3045.1152907490796	0.06498241982887369	4.584720117640333	0.4621223249830346	1.5179138528898686	0.06527158281838677	662.3589857089155
-6482.79718820702	0.0012603729838431344	0.7348481595722337	0.001028152872166416	0.29151790929063837	0.05148071360842396	1526.0511832622976
-2348.2377987538594	0.09174980062272076	12.429556842626168	0.6884704727516081	1.3503051334199503	0.05416256260703885	386.86994514464124
-2907.8067119843276	0.09694710174782538	5.371244185109608	0.34877112758268336	1.2954909540096857	0.05486745045916612	634.2344502518159
-3733.223311976898	0.15425932202065218	5.206281066693809	0.11821227963568091	0.001518731091049906	0.049549633857299526	803.4608657295296
-3280.803622149167	0.10323729376715575	4.490509211979805	0.23450807727256012	0.6272787302411775	0.060060986636872926	725.7773753507585
-2497.374306707269	0.10978686480412567	9.441825094572874	0.8266686299481186	1.045255371518033	0.06144751965111717	398.53143486727896
-2301.6149690518155	0.05909371737152222	9.506583072192317	1.1174231628457871	2.1601003981203646	0.06149851711193352	456.6415038097333
-2389.568967087467	0.14638054671835257	13.922780668225931	0.7705060878456076	0.9330330729306453	0.08299437245598222	334.1124134335087
-3224.2888316935596	0.1417231408347587	5.53656708777959	0.28420814463216515	0.24261657758573305	0.06075367295158555	623.581111291886
-2833.7190286107398	0.1496939469716147	7.37295001027183	0.4884339524450115	0.46702337812251704	0.058349309045730956	479.16749566318373
-3699.0889101247503	0.3944683516583209	5.167574942009197	0.33074852644187774	0.47890935574599175	0.07424908898362893	577.3240025182795
-2312.56665782876	0.07328214714856919	10.050040320508323	0.950314760949083	1.9052913766068242	0.047789805319611224	430.80178735209574
-2264.1536904974328	0.06005625040908571	11.122398753753652	0.9945642388295207	2.2576084244440824	0.047994689683222645	436.9228675573017
-2508.758835665134	0.18506401477627918	11.986735997485319	0.5790035350339897	0.4974238755745052	0.06154262473624151	368.0942992573195
-3619.9468776229155	0.13350555047155044	4.393347714392467	0.20337296129408716	0.10372377238651036	0.05932553451171542	740.4977105284439
-2422.3657889785454	0.07272476549428705	10.135140585971076	0.4954248388806682	1.65645033342752	0.05437441038823	472.4857483223513
-6554.8607207259165	0.002335264067063085	0.6656087422367312	0.0019334748082792382	0.0901603661975221	0.05517947391052633	1535.6249165412776
-2275.7691627509917	0.07839715547961942	13.340359434895449	0.9683676436116303	1.7062893216596884	0.05341327039735969	370.03295230395867
-5460.26618919895	0.027819864956033193	1.5858419598764677	0.02917098163823245	0.616454120510885	0.07089305193207955	1360.0553434060125
-2632.4944368739057	0.14597524559207395	8.782735716439944	0.4809694598195582	0.6020069446440718	0.061311872383204645	451.5097287912812
-2334.951047777766	0.09058388958193216	11.88772065446275	0.7973440434764183	1.3608967319008067	0.05650131461871971	381.1501002880698
-2275.9329192640225	0.14786243992247594	20.8672660458973	1.760543283281667	1.0145259820054295	0.06439796232984779	233.77402036645282
-2510.386869551185	0.039138183212843944	6.243957182797868	0.6484245388629908	2.538007824565844	0.039366574745048476	612.2865206757521
-3858.6374052672945	0.1264226346772293	3.679698093357065	0.14587735992707912	0.1213282324890285	0.06753925223858621	850.4518024239447
-2276.9159737410546	0.04573814659946488	9.057839137728386	0.8391697111686276	3.038492206814563	0.044199207895603596	539.9882115377675
-2342.7232494132195	0.10893701643411866	13.505569873465342	0.767355449121631	1.10105066573865	0.05885141635595675	350.5701261706181
-2341.2769739978175	0.054646656734179025	9.093667326372438	0.6786981210080951	2.2585276022558993	0.05085522264664398	497.4112916081135
-3686.772237610301	0.07207840930620618	3.5706200851822465	0.1180500452764361	0.7867295947859556	0.05672983019592264	925.3356849858653
-2359.5971854255004	0.10997954377499351	14.599583049356426	0.6853953738536332	1.1217157280778012	0.05797702040473632	351.72852897161135
-2341.1569128709098	0.07468909468810328	11.074390527560427	0.67517380447085	1.7058840957570125	0.0564059995937415	427.14880880090027
-4463.926039175297	0.0538060175468595	2.8906869288507036	0.056650406085224286	0.06582635103029003	0.05556324797377338	1116.0908588478605
-3149.356623747238	0.09908569816265879	5.1337597178852175	0.20540578444915678	0.6676778925028588	0.06594114888625788	717.2258312955572
-2383.2269680281715	0.12046360854741917	12.18987618839616	0.6949974045049748	1.0019156406634413	0.05647068548512018	369.48141933438956
-2494.5041006053398	0.11722973985066752	10.651973346261185	0.4457434391887541	1.0493890336156857	0.07396109935578757	446.5375297452655
-2353.868450974359	0.14530928849475283	16.781441442227667	0.816817554407966	0.8196541034420775	0.06113639885319714	300.2881176433962
-8558.99775799709	0.0014503153666311627	0.7034293348393159	0.0011818871045394318	0.3260286201541473	0.36806737279338675	1528.250338519422
-3087.8823991206286	0.19519379782421561	6.478509179238598	0.5528194404779528	0.37660105236187996	0.046077380216951076	481.42664549843795
-3111.7980532254005	0.1094625897080492	8.009758095930781	0.16675141351436204	0.35593599081266414	0.07998647147556695	661.1960939750072
-3009.9469303841574	0.14955732367808755	6.824794800184472	0.4573146389231074	0.31880323548772616	0.05526112314185304	500.88120084598074
-7446.197604296157	0.0012321877536706776	0.6008591874371306	0.001	0.027449530803734377	0.23833603432322345	1531.854894871855
-6602.139066063865	0.0012260923303711996	0.5025759331465895	0.001	0.11814949638891821	0.04387458359799798	1538.2466053806222
-2507.064309810046	0.036318116470232954	5.944373736656659	0.9697481341566849	2.480215105998369	0.04132729112672831	612.8062209307187
-5603.913524023106	0.038279729690981035	1.4805380270281132	0.04131403176115867	0.13159115806874885	0.08540952134662307	1338.9220057590435
-2397.0956169938595	0.06185839380345924	8.247832714684414	0.6678012265641935	2.1269890736325787	0.04523707292904871	508.5914910458648
-2457.4240698757108	0.18282218447300302	12.999190474626667	0.6665423678816628	0.5422704954378038	0.06224501302536028	341.06736147739184
-2280.088688719923	0.10181034377485598	14.790958487246778	1.1145286143798983	1.3073434704696063	0.057958604774652325	320.0124540154827
-2607.16447137164	0.19074341019540664	11.887457798325926	0.4439272386830605	0.37597252613181376	0.05522965833839615	401.98225291981987
-2417.999792662363	0.08558977147819047	11.407690317879291	0.4977921820158713	1.4727378315092856	0.05519879418240938	441.89989965240005
-2466.8511257168566	0.09659892204080765	10.999925057735163	0.48169927196717655	1.0786481579651235	0.07285551511443106	435.3066347343451
-3148.142627228749	0.050654210719452614	3.8441881282455306	0.4578188172056276	2.0656561559200943	0.05458909556262098	751.6058771170923
-2445.59518536867	0.03718622606117667	11.162303059146783	0.4436264359326752	3.6432695534203643	0.04890213522999228	568.1979922267061
-6382.93179768279	0.0012195778945665653	1.2061949179083888	0.001	0.26609227649200123	0.05293386839060595	1515.1251753051254
-4347.123194504637	0.0561254981600699	2.0829088613876676	0.18823670957989502	1.6400254383643358	0.051141767555452224	1061.0822756489624
-2343.0422905548103	0.0550282431325748	9.246090402714799	0.6628165325834675	2.232230223313517	0.050368631939187156	494.2315354787032
-2830.834618089949	0.1391107045879633	6.643664171232127	0.32818131624843755	0.7373749582994193	0.05376570199064235	568.9464550351969
-2799.6341292011225	0.07629376655465679	5.693473876338478	0.3584121888064595	1.5902524568619631	0.050042121135153037	631.7324263630828
-2343.997249285438	0.05023350337340825	11.172391987005373	0.5923900450012171	2.755028146996726	0.051548351744206286	496.14669748135896
-3065.778858407877	0.12430461244869356	5.935886537001051	0.23728061150503205	0.42446400892039765	0.053788570053688305	646.3087524244492
-4956.412163936406	0.056412491380081475	1.8567951521375126	0.06364476423602884	0.5220868240538826	0.04986392879837506	1216.5277571746692
-2306.623332703273	0.10312039527404909	14.437109335521162	0.9015722113765179	1.2374571817528095	0.05708136860566233	334.4598235040007
-8006.27662961418	0.05978900900981926	2.3132987657849933	0.062057687331388424	0.12030951806699795	0.4765166146270778	1152.628357841472
-2358.198688395726	0.11315982747667613	12.29501064898125	0.8185695334507306	1.0871296896685516	0.05811149300979174	357.0348330536385
-2352.725749688515	0.10170000026047658	11.998895843574319	1.0504943851268012	1.191589590205686	0.06769192692298094	347.8685326702098
-2367.131277463187	0.09567532842023836	12.135081422788728	0.6329773598359636	1.3197146163518456	0.05928675691288216	396.9405815287575
-3601.4818676161394	0.11498568091507821	4.252279984711768	0.16523283134150882	0.17741299835957172	0.05442136312969734	793.4802514003435
-3788.022064305678	0.15657809751627758	4.178827212068692	0.3412649496540938	0.3821995869957071	0.14192717292531265	666.8322641897526
-2253.1042009485323	0.06800918856493407	13.21790227217862	1.343531357808601	1.8751543817667253	0.04868639625281288	370.09334374389556
-2327.049718447546	0.13143597413652394	15.698421426738676	0.9208871105153713	0.9222744383625733	0.059014691389855885	303.37890542132214
-2506.1189883925235	0.1048118687544956	9.235918339741785	0.4861985700125836	1.0629180956643594	0.05735934069884445	462.13333686790213
-2442.8572529512353	0.04579841858533851	7.285539507987218	0.5159430050834171	2.607782435647301	0.05075522338368095	587.6070854974098
-2999.057285162141	0.04042173043638636	4.196203653027216	0.630602541626991	2.215620216317921	0.07269142517804947	715.3597353731897
-6498.431603599142	0.0013820682847255363	0.712863238843751	0.0011437087942217277	0.16545508533709632	0.04381146586475828	1527.6460237227204
-6286.793280571419	0.01346883554697623	1.0312530837230358	0.011984016124869499	0.0757561377590041	0.050129395067447735	1495.6859279015064
-4443.9921493258025	0.058590204766279394	2.652306970203688	0.06514881972396774	0.30263717718703886	0.07311169970268569	1111.417010231248
-3484.976247169789	0.08782271049788126	4.93781912105671	0.12811519160383786	0.26636803232005074	0.05613402160802962	818.4981902130709
-6590.44636045441	0.0012255118730013967	0.5135174336989138	0.001	0.15761591243922787	0.052721443005166985	1537.4331336823097
-6530.936221711785	0.0068299518488370466	0.9586286390991714	0.0059160684784212245	0.04732095204621592	0.1144592934767489	1514.8710269889543
-4325.48975325537	0.08993119672399691	2.350865040789094	0.17353676223271652	0.8230519355032065	0.036879554066788785	986.6898172914536
-2813.7446553192704	0.11886027495302524	7.146907351185585	0.27745728428838395	0.6804442926083016	0.058684065719037906	584.5772753244996
-3727.421892980626	0.07443970727517536	3.6840866462044257	0.12538086971039944	0.41408000870128064	0.05705094470106346	900.3580101630589
-2710.516030505562	0.11493805359795127	10.07650151005635	0.2677617055167252	0.7779396746831733	0.051824130812042894	531.5376331821649
-6485.70105383872	0.0017228139165913767	0.8068447531209266	0.0014122922514476306	0.08303675393376939	0.03356054350192668	1524.5887141647868
-5429.6958251844135	0.028877205850329626	1.6170548882231335	0.02977827837055108	0.42997256950269624	0.05557976546113745	1352.3426482786117
-2853.6052657255013	0.10852721686869687	6.279458683347789	0.4710158593782545	0.8179545067134217	0.05402089963805424	537.3703722810467
-2253.5938882434803	0.10581097265945127	19.740823931116495	2.6747523898436825	1.1732215168319131	0.050896795079292435	242.22555906230698
-6082.365526601662	0.01955836536108668	1.1606827948057412	0.018871587213548903	0.20669467459710514	0.06379545005172359	1459.058188819497
-5391.332363281521	0.04867655724640532	1.6920444398377494	0.058006967357504574	0.18549060397138192	0.1173364525898238	1259.5120317969556
-2885.4305576524443	0.07569378683050891	7.663434817573945	0.21517675083603732	1.193397907756384	0.029132500081005177	639.3370041564866
-4101.1788635426665	0.15789953468352727	3.534595010352995	0.15853590662932782	0.0392243626966594	0.10000273166266954	835.7710533232337
-3915.845212692016	0.11776580901949514	3.2936948070503713	0.28528776757356217	0.45519457727193413	0.09679682020760691	778.9331935307181
-6143.3624382748585	0.026863508585720026	1.1280202210066728	0.024181189759264372	0.001	0.05115776703572535	1450.4697432319253
-2535.399102386414	0.1053094183972527	9.104969244420653	0.43037823385828394	1.0271778284510675	0.062019892681953154	479.8975983851475
-2693.044670724057	0.1419203463228582	7.51269026147035	0.43476055183264917	0.8260383874131253	0.06454615421839914	502.84432362157486
-2632.0685061038903	0.15890314469035657	12.792422067071723	0.3611171630820445	0.5064600711642723	0.05685355496599421	430.2940077269389
-2355.0169456580215	0.09164133829561309	11.670763567832173	0.7176921325399387	1.3125531009768694	0.058125524511567495	391.03009885649675
-6560.249850576037	0.0941915976823662	3.6166328082270787	0.16545094383882494	0.21907759575676916	0.43379885618207653	844.2198937244342
-6486.619745166107	0.004883517254659657	0.8329970639737875	0.0041006905113637054	0.06697098801939809	0.06314927337029345	1527.9671335893397
-2403.2235704014593	0.12345136512937227	13.26006667432781	0.5807193595536315	0.9661175033392526	0.0586863851206924	375.4915426515038
-2305.1987805462722	0.07811110166502394	11.484682099474115	0.950586894641027	1.5942087104289773	0.05767316037923083	388.45169598111374
-2292.395179677492	0.12151092020646564	16.188864377165974	1.2785132002562891	1.0178804045744358	0.0573029106464739	281.45983500799923
-2321.0740940448504	0.06710239373462924	11.476164003226899	0.696780710997046	1.8991137354736478	0.05403198497659738	430.01889690790796
-4929.391476326231	0.03610073619687295	2.1628261310315597	0.040458612562192575	0.25075249266588423	0.04686433336472108	1246.2942665315575
-2396.3994312322397	0.06991021331636463	9.454706278886567	0.7473914123834814	1.554717407206328	0.056898965007666176	440.6467373621443
-4578.984409511154	0.11592387958735939	2.4562068604178915	0.20086586655217706	0.17616645481536464	0.08428931802228856	929.1440128729563
-2582.1458181089915	0.10221399310858105	8.070302530453146	0.5133343967377485	1.0372604453226248	0.060201934341814624	480.63397529158885
-2286.1121866811527	0.11852307824892368	19.811827559021012	1.3293585292527728	1.1242690137814702	0.056554705232741795	262.35011369591314
-6576.260235737736	0.0025927773985946	0.7807475656447158	0.0021243225281454324	0.02628660419464856	0.09777595703179619	1528.0311474139737
-2589.718457929508	0.09370685309930457	8.308107714566923	0.3631564362788044	1.1825730588390084	0.05931486592735596	528.9611231865433
-2305.5258236158984	0.09354327473270918	14.570739783266234	0.8587375346893389	1.3839738654956812	0.05562309709412588	345.8482685583706
-3292.9684783070725	0.18986454257121674	5.791610731305255	0.22363274968610092	0.14801960603783684	0.056956915104821024	645.7073629754384
-2921.6759794203344	0.24226195021231217	7.234442221954215	0.4142479026689978	0.41564759592669664	0.05535286583666875	492.85575316140853
-4622.882330141516	0.0853469044714054	2.084091842437688	0.13533757235064653	0.5454220314697489	0.05355906086349625	1063.6981032079736
-2255.0316059974207	0.047611919214398266	8.986097667753894	1.352941330110859	2.9354522660377205	0.040796470839096294	533.1130385339484
-7066.793653001321	0.001237968602320548	0.4333112934798775	0.001	0.13070025421652134	0.1644265865842664	1544.3008463596873
-5428.668817807184	0.02545619830637815	1.783133400855496	0.023514963259781436	0.08782044916313178	0.05735250159806241	1354.7843028216614
-4413.329650531943	0.07107649354100753	2.5428151805173203	0.09101205665608579	0.2062625672798704	0.05788446259823061	1060.6741973198789
-2900.6716317311784	0.13641553813118767	7.922471666744275	0.34619924289791676	0.43281631127045594	0.11016199905398637	517.7467524585579
-3864.5508185221843	0.06418159025046054	2.913059593854479	0.2303390497933831	0.9415145260822594	0.05949209842874335	884.9514316535247
-2779.1599390249125	0.12614168534718548	7.273212502343077	0.3330505741580468	0.6331480976765723	0.06498514245062084	547.5594570320313
-4091.5252599803034	0.08432874131970114	3.1579530509825413	0.10032167425955055	0.1653196463909444	0.05365976536925346	976.4923965840674
-2489.683518485519	0.07319111910469835	9.513216622586935	0.4947702830668714	1.2239603654045228	0.0634405538812792	466.97977041256246
-2330.7843680925907	0.11851078548914495	13.597336684419933	0.9180416560564126	1.0861943002578092	0.06507831665692153	331.7691737874687
-2710.983501749981	0.05952694484118888	6.463722741683935	0.31522214052572567	2.086626307060757	0.08082116622227353	641.3608439623789
-2285.0515766078984	0.09517848839766614	15.545278547180736	1.2623035854298348	1.1818629546728807	0.04992630441744969	300.08099184951516
-2550.6010334817865	0.1137178311201339	9.394640353886196	0.40779730280132004	0.9057937540785822	0.06057286053238441	476.73896923459125
-2440.3318877466772	0.06039623954534354	9.686898960898194	0.4374101450923692	2.2370963305222022	0.059645296559118315	521.8370012494302
-2429.507559903067	0.16511937961769954	16.877319877267	0.654826843126784	0.6163519931079956	0.05997266145876933	313.54608927287535
-2482.5302572504115	0.07682851110203065	8.517202478969967	0.5233688100133809	1.5012611502529536	0.06010631938269065	491.3276446104076
-2423.9665294989877	0.17878796845088737	16.340913101167	0.6619424415794121	0.6258819300078664	0.0532974891360861	315.4048253012121
-2543.4498283514436	0.11929996411147811	9.26623350606785	0.9429089067605647	1.1338289152474357	0.03867031709687026	393.3492507128963
-5392.3700166559465	0.04144469150198527	1.549995230572771	0.04883798491231014	0.6307603111615641	0.027712310783021374	1311.0672406489678
-2816.8763178750946	0.11745118107483724	8.814468728901264	0.23754397694717863	0.5768839722608525	0.057047065969507316	572.2118053886264
-5514.5541614214535	0.16052006878411007	21.348407769437017	1.5838963795392036	0.8890854332292846	0.4664767265843689	228.3639683402226
-2779.7210068444133	0.035916296968566755	4.658060148113964	0.33595298285500375	3.3682548827502665	0.04631176792712231	782.55691354933
-2520.8191961734055	0.13964586691311182	18.059532487644773	0.5368637836328719	0.9996051866531401	0.07258188087364928	345.37810366993665
-6513.299250509944	0.001233284710257058	0.6564358948258334	0.001	0.10827809491143253	0.04987244683300954	1529.0845469520443
-3430.7973352483305	0.11095184651467088	4.029922348653152	0.2626500292535439	0.6150623866368892	0.06256420229663195	734.6121915846286
-2282.1297527813404	0.07209774754039144	11.71691874601656	0.9089023826162911	1.9677692353681742	0.04510627236796192	410.4325852985698
-6257.83363055185	0.008750880566160265	1.0894104781826626	0.007486047448234359	0.07573744946163725	0.039473383476921864	1497.6933249879655
-2331.956606675833	0.08586259296934151	10.810824291551695	0.7597439538365692	1.8369696362152967	0.057515030499075505	424.7777085355729
-2321.606932592991	0.11902354418765089	13.737539604124262	1.011644364232511	1.090467757494223	0.060435910480051355	322.88264767903297
-5325.2254335119615	0.028299278074070643	1.7661824840630653	0.032185445890962686	0.1718021980689606	0.06398371683088265	1324.8340191080372
-2487.398356455194	0.06205343573609038	8.249423373494464	0.45043637392255953	1.8654039231361341	0.053348271735638934	534.0647218118885
-3023.994335123654	0.12666342680240184	5.99033593415079	0.33832793461969274	0.45419424123964197	0.07137677424249302	583.2145499597048
-8681.824264119214	0.0018366462198642893	0.6024193788695714	0.0014904369854947263	0.07703723754071527	0.3727546896137701	1536.8307451334804
-2890.210978329035	0.1102863996278729	6.976094644570597	0.939855786738556	0.8902343181383343	0.0822632804223544	440.5822201338495
-4470.588584008987	0.10077775972085895	2.4992266092121924	0.13248847036350306	0.13369893930166668	0.04823062702296807	991.546334120413
-2715.379109100017	0.08250541392182181	7.207679901277164	0.275385764852434	1.4727008280334866	0.047400980936403624	612.0427797555792
-6012.674810297285	0.05247006125927482	1.472666860868612	0.052782193148051	0.1876411075999269	0.1782919770279363	1308.8866054601124
-4843.491529566599	0.04441034876604954	2.3784007612979736	0.04789793141022496	0.06435427890940584	0.026986849889835955	1193.8915508070825
-2711.179693579467	0.12044373519172105	13.489214091960246	0.2905157614116541	0.798796678578994	0.05734178381023814	473.35333967572063
-2283.504167105444	0.07419819671830007	13.61946530296312	0.9031472314986874	1.8163127553371787	0.05219012141302262	378.4169119269846
-3000.039643231332	0.15495818835573547	5.806351183068011	0.3232037180264445	0.6036557538026881	0.06008856722356971	595.3813695655599
-3652.746035885001	0.07497998104851193	3.4631113933674533	0.13809634688590197	0.876780887359889	0.06025254036646607	905.0409943000777
-2722.3992920791006	0.11736996717193916	7.31038496469867	0.558987935938482	0.8101990977447308	0.058863171881826284	479.5287443061715
-6429.741449677765	0.0012139207863808021	0.9398683096122274	0.0010001559780021805	0.019457795878690856	0.05679619091090517	1519.9304602791985
-2629.1128118773245	0.044498593591169144	5.320167738977315	0.8973470575215818	2.361681367680793	0.0470681604611594	631.0376912400624
-2699.2536936851425	0.09364377720788834	6.710095188453319	0.40822256714971755	1.2046556919058535	0.05820198221858548	557.3947429506388
-6582.989760957909	0.0012316615965122328	0.5255088666623929	0.001	0.19315326513710532	0.05544065601025629	1536.5474513570882
-6301.049374738715	0.012780433085103864	1.0217470197204903	0.011467184161026135	0.1613872671864507	0.04215516711026778	1498.4697250673426
-2259.8793027528204	0.04993187698711108	8.938349199198624	1.3311797773231062	2.7075705814332762	0.04183252547961369	513.8452298596329
-2455.4199996061084	0.12421488462168592	13.947996131899151	0.8846788902655276	0.6404481605509942	0.08672106191693245	310.67135326057604
-2272.0832561618586	0.04994562891768361	9.060821722635412	1.0272695775753315	2.630660895091961	0.0449317039615842	506.1250279991988
-2391.2800747301467	0.1729220119158473	17.536811420409226	0.7823191886162021	0.6069110993189931	0.06124440157465836	288.90182463313846
-2345.011642400069	0.03723465327702845	9.0070558907557	0.5384913758527354	3.669958543972076	0.043250461562166394	598.5790350274211
-2413.2502583419855	0.05531116039377014	10.040766057617535	0.4625622813868123	2.3787071973865928	0.05234800933338266	517.0258971158582
-2963.493901480286	0.06530404549684889	7.7819591531137	0.1592433045246546	1.4974703273007186	0.052313554457016256	707.5286944796054
-2375.403074744453	0.15392636523707506	14.37717044798252	0.8941055189396386	0.7119978598650607	0.06140324692002279	305.9137221929716
-6498.185533129017	0.0012684556375187536	0.6995007899129427	0.0010045870705025167	0.16780502791469867	0.04569868129717368	1527.1240223251802
-3137.6939837264836	0.16289411222296377	5.59880243082496	0.5139247583130029	0.5795340781461708	0.08310452857427465	535.3056963586946
-4324.500798146558	0.077098817129157	2.695047222994929	0.09342491621333772	0.1908333491577126	0.052666283501167546	1036.3220194084888
-3562.370053519243	0.15114837491955993	5.506688020338094	0.16530830080269726	0.0021324730782595683	0.06294445017609691	721.8382309579863
-4191.579928484553	0.0795818479143156	2.541130950344088	0.15193537794101525	0.625185477416755	0.05528943924633069	980.7275212207725
-2251.3956645760486	0.062101938364833464	11.628876024230363	1.4381477467242383	2.2751529580312266	0.04436973678636671	420.6847170620501
-2744.2510030808435	0.10414267975220763	7.792138159737391	0.2726724052038769	0.8581635627381035	0.06549812918336939	577.5449010935689
-2405.2988204634416	0.08589070977696797	9.749405282567423	0.622833096470709	1.5419553247716395	0.04943592112067792	446.62358537262736
-7075.702053426074	0.0012323424989967172	0.29801862084818104	0.001	0.06924615057852898	0.13054555272605073	1563.8266253840018
-3808.480428518024	0.09167692144570358	3.4668114293420613	0.1462411152611389	0.3356434505788984	0.07470534417910919	880.8123578145263
-2607.3635827526277	0.07852444303550433	7.327802196322629	0.3905471204973676	1.4801406469922105	0.0560048692888643	557.3758002797441
-2358.3921847177385	0.07945556204298199	10.520586443268058	0.7277937384700353	1.544163733268536	0.06122577037514471	420.4436174936974
-2441.9990442045128	0.13509833429015555	13.896212085416845	0.5226365770946925	0.8659895738794041	0.060575878101990464	377.12634348779073
-3657.035806375892	0.10337656096769259	3.739746022164706	0.18958369773259956	0.3427573144547207	0.05901033349540366	808.8847740544704
-2448.7349273579716	0.10665642002665714	11.018794662794182	0.4859296066005377	1.1020182933048068	0.058913625146403914	433.03215515318334
-4295.883647652743	0.09993734101717805	2.6047645952592093	0.18687621369207005	0.32305775006542475	0.06776442008706883	927.5327185445285
-2894.130218952253	0.08896566841604787	5.68814522788036	0.28240624305160783	1.1220140893446542	0.05832541038161718	649.7039467842937
-3028.417217971226	0.06103507587193055	4.5841880856414905	0.31367625262773835	1.6199693432416715	0.0547203500279427	715.1528903736506
-4243.443017398769	0.17000555190774738	3.72126620129402	0.5888341408406744	0.19698797608396962	0.06295220489354422	619.7675017012712
-2729.8646911948845	0.1312664364213203	7.255134478303216	0.5417070868253623	0.8155479102150864	0.06827360915725128	482.65236725980384
-3981.5017082585773	0.10751866365976377	3.3858125730185513	0.1688217417368626	0.11780798518031502	0.07297187653088473	853.9753394080437
-2821.7402101826333	0.11740476998001817	6.843762978884782	0.5094593417955976	0.7182559823235392	0.07829706376121412	502.39180966825927
-2638.175463533874	0.13763140327485726	8.56801846627993	0.4969188976316097	0.6361258957162461	0.05967419443025277	453.85652873323136
-3704.8281651581865	0.0746794535446409	3.4339886043599828	0.12736839425046093	0.7957318435675973	0.05730234069715143	920.9172590045474
-2595.2188307415568	0.10778930623638588	8.977352545867546	0.3705709298813942	0.8923229730663542	0.0672423966561056	499.9990428828412
-3021.266681692769	0.0647081039356951	4.931990184870951	0.21642617946991566	1.6697341450551355	0.06076610916799249	750.6713337488195
-3469.1673717731055	0.12922477987009065	4.161921800971994	0.3327565730434674	0.4959162027170173	0.05692617064249083	680.9557927438798
-2622.6910205994336	0.18191456117723068	10.168470197609585	0.4791233310987578	0.4189828752103583	0.06144368251513872	417.19573426383107
-2703.875779790169	0.08338131716921446	6.731930825192122	0.336216905320524	1.3326969415162198	0.06069566490382499	591.1223760355681
-2540.0130065522544	0.15625378988575697	10.517714669693703	0.5872793295928184	0.5725590834945057	0.06900469457244013	391.84518326626534
-2352.427100229842	0.0741202364086288	10.030659643721757	0.7999583793347269	1.6477214035150174	0.05246984839662424	427.8673781468918
-2296.3068043059457	0.06622476524398783	9.980830115151837	1.2723368558455486	1.9346241761487784	0.05001306905136369	424.6839807724292
-2364.659584583006	0.04688226887883739	10.27967906866767	0.5262997042803734	2.9444953320010208	0.050872263495788966	530.5983620074073
-3350.788917476499	0.06630343137673757	3.731433856964552	0.2757730560771358	1.4672299703334146	0.040159479188143644	787.9864481790057
-6506.502938399864	0.0012503648459502692	0.6874255683835093	0.001	0.0011028270781477047	0.06179079113230097	1527.6240655843674
-3032.314610621295	0.12138261436171931	5.430554825756329	0.3600646403898546	0.6827954795664869	0.059651394223636654	603.7308687958939
-2830.560432054768	0.1189229607111442	6.753393651323239	0.4716671905971759	0.670919424096014	0.06904401040900314	513.7915307392884
-5167.47675393412	0.04982783506788735	1.8314083203886369	0.05392003514079063	0.011414222217776878	0.055255601615176765	1242.069041944403
-2885.405589647818	0.12325546100735116	6.485252263340185	0.2781933686882573	0.6560016108264384	0.06216376372552096	603.0424417865681
-2324.906636104783	0.1576145691844997	17.389249061095317	1.1524919431392628	0.7571517041225148	0.06020927681288964	263.38641115861714
-4492.564540147604	0.09971632223423806	2.3091888006758476	0.18135721586609177	0.4283616338186936	0.07476838614930881	976.9045127900546
-2436.2633138206243	0.06355954166787824	9.269177441072427	0.505814863505443	1.78248397822276	0.046576221242844947	494.213420084951
-2889.5184710180674	0.09675237859120153	7.014329522978578	0.9888286131556765	0.8775553073331561	0.05192158526543432	437.2763654230166
-3058.425946483831	0.058768497128360526	4.580636549588534	0.2589832666712023	1.6210743070555718	0.06160922083002341	743.7013331598013
-2254.7459901306142	0.040695811884334944	7.696612244457423	1.4251739876675111	3.4507964306409846	0.039751054746811586	623.0742544101672
