# /groups/rgutenk/lnt/software/anaconda3/envs/donni/bin/dadi-cli InferDM --fs input_fs/fs_005 --model split_mig --grids 178 196 214 --lbounds 1e-3 1e-3 1e-3 1e-3 0 --ubounds 1.1e2 1.1e2 3 12 0.5 --output inference/fs_005 --cpus 10 --force-convergence --delta-ll .001
# Log(likelihood)	nu1	nu2	T	m	misid	theta
-12337.8714261971	0.7635582246841589	0.5125659250327533	0.001	0.09565311546263372	0.1696603206786063	521.5899449545508
-1695.651962762835	0.03307785641942239	0.28438690846341685	0.28538596817113265	0.15266561986268712	0.13609730019646946	1053.9724181466802
-1561.2243259428717	0.0260239281817621	0.20320934413482494	0.26082909957858535	0.4241875084991927	0.19587302007294405	1279.9332031679364
-1551.164141636562	0.019419297367656477	0.18999622564730279	0.26495440829141725	0.46819716704868775	0.22510802915373337	1352.5049532347648
-1518.558713574334	0.02198438917246896	0.24069689685757809	0.43189447009774545	0.4273105797344743	0.2063934037080176	1237.4407340485357
-1532.0232080108392	0.029245738643916518	0.301538695648634	0.4956079644658226	0.2799906321134472	0.2229663606051966	1065.6651876531675
-1536.6934723515728	0.018020565983562168	0.19546031133073688	0.32405214584796677	0.5526336680500652	0.23782965355205268	1380.5430567936278
-1529.7592381574495	0.022868671914353596	0.2411251641835855	0.3749290900615544	0.37651104406831176	0.1927398623348685	1216.0439594236525
-1531.7731991157593	0.026953494255814073	0.2591367181981751	0.40904859145381595	0.35716031745328414	0.2547027063266637	1164.1666774900386
-1512.38928665552	0.02327962847868643	0.27587713017294335	0.6373833698972697	0.4006791183265467	0.22266225598881667	1153.6048013722384
-1524.7594018945624	0.021480179491469856	0.22832985406750106	0.37123143251900975	0.42250533514068733	0.21418758839761728	1260.765791771238
-1513.0953881311716	0.022655031303419067	0.26456112437342	0.5629104031694894	0.41141827696029787	0.22093737529386193	1182.8547890008035
-1610.9469627731435	0.026394036045756544	0.20921162185358522	0.24275029394878814	0.27765825861990606	0.15560212589012648	1238.4389260047192
-1607.0198495639484	0.024047817811991223	0.2126794003581948	0.25375437808622997	0.341240990732018	0.3156973008847352	1244.9101551074023
-1566.2424032854678	0.02444987511957083	0.22391946037633106	0.2754851856939124	0.3177055375350344	0.19880789525985043	1220.669765220063
-1648.5696207807955	0.02954527272263328	0.21914491877388437	0.22558879513777408	0.2127897840308825	0.25540851106780116	1187.6016556425213
-1551.0978342553244	0.022288930684642827	0.20754928847418017	0.283379561769071	0.3918211313619069	0.23647482767395503	1286.4984916972774
-1529.9598388025438	0.02093100131365869	0.2211960450811579	0.3436557085675987	0.4174257983869305	0.2146045354439874	1274.9942946168926
-12367.259941928842	0.3976651210042807	0.6200974745192629	0.010245644545825734	0.07397857930775424	0.37125993406857477	522.9889513036021
-1544.7698090003203	0.022528907456160305	0.20455870894314054	0.2911824265132092	0.44543558794437754	0.236298078059569	1304.7774495191443
-1560.5844346652	0.019412348294624668	0.18511629583340403	0.24926272791729712	0.4658525210067945	0.23761608793538688	1359.359437408783
-1684.0730211853022	0.02016438715827541	0.2120625727229488	0.36369301740614096	0.4859088435291932	0.43733267842006446	1321.9345239557988
-1596.5001703992702	0.030157750988885165	0.2846369033095305	0.3911353600023371	0.2397520003386167	0.3210389834984751	1085.7386617414377
-1526.4625356565452	0.018390834174401592	0.2080074097868811	0.3745524833080509	0.5314213759230484	0.2297913085521713	1351.6857063107861
-1529.835721573836	0.01962021308055752	0.19860429089827655	0.34315503243586587	0.5151372780206314	0.20827749116552807	1367.1845890883435
-1887.4419886288044	0.024475351712027915	0.1730592048275399	0.1809559716569268	0.2789236414930085	0.4908070792386537	1311.9554072618482
-1847.1090249224267	0.021834759511082144	0.1332894884726718	0.09977239085171266	0.22963233566262164	0.27994598476013316	1325.2586275208987
-1526.7520208046303	0.020686244189437084	0.21916782389268852	0.35262108273261955	0.46102776898832454	0.2096195571911742	1290.2780572500014
-1973.1387588978057	0.023607086469095526	0.1284947756974072	0.08687988382621892	0.10221284998091808	0.22251927085049658	1294.6968241631243
-1886.2038365402482	0.02667533637896723	0.1411370382108778	0.1092209058995545	0.13496178342669218	0.26446342080388846	1299.6692959242932
-1532.435870717427	0.020079562355511744	0.2068750533622289	0.321374105884217	0.47671711728361793	0.20945672695996148	1322.2397427458357
-1523.0651921670624	0.01775120683454576	0.209121339395716	0.4207093042050587	0.5611794016711321	0.2123721045384826	1368.8484243311755
-1975.8293025870134	0.01646625209902742	0.10822765114478582	0.0961120949437563	0.570657581348944	0.4817154984896563	1476.4496756310193
-1539.078329839746	0.019496581650626812	0.19331944908239135	0.29840516941054795	0.5127471061971581	0.22245385878405263	1365.1605585199575
-12247.235377466319	0.8194706276708318	0.6000783058924303	0.015666633664656232	0.09357522525672746	0.1809955941059303	491.38874821054037
-1539.5585374315333	0.019452198113545226	0.19926569986441278	0.293654908051075	0.48320453347298464	0.2049189151431288	1337.685939190643
-1530.0873619829968	0.017067811109313748	0.24955650813284744	0.5022934647740567	0.4383078327731153	0.2644161326253707	1237.407003392454
-1580.4026854116114	0.019571651805274384	0.1721888614658534	0.20911956400904905	0.4911588455555467	0.21337592023661434	1374.9965988910158
-12183.668296265503	0.8614940173672293	0.48205133221794977	0.01442648762566547	0.16593533601290983	0.4259581087072207	499.50472817458996
-1520.6001817222957	0.019154488016648184	0.2172435867651157	0.4169652886667869	0.5127166905882937	0.2179006418858388	1327.164797405006
-1514.458726441348	0.021242340275578142	0.24586416716001253	0.5066747782817466	0.4472512463302462	0.22107234821130986	1237.9826431282345
-1578.9455033473714	0.015706552102415876	0.15595944002182702	0.241476597249724	0.7756038755792232	0.2246191786373546	1525.8997675964329
-1522.9685512775363	0.021196914904149138	0.22383168210846718	0.3803068261025065	0.45654400110564464	0.21972053543493672	1282.0663723504565
-1551.9581211111822	0.015177345551576241	0.1776452667616634	0.2703172607807976	0.6030190191660274	0.19920188757979726	1434.7776287142765
-1548.0550320008679	0.01452180462632903	0.17574726402895724	0.3039782839219232	0.650162810502912	0.1801747318875672	1476.50059895039
-1533.243260888005	0.023606497650292345	0.23719344987989702	0.3453746955590309	0.3735744402823794	0.21050572527603453	1216.9062705793335
-1541.1412027574797	0.017114335935859752	0.1832282633079296	0.2997066018201029	0.589273105473373	0.2175964702889952	1423.1563780996328
-2240.7330272686795	0.016693225407225072	0.1038684211990372	0.052907573410530734	0.015630647514493532	0.23822359613479116	1270.1166394503007
-1573.6306978332216	0.017738589782611145	0.17067020619410897	0.2561812016313474	0.5627778863783353	0.2802948662210278	1439.6207343694748
-1549.1835750055116	0.017463878269006784	0.18077408833402678	0.26837618400341373	0.5571861698155188	0.19387606206932853	1406.6593758625327
-1515.6969183264507	0.021000706486543792	0.2380901123147668	0.4743544754531156	0.4542816425326979	0.21671773314973852	1258.121119916688
-1526.2757525997815	0.019225899715733435	0.21534091928048554	0.38105914177124434	0.49781999513223746	0.24121442828666592	1321.1517351955965
-1535.5618551413536	0.017563908941620365	0.19282823798804302	0.3210341947400988	0.5724411967135514	0.21580786057728032	1393.2189249290545
-1541.4084805150283	0.024711084080322587	0.25010024375207723	0.356045243706673	0.3188735989757656	0.23331973405235318	1177.3461725926811
-1519.9812839141491	0.024489525187008882	0.2654029858287672	0.459321522999778	0.36087718704967264	0.21472899443424667	1161.5812950438906
-1546.9193573075431	0.018601506904906598	0.19997618530142158	0.28409515849485384	0.4340404511632996	0.2194213994136665	1327.439806656409
-1535.6299702068804	0.027530167206503982	0.2942847639326677	0.47070473987216227	0.2838197778624823	0.24792874594318842	1082.7077836537158
-1536.440436841619	0.018953443708626946	0.20064052369485133	0.31223487188289	0.5071624767067692	0.23114625402641653	1346.830743551848
-1516.6300060427702	0.01989851465092913	0.23102768631034634	0.4725565024958363	0.48655837560052867	0.22052264878766703	1287.5667873851799
-1519.5577519348008	0.022849760536070244	0.2443109853685665	0.42432307681646436	0.40959486831052744	0.20940180865526928	1221.4125148197425
-1536.0116747844365	0.018161296357758754	0.1953080036807281	0.31173208855439255	0.5398612775967314	0.2178847496445047	1372.6534277090532
-1762.4239329184709	0.02653191037063232	0.19278568492842665	0.18850862638540375	0.2607710566384811	0.4019709062163022	1245.1503097435564
-1708.5370522631656	0.023091967275142202	0.23048435860906824	0.3294303744351993	0.3652673537707528	0.4467024065234738	1231.1733505001205
-1529.4228662150501	0.019871229358493447	0.2128415956501917	0.33761495771156924	0.4724628517052609	0.2189116251233577	1309.1174625170613
-1563.9829693350928	0.015455220936813539	0.17089983340111453	0.24385074388895644	0.6310256828088551	0.19051794997232763	1442.8564621479889
-1660.1183163253052	0.02105343141828571	0.21823315366789703	0.3170408719200573	0.3794130198247509	0.4059343906157993	1269.9784809939804
-1537.482034096217	0.019427966712856713	0.19941263914994192	0.32368943060666205	0.519559926023688	0.24644802910058772	1356.7645184646694
-1590.012816697918	0.01691472247521775	0.15552065330435252	0.19707179861010962	0.5894152009503412	0.22465153673374802	1450.786919808235
-1656.8441312888835	0.011520305876406876	0.11517861475041502	0.15014890593677818	0.9385835409291668	0.20725623391162537	1646.9059334338435
-1558.9759489734224	0.02487948247735577	0.22636740520506204	0.2889282832408842	0.33910411637709836	0.181664262626958	1220.495280717006
-1524.6143635778442	0.022518942016576286	0.23994093934793906	0.38038549818091305	0.4188594720849018	0.21856418286375104	1226.5323150951058
-1512.7808469739398	0.02363086643457068	0.27699778932614094	0.6107301756964524	0.391615817765795	0.2223070306645228	1148.3353591803525
-2091.66058052673	0.01904940399636349	0.1058030182355209	0.06491137692795722	0.07556540363653534	0.1820951539027354	1323.7891528523867
-1801.2047805024854	0.03300025449015228	0.24813416529334778	0.159027417112082	0.17493601342289344	0.2729599844087789	1056.3392225511952
-1557.920085248897	0.028341249667354216	0.2623502505542928	0.333270679800357	0.28022240802536136	0.23040165718524772	1130.8671330789664
-11853.642991033961	1.0502108331075164	0.7988340027104709	0.0010000247065889204	0.10435374104575473	0.1917574376229556	518.4711267194126
-1536.8267104627655	0.02391443551738558	0.2367277216773502	0.33937415640480123	0.35580201870813044	0.2125153912037783	1213.8083616582785
-1518.8100844380824	0.023981260300022872	0.2520763194865343	0.445299038915642	0.38991637136082824	0.21924442104304503	1198.304443475847
-1529.6534079274502	0.02181665987838673	0.22725444283205948	0.3584612576625458	0.42774237363476736	0.18654862861345567	1260.0271841730855
-1515.6500085004693	0.02480685218005107	0.2906517371022085	0.6269555590230745	0.35298457476768086	0.23896733285407226	1108.4041779982163
-1513.241944561859	0.0227971467227182	0.2654611438555206	0.5620785567460794	0.4053852969641884	0.21716884050294527	1179.1509660666868
-1596.3326347412337	0.01640104034691188	0.14528486711142272	0.18895524978584538	0.6360547289982769	0.20528185294599333	1495.9862930840359
-1532.2945359613193	0.022653213804078982	0.23040905570783227	0.34104465518017896	0.38986247307247257	0.21006645100746865	1238.8692672367508
-1513.673822049369	0.024112603893623498	0.27404075067887707	0.5712441325885236	0.38581295081312744	0.21678320349494137	1152.3605490458087
-1547.6967336770836	0.022640773716615114	0.2145702853283808	0.2847850831089803	0.3956138499237461	0.21860118015873692	1264.220822158094
-1532.0458917035016	0.01902027437395717	0.20322620634777444	0.32595762268323153	0.5072314771560588	0.2013854473302319	1343.9727817049245
-1581.200876562584	0.01945731222173391	0.17911102032717358	0.21378937069402515	0.44555320578854796	0.18748570400373182	1349.4316117405447
-1597.6363223370988	0.02078206145521205	0.17442365619186623	0.1966062882578101	0.45237756585845773	0.171841603793061	1345.4450157628578
-1540.4619855955882	0.01782823120054795	0.1889487003243021	0.29225262625851844	0.5271805979363696	0.20787281590433068	1385.578007167754
-1586.1290990389462	0.018683959542115717	0.15926845703877482	0.19975262071383298	0.5420176207921438	0.20040548477679992	1426.6983642011558
-1526.6855090195952	0.029395710416734732	0.32087549645535723	0.6028347101199034	0.278716028862066	0.2242264777713341	1029.2548554679688
-1519.6267310730725	0.024820081202417257	0.28276633994001404	0.5288553396372846	0.3525893013644029	0.1970186707964707	1124.4530880985376
-1523.1522457905803	0.01842578677386979	0.20886690921188986	0.4013692872093982	0.5414810522852816	0.2138216808971142	1358.6439572665536
-1529.8664679447902	0.018243797909520996	0.1966438015621961	0.35370056237160563	0.5692686974652573	0.21071407759051777	1391.2525626847062
-1518.712481974613	0.02197412613040291	0.23976709976910465	0.4256480048582986	0.42362488652177616	0.21507528904167048	1238.4716423751486
-1524.6851750192102	0.02163270112073902	0.23064405090004306	0.3739984678402039	0.4383962859199027	0.20260736679588343	1256.2133328523823
-1532.3058382694285	0.02008811655308269	0.20847566598563994	0.32319320887474884	0.4703114908874225	0.20348322921005374	1316.8403832843887
-1612.5210268361889	0.019385041902585297	0.20735465336087575	0.48251043596106175	0.5193855889057076	0.37890885672340613	1374.7774549599196
-1566.906348114256	0.029394523972007973	0.26460951947710676	0.3331599182417212	0.2545723673041869	0.21350991938458186	1121.4148280671673
-1843.1558980426666	0.01692683519772516	0.10527582502709815	0.08715190174553944	0.465803002181611	0.3168389028860743	1452.9715928699686
-1535.7210914429875	0.020632193397841076	0.21298130123187736	0.3159576277593859	0.43696885542814073	0.22775951685836887	1293.4818091959087
-1519.4926709056922	0.021698591746286883	0.2393209271029351	0.4264919797552581	0.4295552859350138	0.20079025677205475	1241.4789254679931
-1539.7540770042197	0.019416833677634433	0.20224571474915684	0.29681104862090757	0.48813920411818507	0.22512645085043978	1329.5097658756024
-2589.827904462364	0.00532087374931172	0.03362058074580806	0.015907479007750767	0.0825755776277458	0.3027921670112061	1421.0654955390187
-1643.0927405859463	0.028749411457455583	0.23247244207733941	0.2369024375661767	0.20187555344648955	0.1980274267851	1160.2650052955225
-1515.645683394313	0.021704382972021465	0.24425998779186395	0.4724637535633706	0.43907703248706437	0.21922516292956096	1235.9890665930498
-1526.6863968875505	0.019232772148452884	0.2083825990315673	0.35933098007889663	0.5077484312842386	0.20016817839994613	1338.8893231023283
-1555.2312522998034	0.018292138423767118	0.2046941191076727	0.3956693742781412	0.5600391228779392	0.3054230264170141	1375.2785500593027
-1532.446149569462	0.021741596417420118	0.26286143091051234	0.4092426601010612	0.3414372248463409	0.19455743838944697	1165.3622130579856
-1846.2694854335507	0.020547169793568663	0.11531451692431618	0.08597198946092464	0.3023550100967623	0.16953902035140903	1370.6028327422466
-1541.00639794373	0.019053616186422675	0.19157546528723177	0.29133758162932133	0.5087190532627268	0.19467558625072323	1368.6923446778833
-1543.1015388632168	0.01803133491036618	0.18480403845176355	0.28432280804796267	0.5296106800609822	0.21300308834915915	1396.5048319107782
-1531.3544640229065	0.02617957450685076	0.27146958775700303	0.42146813686010026	0.31288765893308146	0.20961273165067912	1133.527567817936
-1785.830999507497	0.02055577912390065	0.12104951255541278	0.10195014003755763	0.3503765026932734	0.1392100239631196	1400.3313017670978
-1665.3958658269041	0.022556233823192804	0.21948186010399817	0.30300595595429464	0.39897838419701853	0.4100815188179141	1258.1932654050293
-1519.5612706831546	0.018977359215621947	0.21910664653445677	0.43283095470004224	0.5126453736019374	0.21141536840072442	1325.2997281383928
-1855.8555896918729	0.020254728229206116	0.1277918392152246	0.09953231253033017	0.3283827567916586	0.35237963281673707	1358.1439537085462
-1535.0587795200063	0.016445906816590073	0.18609337304571816	0.34812969841661845	0.6290480071218995	0.19963631996940337	1446.47798039017
-1677.9137152032683	0.029979438980050118	0.2051418914456896	0.20283535057844218	0.20099699617958264	0.1674037717689836	1209.1722292135755
-1524.0793992213598	0.019451116899587013	0.21770301784549045	0.38963952869684687	0.5019270058268076	0.19346584934835814	1315.7838463869716
-1541.7195373472016	0.02389082078193937	0.21011821408014753	0.3008205499478604	0.4178813643235143	0.20631768126379896	1284.619954375783
-1521.3866915441376	0.02619946214954895	0.27596828741490936	0.4644329767561791	0.351523497120027	0.22036336380139668	1132.5270945262325
-1580.8692745178723	0.02930120254839273	0.22796497980013783	0.26569889092595145	0.42459179306787703	0.2294497332438154	1199.8384772190213
-1519.7987269055009	0.02086048490741996	0.2282329879026103	0.40938739093603976	0.4519671789895571	0.21596720599692304	1276.0852320272734
-1558.6629005827417	0.01859952528860991	0.1813992034309092	0.2502036581245335	0.5278469397300004	0.2363007850629032	1382.9114135721957
-1519.4963042361192	0.02090499286642492	0.229096585991652	0.4140115026379976	0.4590972275074356	0.20917921203393966	1275.37816129483
-1529.8099543708506	0.01838311575628019	0.20082631778229604	0.34708955245816525	0.5409339054858785	0.19765368945416428	1368.3600214194873
-1532.5843609240433	0.02016257916146257	0.21572037119477994	0.3254532543068342	0.46905568574493456	0.2068538278879606	1293.521806578109
-1515.2833543152924	0.023168399202429954	0.2709228446785296	0.527348180399133	0.37712051490451615	0.21992769910407614	1158.8511687032037
-1546.1867389165814	0.02452629112863809	0.22030643501848757	0.312956753506123	0.4701183218100268	0.23803737549277845	1261.2783934684526
-2030.994324914457	0.02197171663496844	0.12133869506630687	0.08010054821082002	0.0797469650439503	0.15220723018546833	1307.0655386961093
-1535.203396346164	0.0172830869418293	0.19134662661721016	0.331252724363389	0.5868617916998129	0.19337576925608638	1407.2768628060148
-1540.3755947892148	0.01570031873471075	0.1781974500669897	0.33439816206281087	0.6717701671959773	0.20931253752856763	1482.9085866295595
-1528.9438462373305	0.021491711319139805	0.2321341819680318	0.39537782553945955	0.4331349110975062	0.17321475441327214	1256.900654276358
-12062.681957507606	1.0261951811697356	0.6069848669586113	0.018501672193986282	0.2507004220972918	0.22144650083142453	477.41126784230823
-12229.75076427647	0.478639808109661	0.38572875706942145	0.009595900014655375	0.06664742193922021	0.21834991768140327	534.217371825992
-1561.192917704133	0.028889156467227478	0.2221483381186481	0.32000841286594284	0.32053724678050716	0.2461502616440042	1232.7708576080224
-1673.3194261203578	0.02835863241328815	0.18949249697927906	0.17620358804459693	0.24676990594518627	0.24346574874257398	1237.286577822654
-1538.1763449341954	0.018789390628513043	0.19413798746251298	0.2990323254313286	0.5186604415526437	0.21277019585550377	1365.4813492986311
-12298.628771219801	0.5199073913946853	0.18523294570878884	0.006784199396637462	0.2121972593109945	0.31662581050487176	554.2443200895668
-1688.460280921891	0.025884066037162458	0.18108863154971472	0.15520207197933847	0.27108603889015814	0.19561098074851363	1245.3195324206422
-12297.066212659947	0.39303643992219645	0.5180806695951499	0.010295899158146205	0.12964542973093826	0.37657943446459996	530.6703542102224
-1524.8657898630586	0.024650351004197536	0.2662145095319958	0.4306468651749281	0.3475326273470356	0.20482954254276303	1154.3790216984485
-1513.8760144500175	0.022200837848183427	0.25705707999727084	0.5329787235042506	0.4162197927018336	0.21327882119866462	1202.2178725233064
-1516.3606142344502	0.024234758453992165	0.2647686639734268	0.49045488940658416	0.3850176010327172	0.21625732460410452	1169.9309465453284
-1524.7894549757455	0.022087478018585065	0.2398825005951211	0.3861841907135111	0.391593256575343	0.22237707406990942	1225.80645548024
-1640.9282380320824	0.022337781004032296	0.16569199155572487	0.1672993458026136	0.36203481062360254	0.17942031196375013	1332.661925146184
-1557.1143614230452	0.027324154771906674	0.24957649023284417	0.3439623644770445	0.33582717054186445	0.15595502671389244	1171.3240454039276
-1600.3090738891676	0.018685938507533778	0.15026715039904318	0.18892823405348075	0.5723470010702921	0.16801273256332808	1456.8459069751652
-1517.8227917550876	0.020578858611323324	0.23074024442034508	0.4366976139344177	0.4680744492328717	0.21391459691674472	1277.2864790024653
-1580.0495572801412	0.020474604705251028	0.1891090350993682	0.22458174036319167	0.42425526330942454	0.2463507534701577	1317.521014179226
-1528.57759392228	0.01658008547505801	0.2113740966304889	0.37497847937008294	0.5096462159519832	0.2317844079359583	1342.9218921344473
-1710.8011104122822	0.01535670982419373	0.19969813010086193	0.529652816940196	0.6573142257749102	0.45521733842528456	1459.6526863939944
-1560.254881009746	0.01924143080379435	0.1830943443725803	0.24393967113274193	0.49561918650314235	0.2281003333940401	1366.050133477134
-12149.486709110937	0.8493779215772754	0.5163955683689406	0.001	0.23347349577733598	0.3934677175528947	521.1360073273287
-1547.9622149396023	0.02490315964606244	0.23036072361973203	0.31993783758062977	0.3394507170198937	0.24233039092093925	1221.1965130495837
-1547.6808494479787	0.025293099413213265	0.23454642249882077	0.31219530496019493	0.3356008207672593	0.21484310916377225	1205.6299903409747
-1585.6502468964454	0.022703736560812236	0.19386518317369167	0.21627787481143454	0.39044711632698326	0.2021220004499937	1284.8687438803015
-1574.9160411973032	0.019999946606204223	0.18246275944426735	0.22340833947092448	0.42775867797920547	0.2024247405642458	1342.813253179643
-1593.7485044354335	0.019407690591805683	0.16629774254696494	0.19648139154974967	0.4929843492195938	0.2357447668195523	1385.5994429218995
-12380.958447519972	0.44720819731572314	0.5883267478241573	0.013854932873048474	0.06922691782809454	0.20254175941055386	519.970234770604
-1755.730619462544	0.028093490406314155	0.17586706305555633	0.14587880214354623	0.1797187878571502	0.21138187837735126	1240.4450869288776
-1524.63479914578	0.020771524157446014	0.22341653287947247	0.36676795688349456	0.4482037357342019	0.21428149949400543	1279.6398653771594
-1550.7974218168588	0.01652175470449868	0.17091735179089299	0.27359316656234617	0.6352072598465045	0.2026540227818427	1465.6249154290724
-1536.4376926754096	0.018057424998985706	0.1906455494782938	0.31168989002728303	0.5565561860268511	0.2144566030690359	1392.9121629103706
-1566.5872758066241	0.023964379852488015	0.2150277944546213	0.2553364722200444	0.3584626725446051	0.2120941533201751	1240.2004212899997
-1569.2479007176607	0.01544341401301037	0.16524055153096057	0.2359282131901761	0.621984141322518	0.23568335330539	1459.8810920198734
-1529.5379291996835	0.018151901697895077	0.20109644406051724	0.3581375257418555	0.5516116493711769	0.2296834260839338	1374.2019056232639
-1624.6994803072764	0.022921698998313787	0.17502775373871027	0.18194114251365034	0.34940060783740534	0.19221409185809818	1313.6190258162108
-1525.1546512481264	0.01921359349645429	0.21342408149328657	0.37253394928642775	0.4867673697331241	0.19678938266662221	1323.3870456823506
-1513.6341863137247	0.02262620309198008	0.26226665860766735	0.5411180932412608	0.4092642161184218	0.21563731961350335	1187.228207666014
-1528.9028516265366	0.023289807979799633	0.24135945214356722	0.3720222720334673	0.3696915208702591	0.22332095618224193	1212.8701487063583
