# /groups/rgutenk/lnt/software/anaconda3/envs/donni/bin/dadi-cli InferDM --fs input_fs/fs_007 --model split_mig --grids 178 196 214 --lbounds 1e-3 1e-3 1e-3 1e-3 0 --ubounds 1.1e2 1.1e2 3 12 0.5 --output inference/fs_007 --cpus 10 --force-convergence --delta-ll .001
# Log(likelihood)	nu1	nu2	T	m	misid	theta
-7590.0474600601165	0.015353690136910424	0.5547956921749576	0.004367869357778073	0.09064614069092906	0.06018303966674942	1168.2477487755552
-7597.696131144417	0.01225461199122105	0.5296558002777857	0.003488799620350597	0.1562394487394971	0.06244595951564869	1167.410834918276
-7426.151793677073	0.04748018188196053	1.5393218030304339	0.013835964052758377	0.008392766823943455	0.06103815515758458	1051.5075218512027
-7540.669026114409	0.01858855373496864	0.7371714497140475	0.005255572478703969	0.001	0.059189452979059025	1146.1323830100705
-7431.79622625057	0.046696246599130777	1.3935766538562258	0.013654836646650584	0.0509702529920274	0.06216383744492825	1062.6044304137395
-7463.220893683622	0.04192926183116602	1.0340463096475039	0.012256251529668518	0.22645433545767585	0.06174170171485452	1101.3460182235553
-7455.893096400754	0.04236672185596026	1.080622740803107	0.012385568929361853	0.22155254782545075	0.06315644183273149	1095.780284833586
-7410.20889166481	0.05426041428628684	1.8229791694645425	0.015854344790223497	0.13825048374308188	0.06527075335169821	1024.4908085416112
-9481.948996755951	0.015662544810960726	0.5649946654115028	0.004456710136322308	0.0640021655946353	0.48645179680980766	1167.0418687290337
-7458.74910478416	0.03688438057100352	1.0123215118600624	0.010953358619079076	0.4104562377202661	0.06024923205235063	1108.105456181641
-7410.093345196993	0.055183225402544105	1.8971146904710383	0.016147549288781673	0.13059155904461248	0.056559616646452614	1019.0423461324862
-7435.154364013894	0.04632580967725076	1.3885488429363804	0.013612736984335542	0.00668391259011209	0.06330467489396469	1063.3004164150495
-7516.272640927351	0.04154839765699664	1.0284508780648327	0.012557961398327535	0.003044040331478448	0.10066070795428754	1102.0097186070516
-7584.454556613522	0.013967741559508895	0.5749533947048597	0.003975113483868428	0.1048841410154207	0.06552685503028555	1163.5049216163438
-7655.356482696769	0.008429340307664741	0.4101655710312817	0.002403263159078219	0.12388217762213243	0.03785756917320307	1176.3995355570944
-7434.083473187491	0.05726895506712232	1.4725944095893022	0.01660688991414702	0.020858808647011205	0.06974889459513052	1042.920611190719
-7769.6095729814015	0.026817063226727177	0.48793983673835434	0.007451324141489467	0.0010335270999886083	0.13363954647109724	1195.9291889048313
-7534.856772624337	0.02403485524779672	0.7376294061116524	0.006932552193900565	0.08621590685338879	0.06381533786745322	1147.0161437462598
-7516.780305007806	0.02660858267263871	0.7888930448170833	0.007784939134423674	0.23579883318275655	0.055865423466354154	1140.3404268201953
-7427.802087907398	0.05984641734214804	1.3855023357899874	0.018038285107579616	0.19316408403578966	0.059886932533306424	1045.688633359098
-7425.7265242409285	0.04955152557333406	1.632014807172729	0.014475403089235256	0.0016940348725439627	0.07097216073998162	1042.5326125410647
-7467.4051402922	0.03868771579335568	1.0044032278041677	0.011326705058636593	0.2467369792701235	0.06250402945765832	1107.4264791087205
-7495.217918218163	0.035363955419240874	0.8912079935892727	0.010199774525447704	0.14138685195492257	0.05851836434997961	1123.2937781246826
-7596.794561435315	0.013536889963675657	0.5342067195163941	0.0038641199398082226	0.10488134659241773	0.06313082546733835	1168.9636221893534
-7403.012160228806	0.052240260071918905	1.895699804091682	0.015496781307838518	0.22153734383565257	0.06151181052638966	1023.31565589349
-7665.164360401331	0.005565941123351239	0.3549483666805738	0.0015643709714433913	0.03287371368944308	0.04487810633284133	1172.4641166885663
-7456.585709321891	0.039164676889778725	1.0990761883944624	0.01150974369860858	0.15714291071802602	0.06174591554267097	1096.8345275256995
-7411.514109961544	0.050997953441777745	1.9752646702026972	0.014975349234284905	0.08207787460026837	0.061826892166919584	1022.2330264546436
-7409.792554925913	0.06256370175280526	1.747891742945857	0.01872648645664849	0.20145228779917218	0.06524288041680676	1014.743356185434
-7468.967525100419	0.04415985779924745	0.9523258547039333	0.013096793979256637	0.44705851880258946	0.06026770951777201	1110.0585692408322
-7626.177675520378	0.009757273099192384	0.4478666888408945	0.0027770056075772515	0.05652551121438481	0.05850138054597332	1174.2878410827975
-7223.8155710024785	0.10656144182203431	1.6380391578713052	0.04958751435512088	2.7925025816396505	0.06193205263578805	944.0745477383382
-7670.814306091249	0.01093873854716441	0.5124919013771866	0.0031208359552636826	0.07070772353849808	0.11576515223015163	1167.475479510301
-7525.872937130379	0.024678302881260644	0.763341203087847	0.007106665420747525	0.14964828679634476	0.05969247566443545	1143.5916404627228
-7411.69299587108	0.05157434364308096	1.6239289637928307	0.015283557499728881	0.18107924963977842	0.06274115838905346	1039.4568360488074
-8354.890483922429	0.009431590552323985	0.4466948512972249	0.0027003854704241935	0.19541859415743612	0.2978317391539462	1173.842574108067
-7529.535595693293	0.026060972234249833	0.7553899385289004	0.007518291858730334	0.09192213193920044	0.06010927974776616	1144.5519307524528
-7780.986471641481	0.008786654269178336	0.6059574949738809	0.0025082065409124947	0.0010076061087406479	0.16364259571825743	1153.4936393514215
-7434.020211503215	0.04366381635461942	1.2042507718991398	0.012971998497904343	0.3140816034305667	0.06159288358834583	1081.9866209243116
-7411.952120467376	0.05111191904636622	2.060199391669653	0.01499450576115608	0.07034428988311683	0.06068392857869588	1018.430468354556
-7431.867779578823	0.04667324412844905	1.344903077695901	0.013612637782033218	0.1112028833610374	0.05910969500731541	1066.5803676454668
-7637.376454153431	0.008311247216819403	0.41775407266618786	0.002344273624248319	0.11574830453634821	0.05272275142900035	1174.246215087998
-7416.307772654705	0.04779598715616913	1.59959431182893	0.013981737047626222	0.12771675064987587	0.06023994228171498	1047.1960964345558
-8667.09630477838	0.014138851898248653	0.48392022795213435	0.004350502463861386	0.14095240299924872	0.3566553226192394	1182.3916479288648
-8552.726661251629	0.00820581060850489	0.5367517742961792	0.0023118029534667404	0.23972866106885268	0.34003522027850647	1158.7355414200438
-7407.076517110997	0.051506817640998986	2.0390263666520134	0.015201667237364297	0.14642658931221103	0.0610966560145197	1018.3352165199688
-9101.94284144732	0.017226896892442653	0.634150728930772	0.004904758384789701	0.001041484339707692	0.4363594505523415	1158.452562649064
-7608.825281740084	0.012853623390691033	0.5193721701736593	0.003659265776001435	0.11987496636453829	0.04447814661045584	1169.9902010093658
-7517.130804413533	0.03346260593047604	0.817190644488669	0.009650244533248562	0.05288247556175442	0.061976822216769735	1134.1948881347053
-7411.896764454803	0.06695574269859791	1.3296974361508012	0.020649095153030497	0.5009307737992876	0.061759775345464625	1042.3870813406809
-7649.651242852648	0.007272801167497523	0.3853657267605413	0.0020438945837044824	0.0772242939181431	0.05096701866113898	1175.4436590070104
-7520.336830654902	0.026044316699450017	0.7894087910573201	0.007514482756108742	0.11893338143232655	0.055863586126364856	1140.0304612849327
-7510.022306031634	0.031745651715509686	0.7782031311761898	0.009406812917451437	0.5154098014986466	0.05807835733088126	1141.317237486937
-7500.985941863233	0.03115841739680891	0.8876577477550839	0.008958727550126408	0.0014179473694713664	0.061182395298059924	1125.889382307785
-7555.0470835123715	0.019441171038733825	0.6639493658209055	0.005608284837871374	0.14858530788756935	0.054847532230581066	1156.1081316059144
-7554.487096142144	0.02585897218475022	0.6913306237345531	0.00684177126927779	0.35529518140915173	0.05190914044762758	1151.528428333441
-7648.778955482146	0.006638752501656931	0.37942896026437184	0.0018669762394912545	0.1972365648319367	0.0626735367301222	1173.7571228897707
-7862.529218422371	0.032835553005841546	8.011748959769793	0.00998045183996541	1.1445581449305724	0.23600212698467804	1002.8698660329371
-8036.567602811054	0.005172465275089777	0.4285249720865669	0.0014544230140504596	0.1005710660074683	0.22245783701809016	1161.3904374149545
-7492.316542649257	0.03284602678886771	0.9277348773769818	0.009473594482914068	0.0497053883193528	0.0678142002895381	1120.239625861311
-7401.137874528864	0.05027013978340612	2.744019968628061	0.015064824704288575	0.34003743953463117	0.06129248647473604	996.859010222469
-7423.759740280316	0.05082204644714913	1.5761140002476581	0.014855409522764765	0.025627961889569117	0.06012944459948114	1044.0879324685834
-7416.258732057045	0.049594728385238214	1.7592788596301718	0.014510525629194967	0.051529627831406244	0.06072505198415462	1035.2320283496722
-7691.0121864956545	0.021372036736336097	0.691181969091466	0.006110527500689621	0.05793631781536365	0.1475530441465304	1152.750061141238
-7403.520569066429	0.05156385813724094	1.995650316359856	0.015311701278729682	0.2040566112309038	0.06243759604715486	1019.7559383899608
-7464.598708372701	0.04615545464134265	1.092293154214753	0.013296180888645644	0.05249829464953603	0.06202669748954084	1091.0215458844107
-7509.040065159787	0.02949806212972119	0.8404548365532828	0.008508957439641352	0.06474983517789197	0.06106150747122623	1132.4935981650679
-7563.454262307887	0.01969403831794137	0.6371041674073409	0.005680681937591853	0.12242484653620653	0.056510146371126564	1160.1367448942062
-7542.267307253508	0.021692536759725236	0.6916801483841768	0.006297991969832175	0.29907690151325417	0.06057281303075152	1153.3367513274557
-7368.464029472661	0.06783103690061126	2.381118350276616	0.02088293103225121	0.7775226393072124	0.06510047191016159	972.7553890814846
-7367.093904150812	0.06146703331713363	2.931580770112467	0.019670632300581414	0.9777360952279877	0.06056647356477756	963.2583611030991
-7459.96205346006	0.04010074925935841	1.1051299717242025	0.01182988737199011	0.08261566487377053	0.0570452420978953	1095.2236800752707
-7421.311464034321	0.06992489239422638	1.9613739978071931	0.021346970578074973	0.4940070606824402	0.03152215394406507	989.8398589213789
-7424.826262210218	0.06921995442913359	1.4728465813083969	0.020557858622336615	0.21395391860983737	0.062078050406971785	1027.0098975728483
-7841.415015834675	0.004007647657135436	0.266238062941622	0.0011258375382387385	0.11408973205579906	0.15098333116948945	1177.7152848225194
-7453.869637650971	0.037041863374489614	1.1616285934912887	0.010828284552397012	0.07767345822128902	0.055929984034638835	1093.1760909565976
-7421.709067225047	0.04829236889665805	1.6556856970593676	0.013801742761344256	0.01823230420706824	0.06157693208007193	1044.1146000171052
-7544.803544209755	0.01689589320336554	0.73799614618203	0.004749602551108149	0.07696162445895931	0.05112854661455109	1145.688027865109
-7430.456933503489	0.0468410832775814	1.4327767206194226	0.013647407837677341	0.03087734704290165	0.06010334274344359	1059.670821699646
-7600.843904573702	0.016313001086041026	0.5580917549062874	0.00465770751202634	0.08779862829209624	0.08087317618180384	1169.1058015228186
-7433.210739818945	0.04640544919819142	1.297115078480671	0.01361078989239882	0.15571464577269079	0.059394254849835355	1070.701398312226
-7504.689320200706	0.031332852249230804	0.8620367289565392	0.009040119936225057	0.050237185761484296	0.06002333800945697	1128.9938439074945
-7509.6216373775105	0.030645723343361686	0.831507436444137	0.008834387909501872	0.11234679389998994	0.05900459966924967	1133.2442935212082
-7610.718306316449	0.011155272084433286	0.49057246351860095	0.0031755969119273645	0.17927797338305757	0.05546754766100218	1171.086891622694
-7631.666288756523	0.10199229994650431	3.951708736287106	0.032754720961336824	0.631945670709232	0.15357594219567358	859.7860007342738
-8034.2570563111985	0.009732541801863108	0.5732478469089537	0.002769667525238965	0.07624349202053055	0.23399387719489212	1157.885022860121
-7516.51716174231	0.02801422640204276	0.822537194157873	0.008034083405630315	0.1015351189742629	0.04855911846323314	1135.222834218075
-7578.023457474308	0.016031064888052334	0.5945876618689603	0.004560919381267622	0.09483882206472188	0.0660183520976015	1163.0166739400743
-7584.236097210088	0.01651930030292552	0.5704611460726421	0.004698281726091803	0.1504996989462843	0.05713625825043645	1167.2099029944022
-7413.73914203283	0.0502068976849829	1.809329794372935	0.014699407831447067	0.07586050246765837	0.06136397554901436	1031.621455034191
-7332.260038411332	0.0744902755801958	2.139067248089325	0.024904194447051144	1.2037345993836384	0.0623236817339656	966.8143253878674
-7397.923861705448	0.05355448560332551	2.108505163250751	0.016788022396921506	0.33018733708679254	0.06493573150013619	1007.7576604857726
-7382.91895355881	0.05397160414630184	2.1464311873820505	0.016271827472085023	0.5249188537922852	0.05972940306066064	1008.3964062055785
-7424.251922618001	0.05310777170168598	1.5990538580025488	0.015618072058917336	0.017133341182556827	0.06279288483531287	1038.9881550025582
-7435.446903630685	0.04356091475603162	1.3911432527220993	0.012725432826733713	0.001798103169370284	0.05726042631810037	1066.999728235246
-7919.553719574915	0.003480256911188021	0.2669830324188608	0.001	0.15704680122682857	0.17677187606359057	1174.0444097109237
-7456.167304834609	0.03866241583448454	1.1167683135637767	0.011405533026688858	0.1357862146227072	0.05553140426375404	1095.5522785728497
-7411.559423263362	0.05044888536967049	1.9114539335266059	0.014792760397441606	0.08878630182009817	0.06056198735945788	1026.1773234840616
-7415.514023226679	0.0485514750087613	2.0709249942628176	0.014198524796128376	0.01155795667918344	0.0613927471650095	1022.8161065245628
-7452.620838537777	0.0378164037666329	1.1527691481871123	0.010952751168864875	0.1084086771413104	0.060970842805505236	1093.2800049095054
-7415.943627186716	0.04976662829224246	1.9973151680751917	0.014583418268998723	0.011107884500595059	0.059931530285236616	1023.4918797050958
-7406.220895895201	0.051935113511131614	1.8607723682806572	0.01539741984633724	0.17936863119011265	0.06208804760582498	1025.5448968660355
-7752.450610384699	0.005106836209733087	0.3055572077464563	0.0014331934202130173	0.12587492753120327	0.12097690203906	1178.2025017648855
-7421.862362226395	0.04161826629317928	1.5915046358928961	0.01218760340150831	0.07583831367996016	0.05939564425990008	1057.1691627095188
-7575.9049864526805	0.01972162809889496	0.6145710469018716	0.005614155078310072	0.07364674018342633	0.07223233111528843	1163.1600400000493
-7551.486184282591	0.01877493036695131	0.7135336602361292	0.005417762077158652	0.27584669849310284	0.08204957642186596	1149.494485153228
-7461.0726373488105	0.03502263578782929	1.124435253795635	0.01024204806562957	0.03714453608423356	0.05565480488425821	1098.545964868296
-7359.600177245136	0.06630959472188909	2.2542182184383237	0.02107877146048139	0.8550114321450262	0.06177515118701153	978.2277540841186
-9282.551606212039	0.060169102113243986	2.2595811763295948	0.01856652786275625	0.41215210884483267	0.48597969140712266	990.5639941144487
-7539.48747250629	0.023257108600468156	0.7191496114824073	0.006708649329612233	0.1173008031602075	0.06515917028412056	1149.5124971038563
-7344.330444043997	0.07040612215069833	1.9984922515446648	0.02302350055432044	1.0265938650580106	0.059384977620071354	982.70592838818
-7313.3824410047955	0.06756249188943175	2.7782939539401497	0.024171773786474945	1.8305823982609088	0.06447085784581134	945.9249657061417
-7776.785791768583	0.0035939246133021704	0.2923006742678982	0.001	0.23904834831485353	0.1299568168744406	1169.4592570296375
-7480.707266153926	0.03626895505382638	1.041146994696784	0.010295070741365944	0.0069927089847117915	0.07751459644235557	1105.421020335636
-7360.837884533058	0.07949783332292379	1.7293048393854964	0.02512495052917515	0.8577850332462975	0.06255803595688567	990.0353462844766
-7416.781534754498	0.04784141739040906	1.783885522027242	0.013987149017751029	0.03824812059167453	0.06296791711249129	1036.8842768353911
-7434.865540322005	0.0482631950284899	1.3111089835250005	0.014123052493404434	0.11112489201400719	0.05844051344926933	1067.2553294215577
-7571.353449932492	0.016673626734426347	0.6016342416370423	0.004761299339716082	0.3315399005662545	0.06529092956246013	1162.840143123574
-7432.951197982664	0.04909517177520864	1.37846815632893	0.014354335929466775	0.05462611531589142	0.05927339847882257	1060.644907426064
-7999.09264237349	0.003567777566826815	0.12914444960410676	0.001	0.04774727316706797	0.16527572289861048	1220.9842151502314
-7400.847998528616	0.05271645068186664	2.1352343729559866	0.01570889526069254	0.24242436852421145	0.06114632180475398	1011.6178530208681
-7465.106293768488	0.04288969976751233	1.0558346767165483	0.012710946289017304	0.274006302730053	0.07815701846287287	1097.9861580181073
-7418.77534955019	0.049995497208686596	1.719087397219153	0.014627042874702493	0.027450902581810117	0.06145863607972042	1036.738301842067
-7396.490732790009	0.052995415338393206	1.6109981182465063	0.01574641975642021	0.4380717170993154	0.05546988728743086	1038.347631393619
-7502.218145035371	0.02728450110260404	0.874914950537477	0.007934641607455316	0.08699767004449162	0.05552909345177738	1129.4723571016175
