# /groups/rgutenk/lnt/software/anaconda3/envs/donni/bin/dadi-cli InferDM --fs input_fs/fs_098 --model split_mig --grids 178 196 214 --lbounds 1e-3 1e-3 1e-3 1e-3 0 --ubounds 1.1e2 1.1e2 3 12 0.5 --output inference/fs_098 --cpus 10 --force-convergence --delta-ll .001
# Log(likelihood)	nu1	nu2	T	m	misid	theta
-7157.927239485524	4.419145816982777	0.11849987975474799	0.17463824167175218	0.2679087483304549	0.25079778900148636	1365.604615053721
-6375.940757785071	5.3410027115579055	0.07869900916900481	0.15344957934475661	0.38689510190779924	0.1848223883035164	1354.9333821345178
-12536.43409355435	1.4599369502557793	0.02490217722989799	0.03027292002762248	0.2369079529461575	0.1718470676825894	2434.6829004189635
-3266.085125394	21.94494203175691	0.1789669550949545	0.5316284354268901	0.3747981075693925	0.2601910647943468	535.2171603543877
-7935.136069966299	3.6727203792712797	0.1326443101005432	0.18897524930395726	0.5867020245119736	0.27353851282314934	1427.2282326492887
-7739.826585241241	4.1634090938619925	0.134317128556192	0.12915634805569887	0.001	0.19203950862449892	1482.0321511973796
-3758.352028070158	12.675258618784138	0.08136424166525522	0.29046461933089823	0.9970285683050534	0.22447082918704891	871.10350185839
-9604.158987408067	2.522320316817748	0.055240585158819036	0.09723093680333693	0.0734737105861799	0.22286961765189217	1872.5983372887465
-6430.359158055809	5.6888284085359055	0.07432432506662587	0.3408118201384718	0.6674804439224032	0.17767855406780417	1080.5042857647018
-10210.378256020234	2.236803625902464	0.07475746251413085	0.07292061669024914	0.0953416044233757	0.21248201125632393	1994.1167517701788
-5089.289945580258	7.674688604962507	0.0925611814491453	0.1684039375695643	0.6618253960922136	0.21766764944687836	1192.1360614317907
-2919.810719511239	24.08367928068835	0.1441210118061323	0.4279247917756118	0.6721651864644856	0.22379217759032222	595.6702402466274
-7105.02878785988	4.34725399451816	0.0960478810218344	0.1266105426328198	0.4135008000437052	0.2569410850459277	1499.2551862523353
-3725.149505322769	13.949426577651904	0.1160912777499413	0.28340364765097786	0.5290471533737853	0.22750583131204186	825.9526819134514
-4438.264965012208	10.720310083062664	0.14909859305933945	0.21845292448427456	0.43368572953425705	0.27274939760050826	971.7428231865779
-5039.250135871718	7.345983858854294	0.05718214932710538	0.17810363209102723	1.2386158107892618	0.21392824151658651	1222.0479359282122
-14286.101028114703	1.2154691057640488	0.0011458122592330083	0.001	0.08925891206675989	0.21429339435880748	2676.088696675823
-8815.800365684403	2.8993471052483666	0.04540487999656238	0.12149297370378834	0.35447226285997624	0.20721664469906811	1745.0892700486697
-3911.627420493915	12.057088046426616	0.04699646439781163	0.2082564020523363	1.4489423471474276	0.25302598454438396	1034.779123273891
-14539.769278382484	0.7847194699200734	0.001170182455901939	0.001	0.09797328725808738	0.2377911046325626	2692.1622645603798
-5166.189877518223	7.810804735874754	0.10040244179461827	0.19217063975205623	0.30499850428656317	0.22255573672580764	1122.6578385217088
-4939.055023007763	8.174302158327661	0.09674539514825595	0.19174211600858934	0.5025934486447883	0.23476717708201583	1116.267484697209
-3354.699669995303	15.212939560355549	0.05996451349032601	0.48587106148060116	1.965161372962509	0.2813653394012666	756.6401717288007
-14413.235673295778	0.9276278322274063	0.002125914678451146	0.001863278248653211	0.24642128382013864	0.22764775846268945	2685.1183325385355
-4580.010838756944	10.171929551864034	0.09264261840234943	0.4534524705443884	1.3701422101708822	0.3123146354401718	825.1193761113726
-13771.262438784554	1.2446358684493195	0.03531284625859616	0.03452468546437424	0.1606348263415338	0.35977370144707177	2477.3667205911347
-4164.292833393924	10.282669679341023	0.045357294875492886	0.32524985224602415	1.5710190543512654	0.27330491710427585	940.5588390554752
-3928.135730632861	10.031891688535204	0.03827665952993056	0.4314193546415739	2.421885105382019	0.2257371316006359	943.3418714707215
-2791.5015558628465	22.708148841904357	0.08389281580925094	0.5768007763237947	1.6871460243033187	0.2339579859476157	612.1826725061389
-14445.306370108789	0.9095791711250062	0.0016555845500918415	0.0014319583365855345	0.07032561691326498	0.20954353623061073	2686.165158212507
-8900.445729549616	2.8726018874459283	0.06681209990021242	0.09747604814473072	0.16659374880525715	0.23797485577940605	1794.1525491016941
-4206.479365056963	10.501149933297473	0.08588527150538332	0.26176636706406914	0.8002727612791806	0.22777273947334845	944.8864867412939
-6913.969352596683	5.061400216206279	0.11279572522952337	0.18809973445539938	0.055829592526058826	0.20301647245386434	1279.8583683451286
-6578.098756558838	5.183423105556362	0.06719384264193334	0.15469137358316776	0.18807186908581783	0.2216155836897274	1365.4019553139678
-2831.4924454731045	25.6407729527757	0.06621616566637113	0.32565881660998647	1.64268341837443	0.21709064985895563	736.5354905530462
-4169.201457296733	10.905824391235644	0.09279050745077436	0.27653600038232123	0.6832973065526269	0.23743023718802797	908.6989994579577
-9741.449812754596	2.6829169066167724	0.1661759890393732	0.23907419326933826	0.44214135075526995	0.2270594896352111	1512.0712073104537
-4139.536565007411	10.463998415415631	0.07136339953136217	0.300196027235063	1.1283679372501598	0.23830224048367699	922.2664218616522
-14473.3839012901	0.8581513078024557	0.0011674220565860607	0.001	0.17612851097858762	0.22597050015641737	2688.3232651005806
-3649.1306570304905	10.828553313950486	0.02527973749443294	0.4739686008971647	2.8363145516046537	0.22605885408971807	949.8990671825883
-14520.62154301812	0.8085978842245968	0.0011677867329141925	0.001	0.03928216329519732	0.23918881202268902	2690.8275045543382
-3419.135230159651	16.989377240181447	0.12963568037788586	0.3035416586565422	0.48892809993091546	0.22948290194945187	756.0773254606089
-5406.646288924053	6.624235949686	0.08307394588273292	0.2043581871025061	0.8905188869764731	0.24124935032270672	1182.8870627864228
-12698.96904198303	1.4876093376539004	0.015279379191864175	0.016604087938480994	0.2243648372707756	0.2440492832717984	2512.356215331582
-3659.1869432353355	15.283972979553146	0.1366878860502733	0.28760786631934926	0.3470743819871677	0.22263908573906652	789.1752275518265
-12461.758772841911	1.5349378457605023	0.01955956412492635	0.018898656341318983	0.4242014993360457	0.23621694039158186	2481.7756125435594
-3752.543701613974	12.193776493077266	0.07284621178908687	0.2919517915445336	1.3759674992704183	0.23099474216480606	901.1359692160207
-4100.236291811245	12.212574341743684	0.06642858173408563	0.20258532423302816	0.5877217919410044	0.1992752482651982	997.8271519875251
-2798.2268709657856	21.048976256288004	0.05403274383816492	0.4801286596779227	1.9625705874247625	0.22483933223304503	694.2733186470375
-3233.711440865104	16.96317107106416	0.08715087977734828	0.36066823777793	1.1263486061367722	0.22902970493949704	743.3541523393461
-2418.406394096138	39.89819926379149	0.050376584284783234	0.9173659260650275	2.730689755897348	0.18128320251855035	577.5441716742799
-3839.838956392302	12.396957942260556	0.09720648737372295	0.39841821885108275	1.29619368304191	0.20347039371579814	795.314348901435
-3289.0107000152507	16.851242378682155	0.09135293415522981	0.3475636367037301	0.9189423575406799	0.22971272710606747	743.3682707753896
-3506.38060834275	15.375597252125218	0.1010445676244922	0.3744163131930923	0.8142708634581037	0.20400600743028438	733.1791357614378
-3373.244257703287	14.777245889617436	0.0637263349667264	0.6460121050361188	2.029165622128106	0.19729385865258847	715.7912915386319
-3336.984867655022	18.67942813490744	0.1186594765805256	0.573750976763317	0.8296554633796208	0.2574959886250995	581.7967687325993
-7423.910661172069	3.752229855448819	0.027163653644461716	0.2643878480576614	1.5055838942853002	0.22679503836938092	1441.3856942212665
-12942.84870950443	1.3584877257480596	0.018519235882668888	0.02075323704632144	0.0792325928092075	0.24866535637660303	2514.098004610307
-5704.335241349899	5.850424745315451	0.06174792295339827	0.16784624269614695	1.2283511979987456	0.22755062742701612	1321.899524913002
-2949.6994411366286	22.372336662209545	0.10475614416584751	0.3824334121281622	0.8321255523251377	0.2254684196284134	654.5612661350066
-7557.968406275643	3.8940396510536868	0.06001436705151811	0.1324431990930638	0.2704448771178285	0.23863570316894162	1552.9116825111175
-7068.712595953112	4.516750031101887	0.10361532199518887	0.26571158341035594	0.6552142755155855	0.2616180894430985	1242.6281559083175
-15025.914383137588	0.6799462600188235	0.0011878240477182036	0.001	0.04127900289789917	0.3330570612884619	2698.9378540674443
-4834.493774816586	8.83357598529061	0.11613746090549666	0.26583845256482425	0.4024130103983983	0.23941680398409726	965.7064741119669
-3622.5923034328066	15.25955525094346	0.08692888725435685	0.3148299155861547	0.6526842724385183	0.2775819029655423	783.1976798640316
-4689.948118721157	7.612484465858049	0.039376999042427814	0.21445071333696503	2.358961178507013	0.22373474147825972	1207.8156545653276
-4723.3843000641045	7.711018786992902	0.05362557198706898	0.31144458637124967	1.943352545993385	0.23781791921799303	1063.970484150868
-7611.012125424494	3.548439411435679	0.052405188162052654	0.10598149409006372	1.2860923317378934	0.2112888261043319	1700.3331864058273
-14662.587859991503	0.6746866982796019	0.0011681094379276198	0.001	0.19832482308176488	0.2068776656212455	2699.539294012351
-7599.889902792029	4.301024881121115	0.198246118563132	0.1397442401702587	0.5197354033925392	0.2254313592288733	1418.2466524532565
-3630.272631478722	15.249474694315197	0.12466295840029905	0.3246989814001206	0.48355328958474864	0.26013370340331216	757.3260838203744
-5257.22669512072	7.1208055828834995	0.08563536659771176	0.22313269884948397	0.6970090875940219	0.23701161264402149	1118.4977740796676
-14760.596382470256	0.5914270889124386	0.001162730609886189	0.001	0.3467500533777638	0.22318896098559377	2706.9045215455567
-2370.065300108673	22.488077814492396	0.030520135536145385	0.9472299158029914	3.90777729605582	0.21059334275798242	824.8390795520855
-5992.6780993994025	6.796715227958127	0.13725744090498446	0.11312169309495065	0.3341209670072962	0.20250164786693883	1363.6922834326544
-8143.221815438819	3.2798633731913727	0.059756765354798715	0.11657278404117505	0.766859674070798	0.17492485689335674	1688.9618810903437
-3072.856025460007	24.57979482560222	0.15076238330037336	0.5298961266884288	0.5290433369929427	0.18336190592095253	528.9136248506029
-9868.799749197213	2.248286533549354	0.06295948090416016	0.10270895520226475	0.49911628081202064	0.22222399121859707	1921.3398954142526
-7578.991279122024	3.851123754535004	0.06706295719499202	0.2802947441506621	0.8983311931923502	0.21544104036874653	1342.3192099565647
-2977.222264830777	18.558623425497327	0.049415758871950405	0.8542513685191717	2.0506836056949065	0.22545441236948038	637.3503365211358
-2649.3743143650217	30.93821045597855	0.09147209719494578	0.4240520892389826	1.2849042268322268	0.22612327240194527	606.5840249033967
-5654.983896902367	7.326416567378765	0.16233373986954133	0.20498812945313938	0.07586396775185054	0.23432763343807583	1093.7631287288366
-2345.0566572818157	19.90476305125403	0.027717468100716906	1.3448423451337626	4.806803889076216	0.2108497738784845	1004.0520992281549
-3093.1696189132253	16.35392409239824	0.05025313204394623	0.5154932015117163	2.110501865198326	0.21209878030729704	744.3899667194942
-2411.0721310961762	37.3842719412377	0.06654212417228296	1.081532507101186	1.7551198501219132	0.22067196321342747	462.0933408237658
-3456.501783075383	15.840135551417175	0.10298932145670486	0.312544654931286	0.6708171319256631	0.23330030733793408	774.499947428676
-5014.172166952758	8.659116508907358	0.0867577127668965	0.15266456407238427	0.2374746490465698	0.2309112152427766	1186.3951540320209
-4564.436604134765	8.746507059988788	0.08121277073586111	0.2637461332779056	1.1471605838956733	0.23243960544550088	1013.9841771827204
-3683.419115136762	11.512131124348569	0.04068374373457446	0.37428804890267126	2.204226687525943	0.22640246358318036	914.5834552539694
-2579.131557098324	21.05517098973314	0.03958018384680133	0.6887666551489996	3.0455614023985036	0.2216316591247645	740.0606216692878
-8150.922381655364	3.58568188914555	0.07407264874072986	0.09713505079981402	0.009693451239686275	0.23924110185699715	1683.4880796372324
-11436.183238450209	1.7595529603381839	0.05364026813402796	0.07321403013422854	0.012155689284668708	0.21438936930588098	2148.906820021261
-3690.48367224016	14.427401219422752	0.08045963983273566	0.46713334211422153	0.8573397728732542	0.23868386280247259	695.9162910393995
-8446.273258031602	3.023562216803522	0.054539450236096784	0.11860730453241498	0.5533037461684072	0.2248414154216888	1725.345415560723
-3065.2165070784968	18.377347138302802	0.053609705265317296	0.5245414385027907	1.5470037329405855	0.23740731549080177	671.2504622477556
-6131.008666449547	5.2213077151148966	0.039741405140843095	0.38084762781614157	1.7830563351019066	0.20727897934974518	1183.4648001610808
-2941.029323348874	15.697604687713234	0.03447977108411206	0.6973113327908983	2.864099261970418	0.2220870127787487	790.3399413148452
-3034.8177945716193	10.645333986255878	0.015858756724529837	0.7258757076685004	4.598339203045555	0.1695577928743695	1152.8479401477027
-2548.707186419377	23.038035115255514	0.04017836063282822	0.6090266963001585	3.010813392794046	0.2315419147165796	732.7237251009801
-2610.014327136125	11.686119853637393	0.02336127123818003	1.7897301824530407	4.700573265009592	0.207457704335294	1182.1832380200344
-14557.633202333958	0.759453245261498	0.0011677673887609534	0.001	0.1621868808460451	0.2232930169249463	2693.7015955586517
-14199.45968839129	1.0197604157589752	0.008676076427369065	0.0080203431474104	0.09803446493776563	0.22622103699892857	2658.731985701804
-14675.318585835179	0.6919863028945251	0.0010781555923793157	0.001	0.20349269256484137	0.19334033010963425	2698.951828629979
-5383.106428184309	7.120315143016137	0.07423178419615582	0.1743589549671797	0.4323718015658393	0.24915713040416562	1204.593714964517
-5400.103036554167	6.899387976446354	0.08482012989292664	0.2594670208501709	0.715944267276776	0.23512609774032353	1080.9748805093636
-4238.575264219938	11.817661267207848	0.1349462559184654	0.24795578773865257	0.21641886507968694	0.22226896497166193	897.1139430417402
-13300.40612602578	1.274508316123973	0.041499745975535136	0.05957802110260676	0.0024225581296079025	0.17656435887802163	2400.718092943717
-6229.976404492894	5.502090785209623	0.07843645415307823	0.14027738113089655	0.3370253589504486	0.22383050660252152	1376.1924798243017
-7222.148397594002	4.149005668195728	0.08236277733646798	0.1722048275420389	0.4879434376714458	0.2049360201195752	1424.554391698525
-8133.699333067829	3.60664894588064	0.08276397738353274	0.09162298352559292	0.02580652648009579	0.21265110052202074	1695.1873419811848
-6092.793148596591	5.217687743685537	0.05700549487080285	0.21195633180569756	1.2188955139677808	0.2278431440843202	1294.0659806142544
-4565.0651446510565	9.446874886439103	0.09490818204760473	0.2569008338671381	0.5385563156361899	0.23560585389344865	968.2679990795107
-3210.060244907973	17.302659852225577	0.07417016979193439	0.3403393052527045	1.1279681192237079	0.2331352218053764	760.2861134253399
-7045.133895374075	4.763016791093323	0.03201480440802052	0.08693801658471585	0.6291303194316769	0.2715085104501458	1656.3447059655575
-5463.364223548018	7.8034149969776925	0.1048793955747885	0.11727722692193915	0.31038116421180334	0.24318274649101146	1322.6266706198737
-8712.289403833614	3.1117113255304973	0.06394663754054913	0.1689994855055932	0.44743051285674246	0.3123385398465124	1592.0733503692697
-3383.0040766723578	14.85019902040809	0.04152351096420681	0.420272824490855	1.8172635532605652	0.26874151870339147	793.3851720765168
-2715.328100268956	25.922875918696604	0.06403485479244554	0.4445686723570335	1.3933220113437295	0.2235145690723724	633.5966565840816
-4359.526005531484	13.109964276329247	0.09426158533731216	0.43397003163086423	0.5415109176267286	0.3275391356970188	716.7892861747503
-2805.152483233225	22.873162284477058	0.03546427616466139	0.3313231886318284	3.208461326174676	0.2288225594582354	864.7670743035372
-6252.971136906703	5.085660586567415	0.07368143764655434	0.17676022562018467	1.4591031557374865	0.17993373082208056	1360.2911110476277
-3253.5432876600603	18.891942854087354	0.16174904265095214	0.41988563852674327	0.6746001441047609	0.23615655948374994	640.2314814998472
-4920.888601807306	7.336667851687328	0.05610633649646387	0.2742316887991199	1.667392469614109	0.21353628780058478	1100.3797300851218
-12888.286055136132	1.3477032983962443	0.022554458350154006	0.024067715068450627	0.114621924349099	0.21884631258032494	2496.148671591137
-6758.236571629391	4.224770893767301	0.0487201163610803	0.13593684689425453	1.8289942484314026	0.21324633404199336	1558.3780352806493
-3605.418359202828	17.740628498005126	0.224973980019813	0.5089885181877151	0.46174686178627145	0.25045866947505036	583.9355725477908
-5024.2691164007765	6.097351988686515	0.02658469025642266	0.23520810350585955	3.668126034580321	0.2129712074215308	1352.8801990787285
-3253.709602183234	18.079300822303512	0.11738332746794648	0.3516902003439275	0.6844122078524272	0.23360984689730313	707.9919679376771
-5874.785568915189	6.975757394607255	0.11256118687538895	0.13553038469607973	0.0169160773165751	0.21270155280812655	1285.593350944587
-2887.987811096499	22.142847504247904	0.08099895195880635	0.5834011554280519	1.2817520165563763	0.22449720403049347	585.542523120402
-9189.680807289315	2.91899090080235	0.07909067486128231	0.13769466179511422	0.09986004628514424	0.16118858422883725	1669.352672138011
-16902.891059497208	0.45791961617548904	0.0011662887170047279	0.001	0.02903829776658788	0.4766429259773103	2723.695058680024
-14656.574875650056	0.797920693953946	0.001161336469917097	0.001	0.007183648764430455	0.287308669568831	2691.457040185743
-8077.267286860473	3.817220036612208	0.08632987178682797	0.2117789801858386	0.14804089438349644	0.2771415965159659	1388.9299687650778
-7081.465076415658	6.856809403603386	0.09432403074160023	0.23370446233214415	0.3601406827111167	0.45000971665984285	1101.0285393387724
-2438.692696380065	19.52609756562913	0.027165584773797536	0.7879939284850966	4.106709992521761	0.212048398023301	883.4632503489917
-3042.6790580577535	20.073662637323228	0.0922176023601936	0.39399227976745677	0.9471860573626224	0.22918845839830546	674.0815759082332
-14805.3764418599	0.5835114893115383	0.0011565885432001483	0.001	0.18920676823747465	0.2550297365155776	2707.7068250840407
-5379.040496039597	7.34384421042927	0.09111556527901934	0.15592111236938982	0.2863836733293761	0.22220313391553922	1226.9764828160503
-5990.822407533395	5.799716656526044	0.04428872366352936	0.15040722762126718	0.6589866671021734	0.23001645288575848	1358.4020872610074
-9232.621987766195	4.057316580464136	0.08286788635631638	0.11702079234020077	0.17465070337228247	0.4700626192701189	1560.5550288755542
-3051.2247400032606	20.19891985803811	0.09817757391636278	0.3758731939573706	0.8842656179590455	0.2294607523288834	681.6101616974801
-3120.4356018289573	14.471703865780132	0.02215011904400317	0.3479468456465011	3.702315867071746	0.24612293632866528	996.7274055835035
-2544.813354742529	29.33580813748994	0.07487436390825995	0.6149757373881038	2.1750891334632967	0.23847615564313399	601.278409876872
-10140.148323599984	2.36994500033319	0.0878542769698916	0.222171780518884	0.3047851449687866	0.2259496726152844	1665.5521858501886
-3284.0392985412914	20.170946914962943	0.1231842263338533	0.5754833978898773	0.5943084485075509	0.2251821333667707	550.9888116964336
-12829.789140135752	1.3511589247235873	0.024712434655668514	0.02743326288661298	0.1799837949069658	0.2050303280618438	2479.0063181230576
-3046.510504119279	17.368424517545503	0.05226267836373981	0.37576897171286533	2.0349034381107027	0.22324827690282129	795.0206838744969
-5875.25069726038	5.71315694949346	0.047148217721527816	0.17988682016685165	1.361865712949859	0.17525298545595056	1322.3535393271682
-3458.4941597377174	15.234676506048503	0.08946203111189119	0.28620947603124275	0.9311428626750681	0.22741249763344812	827.5531666570014
-2533.044078499382	36.0871661768417	0.0803373847677159	0.664166872203119	1.153612778477216	0.25128859280219007	478.8644387470729
-7431.16952795307	7.0400940497989	0.07039466027984465	0.18456071976883	0.7960555533244145	0.4974207347233844	1200.5362620701294
-5854.759300629061	6.487463715826044	0.06676531546920628	0.13218899983826224	0.2145277038764523	0.23401415848521864	1344.37603156882
-15359.26528875104	1.1051775089141016	0.0033327196521215296	0.003039515567212928	0.0914842553992986	0.4229760261544237	2667.3605875622434
-3901.296038311058	12.455910999707779	0.09185703764864686	0.2193596635640684	0.8435006529467497	0.24778481686573572	963.4816049707374
-13755.485277332093	1.1537789485179568	0.02282278272461781	0.017203186845201245	0.02025213256581573	0.19668341556367705	2575.6986895231216
-6222.413159846485	6.051656206327543	0.12494743663075894	0.11774616506625828	0.19039571153212065	0.234940051458631	1385.9514674600823
-2436.568531804963	16.664678617055227	0.01973805683379432	0.6364584672312299	5.397259205127652	0.21296557681607517	1092.1595650522595
-2958.8711871994096	16.688580454662283	0.04475017919192352	0.5738081290848471	2.625479699200604	0.2460087367776018	767.650003764342
-7186.396455455696	4.327247960712584	0.08395465667860671	0.15237240350427378	0.2143818357331849	0.2160991588210577	1439.1324806145944
-3611.52187581996	11.425182147453826	0.03716975370972423	0.4061463336731737	2.5455100509475774	0.2255979063337398	925.7621588211299
-14773.512057274333	0.6042775496733533	0.0011425360175001242	0.001	0.38255716045466387	0.2555063926515517	2705.8278174644424
-14833.091396216652	0.6530995949964046	0.0011424084315708718	0.001	0.12315098743766538	0.29292966435377565	2701.4399578590896
-4155.325592096191	9.798316801420627	0.05507350056192159	0.2568212078630684	1.7165960451995848	0.23552662061359686	1027.5194461296364
-7677.134538300855	3.8248450296326864	0.059252490365873454	0.09378177868704382	0.2839791975135496	0.21202344759228775	1683.8381049651825
-4397.7858817272545	10.095545556807227	0.09539593526938404	0.2277795139893323	0.5216883217756719	0.22237330207057474	990.7844909507072
-2784.084570136223	25.076091516204745	0.07257381489871619	0.3858619914956172	1.2933931290420533	0.22247473073148918	667.5781246342683
-4905.061700640342	8.898329954401293	0.10690224643853459	0.16478364834774933	0.43010686472796034	0.1867718736129803	1144.587068074071
-3228.198562900946	19.208264846171645	0.0887687091258086	0.5269169112572712	0.8022299646933536	0.22721950721949732	599.5491529692325
-4521.078185186037	10.269164975298997	0.12041146218408892	0.2251542919710924	0.24057461198683805	0.23214408430727815	973.6763573443341
-2970.3142832999665	17.729442100481275	0.04325250901390789	0.43886859362659314	2.1818912495911063	0.229030242028593	769.084186218035
-3736.3436732097607	12.741148226539568	0.07593770890556263	0.2722801575054071	1.4132129940302567	0.19246310856021856	912.8695833286133
-14626.048508003636	0.7279671075277835	0.0011685949127089115	0.001	0.18113563101820643	0.2577085783949009	2695.713564479998
-11574.465933017858	1.7934532739821927	0.03341605972295414	0.03672600037962817	0.01533450861377701	0.17568711880999408	2300.978878435671
-3638.93663146163	14.745718359440508	0.11499142271051155	0.3903727672329443	0.6645958290623564	0.21398074035028375	719.8023805725563
-2904.689507604786	17.900817027313	0.04065732873303721	0.7747336583809175	2.3766233002408597	0.21601355192015645	694.1419369771176
-14537.211213350407	0.7829478880943994	0.0011701871199409836	0.001	0.010420858099543526	0.23021255883508543	2692.2402388749188
-3673.6845307304075	17.78264686867995	0.13219094646374288	0.7730522585582617	0.7661306295258064	0.22633716465643036	526.1241946567884
-3413.67251030863	15.14317594811779	0.052104393192284056	0.5000825725366971	1.4367798817210733	0.23064749755859185	716.7028798789663
-3539.2486433154736	16.782182073263638	0.1417170515334357	0.30694687881631816	0.2966507513380613	0.22714311819620508	744.8118036667282
-2423.197992715193	47.41263349921258	0.07831396071502816	0.7221240485051873	1.4209565146817325	0.22674660491509444	455.62771086319407
-5125.186014145748	7.0298621111061825	0.05735114702776541	0.18102954631794566	1.3304984170032033	0.2263759362069967	1234.471978294899
-2743.651570456172	27.298896846092138	0.051165042856262735	0.34937141397517957	2.159994255518791	0.22753601174871219	744.4243021703343
-4656.003759185854	8.08441095105149	0.0622795631502348	0.21750990566359385	1.7899041889067178	0.2095364758288307	1139.9454488249971
-6580.265968070955	5.386738070849954	0.12683803296836682	0.2294463737271646	0.19082929502226725	0.24032682188567484	1184.218846094105
-3829.3018606467203	13.187591763024418	0.12813070317972738	0.26786619519348537	0.5653252228480611	0.22679853717494913	857.0055392462598
-3804.7107279052284	12.311653399670215	0.0722863762100625	0.2991991596193999	1.0591145836416223	0.2199637838853124	875.166787642159
-4724.029096990311	9.358658132971152	0.07402219912959776	0.25097159564283483	0.6395706428586526	0.16925805601679994	990.3317363414232
-3254.557639713913	22.262796319867867	0.0941704983715151	1.182749814497371	1.2053108551474492	0.207503499793475	467.2017198560425
-8157.618627213626	5.368565667830605	0.08829250223102993	0.15432362474351322	0.3118098224549438	0.4744278566864125	1343.9813045755636
-3966.5127503965514	10.94267330494479	0.0680689996256386	0.2555478577263542	1.4704687715458284	0.22982221164439354	978.9966765754015
-8236.521369907705	3.1648640980990663	0.05434339770367552	0.10598265867704576	0.7271817345397974	0.19625522375067864	1740.8798836294734
-4855.870963868126	7.640833381804923	0.05982775400193828	0.22296186306186846	1.363507066408033	0.23048090978912605	1133.59076989985
-2922.268063818201	27.65812849254022	0.2239664866675079	0.5295717745663637	0.5160985902829197	0.2095494753592756	503.14811339661526
-5379.590098296972	8.38653485547495	0.05595320862584783	0.9385249296593208	1.4143103213468917	0.25885773804656415	784.2858260856327
-2646.3701291163015	15.608929098540331	0.02066048752228278	0.7076678431378263	4.153078987298095	0.23200650519346722	957.1665759177714
-2835.4821611791695	42.06249958089	0.05560175905139339	1.0200991457194186	2.3594786162221846	0.3404028639479792	521.049947429268
-2918.01441847045	19.751749923132067	0.06055089168509113	0.3873130608911198	1.9520598833187417	0.23933118060342107	752.7294820415447
-3106.438976195789	14.10843132615241	0.045583428912474556	1.317317170836637	2.9359940450240236	0.17742939298469812	791.6200116323441
-4767.83421321042	8.419909082988639	0.03163651844876256	1.427067573806445	2.085306563823357	0.2032889035284045	864.7699429151397
-14478.631723567785	0.9178754339713829	0.0020700835053939	0.0018015461454375774	0.05064991212807103	0.19075535023455406	2685.6868791176958
-14368.352984370376	0.9865918914932418	0.001543453403310987	0.0014400089731970201	0.42689186137562574	0.23063279283566368	2682.676851450617
-3223.133430990386	17.99137042008643	0.05837770657465036	0.44577317208369605	1.1298864440261809	0.25736994460610707	682.4538308807307
-4764.565479912381	9.107596836289979	0.0749193949028135	0.15747999036650118	0.5645631394787403	0.20239538976310462	1172.9744189968296
-3164.4492058099895	18.75126087805315	0.08355374953822926	0.3295962003269183	1.0163803538910758	0.20107216502447495	745.6397288080252
-6020.116157270173	5.5655600207783	0.049664549178988035	0.3876224978942322	1.5137783591865217	0.22766059850037668	1121.9872884965348
-4190.9999544813045	12.62383472139605	0.15466305001465386	0.2728533292627143	0.1484049960017437	0.24122503588438415	840.63421188965
-14570.254801163483	0.921694380107997	0.0017245576600468868	0.0015141764123081272	0.2661966705929372	0.2910685286926177	2685.6528962854204
-3314.717274610353	13.288017611675055	0.03696917927526002	0.3946603573489605	2.672929525462086	0.21648401787452534	899.7033427351348
-4983.015369729468	7.759037485232417	0.06410928125366373	0.31676502227278824	1.2409779835411712	0.27028151526788624	1011.963311372212
-14490.553400210354	0.8464646382536802	0.0012358095651866007	0.001	0.061032806619908286	0.2139079686173961	2688.338577431425
-3798.47074618852	15.99879424222415	0.05512875544042639	0.4066164784860322	1.832555595271242	0.36369155591548424	778.2594323024979
-4404.990769058501	11.129234633605826	0.16456464639245064	0.2189209009740284	0.2298906512168668	0.228536002945467	951.7049034720975
-14735.70350091785	0.6286303985906864	0.001191738210113232	0.001	0.10644717505795691	0.25320539072321946	2703.1246384655396
-5234.439821096013	7.256206026978606	0.09333959321612592	0.2707371472110163	0.8117668209647366	0.21308139669368475	1049.408050613009
-9178.964616890345	2.7268669324739405	0.05229151976547198	0.07106429465668063	0.24035225676390073	0.2477796042947972	1930.2928970159367
-2471.5648057351586	29.200978483042615	0.05101246337270919	1.329874755793755	2.2062127850321716	0.2150344978275352	538.8673552868576
-3786.862143500922	13.020462375026403	0.10296536030352602	0.2614884218544798	0.7409769327314182	0.23488349190119667	881.8679888632345
-8931.549581522077	2.9591136939196327	0.05672023111887128	0.07143221854382899	0.08123123132183953	0.23993223570338912	1885.826714136641
-7406.027225461005	3.8817972350159016	0.06354591349816358	0.11460816499480332	0.579784273331309	0.238401559899599	1608.4711191605456
-8411.749958908726	3.3463023475393308	0.03738534330068669	0.06682590521968247	0.32978133817306327	0.21223797273260805	1878.679275214008
-8656.150311645031	3.030873330762116	0.06483814855472966	0.12984510419126302	0.29725287636878456	0.27274475538497944	1681.9265115969724
-5344.908537669499	8.15266069985171	0.08541328324300602	0.4905132129303497	0.7554233364278051	0.2395003864613741	843.8546548335972
-2927.611851982682	15.84451094153376	0.03228234007468001	0.45807710234021903	3.245190790177805	0.23245008523836738	877.8390748648434
-5700.352362879781	6.54339594621515	0.08071610683516851	0.14654827232967968	0.31684691008051696	0.22392890759706494	1295.2401701670713
-3859.4990788132554	11.758235113845881	0.06570144001960397	0.3534132179910158	1.3040337558508202	0.21974060965030254	853.488784289956
-5057.431572803288	6.877475341589897	0.048220880364427406	0.1846727208695593	2.129186092063989	0.24234357596128722	1273.3263386206022
-14653.118619315674	0.6719566051532262	0.001218132486670536	0.001	0.15282096979558477	0.22996696123377022	2699.3421770737928
-4141.181739261621	10.754911535187558	0.07486876777179036	0.37268022975301845	1.119467581352713	0.23420942129534458	849.7932379035624
-2507.3209604640897	30.777208192211553	0.06141885758282602	0.6240467826324597	1.778059333111699	0.22487819414171117	564.9663343810274
-8829.581202892648	2.648689011944223	0.06528114013739847	0.15467940048450565	1.756116652870182	0.19123959745579372	1746.732235500622
-3511.295031810732	13.064722402672208	0.04805975277925988	0.43817975935501946	1.9208996934029918	0.2245730763343576	819.5275373124855
-3174.8310230536404	18.913757680667533	0.07920821304919147	0.2826478469165993	1.022080455938815	0.23076506970504163	795.7586578860721
-9827.993527076334	2.580024850173513	0.1150068754961301	0.0940855959551539	0.34418160321075286	0.31765088397550717	1819.6983500530284
-8148.543515729878	3.6154662136580207	0.04559156100159906	0.10670930267684937	0.09478916788584342	0.26419170298359335	1670.6106549129265
-6218.89105274415	5.849668693297208	0.12761787269965408	0.16548370445422322	0.1553689267320551	0.25151239986935126	1264.2783097765587
-2459.462620893172	34.68919885570677	0.0664975955353647	0.6313960880537578	1.8158676807848584	0.2278788526393497	548.5164952939537
-5147.885977434127	7.553768068725251	0.10390886432391473	0.20826420408282947	0.529709513074004	0.2278957565545977	1109.4354963064059
-2963.20879311299	16.69162450240469	0.020073069215516166	0.525740991336195	3.0111646006525152	0.192748589024761	838.754326668549
-9924.840329340454	2.179273967396535	0.04202251153127554	0.07943564011120285	0.8297543314398262	0.21644165841363777	2033.3427588228556
-7162.658007966617	4.746050628855568	0.09200727240723879	0.12095627282006023	0.001	0.266127627198705	1475.6472954331039
-14355.462626716235	0.9672922150441108	0.0034106830067647453	0.003213980602050771	0.08128823675109459	0.22770964413092415	2680.539515744746
-3157.772576019707	22.52299462307163	0.13626492599740073	0.3339895820820106	0.3141171762992215	0.23965295793310823	664.7142372670593
-2340.370288527323	32.111412232987504	0.0428448542319949	1.2998337609070214	3.082194823283183	0.21274991865977233	641.9517960118474
-5017.116271942013	6.8000155472930235	0.03450830492880529	0.19405278405751675	2.4614284787774103	0.21271615314007253	1288.5562925501313
-3618.6510510886064	13.528072508547382	0.07732843610792164	0.3926734095052226	1.2000285310932264	0.22670909028903305	778.0459387139703
-15205.343613614652	0.40905145878325044	0.001131796138539859	0.001	0.0874544224631439	0.1937946981010953	2732.7947319174705
-6477.394475910454	5.122621305147212	0.07702894144668888	0.1415857005975924	0.4034224514145037	0.19570413460108346	1402.6400132024914
-3734.7680176953763	16.044047255843207	0.25017606306865225	0.3224821045316406	0.40690451130883093	0.23339779212380332	725.2848227998116
-2840.8107972003204	18.788928005562447	0.04243400851669617	0.8464652976710361	2.3899137253337854	0.21175190250090709	675.0433296647816
-5784.007898256059	7.513128862106038	0.0500110730436942	0.18741620316453533	0.10899901587458932	0.23260061238964805	1159.1652868009598
-5187.766945775376	8.017570620960074	0.10380669033049746	0.15877267969577297	0.24984946249150458	0.21082577561946586	1186.5299760667303
-12879.99075999278	1.3716077908002484	0.04212484676670191	0.042029811535993875	0.05253519462663373	0.2962220558369394	2395.195929369114
-14593.87728981944	0.7224436394015775	0.0011662387648822548	0.001	0.2621045237530383	0.22631850319338218	2696.125025432094
-6147.132354393365	5.2899792081528565	0.04668713618032933	0.37210540638406925	1.5943836488208196	0.21680833385220136	1162.9800340119496
-11177.72355431425	2.1874074624874424	0.1790963463810906	0.11595030679050182	0.001	0.3063474659013018	1798.4634080033698
-16723.63507524652	0.6996563632951396	0.0011616405167347613	0.001	0.12871220806873512	0.49224536965947535	2697.712604943455
-3300.303067097901	14.342171147381586	0.046096788775822635	0.736798317115444	2.2807925654326855	0.2287216441109178	739.1343643547793
-14368.318811155388	0.9972696227584857	0.001548167577477578	0.001409979014065944	0.13100201944874837	0.23900054122517042	2681.864676441444
-4132.6114866988055	10.383801088123919	0.06766376130916603	0.3409823786062962	1.3117074608584633	0.22449377469419263	898.3417833955592
-6767.454789267387	5.167263834089274	0.0792149484252655	0.11605678297482354	0.0435296577732762	0.2530010814173696	1467.1284972795904
-6954.013500398442	4.448299594601097	0.07674200638073547	0.14110329307585276	0.37193301079563934	0.23669747604792568	1461.8000118832801
-2414.7051303071667	13.125738418981339	0.01952853623006175	1.0244037340218366	5.738301803960424	0.2075102388871288	1272.3855873793664
-8264.485455150201	6.22005311824926	0.1061067255741122	0.14484941292588147	0.03431227521829123	0.49383954772124833	1299.7121861460303
-4003.790387229577	12.01781792796486	0.07415796778681837	0.5089896950758068	1.1995268899547227	0.2251723149601981	746.6428400142958
-6251.182238279516	5.8128924503186195	0.1022900162261957	0.1425058735321153	0.12597858003967236	0.257480163930394	1333.481294089955
-2990.411728141852	17.65794174651967	0.041477358802000375	0.393788139631879	2.235152697997407	0.22254944057265635	799.561668957942
-8427.753943454578	3.138291052195159	0.06201282126084668	0.10629495078387809	0.28321077388345656	0.2152725037610217	1728.9753881756537
-7347.540088870183	4.0752696449482	0.08091820268945774	0.15490647681038175	0.31078584985785945	0.23664123123437497	1464.8604989468326
-14445.403707842144	0.9484554303958994	0.003475612680563455	0.003066705803012445	0.09584481399906165	0.26673793867597445	2682.043787992848
-6199.312236796992	5.206516604711629	0.06703692071759193	0.14526830396865031	0.8873284287723352	0.2393217184294795	1405.2106580859365
-5971.885275442805	6.136373142874986	0.07955623238148495	0.13512318017992242	0.22828778402034713	0.22671040126565992	1348.2931060236706
-2496.7342740187482	20.366348133102864	0.02883250404953526	0.6501204394391844	3.863366795344206	0.21719001972634905	848.156643503078
-6879.675220530109	4.516136835647828	0.07596308173979316	0.16810825074672725	0.44106681174841067	0.2336945490712294	1396.158728603711
-3325.965025572644	17.269706734215394	0.11010455743979274	0.2962727925563559	0.7247697565744897	0.237081809831002	775.307761338067
-8809.903236537864	3.0567326187981285	0.0790071330894949	0.0941296340505041	0.017666787412153988	0.24613760412294855	1762.6119939314399
-3992.3274754225863	10.416326634976445	0.05894432337076394	0.3104345429593633	1.8624795144923547	0.2449228919746729	958.8106650071283
-14462.760058283644	0.8957995416123959	0.0012360812060983137	0.001060074445058556	0.06834784376464255	0.20595349721777093	2686.6082274590362
-3688.614550461553	13.34742407596218	0.08251613107134223	0.2893849436990564	0.8913742659787626	0.23134850747079103	854.259720592427
-6385.329490642349	5.252183756617641	0.0673045897255243	0.2222234875893724	0.674440141434501	0.18517999919503222	1248.293167592534
-3094.323396696947	15.736397799550744	0.03768587558859408	1.1013737735048132	2.4333531673605466	0.2169337545471292	708.28762617514
-7960.069742979258	3.659799431544633	0.05589529664725295	0.19112396939842435	0.3379820913488418	0.2142177069489075	1467.9845762903462
-6521.7267893857515	5.057665347606964	0.11803164140602648	0.22568034880301927	0.6355599809805249	0.22510751471943155	1232.6120330906585
-2413.6179348548485	19.66460720892404	0.0310541505685494	1.3328679258126308	3.7764895030307324	0.2137072229747094	847.7802537018088
-4900.07979223495	8.398911592540736	0.1011925023194283	0.24515995741731003	0.47381815574849284	0.23353509828814067	1016.3941537664184
-4013.0875495604	11.57842177633657	0.09454884957074597	0.28193617047142266	0.758855132399962	0.2196921229657988	888.932381037725
-5404.53756487616	7.641943744623367	0.08887119777716444	0.1615364529438944	0.13116773179623295	0.2405344083853018	1197.2597497368627
-8083.512179301803	3.331001175010993	0.06210660766608053	0.12055960938158498	0.4973399276934879	0.26050735450209683	1662.84137874804
-11894.317881528948	1.6368701074652436	0.05056534625409845	0.04935791134853661	0.2240615238789	0.29704963614101776	2268.1553936862233
-3468.9200216278905	13.843103001498562	0.06715462309908574	0.377077968122101	1.6030103942413498	0.22836137184518718	811.042569576639
-7145.8536415544695	4.484779248883637	0.05427331162158939	0.1074889250979112	0.20061691836621826	0.25502730231373444	1570.1890710402397
-14759.012755985426	0.5930853142202748	0.0011641324829070696	0.001	0.28090200549497557	0.23047514658069998	2706.711205893665
-3313.3006034143555	15.20681964714752	0.06091091824645737	0.368347305423114	1.5669910499334965	0.22098943690119796	795.6110031460441
-5173.609222447614	6.865936036234486	0.060816517145976946	0.2514813378002361	1.3739165205324053	0.2290480555118708	1133.4777878383718
-3350.677893332069	15.20483969712788	0.06844166638342475	0.3796723498198957	1.3846576555438221	0.23258156388494775	773.4885855508576
-2438.0571188063454	36.99843843542794	0.07351001962207536	0.9329001244363719	1.5587282122684396	0.22216015471948491	458.28673177690416
-5547.609698612557	7.078688925950691	0.08837302348778761	0.16008440668272367	0.1934161192698557	0.24005848202432192	1227.3307670153558
-2587.817398876303	20.425399143246473	0.03609122910998509	1.1814624762112782	2.855284978821332	0.21834694156788945	701.2865887488476
-6184.878113271428	4.078978180486631	0.02035974628140117	0.34114323825552884	3.679934052782009	0.21662286777146872	1513.6000472507735
-5617.299364666588	8.604291674260644	0.04354126616028786	2.1457679033006194	1.4278866367679353	0.21699462872687236	728.2495412085875
-11753.365520864918	1.7195586054445968	0.041551331156872214	0.036292821316701133	0.06618363696501323	0.1821327538060707	2309.47269480108
-3690.7771326335032	16.39797347171965	0.09019411952649119	0.2228332464555998	0.3965036753507104	0.19218173633367597	880.967081631469
-12216.621042561548	1.5173812578736214	0.03168857600253593	0.04078083795114726	0.001	0.23689559827679435	2363.8888701929923
-4164.724914627002	11.549222681566418	0.09888252486681184	0.25208607233999064	0.3998803951665962	0.2252265371861515	912.2294956399904
-3284.822587543062	16.81993310635606	0.0885851942440884	0.3854860817209182	0.9723594434133477	0.22929608184379757	717.1920297473565
-14557.387479606237	0.8041155283960643	0.0011700120137740444	0.001	0.021505158979037625	0.19513018745393873	2691.0505246425864
-12420.410670090982	1.6342770471471413	0.04243997432935301	0.048378556158889446	0.1291518998647219	0.37279778616668957	2283.406369384024
-5910.414959454683	5.749254607906905	0.07492395176782411	0.14845787369493507	1.0086382745876934	0.19315052076814068	1357.7211039781596
-5973.198790565782	5.6430891815607795	0.08577581317678802	0.19930898575945086	0.7512842533735353	0.2397586266274273	1246.8780329813112
-3456.504226115795	16.5440712739353	0.10523627704134579	0.2656296071599003	0.5757111310173892	0.2399907771444783	816.3475306415494
-7553.592044357877	4.520062781869814	0.06654361718564356	0.533107101644131	0.8688795355786437	0.25173782940317685	1100.2772669967208
-2770.9061249741335	29.614558129923456	0.14545126288027976	0.46006895468001313	0.5391837349880966	0.22821001228354476	538.472119203404
-4906.45198677657	7.893797593596877	0.08986615561391592	0.2042379779673868	0.9936722431903748	0.2540335062153401	1123.336933020577
-4193.517771316524	9.80893712023756	0.06305470283725549	0.2707387587212043	1.480417434588273	0.22772665259200428	994.5931721842109
-4497.1603626342885	9.79755015672685	0.1327857484113003	0.21230325962832342	0.6585331693448228	0.240538289874399	1017.8950963069007
-4079.868528332531	11.445970531955476	0.06738646382194631	0.3592156918893803	0.911627708390903	0.2094518295289315	833.4448960816375
-3914.744890900116	14.324168778720695	0.11363012724325913	0.17439287220802183	0.7263380032365437	0.2364568428922669	1013.4499875654586
-4105.698013377704	10.902579146391957	0.09379391417854548	0.2890695144992615	0.9074809462448222	0.2374397632676399	903.8791454719276
-4911.690025052134	9.14849526183469	0.11846395529621316	0.2976974070195772	0.30553041204122006	0.2649362343206688	913.443983938707
-4782.415575182646	8.77305171442159	0.07684289100886849	0.1690888024378691	0.6365040617088451	0.20273745460021403	1155.9818812636297
-14761.40633907481	0.5948279755574049	0.001163459770004906	0.001	0.2793094461704231	0.21372133162429796	2706.544658024921
-14714.514271019578	0.6334922445915586	0.0011326020305193253	0.001	0.09709787379730339	0.20798085242343883	2703.168498148531
-5726.329704737831	5.822328932590846	0.07270385226172392	0.18491046690696156	1.1976808999953357	0.2308999743218084	1282.2711822856509
-2417.126977277924	20.302503311421674	0.035794569986237666	1.031495878969488	3.8926677133888807	0.20373595865893926	837.026614196145
-8908.569140114243	2.9760846495921616	0.07993125265635444	0.1214755877032368	0.09755024802538062	0.2732219019810379	1696.2600977559996
-3125.5947106587078	16.482344619167453	0.05560479347233656	0.4321855565072814	1.8736628313928747	0.22180102626420303	759.7395904654963
-10202.511090770664	2.2794240115344935	0.04191202486243149	0.05092413726213428	0.07159281569087544	0.23068049404898575	2113.826024548078
-2746.0761288749195	21.55412693264648	0.03758601617842056	0.40077409044452533	2.77302916310438	0.2194501111096646	798.2712732255679
-4176.709486267547	11.05391780857988	0.10155260276114297	0.24124836310702205	0.5613727720099584	0.23625821781461268	944.8306952231659
-3046.2810567532147	20.368235416797923	0.1185368822326167	0.3771864239489006	1.1923863085171094	0.21076814231390206	691.2537553034617
-2752.6416870900084	23.783178956897988	0.06343270964871393	0.4257618831382777	1.6658198294632813	0.23165873420168073	676.445582934545
-4309.330247693019	10.21699158241861	0.10614874596831911	0.354334762379781	1.251465887315381	0.2625450093448104	874.3613176071613
-2988.479177751249	20.779423906457534	0.07873350778461656	0.423529594485822	1.080198461628026	0.2475164363865376	659.086818360648
-2351.9907105739476	30.981843765369533	0.03637940140999826	0.8481820641298078	3.378460321702227	0.2148841068345123	698.4615055306995
-3857.707925120522	13.16676143718206	0.13910619076331232	0.259708379649021	0.7968074623973791	0.2603017879077116	874.3487899531509
-9998.872979565394	2.3066458142560764	0.051082755904411255	0.06719511608500511	0.22983002756580298	0.27189257110427956	2026.9966400109734
-2993.154720102903	15.624925600359067	0.03515993090490573	0.499533019974564	2.8382662510940544	0.22614060338113137	830.3120889663974
-6672.926635408938	4.519377690857616	0.05795789577405554	0.14178515831864585	0.992170524871456	0.2460861427499735	1481.8086734802127
-3341.372073106915	14.251968567299791	0.04162527800143403	0.298534992297221	2.331401910826722	0.22412074503462517	925.3431227898966
-4544.906490951488	10.24187809524686	0.08634312746303711	0.1444625251362683	0.7343202316414109	0.22914081510987042	1178.8474009131423
-4777.362238132547	8.757183429449853	0.09664211472541455	0.20153686875951365	0.47026394558752765	0.24448436348301233	1075.3971416160207
-4798.177584186131	9.945715939984906	0.158795060532741	0.3439378832033306	0.24261645588706524	0.2289922266096922	831.6488300949972
-3171.897736318929	16.74208035877475	0.062111059111542605	0.33143583461591536	1.6765176420118808	0.23034764744523997	810.2451253177991
-2952.602185105617	22.227336643756395	0.08842134669804452	0.3369278762448965	1.0182477607524447	0.22861810161430154	707.3666627110531
-3734.7441059901726	12.208776097364186	0.06310327336460923	0.3538395906972938	1.463978767042401	0.23071582406636934	853.4346288756542
-14666.689804540192	0.6598563025418974	0.0011672830976735236	0.001	0.22541901937008907	0.23031453000468918	2700.721135609712
-4523.452665904022	9.191237678896062	0.06380006777254461	0.27712143527286925	1.266581425433484	0.2861611702455009	996.2563098734155
-3604.943060965468	18.530418695487597	0.25539630049495715	0.4632763992656379	1.0148573145407322	0.2076779670260096	621.2439128343611
-6418.221165096434	5.541259947000075	0.04681207912933885	0.4295920895914107	1.2281267290746367	0.2915663369561153	1083.6325765396982
-4150.64282850752	11.009047890461403	0.09079640123860043	0.21645302424702817	0.7177379038107526	0.23442335084104887	994.898760134789
-3272.5990704881615	13.564643237901791	0.030234353664994953	0.48364965706073665	2.9148382658123	0.2687157680431759	882.3909015150308
-5218.502442110664	6.943349988026518	0.0603312756164908	0.1672760679031223	1.1586216419957416	0.22408691832124497	1259.5649253047793
-6972.188533182076	4.299340866423227	0.06429581730904899	0.2352277983514272	1.0794401220525902	0.19307496685663422	1342.6670125095557
-8594.919796785838	3.304931027145704	0.06526996482238165	0.09167856304306901	0.03127301717832252	0.29251468136532444	1746.6533721583482
-3614.9892719951645	14.123249646305576	0.09537237544388799	0.2905028990429015	0.7881412152676501	0.23346982718073447	831.2007536031977
-3381.8451186448924	19.858049479339456	0.12902945328058404	0.5711780281856604	0.49154031892492256	0.21392494967819772	548.560682560481
-14049.898941479154	1.0806170308986633	0.02212050874880465	0.0241806229885087	0.10131437755328557	0.2853660351115964	2591.01700794833
-12367.38970241764	1.5456461477722017	0.04161799305724646	0.057932214524915086	0.34198554329875164	0.13055770929310817	2287.70511168592
-3454.733784780984	16.649752541911493	0.11592650563403681	0.28957285213950223	0.485715049103462	0.227065617884782	778.6688950583751
-14589.073141270313	0.73437482041869	0.001160523511563566	0.001	0.25974979488648664	0.21220696615425985	2695.3755212206283
-2535.8802825046596	23.968607645259098	0.04927283375151763	0.6840492949375961	2.8075945034380734	0.22777870462339328	686.0990649230092
-3418.4553524438597	9.819005844106398	0.02185823343916303	1.120442843458794	3.4325187727861586	0.19028347356910122	1025.305275246727
-4812.936289203471	10.146132434074163	0.09265672363662374	0.13962690794108523	0.16170694186859377	0.23678536778103138	1178.8209184054074
-6020.346498346602	6.241742676012152	0.09010362059522768	0.15102461808087064	0.14277490767864603	0.19456228954644386	1291.4206281786437
-10701.068161719697	1.946755839316906	0.05931214143305101	0.06902583995287603	0.5258441006898639	0.2630666250594321	2101.8831128790184
-3305.255791001706	15.214917918520277	0.05761949910341282	0.3218031952313614	1.7008521004196484	0.22911332798491174	842.8102404080564
-2978.531936646342	18.521962373169437	0.02997307420589249	0.3774176234047898	2.3574797069924154	0.23949730854064386	816.3385425617674
-6011.143938827992	5.870811385754289	0.09065143942222201	0.16018669999745222	0.3242176684717297	0.22983959419602043	1295.0535958037678
-3237.248165743915	11.843665060885142	0.027360986053084742	1.2088643491069566	4.263751991848757	0.11412679289172893	1070.9096767181304
-3970.711992854816	11.629332399798855	0.07542066844284406	0.29522757643149367	0.9038468233256388	0.24225514598022688	885.5842189787896
-2711.0774383772105	21.84245569356558	0.03587625446465304	0.4417394166869499	2.789740060955794	0.24336004476116144	778.1932965683254
-14707.020186628806	0.6332226832847901	0.0011249382580565974	0.001	0.09475279675106406	0.21485383335096575	2703.2525996139684
-2763.756571465752	26.503060363229256	0.10490544975462633	0.46684798848799447	0.8884160905491842	0.23103750429041442	576.4074809023716
-5268.585775439852	6.337395977945386	0.03862915778277366	0.3997224227205538	2.2430467844439557	0.24095116904902406	1117.7913128526643
-4260.147447252252	8.657359930451234	0.03054355402527391	0.3684802972338367	2.9073227963320223	0.17302456486982026	1067.9782161134578
-2825.474750251982	18.500911081543354	0.04310311944328474	0.5091939353122	2.824116760815455	0.19611032650281598	781.8744672648565
-6768.341087914691	4.836311453335005	0.09034760476249648	0.15848842349805248	0.2112483830826898	0.23467637510590417	1373.3495110695728
-11701.635155092286	1.6980493716981677	0.07062836701292854	0.08705999357442402	0.08427042302422927	0.2769043955301744	2115.766136316312
-14666.369710562925	0.6642232015279524	0.0011695696241559965	0.001	0.09166436982296436	0.2373492707430402	2700.3171642623092
-8048.453498438591	3.5981872932256205	0.050281903233805	0.1076366093731176	0.7456664107894702	0.33474759275354404	1678.810324651399
-3909.695991462416	12.188123595687118	0.05412231037264631	0.3192833108883207	1.1865204529518496	0.2790326608369175	871.516256317656
-15280.66958411352	0.9647984821762827	0.00780058606093701	0.008063950504183601	0.5638523365150404	0.3990855574004778	2674.701340314222
-2668.6586949161865	27.25432780594645	0.07686117415083558	0.6113637394005954	1.2833519361157255	0.22561831038810357	543.4534348625293
-5203.191485711401	7.110259916878669	0.06414384171959348	0.2976804438543695	1.1676798257381267	0.20857608526475774	1058.0641205450186
-2378.9013184175533	22.252520902746443	0.030335243813843588	0.9158786435727141	3.8902275554780936	0.2099701603396202	824.4837157151411
-2699.314386303517	22.51857224769124	0.05111003256992596	0.5652105721258648	2.070180109758046	0.2288416466631222	659.635880918376
-11895.113645437232	1.6655243607367214	0.030466570114932767	0.0431070141940206	0.14635604280784936	0.3070158632846879	2311.9899505708463
-4808.1656809617125	8.685095648893373	0.09491926460703952	0.2537944245183465	0.5198617712749513	0.21111207684060423	997.6312311743467
-13891.087074280293	1.1181881992918243	0.010742926523486403	0.01046408466034599	0.044776853730027946	0.2426758258530351	2627.837007631912
-14267.786412870511	1.0020494691185484	0.006053430699979225	0.005604704239469617	0.0839445490718386	0.23442193545314402	2669.60938036754
-3955.7692558326935	12.464357665429718	0.09353390399510303	0.24399070820310728	0.5154539542763129	0.224494720848058	910.6527738025397
-7144.8113206069065	4.438630423227592	0.06153942159966585	0.25571187719290916	0.5458428515403732	0.23232542525888553	1281.971284318316
-4766.273216550521	8.021276427306198	0.05152491451848817	0.2946065120931298	1.4304437731162334	0.2549688875139579	1038.0507002893328
-2741.8267001659015	18.38540207425102	0.040363328871181395	1.6478794332780302	2.669392997261153	0.22325024965458962	694.9485163867411
-6528.062452134936	4.712408802431209	0.061060734966613295	0.16149019086164587	0.9138714116876846	0.24269664014109227	1414.244589142633
-7663.565524030852	4.380146630486004	0.06161295352643616	0.07140927947689701	0.008061946062534603	0.19398870029258897	1729.2537351040887
-2809.527459945758	23.050911719592996	0.051862150668746984	0.46662146598471543	1.5106614430199565	0.21150543363982047	652.898641035074
-3463.928797723511	12.487528029431799	0.03873813178327225	0.36166202125560754	2.5225055303018484	0.2247311020898821	923.3392654673863
-3444.9108196035627	16.688669172690876	0.12662416971422488	0.3298878387578775	0.4907017274915367	0.23789615071508807	733.1297363846285
-4092.7355408754474	7.23418123149012	0.019521484281542156	0.8671033941199504	3.6088718814058485	0.24739964589196545	1179.8563715084158
-14549.465220150636	0.7689698664815757	0.001168148294030069	0.001	0.08936398653764457	0.22186775611799742	2693.101188964919
-7787.468612902141	3.9253022383129723	0.06986985271913441	0.11480326260427616	0.22303144863557642	0.3132619081045284	1591.4041883584391
-2863.431687918725	22.719555279248297	0.0830931800175277	0.4090224293215006	1.1690199931030847	0.23263742574671964	657.1627634758873
-3449.570954648391	21.317776813906036	0.15395488395926862	0.24575889130372464	0.1561336498335001	0.23370629847344754	774.5334857204331
-4828.07458508476	8.719243300231915	0.10724309614008655	0.21684717287212313	0.37776435644194684	0.22949514187653536	1043.0326341097918
-4706.893763938866	9.291323540752584	0.10526489084294068	0.20621056828064274	0.3192054967063456	0.21885684261264585	1041.6517451682034
-3153.9781930794643	13.09797131586584	0.02685844692117989	0.3797425522879318	3.809177013124337	0.22707980159855864	1008.2380940136775
-10880.625338025266	1.9403977196138082	0.03608166118988749	0.06142792435976686	0.5576289118651401	0.1569595558727418	2160.29312335027
-4634.813127486705	9.455941350590967	0.1126738111740671	0.2120474381996435	0.3660399379901157	0.22196245761092376	1025.2216804328964
-2669.311696467526	30.473870022289567	0.08389449652539928	0.4171928813407413	1.1374076379152624	0.2245209227052551	605.5824910409372
-3115.9904053567566	13.855080447725646	0.042780210411027475	0.5997308493310242	3.0589313360949135	0.2214689456033201	847.9883295815646
-3627.2887362540496	15.555544365325467	0.12039375006702929	0.2588562820041168	0.37805913128246255	0.22409725853305099	827.1262247701451
-5166.214732791028	7.311999979426603	0.052888792162294085	0.453608532894244	1.5588922722093523	0.22292438583770552	971.2728767835175
-5555.567732740589	6.649013497802708	0.08234892916159274	0.19554946150742603	0.5406561870282106	0.19677443486105012	1185.6648829660776
-3317.0969609974454	17.655444825447038	0.09968913675984885	0.4375051834099851	0.7265496407445267	0.23165936156554193	656.0882556832074
-2920.76840645118	19.4364964702494	0.0487282137168909	1.0027043894466545	2.0847511833347405	0.22215824938509046	616.4892738170327
-3723.4397447941033	9.062045130795441	0.023437891336807442	0.5380131773711617	3.6370712675754278	0.21800411224294575	1075.79051784318
-14476.605368835644	0.8841996714771403	0.0011627319401737164	0.001	0.119051571393333	0.2501581586190283	2687.1159900666094
-4958.808105475408	7.6570546291064945	0.06445929718431646	0.3147022609386352	1.2544497111918338	0.21475401051938092	1019.106218783274
-3545.2660923709395	14.62872714011227	0.09615141362310138	0.28505332344996354	0.8967692006998331	0.21154066033966384	834.3288670571184
-7286.066427081478	4.940116468287815	0.16186845659137028	0.26314675111241964	0.07129121557061849	0.2412690645583052	1162.0544040730017
-5847.654854125418	6.1686693367164125	0.06467749965614682	0.3785609756477527	1.1052051081292482	0.21617779210311847	1046.3859525977841
-4279.438421473276	10.048606361272709	0.07916534609717922	0.3445635781151703	1.1390464419023354	0.2406776234118722	891.0337304730565
-14372.250132479003	0.9928319480742847	0.0026403622973231664	0.0018889720300992085	0.0684323391944667	0.21454079119426644	2678.0100720370187
-4160.843901635306	9.266995601047961	0.015956267385147535	0.5185546507270361	2.687880547165486	0.20473961947730318	989.3754514344488
-4251.789978410779	10.708840142757035	0.06486565757262522	0.17911425130771746	1.0169538345685654	0.205636669530672	1096.4999141530195
-5644.82914795964	6.569145658552109	0.08007651671667514	0.17119529609856787	0.3628252299322332	0.2438791628799172	1234.9527559409382
-4118.479839811924	11.298282315721337	0.10284645366022148	0.33840626079070757	0.7682376486437484	0.21687915584824088	836.1150188572857
-4539.071891922811	9.894191268005171	0.09935554930939648	0.24031943880388323	0.6899803674815277	0.1708248106267474	982.2581678917423
-9118.040855132082	4.144507804798478	0.05603741710874587	0.10459550255136632	0.5152638266517151	0.4782608704223989	1617.4373396234598
-2956.766960741331	17.578119550531234	0.026783453882392266	0.8681008677432817	2.436577139597989	0.21271290670436757	706.2990408473743
-5097.95714100529	7.241570549180698	0.07632101146161738	0.2696213395375748	1.16728304498175	0.2265935147078799	1074.4957818144596
-4379.892793654019	5.70981219264505	0.01966631754027834	1.1615344742461295	3.7928099879422508	0.23452185249711607	1369.7975407988638
-3953.64319480929	11.362562997770446	0.05759647810721607	0.4752420886177833	1.5631388344556199	0.22275553663040884	809.6684314107883
-10351.451672097262	2.2557216143100174	0.052645709606461887	0.07493845645341543	0.02916656018539076	0.16366760933693517	2005.842590902725
-6525.013008751611	5.0317247915170356	0.06799384788550361	0.16752449151973073	0.8053648223122671	0.3050667395486453	1365.5537475659708
-4943.867603362626	9.500544045376614	0.0647324057554888	0.11826661527804214	0.5076299829084091	0.21882965739675828	1290.181839439961
-3387.781432454293	16.764269656163492	0.11151520842210247	0.33487748138981144	1.1316248371365554	0.1820164011550785	761.4135483665784
-2592.3222530412872	18.16974843073142	0.029473540439027283	0.8277175785579153	3.7692395301023613	0.2562766186786414	854.6622058340893
-3422.4250098595094	15.241751960179114	0.064187409436167	0.49758212816968767	1.3979711488974254	0.20440579780366025	708.7988690557133
-5174.7496144776505	7.7238830902560585	0.06075226404099179	0.4314738209403917	1.171900666955295	0.25343902703204635	930.7785877466029
-3298.5332420259706	14.73417588244638	0.05900523411215311	0.5052655113465858	1.9835367134268402	0.2297656059445033	758.1852120546567
-3746.682750429192	12.068176321841667	0.05189392546731372	0.24925353977720832	1.8142484636522833	0.24504899631329946	986.4350061734675
-2492.0087489284356	23.03032762669257	0.03271281649667583	0.6900298043532339	3.666083521590062	0.25354748638951125	794.2494286926075
-2769.068312930516	22.24594275538604	0.05028447899733138	0.5808122669688555	1.8102790298413862	0.2387342156892853	636.1941018886739
-4641.4030471989945	10.098692571270792	0.12343424056339851	0.4439613154559072	0.8296264986473573	0.2710411324646057	791.2837099915023
-3850.7680365319634	13.212458954913764	0.08275099305088515	0.6358544394116707	1.6289811518479922	0.17993647284974856	705.5731494571851
-4246.942077501192	13.021769659089363	0.15035169152783665	0.2589349192536665	0.06859576539311298	0.23777604218674392	850.1472984261784
-4404.273492366954	11.473489664299574	0.13112996005995337	0.23108280792200467	0.13210232837096542	0.2098228845533549	928.8079237229168
-2343.638112203212	20.226681851430598	0.027113066483600352	1.0192737221731933	4.7206007878601515	0.20841711820120162	968.7673371288852
-7235.048412100479	3.9564693572012573	0.04994396803645406	0.10068529878513845	1.1953648442974114	0.23063906626273534	1669.994820894645
-14645.884574207013	0.7936794854078121	0.0017782625993437223	0.0017364448091756123	0.20057254306216002	0.26640912268624617	2697.1274198344563
-2860.5337949258014	26.713664759776204	0.13483705919377142	0.37465469286427	0.6109208969777583	0.22757409319324326	616.3684381680417
-3394.2888201487285	16.47698211006193	0.04900395029833333	0.8002272878598683	1.5584109477913906	0.21980046104811815	624.0488194125691
-3993.5018530988905	12.11288625447756	0.10638197910738907	0.3391797934463736	0.666021632548287	0.22170988981836465	811.0633485321304
-3035.8926652124974	18.137518530467162	0.0650307628850853	0.3822578326918502	1.730894995190899	0.22853202444852141	756.6671658245511
-4945.938982932822	7.562567903078052	0.05238431880846776	0.1905020419140775	1.2496644513487847	0.24211291623673548	1191.1918385496017
-3917.347274483306	12.16454064557002	0.08698588537678413	0.37295326642125376	0.9249737111910086	0.22833344914331624	800.6929261489929
-3484.470046296221	13.574829601687517	0.03633708408975621	0.5647732133534887	2.201707724556078	0.17966419180917995	790.3437532188295
-5694.543816074342	6.403650091068399	0.09716567656815531	0.26879943598622413	0.7602733375950551	0.261643927663853	1094.739018297897
-6015.433851312242	5.058343732481085	0.04445641590013732	0.1598229198517771	2.1516699546603606	0.2308521534317719	1443.4550244032237
-5569.802477606569	8.33430568953256	0.2859763264597444	0.19560028664770485	0.35850839691069303	0.23439631896636404	1044.724115679791
-4405.621385012447	13.046062510640885	0.02672079328852127	0.5117218719257333	3.194411573947672	0.42095334432295	913.9327944681655
-2528.230493112119	20.86424949564686	0.03257064787714011	0.9254438637996746	3.1178606775978333	0.21594341047247487	738.8699888999439
-15283.042006019896	0.3902707675066686	0.0011650959742743807	0.001	0.06832093299382322	0.2660287707538088	2736.4327660821637
-3985.0219866173766	8.773925694617033	0.02239500996514108	0.4993416440665521	3.2037847786394873	0.22662296508138408	1053.552269746185
-8370.614122740242	3.7336701199562197	0.14152554365675635	0.1872457080643718	0.001	0.24764987870724844	1405.3657649696627
-4070.5576689237437	10.277060584617905	0.042322782919966065	0.1952362855238909	2.8046659155707125	0.21081276996386694	1164.1797724346818
-5109.324099383093	7.771878513103358	0.04772176440366578	0.23288721938992757	0.7888558112107867	0.19234885821294567	1094.4186859918157
-9765.843299024853	2.4748825122951925	0.07295789299015595	0.08858364317201012	0.015167918246747677	0.24897098169917736	1890.8385123067003
-14585.100709612827	0.7362312691426676	0.0011730877035683353	0.001	0.001	0.23592219772094805	2695.084001226001
-2608.846105819777	32.319070841373865	0.11036643279305887	0.5439394455659189	0.9260200217137983	0.22737838861112997	513.2608751242055
-3595.0045846562925	15.733326618419547	0.13247560076212803	0.35027685365383165	0.45240383534645023	0.25530469689746627	723.9251475316116
-4182.318443011615	10.851924500585401	0.09854730638787633	0.25008374021363566	0.6794673422049134	0.21330650514907712	942.4833524559352
-4066.4262207840598	15.625628629967531	0.1490942438244335	0.27798577531608337	0.03142463488362501	0.2555533530398203	783.273473165812
-14815.342118441376	0.5816441751925958	0.0010401811739977913	0.001	0.07382574466210169	0.19853124585990017	2708.8099449253564
-11849.591905322102	1.831917680142186	0.0291398676484668	0.031316460428295494	0.3038140274862531	0.34483233381532	2329.7865351021455
-6586.80180157574	4.85385726291667	0.07044593017281385	0.15209667020289605	0.46963937893000257	0.2394784830681843	1403.922167318305
-2508.9136206763856	31.67740548581117	0.06891250374582834	0.7238190945254679	1.5863171183206457	0.23104540622515696	517.7858946258243
-14646.494410492482	0.719822114743169	0.0011189862059031023	0.0010078728564593407	0.06366663047381117	0.2613324508246832	2696.7689296129615
-7899.093918480725	6.6119892441667645	0.1012560587812098	0.1597886115750203	0.16324181165594356	0.49424334759689686	1244.9859929615013
-4439.151259044327	10.80761898703885	0.1601119937793776	0.2786178743716823	0.9342790464407698	0.17123286428216497	899.8202516788523
-14515.711514842345	0.9006498735774138	0.0013468796550562777	0.0011481980427230963	0.03996177708693216	0.18466224391832267	2686.377960839807
-4964.196906623827	8.661287361645703	0.12762350131909445	0.2534034346599003	0.2731690002988144	0.2351169012042552	980.4898018288795
-4856.621875177618	7.4588470195735495	0.04814980726456142	0.19089779222842046	1.905656159102125	0.21828625742597488	1224.8186604718476
-5726.254417921299	7.002373873901821	0.09694915157783385	0.13891536440576305	0.08306788872816923	0.23317329707463172	1282.0422360554924
-9775.73064926817	2.3814458803999914	0.040404186677257696	0.060921042743439215	0.701848593670712	0.28134501235499537	2055.796503506557
-2510.165092467362	25.27787396591179	0.03116654667009638	0.6643620684389748	2.790346030442689	0.21611216154845422	692.8720212573295
-4349.24907955998	11.176094915168628	0.1094573271116444	0.21456290743025497	0.2712293302177139	0.20190487972585042	973.2943063356357
-3903.7765575825083	11.122946146703693	0.054161110216418056	0.2557576403902239	1.6454492926930466	0.21976065895362965	989.7604278073288
-5210.867062369462	6.731058660809437	0.04811825202114037	0.26958123351805896	1.977927858687007	0.17471335077501074	1159.812815408964
-4580.776569260585	8.590473052711916	0.07393979616161142	0.30971613103851914	1.392560417744606	0.23006295051102152	986.3297629241288
-12393.155033946134	1.5686126154410078	0.0524666840410812	0.055414917394568795	0.0013682575327394464	0.14127032968524095	2267.323129439963
-6284.730181791039	4.984480046447308	0.06933861460108826	0.1850470682429507	1.0701273270058718	0.22220343356863947	1343.6487224282864
-3426.461283896332	12.642865988516167	0.038126249478188504	0.7906284347084616	2.553694979885991	0.22157053656950168	801.3727943896539
-3730.399290073583	10.53900972628222	0.033950399966254166	0.3540645132225922	2.81500475272574	0.22286459754163232	1001.0375173677659
-4938.872960059746	7.749513201605717	0.07425830528382432	0.18917949135324988	0.9540651927001221	0.2178263390956368	1162.7855072535028
-2398.1648139292656	32.272106478233944	0.05099493463843063	0.936971496096332	2.3220697717927234	0.2253176627213587	559.4057338394942
-2827.918614276786	20.85547317099118	0.05543289538358315	0.4973898257905466	1.8205472416218202	0.22682685917896167	677.3799996841911
-2700.928253266588	15.779179861246277	0.031149973973414548	2.98818925084633	3.144215313347611	0.21812252396088422	829.6612817088433
-15152.885449467807	0.4280879150826562	0.0011652517151312346	0.001	0.19828729480156151	0.26198494961212193	2728.8882630486983
-14618.816881611418	0.7096910206812197	0.0013106843052112353	0.001	0.0219839523343897	0.2340464680376901	2695.8033907354497
-4639.176305092873	9.915376636799827	0.11925175633692398	0.27011049040167245	0.25425952282569403	0.23165298103093157	919.5010243694445
-3053.6406859772687	21.09574710743357	0.10711527300273634	0.43574057321610965	0.7112832553004688	0.23412475789913426	621.0196900548634
-8038.488117810054	5.411929101125284	0.0872538917658143	0.1425141974527321	0.3053671436260831	0.46694118308185467	1371.0524836634977
-2871.1412234983864	20.761583186008462	0.06374262639968463	0.5312608004850179	1.6264719968715537	0.2255865907806421	646.8499346869064
-4798.633591621778	8.13029606703277	0.07720003966238836	0.24991803396191986	1.003444652059824	0.24639637966273753	1050.6284093790507
-3237.8799884768705	18.056707183083006	0.09051614645998494	0.293282264363084	0.8599876264595679	0.22969654094359826	781.0286737814412
-7599.403467927497	4.232825103696186	0.09905353525315895	0.1077199649720224	0.01721838229232396	0.18445816650499414	1560.3839300875695
-2970.817985900747	20.07076709737022	0.06783707414821888	0.3772966346241984	1.3779425306779487	0.22500955196398142	718.0917172563495
-5681.3335052414595	6.445702094111219	0.08890575305406075	0.157823025171153	0.4080375679531556	0.2183785550969221	1269.863185106164
-4213.768212977776	11.667682580186929	0.09826123429857817	0.1890759388283886	0.5031527081742635	0.2651390124559644	1023.0333741165452
-3159.307857299437	17.664312937984107	0.07644491122953505	0.392394156961246	1.2292725393875747	0.2151803796206946	720.4052591276081
-3057.034049268254	23.03169020942189	0.15609656629307866	0.36099532057600525	0.4309398196435703	0.23541351436309108	638.7816551084311
-14502.520336125599	0.8213213154780681	0.0011681013491377922	0.001	0.29039955180593985	0.23041498065787963	2690.213200082759
-3380.466373563559	16.498901327971865	0.1029236647268362	0.32916336580651634	0.706964255160998	0.23342621371023314	751.0711503423476
-3297.0355466457036	17.427089090795786	0.10302122760350756	0.3966705599367321	0.7641139807494233	0.23658169627888342	686.9939911916715
-3629.8661805490647	11.64982929228755	0.029332525458124974	0.26388630486882186	3.12582837053869	0.20531277481141205	1068.5219953915143
-4264.351940184958	9.647212661269165	0.0482497872478079	0.25681549117779995	1.4830772423478908	0.25131077862942397	1024.3631524235475
-9702.173157297602	2.411638216589708	0.05695958310883476	0.09203200220636469	0.2403853879247659	0.2657327300356867	1913.01720978484
-4772.1576352405755	9.066935741948544	0.0963667309573187	0.19844094288972408	0.31228393415985894	0.2328370733348015	1066.1195147664598
-3325.424907374831	15.375756161918062	0.08317360649735807	0.5191872351080753	1.8551554340777525	0.21381729066502778	722.6803966018676
-4781.169263759945	8.710786218511949	0.09219510595938843	0.1829822447371465	0.5344417126678095	0.21645270341569153	1117.5692409798803
-8074.744218908094	3.515826524112521	0.04945774957731561	0.38919736070563793	1.165874798603722	0.24742008582178973	1346.8497672802512
-5993.394991648463	5.515569770435881	0.061826208600424766	0.14064826229001687	0.9969490648801818	0.22148693783519077	1401.215435131597
-6910.460800575438	4.540224147897985	0.09512467862821292	0.14761914674195126	0.3476847885957876	0.2317165785593166	1425.656256882149
-5860.310258414892	5.823950471188615	0.08274048499097592	0.17791358897529425	0.7119785198133881	0.22882827133261602	1274.1984352692605
-4859.732642178664	7.66139559402085	0.048952514008178113	0.42592647311550746	1.8448325174610467	0.22267043844528428	989.5950539043067
-3033.100653404029	16.11229954385201	0.03340111078866902	0.3675477357222428	2.97673276271172	0.20709757874412543	893.7396898016179
-14710.608465840241	0.6331548646481511	0.0011678293577109164	0.001	0.05249255612131179	0.24109190006852652	2702.903970560385
-3904.5652294348465	11.571595367623086	0.07703625111728821	0.2926344853050683	1.1490178394120074	0.22860728184239906	901.1275509717074
-5693.123022838778	8.734079208993748	0.08103230191409472	0.25405606302771333	1.395576810157215	0.42116833814359445	1037.5238995242514
-3157.7181038656345	16.896267094190577	0.05217151096980765	0.4164928740601221	1.7508653155177916	0.26033284615091284	756.3915877437325
-6180.944672007154	5.552283615841085	0.05617367691784445	0.11938346848423624	0.5789552594142546	0.21603192959534467	1454.589887651412
-6809.064530923189	4.432607185837743	0.07548259856488933	0.15381767386883513	0.7435855805034698	0.22821619492355277	1443.1612114257173
-8701.511133703103	3.1930503622319235	0.07569522453169227	0.18959685626640405	0.16100633589386987	0.23255125926235912	1527.0846297748255
-3618.721407453185	12.49502203772726	0.04903322078974519	0.3109191193856865	1.8263040164201116	0.23729658160456304	911.7719106535573
-4645.827803475955	9.078718720708945	0.09276581335508866	0.20554107192357474	0.5456133746100765	0.2345213543221623	1061.091883448011
-7414.623943813826	3.9343198789905625	0.06597107709930135	0.10936100295303787	0.6028823309128732	0.19419784087526246	1617.6008969424302
-5111.198753265111	6.089709094901148	0.021591256502574416	0.6078624301751114	2.887952302041277	0.2271399019160293	1165.373928644687
-6291.0583986110805	4.837570802906809	0.05010243666491662	0.19294086350331346	1.4332032560260999	0.2343724391590089	1371.0053608123394
-10641.230509457715	2.027209663576126	0.04639826891859361	0.056758111612744154	0.23877115725986078	0.2655631082502235	2138.097593687635
-14659.035623359181	0.6727881490637532	0.0011675229390310262	0.001	0.1488135465455218	0.2408429717333795	2699.677069264703
-6491.066044275223	5.038210091765926	0.08676158885351258	0.27754538752018876	0.8784738798060048	0.22709705066157976	1196.4162282430136
-4031.3551032793316	12.953338520998328	0.11274243723483737	0.20070196835903045	0.3347723046198602	0.2243246644021678	964.9407307992709
-6846.018539303101	4.232892883815514	0.07205593637466558	0.1727836000238486	1.3960300184950118	0.24907584986066816	1448.022746603413
-14642.951350265374	0.6784512841387533	0.0011658740860407187	0.001	0.27598796635918954	0.22630791067141665	2699.2899080765683
-11343.482823723143	1.7934759671619442	0.03018360064989426	0.055152221649799556	0.08561319992222895	0.24592591774532666	2228.384540702085
-3818.225484326503	12.72362550333835	0.08771196116429365	0.27722639724763853	0.8382212442685117	0.2548441126812055	876.1205634147757
-2533.9329073635236	24.725991557899718	0.03483253456994665	1.937697894870211	4.809432665754946	0.2772947391916507	952.0348951592376
-14810.077587645177	0.585383624213284	0.001166188073395981	0.001	0.06599288036637976	0.1954237552207003	2707.4055876610832
-3293.494529044884	16.5823620450506	0.11053231362841746	0.3550640311266376	1.2032373890113768	0.2293019311746271	750.3471906808716
-5162.714178301978	6.759781214423706	0.06076311951945743	0.21722674361338112	1.8734979782867858	0.2635830826833047	1207.095149773441
-4476.34541688446	8.428459126582482	0.04193935771733101	0.2448939753173822	1.9509919873447714	0.23433104813877143	1110.071339404738
-2620.1073565782376	10.954593177029363	0.016977984560626075	0.8398767698820729	5.5162183441381325	0.2104228893908275	1289.7922189603337
-14448.35971780124	0.9004768606912885	0.0016664600112918607	0.0014396456749201736	0.0422148692016956	0.21465911239588495	2686.7056463495014
-5912.907105545236	6.284646516847781	0.1290120663437519	0.15690374717985842	0.2627788892193451	0.2406763358954483	1260.2584653282192
-14668.130480346075	0.7640181562159619	0.0011643855509670183	0.001	0.1132438155767032	0.17474726409648203	2693.435911625579
-12426.78221016537	1.4418465690412807	0.04211569188319222	0.050104390400140565	0.04656053918452959	0.22196729010331018	2345.6501374202394
-4773.464110643565	7.430305146436542	0.0413862842892622	0.3172526282725175	2.1112842785256074	0.22181031101383172	1092.459922583103
-2938.1780428500574	23.95251338876493	0.142337645677524	0.4176221178241177	0.609340872117038	0.22851709007473528	600.2338508566025
-7523.27605221733	4.276577184647251	0.09629829656934323	0.18428608067546873	0.07061103306269688	0.21491986717388054	1369.9716247056208
-5964.1187103154325	10.15627466908076	0.08173568075168919	0.8029057227307397	0.94678306097232	0.39814896804197875	686.3018762133175
-6840.424457903777	5.033607570336138	0.1546707900792728	0.178577779621566	0.16847354784244872	0.20421498566044632	1284.34563863233
-7607.581121886799	3.9701981951739023	0.07322732039978191	0.1278881360367255	0.10765749059971261	0.22065032158696446	1543.845224986095
-6216.757838234284	5.65801202954705	0.09957929732448986	0.1450558146800112	0.23823153703307104	0.2433682492835632	1340.074696998745
-4622.416473608578	9.438676440725068	0.06455711438040809	0.14820651288365422	0.9211529952656291	0.23126887140271346	1204.2496595643631
-3731.735786551485	13.38349396808668	0.08064858094226406	0.23716460191613484	1.1599784049483288	0.26617033297710124	934.8396570913219
-5815.709656531778	6.666312145560878	0.08916587849613074	0.2534354692110439	0.32630856091344407	0.27185648758497016	1085.0523941141462
-4613.542664090153	9.779385715795836	0.07198474687452512	0.1431796381144228	0.8488837371706354	0.2473634140006429	1203.8804285613014
-3097.7705989780393	19.31629037085581	0.1042979488115754	0.45395715613273174	1.013275365266764	0.23105678801784976	644.6142761925167
-9108.414886932376	2.8205288976081992	0.05264639744445349	0.07043818753171002	0.1265714049401624	0.20987267996764788	1915.947238726452
-8601.44092103404	3.725896798143347	0.0498335357284342	0.12195137170083534	0.4122738654296251	0.4001113806908447	1613.059187717886
-4822.569182166217	6.664921872784221	0.026817998616378645	0.41477284903738926	3.3135936770751946	0.284702690864225	1190.3274315278961
-4595.41486709184	8.855637868841765	0.07014613727328496	0.2002468912488387	0.9699715627965035	0.2113769779394902	1102.5474134673918
-16341.205509055624	0.8234083216566346	0.0011649894734678471	0.001	0.16325282912907585	0.4740137794995502	2690.0921066268047
-3060.2647588396153	18.562043874473645	0.07152796106102612	0.38570829281265795	1.366407105072126	0.23005771153571866	724.9659360283785
-5000.099088781688	8.00135011474611	0.09442325828628832	0.24771111324881695	0.560324287181687	0.22128856882350992	1034.2290895317985
-4683.299427422955	9.594989489371667	0.059812748931733724	0.13329037089775406	1.0176509483538914	0.219143609759616	1250.7106341316276
-8118.645579564342	3.1808137838283654	0.04061118130713995	0.08567420021661312	1.4036978396547846	0.22718033303395138	1833.320907994805
-10423.140868789887	2.1321245372423876	0.059572401145139633	0.09458387065950384	0.11578906499789043	0.26846792150120263	1971.396413838984
-2460.7782979973854	22.064226057437114	0.033299433910223095	0.6228962776756273	4.103527750720853	0.21357455864875935	853.0678064280476
-4592.5675275411595	9.421434369654524	0.09069690804110589	0.3270543186901867	0.7005793447450823	0.23204558519123786	899.7199801897779
-2587.482573183438	27.869339092081557	0.07214449958083244	0.7040245324119662	1.661757736273315	0.22920429411087204	545.8045861795363
-15321.812133093608	0.6926314656070601	0.0011320295005101575	0.001	0.004964218698083772	0.37299295034655744	2698.4223778033997
-2367.5794923288454	12.742835036457135	0.018298543678621704	0.9453742809992192	6.653199222456994	0.21001621226870212	1418.0091906499777
-5363.6623049810905	7.044042512312372	0.05168144051802479	0.20952645989806412	1.636481524288998	0.32669003071266645	1199.6755300955053
-5029.27399674119	8.637960789903532	0.10193474178087071	0.18721495445165165	0.15993935453795274	0.24172643791500617	1096.9290188555092
-11690.238097433197	1.6968054841327562	0.03274703549170606	0.0349173749864761	0.12099427190273827	0.22119365996146192	2335.254241780822
-3178.4422552953806	25.807777042786917	0.19831062310743125	0.36857792307884646	0.13272749580953924	0.24217113606525098	597.3205756920868
-6647.80607724347	4.349215529466195	0.026174377053289056	0.43742848995764494	2.26399412946921	0.1950463242718644	1311.7882280866486
-3815.098405617162	13.52535443231273	0.11520641434596676	0.24638525872964884	0.5016612144103636	0.21633510405519116	881.5401277839289
-3940.4993884726014	12.886879370975466	0.09079671133911608	0.25166097499331347	0.4570594858087229	0.2503007908178985	889.7290761273849
-4341.416033982583	10.636094024715987	0.08877817205646796	0.2511297425261678	0.4563532882956025	0.2089133593954369	940.705774112169
-3503.7876020707495	15.061272422039789	0.09262859909773867	0.31477021833460533	0.7860212959113777	0.2263076811745681	791.1636969384737
-2816.525773793806	22.014448469210805	0.06770531345071126	0.5287914156362038	1.561004563836396	0.22529918763627643	631.0586285866809
-2722.3692103313433	15.836684212235248	0.027261760276923525	1.1331804898631175	3.3449751611342173	0.19268806065809746	841.8369338232905
-3158.321357158497	9.904568248049157	0.018876003551266	1.5200801819027379	3.9198206147041366	0.17054693556879674	1131.4905152012789
-2446.3704233420467	23.102783021350348	0.03521866389018219	2.149067271297166	3.1426670042814444	0.2437469602273246	726.4225605792966
-3291.80594805532	5.266613811849204	0.013746059269372397	1.4097164653420995	6.345821239061714	0.2242820283389465	1939.2512472585563
-14458.731782618244	0.9758529649751863	0.001	0.001	0.1372180790697995	0.26331512771993437	2684.5527464146103
-6134.897865490419	6.608103428306041	0.14126187798981385	0.3632022936351799	0.31839749922618116	0.20915571115441028	960.8582214562298
-4450.630538515519	10.857982475940299	0.12231903025455416	0.21116196889424568	0.1944552559752181	0.2453620821111613	981.1616923956647
-3184.5918624003593	17.44160713681049	0.07556227512911501	0.3483815224736694	1.191907714131928	0.23600649952598085	754.825353416328
-3525.6564367237524	17.50230962566773	0.11366024848101067	0.6096294019179433	0.7173136209360783	0.23575659445980218	575.4091394900199
-4006.9352809739444	12.207428132746758	0.10235819217475547	0.24977735811255586	0.4792369887324349	0.22101355790477487	903.5046812728199
-5620.898834243014	7.28485177006143	0.07160228793323375	0.09973456678208946	0.7407872263066323	0.22336060840275238	1437.876647397408
-7760.9248216109845	3.628749736770211	0.06921647342817167	0.11170142752412189	0.3929341540788369	0.24263060289083488	1639.705173246375
-3242.3293545403235	14.77736752273855	0.0520688945772427	0.5290853215719725	2.2633296029944763	0.2495162757081484	774.2827339240603
-14492.04002350443	0.8585448454403128	0.001445558723101004	0.0012766882494520053	0.3019773870364721	0.20772570084604078	2689.3444603333924
-4339.207195579477	11.138341548803083	0.15797146345244886	0.2710277040364338	0.3066473656165251	0.2434081003775007	878.9407974273031
-2620.304104883376	25.353090649099073	0.04294689126001965	0.44393394644949535	2.6789509676452274	0.22717413795297148	738.5284124319166
