# /groups/rgutenk/lnt/software/anaconda3/envs/donni/bin/dadi-cli InferDM --fs input_fs/fs_026 --model split_mig --grids 178 196 214 --lbounds 1e-3 1e-3 1e-3 1e-3 0 --ubounds 1.1e2 1.1e2 3 12 0.5 --output inference/fs_026 --cpus 10 --force-convergence --delta-ll .001
# Log(likelihood)	nu1	nu2	T	m	misid	theta
-5793.766519536434	0.4479309084048946	0.3401556182382146	0.44957647759297353	1.0839891438993075	0.13292510578351535	640.903332466657
-5778.707514320273	0.329862711330335	0.2479929786810822	0.2592838033077647	1.5167821082148838	0.12770761276256712	767.4946732248249
-5774.893661553787	0.3456101402361864	0.26020730085487603	0.32335580806420794	1.4786723829867794	0.12149183647023779	755.841453362154
-5775.263548848548	0.34305852412525556	0.2567768725125395	0.30866741869589565	1.4848640936018875	0.12352211256293762	758.558124031426
-5847.049156991645	0.5321715742576133	0.3709768916917314	0.29393038455475085	0.7892822610898689	0.14146605205135537	585.6178998048163
-5789.193181498331	0.293410483965986	0.21992583931076776	0.2033489012624273	1.634681202583398	0.12616972247352257	808.3194065219602
-5789.261272926282	0.3646206482692689	0.27647339493241035	0.24565941644252226	1.2215831705098292	0.12717960755839966	716.9180473442938
-5776.951058867111	0.37746990657427354	0.28650837676187346	0.4072812213079959	1.3576837015103491	0.12315237649448987	719.1634452459016
-5774.312255239889	0.3554385387369539	0.2689777798833238	0.4088376829370622	1.4655303480537243	0.1251374904152621	750.6921464154341
-5773.625671167299	0.344408096048068	0.2587587647817053	0.37623074877378165	1.5282081801094791	0.12270135386748864	765.3942661659876
-5793.787807690641	0.43114855281563735	0.32727224951663764	0.3660173128129685	1.078307985108022	0.1289605988395628	655.0320685955355
-5773.76807182092	0.347796515079757	0.26293054288884155	0.45500402362072406	1.528427187577691	0.12405719313813064	767.174520425498
-5773.278711971083	0.3331029369862412	0.250946355217503	0.39051718312140826	1.5941859363709217	0.12309069593366456	784.5836041674961
-5773.307040818102	0.3320485630090647	0.2503985660576127	0.4598161823478977	1.618904434585334	0.12302141838638324	794.604943771819
-5786.596095270158	0.425433745424892	0.3243608858504179	0.48382495341676024	1.1753945075067445	0.12706630077955003	664.2570073380119
-5777.7501492677875	0.38008932286559916	0.28923728569177287	0.3794463441005422	1.3319108912959672	0.12915170043711563	713.004604725421
-5899.718119472097	0.342679006467248	0.24104341486117348	0.1272241943067593	0.7963692061422523	0.12146629023339696	723.440213922428
-5773.4923955553395	0.3273709789224084	0.24691326696148153	0.5225105477206263	1.6538712946284604	0.12362918544826451	809.634768110797
-5773.755047860255	0.33853937941205087	0.25808137886133364	0.4525799962272971	1.5533410300646113	0.12753271739922456	779.8006148731946
-5779.816002103073	0.3870611115937537	0.2905033507738428	0.3661765137421595	1.2798754649260853	0.12447130414351076	706.0862468858362
-5773.286208495106	0.3281748891687536	0.2474997458869497	0.3931094862235135	1.620103615417815	0.12304164772023633	792.9158414202843
-5773.260673485544	0.33332977056801055	0.2511341122758573	0.3965749021958222	1.5949934013734206	0.1230569509507365	784.9986597886541
-5773.232844584289	0.330431588399197	0.2487972861823001	0.41549930504057986	1.6209967047401181	0.12277805701934001	792.5138725715863
-5801.374290111764	0.4431329238923492	0.3327829462670642	0.33158246160660493	1.0186535222324458	0.13922883668671387	644.0317736274878
-5774.532226709878	0.34419372009610905	0.25838268224756844	0.3292972425329568	1.491594569979691	0.12375530860381263	759.4427945008608
-5773.374338272548	0.3394465635628402	0.2557877438868936	0.3941757811748973	1.5565259321823688	0.12346444928648694	774.6795260587229
-5773.239808908989	0.33190493984061675	0.2502294144157236	0.4303302690379323	1.6138364503747171	0.12312639662353284	791.500436142369
-5773.360496880524	0.3336573605718694	0.25125890179122284	0.3758938665000146	1.5846708715636844	0.12307370649845557	781.7634097804774
-5773.28875292302	0.33076351122526687	0.2489628617962844	0.3877729489386211	1.6083388802093728	0.1226877569176294	788.3162557475193
-5794.360125613058	0.41686457290298473	0.31331796413111396	0.31187853893301953	1.1220199069446213	0.14902236057746435	668.4126930851746
-5773.274518831625	0.3330293804163118	0.25089451541141466	0.3915497107026731	1.5950772100601498	0.12309228237031905	784.8410255667069
-5773.230246869094	0.33102027933518857	0.24948976347631333	0.42025704224914023	1.6167559311619422	0.12294269372877584	791.8495063812344
-5865.417716588163	0.459729684142212	0.3463238703716525	0.24729319235210825	0.700826627268315	0.1306343618908345	624.9210133952506
-5773.652599481897	0.3359467593624483	0.25582120772810274	0.5120261347877783	1.5984984926184531	0.12384374769615375	790.4641865210884
-5786.890301469134	0.41755895052589015	0.30994033191009934	0.35977411511312235	1.1637580508171512	0.12482565543022502	673.1667276411257
-5964.124104599393	0.7329061167859685	0.5315831238959088	0.4467211456604048	0.4927006563713379	0.16654142234163244	468.7376289016028
-5773.407073166649	0.3399270093178426	0.2566393225655313	0.4375961987851335	1.5644031588053906	0.12394341680573609	778.463873195152
-5773.305435180515	0.3328922034393974	0.25068238004199866	0.384237022579751	1.5941080355556478	0.12339585149786012	784.1831222787845
-5773.332941674123	0.3328775149897761	0.2510554949273514	0.3818448204431262	1.5862439833948072	0.12241451592702587	783.4710305446921
-5775.338689407326	0.3127496461313604	0.2378436852327495	0.30440201111328086	1.6452752579213483	0.12345305484949051	801.6578847635282
-5773.2978352294285	0.33333526259425356	0.2511011045217893	0.38628068656998465	1.5910245294122196	0.12310709776359811	783.645674103593
-5773.72936371721	0.30707581829699504	0.23134470869956417	0.7093925938519251	1.7767225790697312	0.12211463940821993	870.25097994158
-5773.445908039845	0.33407936158268026	0.25158314695132183	0.3663881692682896	1.5768183000738072	0.12320089283206848	779.7183954187428
-5774.106829870054	0.3242019920263492	0.24447016390595797	0.330378403683016	1.618582511844107	0.12361936017002567	789.6984083492104
-5774.039442285564	0.3097309283508526	0.2335410988311866	0.7967981768953569	1.7537672011700602	0.12260675909654682	870.6889445996361
-5883.460606748105	0.39032341687197797	0.3113873444593737	0.17138102659217427	0.7135918673594022	0.13223148368452944	667.6841803503935
-5779.139804213024	0.39478636308799797	0.29482559094066757	0.4911985998556344	1.324141590172175	0.12169461679837705	705.4584630069295
-5777.4911014959425	0.3193926208972468	0.23898337037175682	0.2663172343349714	1.58424417153652	0.12290911127987911	785.985085451791
-5773.256525543142	0.33088084530889	0.2492907927092704	0.39658292372149034	1.6102307961998266	0.12288236997260717	789.0916672304829
-5773.2745196091055	0.3330344285847061	0.2508993534808927	0.3915665789952827	1.5950274552467751	0.12308985702100302	784.8337824366452
-5773.268586001428	0.3320181211011039	0.2500695364661299	0.392456523859402	1.601609725110205	0.12281527238068307	786.7038612669437
-5780.57723746391	0.3093189397901146	0.227989010635704	0.2438114002888066	1.6602071973009769	0.12128888779261483	799.5759604294925
-5773.287508969362	0.3282585899057307	0.2480909880471988	0.447403601228223	1.641954031436767	0.12365847917676699	799.3153566011439
-5862.076963900876	0.5068211069996481	0.3506819458607518	0.2352577881472154	0.7587737093616975	0.14486781331753545	603.1173690617193
-5773.31790537297	0.3337575982153533	0.25139311847970436	0.38286490683077884	1.5869973435480516	0.12315007579561336	782.5106552003747
-5773.402067669957	0.34145213227125126	0.25713841107932855	0.4284932117642211	1.5596332466730374	0.12349834092152129	775.6355344509383
-5773.367932160656	0.3374618279726129	0.25449084817249235	0.4525378348949962	1.5854312193144997	0.12368239416014816	784.4850706602364
-5773.717201069718	0.3240763761402094	0.243919423903745	0.35199486915317185	1.6375223762219018	0.12235629760783379	794.1044147589688
-5773.823788146885	0.3155950448112288	0.2377459516636093	0.3790859492028885	1.7007861189492766	0.11968090578059369	813.2001216759618
-5773.40402068073	0.33434718175486944	0.2517701394301723	0.3711863379116962	1.5778812250610128	0.12317159092040011	779.9874555033109
-5773.395657801246	0.3344065168050843	0.2516389909231464	0.37190262208443176	1.580274511033324	0.12303251693472331	780.1705343475231
-5786.912679317571	0.3809946446119422	0.28764646338339295	0.2765076929466059	1.2058001952257893	0.12085363507664444	703.0002775112412
-5773.774883390465	0.32555524609240655	0.24607222896734027	0.3480203807763735	1.622081763417451	0.1247053781361143	789.9454142914147
-5774.201036951855	0.34637801819507846	0.26147542662345596	0.5465573958391237	1.5491340379863012	0.12495910116401779	777.5464862132803
-5773.251928326294	0.3278363604239935	0.24760616072330688	0.4124843956372374	1.6325149709394773	0.12238991976030407	795.8047252573846
-5779.138347233442	0.31949607961418763	0.23679849988906732	0.2521903250048338	1.5731829776035446	0.1187042751627166	784.4610281369513
-5857.3222994986145	0.4095751176939534	0.30436747756647814	0.1945230296464883	0.7758457182881463	0.12347725098970526	665.3912891381915
-5773.306611265267	0.3368955938154436	0.2536918833062618	0.3947967684609824	1.5739566147282524	0.12320589115251333	779.0433528660561
-5773.462740728264	0.33961857144013335	0.2548869380218107	0.43537784915164846	1.5618432031971967	0.12334373617586551	780.1563237902542
-5869.648854773889	0.4374213487046252	0.3370007471998274	0.21469032667998364	0.7013710451771172	0.12969789051032382	637.3589814921971
-5773.4361697442355	0.335421760958632	0.252594007638048	0.3692275923989397	1.5701196383045306	0.12325920370078866	777.967490289883
-5774.307770160828	0.3526322238175069	0.2661195971974283	0.48025154109268403	1.4983354452178244	0.12533635816098024	762.0914559555301
-5779.611366109506	0.38777450104570904	0.29408747545303804	0.8142971688972813	1.368728876006716	0.1275454460856566	721.4475056589479
-5889.193369737536	0.5634308099361415	0.4089548985779782	0.3306619067793983	0.6228503124884136	0.1385025972610692	558.7595663618258
-5780.402355067673	0.39717311930376203	0.2995930429898042	0.4581954710179141	1.2780527848958294	0.13063397007515992	698.4981512123678
-5817.576677094567	0.4760437513381235	0.3580665542095986	0.39696840778745623	0.9074021223502294	0.12249869443976416	615.9102252484192
-5773.229883645394	0.3313533326550925	0.24972950623806106	0.41556183987640793	1.6133686443797617	0.12297564675872394	790.6979059172862
-5847.721692265326	0.540725257716753	0.42292581421258696	0.3648191231996787	0.7711295614418352	0.1410907222291838	561.0058337514322
-5777.308571001478	0.3457623204964573	0.25939466165838737	0.2849102960337623	1.43151814754373	0.1227200401613038	750.2047909071048
-5773.508986374456	0.32106127680147123	0.24126187534530733	0.3913950492959053	1.6758208127841756	0.12262325368260664	806.0033689962955
-5773.693470348841	0.3285566002564267	0.24788432775733282	0.5729159252952474	1.6483956704840255	0.12314106468838616	811.9985332047434
-5773.488309614745	0.33336043245293806	0.25189710584689434	0.362512933394467	1.5790299587438867	0.1232278673049726	779.5107258897013
-6078.0967785041985	0.34378999904366725	0.2327596268742758	0.10137581383098275	0.3139916990277477	0.14125945285909347	715.7068136263083
-5773.910214120996	0.32692516581065834	0.2451729080575547	0.3371224198431831	1.6118626351422698	0.12302159522342208	787.7302344026199
-5773.347923125704	0.3313493086532282	0.24968967098616954	0.3766230694485585	1.5999594874008427	0.12299818751671993	785.4919005565018
-5775.812363441597	0.3625735381058025	0.2664052022598897	0.5454075120549192	1.4700762462840784	0.12698728952640725	757.8277746785843
-5773.341960875383	0.3344073154856856	0.2518586275168354	0.37978936439830324	1.5814618154268898	0.1231406899874806	781.0497090843362
-5773.247445780856	0.3325503578100817	0.2505736828774607	0.40065278722493536	1.6011483074016044	0.12301226898276443	786.8073724828068
-5773.429194221828	0.3345076410099753	0.2518919466485937	0.36858446466718553	1.5755245092889065	0.12319137670225605	779.3577716628445
-5870.203893928805	0.396574986250248	0.26316133951083276	0.16927741249331973	0.797836546239974	0.1401229192632795	691.4425709070275
-5780.191736088109	0.3540073856694599	0.2794314425855064	0.32931058074709174	1.3310714459336868	0.11649850892110739	734.0798110885412
-5773.963332957459	0.2900600659892183	0.219160551271994	0.894581490320492	1.8729827643507115	0.12111598226141777	929.543768672737
-5775.824725698164	0.3658442677732869	0.2793854963021085	0.3974209795636121	1.3933256899447333	0.1270181975134493	732.5940794680242
-5773.433649762072	0.32958612530084264	0.24775225803341275	0.367189044306106	1.6085374154493728	0.12260230071172118	787.615673880519
-5773.799561584248	0.3487883502843546	0.26076204570863043	0.43372907425718005	1.5183182699647324	0.12518421455550702	766.2137197065641
-5773.463954318504	0.33106047059360716	0.24927955018775783	0.3631515151820287	1.5950830775238185	0.1231336557754281	784.1728063479471
-5773.33586791618	0.3354128643204971	0.25257661287611793	0.3844494537804874	1.5827944882325893	0.12199049894366612	780.115936262745
-5783.434715712766	0.34320082167002275	0.2606591358666307	0.2448434678991608	1.358513760567499	0.1277119858229943	743.5425421025437
-5773.408826063001	0.3385523656284657	0.25488891045041684	0.38048216534241736	1.5577852416793163	0.1234768003335934	774.5687718061588
-5773.405716510604	0.33307288792320755	0.2504805501251648	0.36960298261410857	1.5875795410328724	0.1229520123619385	782.1500932069894
-5773.3670502409	0.3376459087981109	0.2543766587538541	0.38466548070873	1.5638787695559815	0.12344741113117039	776.4010458706168
-5773.232317706578	0.3320993515458077	0.25013495501340954	0.4213834335244279	1.6123894130199536	0.12283257339386515	790.324750567176
-5777.194039711913	0.3502430368751785	0.2652296640927507	1.0046233283193782	1.5369414006496616	0.128122683191539	791.5301129466592
-6093.091289831207	0.2153249290562508	0.16634727167637672	1.9398317164029841	2.4932308245119135	0.3750959345909407	1305.0742513339387
