# /groups/rgutenk/lnt/software/anaconda3/envs/donni/bin/dadi-cli InferDM --fs input_fs/fs_094 --model split_mig --grids 178 196 214 --lbounds 1e-3 1e-3 1e-3 1e-3 0 --ubounds 1.1e2 1.1e2 3 12 0.5 --output inference/fs_094 --cpus 10 --force-convergence --delta-ll .001
# Log(likelihood)	nu1	nu2	T	m	misid	theta
-1850.7076606616936	1.5718742872658222	0.021777742517949852	0.04261486601175993	0.20031018996679004	0.14584162543461796	515.5740187832049
-1864.557449372725	1.3842504086427643	0.02434025381406372	0.045993665577556624	0.12717510563674028	0.15320328481406248	527.1747335225685
-1921.5024125569214	0.6661678361275207	0.008837757699481199	0.016286260174787424	0.4080557545622271	0.15445659376037288	620.8704800949491
-1883.3651932806833	1.2734300306157433	0.020383320314976604	0.03628376383700792	0.056558400864045365	0.14578215295879815	544.2217597001414
-1985.6747714792666	0.8149110670810642	0.030986290291653992	0.05554094726826528	0.007990122265013075	0.1468388198326608	601.9448089967112
-1961.8964049584688	0.5363988945042262	0.0026632622239951167	0.004486867575727538	0.10695542925638538	0.148196739618218	611.3966908905857
-1795.4488488026736	1.490161003265765	0.0403957057786492	0.10064825100206146	0.45067257868284305	0.1622677518914654	487.4163625864702
-1802.1862138568317	1.4389819568668174	0.038490583877018265	0.0904274241394254	0.4108311447822593	0.15280299050802632	497.15984477888605
-1881.9833056483242	1.039832588779926	0.01822396265482012	0.03317822647747767	0.1608145471418397	0.1690201533500995	570.853269212361
-1879.0869929810501	1.2148621611082822	0.016703261179823032	0.029876516644099113	0.09076950107998288	0.15016875416101602	554.5733678064205
-1793.1307307961938	1.4942189164499173	0.04256869242732746	0.11683419348684573	0.4806893848886207	0.12852355235971727	481.2439080229094
-1775.203392296929	1.4786834696066766	0.041747680035162195	0.11435613389922221	0.58379216714975	0.1493337126346234	484.5194994477049
-1845.5577969618407	1.6017017168069667	0.028841450817116768	0.05772298403648148	0.20494912568355508	0.14486389064091615	499.98427557616736
-2309.599042321826	0.6390194681011473	0.00371204409267862	0.006292827769385525	0.08445470833135547	0.407641351617336	607.5532785254039
-1703.7857524766937	1.4737356154485641	0.03426342970197307	0.284332864430748	1.2476860856481946	0.1452377480000743	467.5862531341752
-1818.3265254801372	1.434911948183314	0.03535210147925739	0.07790085213293643	0.3243248643996728	0.14698288299654805	503.16390099048647
-1803.006792667069	1.4413542923129818	0.030157064182307756	0.06954214766307568	0.432713513712679	0.15535087875394793	508.2837797790336
-1687.9932809648676	1.4232975327924067	0.02939052408600327	0.33303470023908727	1.5020920243363112	0.14883768635782696	479.7654692421936
-1901.5134220747138	0.9057380739360126	0.010285700802017048	0.01861445501838711	0.1321193702994802	0.1474636488537896	590.3107086641986
-1791.061015511378	1.7548328998063243	0.04240804549387994	0.10820857553672472	0.5046644307040712	0.1650702226994263	458.12480597125943
-2051.0524117778496	0.6571895819444263	0.00520413805014133	0.008859272239282208	0.03858217218830173	0.27686705984004223	610.9551231104069
-1859.13487683974	1.2598645966985338	0.023204768995305092	0.04459742863861208	0.18926314113934126	0.12601902283534988	540.4598656530151
-1863.3042862357484	1.4837974663926041	0.027248133782705623	0.0514065119543575	0.12759442687298556	0.15270431126744802	514.0866646501453
-1854.9821938416171	1.5730086465714597	0.02960495863396606	0.057511278300608336	0.16157320417911558	0.14628284722387697	502.06158461498967
-1821.9604443960704	1.72605284308719	0.033770093294765324	0.07328207822631595	0.3281687072572447	0.1585040736453174	479.3250812783523
-1779.2860637298895	1.857819443517248	0.043712583316755496	0.13705172611807948	0.5984055944964353	0.1465159166751356	438.75768688420084
-1733.3644957626389	1.608588295244667	0.0371489784639857	0.14992716911222034	1.0174613671882682	0.15245863536662987	464.6590786277596
-1894.3130592715052	1.0175841555928418	0.013268571662468488	0.0227167496579159	0.08627044817338546	0.14765021434345368	577.266331885114
-1966.516630431834	0.5407182334686186	0.004419871975196035	0.007613242146801094	0.19867544818124314	0.17474768261224638	622.4029310231864
-1778.0794599252163	1.833559355316898	0.03075688082026191	0.07818765724116443	0.7085884722782717	0.1480633568561384	470.60329446952323
-1866.7834839479087	1.4948980570169352	0.03218636395467263	0.062431114964745286	0.11816377975989838	0.1546987057579733	504.96552797008144
-1856.5136930115077	1.4693545332721034	0.02246172096820325	0.044136950289251096	0.19342731915761438	0.1755418531164384	521.9534467870099
-1877.7047701406127	1.7953661808596757	0.05811859024284293	0.15107346374636202	0.3149470147364971	0.24095175554036233	434.3008458037771
-1976.9010871144155	0.4951494777184406	0.002206331463212115	0.003662025510857605	0.06396336605190842	0.17717678702832176	611.4003817917462
-1893.712731542117	0.7925882869590584	0.015294103406021947	0.029399278762325516	0.3487575575679915	0.13903998979357854	607.4398652586198
-2142.950189977996	0.4847421064693443	0.005352498315313126	0.009081783449437211	0.0867714822819406	0.30887702247514376	636.3095268878552
-1813.2609296055175	1.125726517457693	0.033045435114033725	0.07945841850597483	0.48005435189698586	0.15611029003881408	544.0560694496371
-1837.5483828804847	1.2953619294387986	0.03167131707473252	0.06782731274706748	0.27609764957190547	0.17221239640623956	523.9754578553502
-1835.072982067312	1.450096017576029	0.01691032611736783	0.03333729259587845	0.36457633552819324	0.15884610219619516	533.9346166290003
-1690.5463810446868	1.2703924853925463	0.027239655198044478	0.2662629282454591	1.6638466201814448	0.14997826497328334	514.4174754354937
-1873.3921843985938	1.8141612510193499	0.025177459855551237	0.046879239305582694	0.12338880520210346	0.16546503476794486	494.7516834680131
-1943.1530585105872	0.6876210941670936	0.004894570120600524	0.008244939595845201	0.00205731839291358	0.14309770662670593	606.6924797267469
-1879.6084416714784	1.335353010497008	0.017988658016353253	0.03185312537097676	0.06671668567845382	0.1497271762209933	542.7143232931597
-1843.0493417499347	1.416989644837167	0.02717620818753299	0.054656148252099926	0.21769948633795191	0.14585818635890985	518.4458421805524
-1818.005128589903	1.7077959592452638	0.032794724404514725	0.07216469297260752	0.34531873526471624	0.14742207696142856	481.78525262233785
-1860.46676470833	1.91618333869599	0.03034274498734728	0.05984511835806789	0.18215787013688153	0.14971582563135577	475.935343048725
-2201.07921193765	2.054686969892785	0.03510533688268903	0.38004050699916136	1.3472978132874613	0.44846450488820433	390.753207757798
-1876.4922626747555	1.4288411658934783	0.02355570735660148	0.0433251209946978	0.10042767788880769	0.12087068563982332	525.2025557955299
-1788.9448885662862	1.3851403024591076	0.03469765439422423	0.08142678055833662	0.5280060349723039	0.15722564740548972	508.24525846295654
-1798.4001259794222	1.7031773751351516	0.05185793827736677	0.14520770327684632	0.4282595055340303	0.1548324096625618	447.23625010067275
-1873.1752897519425	1.297943532105304	0.018460648973526953	0.03352247234033126	0.1034025279916127	0.1422789160243857	544.552704371876
-1692.1970482094525	1.63046348733556	0.03373144233721921	0.4768381925130081	1.3017345185070177	0.14870770371834444	434.3015822967093
-1903.8394692501934	0.9999152550231011	0.0077088397193241	0.013404710714890354	0.10259815040367157	0.16365853239472528	582.7287535318436
-1810.2702721005157	1.545179160319973	0.030558218251827654	0.06714617717709541	0.38568210127623703	0.14130483478492004	499.19101335972914
-1898.329093643575	1.0948053684796593	0.015681497696069243	0.027239466157349287	0.02404331331513877	0.1394602587656069	567.2938039879582
-1952.3559124666026	0.9095420232444795	0.02978288839237328	0.06653182160342608	0.4379443558291656	0.2718053448337999	584.9385969024735
-1780.9367222598044	1.2668350676856657	0.03103796974897089	0.07708856540596176	0.651859767704312	0.15850831159242412	525.9636195534096
-1754.0041666235115	1.4118547792462754	0.03387469641823239	0.09941853999390578	0.8341752000894549	0.15656718324652844	500.93700385099146
-2087.947516460686	0.8750136903878232	0.040588475182375336	0.08483482920611078	0.19601395927978965	0.31382733680603025	586.782151147708
-1842.6965799148402	0.9894042655398199	0.022874907144222058	0.047991813689654196	0.42679374644130186	0.13783875213674684	574.3587396352498
-1804.1307799977403	1.4956718896272725	0.04209570825809818	0.10323638503779224	0.3999490597163272	0.16491542140841492	485.1447520470875
-1885.2266405299597	1.066616054467935	0.011669318442488327	0.02067813851813827	0.1467219751089375	0.15813373986014095	573.955854378277
-1949.6893894799687	0.6480349742959622	0.004236752794421188	0.007238150410108998	0.1584708675595467	0.17840614082542874	608.8422720693421
-1874.7376798867645	0.9935236506941412	0.016089920536280666	0.030287646796828275	0.22632262524083807	0.13796391278498973	577.9647043152257
-1960.3284155966596	0.5574810436102878	0.003658872790461124	0.006171732966877249	0.11291676107525939	0.16119112610187064	615.4733368474823
-1945.695881456322	0.6567796313828755	0.005683292899335161	0.009644504784237857	0.049233215256885156	0.14929995569588586	612.359701879091
-1823.8030026616482	1.9028085825284677	0.05584067926467065	0.14672076671371231	0.3317899255024714	0.15723968077715378	426.90705173968956
-1899.53017870864	0.9762614368861477	0.012483260938114048	0.021618926645565358	0.07531846520041567	0.14694810356109844	581.9565705380445
-1845.6549906116409	1.0124997725281735	0.020035433737172346	0.038660194235676106	0.4062781668614306	0.14503982366154194	573.0944300545374
-1872.0515039639463	1.7023261964995895	0.023650929630816196	0.04455803215956402	0.10588959106499037	0.15167477334853785	504.2493151555633
-1878.0752200370582	1.5558715147197648	0.018027466147473303	0.032076273326483606	0.07159554753486667	0.14255590193710985	527.0992921553277
-1807.2698582312	1.6384544485775787	0.049075270983077214	0.12866884123778805	0.37450433308235687	0.15482177883647846	459.32125632732993
-2261.803442240325	0.3639173759761959	0.002300336012481363	0.003869756894532234	0.09339097993928462	0.36437044726595175	629.2509566978729
-1938.8005285621218	0.6410826664165099	0.004395639020331716	0.007560638370217598	0.24839353931352373	0.1396118663693036	610.2813360735549
-1779.5553150395829	1.642981726565686	0.05223628648710897	0.1701885587823629	0.5470473934492762	0.14225697741971322	447.7029720254561
-1865.113763290055	1.3942228078434922	0.02248698478135106	0.0417019919093364	0.12598523395678826	0.15259555492271787	529.6290303322737
-1972.4965044338944	0.850640538679521	0.001	0.0020184920726046413	0.3432545703758	0.13294497465559416	589.9997496894251
-1999.470030412594	0.47887904971678086	0.002292717540076844	0.0038700719309185845	0.07213279461162786	0.09181814738660476	614.158328830205
-1882.9118882321493	1.047411738953133	0.011932608211767814	0.020990173713056018	0.17004749849660225	0.1400311083211778	575.48607419405
-1791.2632800927065	1.4668543285842897	0.05242981363903755	0.16548851977629786	0.4973194242184541	0.13879492676103378	469.43920778080167
-1932.431510732946	0.7389937337988001	0.007191220654275158	0.012396091332064148	0.05596659270474838	0.14251608809435087	606.3387600740672
-1902.23069421369	0.8417870848007373	0.008796750033909118	0.015686945337032392	0.24247726040074533	0.15782966710327026	596.9586796798717
-1877.8961638661349	1.2776041674317713	0.01907347598037021	0.033998737689736346	0.08389001750053525	0.13873134009151972	545.7290978815748
-1847.264820810478	1.8394921196750067	0.03592291221406796	0.06649064003851153	0.24920274798159864	0.13839908752807906	474.37818908651224
-1776.5201371756111	1.3666966423046967	0.03865614536137057	0.10952360324221884	0.6022881982575069	0.1480301550789627	500.900502849477
-1854.4639250641198	1.426741990504044	0.024743617782170456	0.04759966182523476	0.16858215385472455	0.1465482860831482	522.3759563593281
-1895.6064952970514	1.0077474940307323	0.01604042988584701	0.02856496641798718	0.08011471094590608	0.15182958712600958	576.2419365288492
-1782.166816396235	1.4676921255928466	0.04282477770152627	0.11627605069716626	0.5372122206982823	0.13961170598017705	484.66085498623653
-1923.734545578711	0.7412783538585753	0.008315195048542067	0.01452498831278883	0.1585390370177931	0.14554864922046848	607.9587739416677
-1830.4025595110363	1.4754203843350464	0.029992672466870585	0.061194488310964607	0.2740260189821608	0.1425993443198051	508.593804562365
-1865.7225700901124	1.2842446744539122	0.01640382843169622	0.02979339099992791	0.1596347351624671	0.1508027815466368	548.9796686174251
-1740.4939474953974	1.4905114466750327	0.03202820114470616	0.09838121478164873	1.0270093525983246	0.14148731493672587	493.79957908561295
-1853.7940847527157	1.4864238058796753	0.03779594924839536	0.07799204559572433	0.16843294035052717	0.14986680730483756	496.4495341727824
-1691.4589782359953	1.4852002250822494	0.029170021756052367	0.25747073236484763	1.5839389769490841	0.14456219520493266	475.53876371402396
-1959.5626470763423	0.5417804295898203	0.0032463478024979237	0.005493268668618972	0.1597267582346481	0.15152239244761087	614.8429642994947
-1778.052122192074	1.4377144678000615	0.028106273113633482	0.07036908859808004	0.7523541017146782	0.18410866979069346	510.099157695561
-1756.4467972120196	1.4071922587149281	0.04420485726946674	0.16731806147651268	0.7581357386482709	0.1559993010062272	481.94978597943157
-1888.7176226909364	1.0491931637559935	0.015445481331186952	0.027857151759138027	0.12238160272824407	0.1700838769234758	572.0798720226014
-1836.559541835482	1.7885997272415195	0.03470786780748404	0.07384745117256164	0.26485570128570046	0.13618962731592357	473.72183234406697
-1803.8912120154123	1.4891197419165656	0.026149972960902768	0.05687533228538144	0.46862628560175573	0.13690996529738894	511.62590899527083
-1906.4286385459466	0.8765890600270843	0.012665969203832209	0.022468432438941026	0.11217247513657906	0.14703266203831494	593.4306264295947
-1932.6094772136769	0.7782631471871605	0.006950339764133845	0.011832367858133446	0.06170626602345243	0.17477517709015988	601.5872066658715
-1820.5368096288269	1.7551804918829537	0.03403159619571012	0.07413708561164288	0.3365404136456887	0.15000536878863135	476.5074053830849
-1936.4923565510644	0.7162194063550288	0.0055239700332989075	0.009407791257281858	0.0454986484372189	0.1454614364422165	605.56677445796
-1859.4665529513104	0.9847543432400647	0.022093541741277093	0.04441938116982287	0.3105895970614488	0.14732436218895573	575.4299866924385
-1852.7321231486294	1.2150112232753794	0.025824831439159587	0.05073999174864097	0.2595284031512106	0.18355095392674098	541.8996358460895
-1966.5317299599851	0.6569594488072159	0.012400471349221964	0.022541216776976344	0.08211355879417347	0.17072045833982993	628.2974132064365
-2198.686395629824	0.7381220880020182	0.007574959401519487	0.012549512835187949	0.21511464764729113	0.37099679390755663	606.4760211613335
-1874.672198341746	0.844513552768575	0.017706937039334004	0.03521272133182512	0.41423640463598516	0.1335685779299595	599.4927508067947
-1846.5378652162035	1.486613731179995	0.028664271681429817	0.056669211556342046	0.19720406446505742	0.14414465566424847	510.3549444265687
-1878.741331890311	1.2382173040993267	0.023571010540371477	0.04292989087181215	0.08604429684953183	0.1480890477586472	543.0886669274631
-1892.6558314847834	0.9458161611590825	0.015671030659604786	0.028215269874494672	0.153486870098186	0.1615643036348473	584.0467321852383
-1970.7650309119035	0.49666540082692506	0.0022216038412687157	0.003695192315283931	0.010108559161484792	0.13803603605190107	611.4247098905254
-1899.1913050569842	0.9495821848386146	0.013568647413353101	0.024070449262234964	0.15548290470080328	0.17946182339385058	584.4613326342434
-1862.0242206727692	1.2676547873207	0.020881426752984867	0.03881232436198139	0.1603143990393809	0.14230716699976445	543.3890547089003
-1886.5465091145936	1.6255254985293617	0.03589241894375823	0.0696206504229008	0.06879968082498122	0.14534598159337925	488.16355440372473
-1751.0826406590302	1.777207190855321	0.033493684669795756	0.1057079726572405	0.9430291892703476	0.15257614261687238	462.1828046411408
-1902.1162570542338	1.0162864276297414	0.012037101100691719	0.020753352679018944	0.031748912498432626	0.1480477061900434	578.230292748451
-1815.8651667933032	1.619150343039834	0.037923630328846124	0.08438153069404078	0.3334449671296197	0.15220189759699784	481.30544310221717
-1857.3806135705222	1.0184328101209321	0.016707499821011315	0.03312944452077509	0.3882703233211634	0.11739458636253579	574.5686318542388
-1811.096258681567	1.8189287580989801	0.024633669372523002	0.05260224714123813	0.5239404538191259	0.16877204688407743	490.581637681308
-1905.2745032305888	0.9796793764021672	0.011469310530469968	0.019717791721116314	0.03901206094518276	0.1356000612705647	582.137052050344
-2006.9557689167302	2.2892403098968583	0.041756505106582256	0.08918182857612339	0.23493924768560084	0.30051605857411046	430.1781294180284
-1960.49087057115	0.5552349839295252	0.0035727857780841056	0.006045405713849587	0.11479206239879325	0.1303515886355585	615.3109276685022
-1738.403631368087	1.474534571770097	0.02926104815832543	0.08994704319501187	1.1356494929418313	0.16181504550915624	499.9264316326297
-2085.0611118215757	0.28752574044534934	0.001	0.0016638602641053182	0.12836151715096886	0.25998043936525633	616.395678935803
-1905.515435747241	0.9932284716448704	0.018824816002718056	0.033025070504672384	0.05968767487601605	0.16682483305434107	576.1880695832853
-1898.9912026231013	0.8643852454438079	0.012901547100173006	0.02358031187062286	0.1890637197942559	0.13874843264546532	595.3185436481959
-1839.190553147556	1.4204458232960393	0.03211829957572773	0.06612606291093918	0.22806509330558222	0.14996140780908748	510.6285964870867
-1898.6849029057275	1.1492375753775028	0.020543852864412553	0.036339553989926277	0.021284750298106614	0.14104776248054676	556.3402314880863
-1802.3224669451763	1.6691318523751546	0.04241239254776034	0.10494574854214923	0.416513841918255	0.13353307519033275	466.8262082620033
-1994.0898428676544	0.34381417171257955	0.0010592740287928002	0.001758465621457673	0.11563256398170722	0.16141659832725466	611.201138447112
-1861.8394890544364	1.2924696349143838	0.01792412494668342	0.033076205915230424	0.17001607319128229	0.14986312970155038	545.6211421855794
-1885.8606320634244	1.268628256817342	0.0168528597699149	0.029752257105876888	0.04400572009225164	0.14463989006338554	549.9220423912224
-2173.1216378378963	0.5936873608423119	0.003915886193622764	0.006563460991840604	0.006749219731778919	0.34185267107452133	612.6440268445446
-1952.9562937532532	0.6138025267363787	0.004089004751897756	0.006878395828069579	0.04218708906338088	0.1342881022717241	611.3852791339311
-2087.268022278883	0.3194458213108917	0.001	0.0016693653129407544	0.19389566675316255	0.26699574896921746	612.6641455928509
-1917.761464311314	0.8426942249407106	0.009773851534450987	0.01679710114560963	0.05751655416020166	0.13988023521088191	596.7498319753985
-2401.997030929887	0.5296583705709801	0.0029038627429038115	0.004886225980514399	0.077529189031734	0.4367168297813456	613.7103354812726
-1767.6533141008185	1.209092276908871	0.028598742954945033	0.08108335006690962	0.8290095891767917	0.147579391389223	534.5580722552824
-1985.9536174800953	0.4583902714912056	0.0010163013557991031	0.0016882517130252697	0.09075243884444023	0.11877023301299376	601.9111841778773
-1812.7741802124372	1.2649107900751695	0.02966080065439682	0.06554442876378035	0.43331068241932513	0.17011881282522606	529.654938560877
-1941.65474613295	0.6563005093618687	0.006936278601540748	0.012021596978388817	0.14282026348657417	0.13635622593680677	616.321419865572
-2020.5141829411466	0.23858914586646754	0.001	0.0016283026951234602	0.07181720363008645	0.12372947517372072	623.2876076402232
-2045.4163429900261	1.118740970640606	0.009151975184717056	0.016465187861157953	0.061699895824634435	0.3056014245596044	572.559276495643
-1883.034806900176	1.2718765421387237	0.021003298245149026	0.03715255085224441	0.05996747239366961	0.14187887815407405	543.6356389552996
-1833.8985441866546	1.5697785677576408	0.02930177774153093	0.06049265932978035	0.2597361205159222	0.14026899199797252	500.8648195956296
-1958.139379903745	0.572038792154849	0.004226931711076606	0.007130996329969114	0.0872586986010685	0.13635912395982708	616.765568415914
-1852.1354646779514	1.1514549394847076	0.018816218730179655	0.03631257039822809	0.2797476265498227	0.13004473461070132	557.3163649789126
-1777.3426923992486	1.3755388317541006	0.03440650481490068	0.08782318315721241	0.6402744608124776	0.12934467602683702	507.7704021394485
-1932.227013817887	0.7243928012150945	0.006078652129216876	0.01038277216298361	0.09066395667565787	0.14378533402189314	605.9148149777429
-1880.7684104854916	1.264919939778756	0.01838776261608731	0.032545471504190814	0.07088779575451706	0.14093186600402408	547.9465250704235
-1901.1239999348566	0.9598501469277508	0.01221968456487996	0.021433673339736142	0.07597811666787994	0.1432556757627625	583.8203321885363
-1962.1098429539384	0.5658504084921773	0.0047312462239187374	0.008017983110419227	0.06267977684711676	0.13497846962226684	620.1051914211627
-1813.9776465193927	1.5245423750700609	0.0438856906871606	0.10638298997741384	0.3368545562050943	0.14885562080792566	480.076635439725
-1848.6004134223174	1.0861598731387938	0.024641205727094422	0.0493050791002021	0.296690767652328	0.13823078784379633	559.0374305053357
-1777.7213729168236	1.611140576402749	0.03777750739982132	0.09807759701728903	0.580516304348878	0.1543332952832644	477.24049291165403
-2000.0904000976377	0.3660718561352328	0.0011893680076111495	0.0019769674247308916	0.07577724366393734	0.18429294167397484	611.3859498379862
-2292.4994835471116	0.556132876876833	0.0038905248887159904	0.00653167372039123	0.11065666169751959	0.3956184345536232	616.8013398932869
-1816.7382788601658	1.4680752631015104	0.02737881839482627	0.05726708998212327	0.363409076260511	0.15058294824638024	512.5695677666355
-1830.0945613019621	0.910608849242222	0.027341245416363066	0.06733774275684616	0.6536163607550232	0.15518824408770954	586.7048939948427
-1885.6934385403663	1.2417930856271147	0.01843295831279095	0.03260511180146618	0.0671755718451736	0.16905083950130817	549.9300589559429
-1798.2615850038023	1.2976068385674244	0.029219568377201452	0.06999920873028907	0.52457001780682	0.16998461929994665	524.6738054073977
-1913.015540791218	0.909996313948784	0.01097572977600726	0.019382832479749337	0.06983352551040928	0.17292511879862946	589.588406339724
-1820.8150564852283	1.6116560097225467	0.033470208657633685	0.06927550562880803	0.3231670028001386	0.146052926037316	491.0109152167571
-1765.6784722954512	1.509412675203526	0.03302547161143042	0.0910770138641762	0.7077262406936284	0.14075401089077433	492.4382071775208
-2031.3816636274053	0.6832858250655058	0.002825366316807016	0.004745232966945904	0.023247309897445088	0.26119872889130774	600.6108134515961
-2558.541717114737	0.1794481128946815	0.001	0.0015692119863636618	0.11335971539662577	0.46369543117718814	635.4018633192953
-1932.7508207794167	0.6613297608321599	0.005833647935574467	0.010151339057886483	0.25651701641199837	0.14543360464698352	612.8660398727809
-1869.5434373018684	1.403852815571513	0.02493307590983172	0.045410240479075464	0.10464960798836445	0.14950426621662322	525.4937500471316
-2072.5665954614315	0.5933386240403946	0.013508911732426946	0.025514404888270798	0.3462735788052135	0.282282441148251	645.8925712614832
-1933.1482505907322	0.7157506152117707	0.0055273418461705085	0.009442113854730158	0.10570184485073937	0.1499242263197882	605.6978154218236
-1774.5749136020113	1.6716222667950398	0.0360658007946392	0.0943163310265552	0.6262938826375897	0.14932006522730149	473.8458098896402
-1856.8115690899822	1.3592607247509898	0.029167203372918355	0.0572124217226007	0.16383633456221636	0.13730798266776245	521.9518497191125
-1871.2546558421575	1.56990461373311	0.017434832117829452	0.031157172603654762	0.11073534554326747	0.14561031558541265	527.4410680793692
-1860.207114150191	1.3241969036231496	0.017091282295323744	0.031733281367168464	0.18215274366233247	0.1420999243343476	544.2406180062374
-1992.3157217669027	0.44233427292051297	0.001	0.001668111188002243	0.08654125002461222	0.18415692313450074	602.699742287679
-1838.7838283098345	1.7452014055768945	0.036152419039849025	0.07796778590792212	0.24931985370379234	0.16593497246018102	474.16773603122266
-1761.6851914641577	1.6747524692030378	0.0478497693670251	0.20488972518170281	0.6767101749750082	0.15621324144114038	439.35230480237925
-1922.0394434767118	0.7302232102244748	0.010530026541763438	0.01900460161592768	0.21992981003793338	0.13388919864904344	612.913510627421
-1981.7886177963028	0.4400494734622498	0.0017837226732402404	0.00300513911002191	0.2748758893570172	0.11545818031012535	612.8113156668906
-1859.2672643364144	1.3569925190918297	0.028543163776944717	0.05406795393925067	0.15257241920535553	0.15575236105900186	523.8863001102588
-2041.6664467173491	0.5219783671828577	0.013164272366554933	0.024440113288240386	0.23592087875173143	0.21406539774908379	663.5050553210435
-1768.363626987354	1.6001013934397217	0.045661490306841405	0.14136812972011142	0.6250220727072338	0.15188816092823465	462.1332923512614
-1904.692482328729	1.9573940650479447	0.008473656884782887	0.014611156950075838	0.07724923361535872	0.18608661377051106	540.2623793802463
-2333.985305186885	1.8739434174033132	0.042253715246011105	0.11922230851218832	0.6129516644989245	0.47724137494250746	444.2518077523998
-2354.382252456461	0.43319627951178535	0.0016125788368938775	0.0026805988501152622	0.06283934052742175	0.4126243618221964	611.1003056655774
-2218.0865708220194	0.6711479708974684	0.005578988197132562	0.009450443769488422	0.0832627737824855	0.3710918745559565	610.3992176243337
-1919.7639537699363	1.1734386653867297	0.016791232514867405	0.030698897350835596	0.21534531123434142	0.2416591091953129	558.1113949196389
-1717.00410303412	1.7656572130737758	0.027842443685199114	0.16721305440616702	1.506813232013202	0.1399625847290894	451.90131016788206
-1786.737449613582	1.5271809034493067	0.030286795303482876	0.0727012977616295	0.5674347357554976	0.13228097254316218	498.76270664914165
-1751.8837887694283	2.0036972539149205	0.04436384991079771	0.1947733198404747	0.9395326833873683	0.1537277401010094	412.60808077132305
-1718.1429350978929	1.8070916168811915	0.040721353566031813	0.3370371370157841	1.0895852074017178	0.13509015629827864	413.7287522845864
-1955.1654939921732	0.6084287236701827	0.005712085630707923	0.009663381997031813	0.04990401396187434	0.14525316356006113	618.4484158349703
-2384.850755019044	1.2275200147186893	0.01911126562623211	0.03458273261424705	0.15196362782260042	0.46567125968893347	550.0567319704875
-1831.4653877763133	1.5029608436796158	0.02630373233562979	0.05332992864618442	0.28324724250712896	0.1560367870563873	511.9757628204061
-1740.0741376751268	1.5354315790559048	0.03809291274359597	0.1391433094919137	0.9241050847978479	0.14862926765486048	474.60690026588264
-1976.7306702166454	0.5675649273617199	0.003214185602900149	0.005525612901865497	0.10572569014765654	0.09937962239846974	612.276946864537
-1816.9406070853804	1.6130375903691543	0.03811873572246437	0.08530762651969478	0.326138642194816	0.15086595159911104	481.3555313474118
-1855.3877708953653	1.138851031309839	0.0395192998326992	0.09515253336081585	0.27690755417984	0.16952275846494957	535.6315306872337
-1873.2061669455663	1.3852696678203145	0.024065299665327597	0.04266548339793382	0.09275962697278979	0.14252861672617326	529.0991566896339
-1956.9205822527788	0.6103401977948719	0.0035269472090747886	0.005713431942876297	0.028270436272134512	0.16576490660591875	608.5459565406712
-1897.662267434141	0.9734482210927267	0.016446580212701296	0.029390625218668642	0.09146330251999513	0.15224597347701188	580.112035666276
-1879.6492909715191	1.0993039007065186	0.015063686629118136	0.027067432080446756	0.13166091108005176	0.14864122213218814	567.3387728766896
-1887.2234177283137	0.9559414492091389	0.016549714534147542	0.029992176385917217	0.18575445186944697	0.16482108435874884	582.3972606322657
-1833.0130748621364	1.435553866335093	0.03288533315303149	0.06771136371397737	0.25926963380681733	0.13902897615626414	508.16756382250156
-1944.3354562350141	0.681122499203963	0.006695918085851688	0.012111887161624053	0.050131607357652194	0.14315077905342366	613.3014689767131
-1807.3678927753153	1.282074443832616	0.042838620325565395	0.11400189012784988	0.45045219781401136	0.12925751217109469	509.1270085366481
-1962.2138604868371	0.6615018851448056	0.005923045888685232	0.009957850282164386	0.0014798183251445451	0.18994459261651356	612.2572396154708
-1708.0555729209018	1.4501916747188197	0.034431202749449795	0.25963712826038976	1.2252502305653374	0.13967771724948588	472.8932136665268
-2107.187166354095	0.14836273856609702	0.001	0.0015175386898627016	0.07555220398955845	0.220917389335401	644.3213926585977
-1935.9204784971373	0.8295465348842046	0.02361575838297673	0.044426154075588066	0.10120850429887451	0.1276113610345237	600.7756944154128
-1910.5798584126346	0.9019167258961523	0.014783772886329026	0.026079384755035313	0.06622153008962516	0.1415012549165429	589.8312467610906
-1902.513196330809	0.9092509837773596	0.008372082891460412	0.014564728765109123	0.15163846937941355	0.14659369337201525	589.9451013879973
-1895.4309910929558	0.8545506892709281	0.01192939651775856	0.021770337512939136	0.2539989525287988	0.13088909430097476	596.559867069401
-1929.0557784679677	0.840663352793826	0.017927355361874165	0.03162293182305182	0.06808032327710244	0.16967882675687565	598.4390492261881
-2412.57816193749	1.3300791076032772	0.014791905203477838	0.026284016231756944	0.026024724674000698	0.4674426299135872	548.488487010093
-1885.504892463354	1.3394815680705285	0.04462995615896705	0.07677086644284457	0.11026571467501765	0.15016488379344214	510.198399170843
-2134.134440261767	0.5915844959595646	0.014182909720315124	0.024646553445914186	0.029521584516830908	0.29531269916128755	644.2333893239421
-1842.5197310439598	1.1956311340887118	0.03451710080638929	0.07338495869816812	0.28386046059852105	0.17060284813242044	533.8737130347549
-1849.9718717002227	1.375720324853447	0.024306225571918548	0.04703604951029368	0.19585674212321158	0.1426476262476089	527.5091341070442
-1863.449695149328	1.2959238556058266	0.018689257688187116	0.03434681062392102	0.16250884784280095	0.13520481318528962	544.2220038851285
-2275.895191529008	1.7497184757953204	0.028904861776065577	0.08098727009677417	0.9727763458140689	0.4654260758361298	477.231938711377
-1834.5607968603888	1.3940947359130196	0.02751175279730699	0.05437277409413007	0.26560581511764353	0.1500784387409517	520.7442625553894
-1870.3482398738001	1.014293735604479	0.010636857972093745	0.019848637362124315	0.409645558205868	0.12005823877214844	579.6455704981055
-1838.3022564799953	1.4832973785393018	0.03045522114677927	0.06211151641885146	0.24759551717713926	0.1286610155035938	507.1477630258905
-1818.121819113251	1.71398583980313	0.051311149062497015	0.13780681928889035	0.3334069982160102	0.15821167684561044	448.0782348985151
-2021.3066214603919	0.5292446534735605	0.003794278428807153	0.006505792787317675	0.25636174459361666	0.2436738470892117	620.1435282839291
-1835.9230921924554	1.8071570612332728	0.026194043021098533	0.06136325643057763	0.3103855840880884	0.15619376059441248	483.5431007388542
-1743.572240196685	1.407955299135832	0.03710931482360453	0.1242080679576643	0.921468523107315	0.1522078762293951	494.24151312908754
-1858.4847569464935	0.872590720373289	0.014836106458565318	0.029689538415338106	0.5364814741666871	0.15024258949814998	595.3181040446776
-1888.8158499986214	1.1221073848433554	0.021679909290554873	0.038031759435879234	0.07258412507742414	0.1506152053692391	558.3293926276151
-1785.8079652493095	1.8326139720587231	0.05477538779453412	0.1710711110070843	0.5268609110130537	0.15182280558364802	427.4183047141452
-1742.953161881106	1.8034699107211463	0.03736157936062502	0.13076636964849883	1.0300554914889057	0.14512057812782075	450.1803341352409
-1839.472062203738	1.357527045641119	0.024864033638480356	0.04947160858101115	0.2500631104316011	0.15148627001557663	527.8068954655183
-1851.103093998329	1.2473759589940534	0.01993210733069378	0.03792041874122254	0.23084649369059607	0.1435778680032817	546.3082549229491
-1819.771906114479	1.7087040272245577	0.03565224736789968	0.07934569825181814	0.32647797041597637	0.1502835836563333	476.7614253031733
-1684.4270969576926	1.4554604938139488	0.029791658312533494	0.5723400186446596	1.4068700898451079	0.14423448037035597	465.23423572897434
-1927.2601771683626	0.7092406416028421	0.006604937185672317	0.011473309805520563	0.1978865360967612	0.14303074361573934	608.9638289557689
-1798.9722683692853	1.3788306577003877	0.0359028770797306	0.08321305373646773	0.446717631020291	0.14885061098202043	507.62538875480897
-1813.4426777485598	1.6390124030708373	0.038690850900926485	0.08812346303456148	0.34650592944044767	0.14400650552022762	477.5841210997557
-1888.5263420214028	0.9551311963375657	0.014920600658041287	0.027205327805193538	0.1638406516061352	0.15150659182943382	583.2493717112885
-1814.0574970637213	1.8165758000969028	0.04447983776449364	0.1058533922897322	0.37242276905905525	0.1347514056499605	452.671686749157
-1928.3417890619367	0.7631702991426341	0.014199856132149136	0.023222442597177637	0.1355607820047266	0.14259637004273756	608.9866581709887
-1803.0267441735555	1.5612056680731885	0.03668616529942547	0.08794576318246974	0.40728776428645524	0.1383469654617236	485.913599661915
-1880.6315299759963	1.4185400291500607	0.015973745477693774	0.02824634078619599	0.06627523984328725	0.15888158829866958	540.313827783539
-1809.6716293084862	1.7574406026712253	0.04429483650790263	0.10513670648725426	0.37844971109589437	0.15850085260029118	458.0461005122059
-1880.3240823955227	1.3069872135721685	0.018045150646721988	0.03171554685907566	0.06849357805426828	0.1545751930464282	545.0556909238871
-1705.1196768588093	1.47102780673512	0.029374993804148937	0.19022249644314904	1.4472113744783393	0.1563470273313278	482.2231727535962
-1954.3698009744407	0.6374673079855185	0.005600546502437787	0.00946173359220977	0.04735846739977018	0.17190609722471956	614.3287414191685
-1864.301427647626	1.0614072771839345	0.024446729225339203	0.044689998497209414	0.3293548626231849	0.10851559650710321	563.3784760978019
-1854.5641393131639	1.1595514268470035	0.018286233724353618	0.03464560114116144	0.2491891278999529	0.14933687202324614	557.263903927096
-1774.7525431874597	1.6842052544355983	0.04859450555248653	0.16719395478606788	0.6120703868976399	0.17475560347493213	445.53412242357257
-1859.4811883483237	1.4841325143583701	0.027532691758734625	0.05339485673557568	0.14247282845277243	0.14515400770833164	512.7813565456424
-1812.3079803564156	2.5395642733487054	0.0940572744906057	0.5606527078267656	0.5466731825185881	0.15070271385705833	309.0475392083628
-2177.485753493347	1.7992136320032301	0.02203308826833058	0.04061173998738021	0.12720643909059753	0.385199989695398	502.7869924135444
-1954.643320408473	0.5424657210770316	0.004300219812075695	0.007465522230329845	0.31430633688831816	0.14268429837992677	621.7597532143482
-1923.8989177564697	0.7435178374460207	0.015227178445142698	0.028326266122373094	0.23939153569023128	0.171366869453515	615.4416768122865
-1987.8735454429548	0.38945114362442496	0.0012827983058798479	0.0021296279100962608	0.0015129454101545934	0.1315724673071385	610.6305162338797
-1866.0254334479314	1.350672674182773	0.031154938836620495	0.06470400913520555	0.19384495750175518	0.1968818574245571	518.8806818199002
-1715.0627486970084	1.457724319240545	0.027422670287333077	0.11983110252305659	1.4951155557366955	0.15334167025474107	496.7423834396654
-1842.9538839450217	1.282151822548663	0.026556634122405377	0.05420167025430383	0.24235126779114255	0.15843239954727098	532.673003181916
-1857.1774212335333	1.480596889730405	0.02865770554432086	0.056192151218815996	0.15118879987410702	0.14766535371801162	511.06193700866856
-1853.8400696738438	1.579855464264919	0.03250690555258311	0.06455263768894784	0.1664954674530551	0.15505449584780395	496.2868921772677
-1837.2959591282886	1.4698854128209349	0.0264081578826936	0.05204045517070043	0.25016054818442884	0.1446883515185971	515.480873557352
-1871.9235642102697	1.1971108839950335	0.018743800383517	0.033994801423143046	0.12953928177797433	0.14410013342440178	553.3734064174957
-2001.4164341270575	0.34983377162344803	0.0010424644658403768	0.001726836773982144	0.01899931581183188	0.18076252056871528	610.2397471528539
-1851.3415289243367	1.4823050781743174	0.020261543135460823	0.0379627892597409	0.20489671371314214	0.14910124565392893	526.30822145134
-1781.1697627054411	1.6566568650397204	0.030261062843742925	0.07381358725246413	0.6231815630328257	0.14064853400508776	486.81537181682717
-1997.5500900101001	0.40989519175319844	0.001312314718109258	0.0021850354675279787	0.05025197604402267	0.10512144281524399	609.2950337406622
-1792.565249637705	1.6002993708821	0.04640216484107783	0.1230537728442978	0.4538118610398472	0.1485198124635081	466.2424693577319
-1841.50970590536	1.4385487271936626	0.0250229245480562	0.04985202127089503	0.23132125110165672	0.14563492670008707	520.0213443465343
-1840.7982336792113	1.7158244752453884	0.03795745777427489	0.08031914319616545	0.22627949112470186	0.15100983396211087	474.60966797919116
-1754.2618128853078	1.4513863678781804	0.042002253226029594	0.14601714560561282	0.7648686069391769	0.14864629744077498	480.9491080713371
-1887.987506635064	1.296380999601911	0.020642714558679612	0.03606169354026416	0.03517537898156021	0.15283776878383096	542.141254423402
-1877.29938307451	1.0945737608630839	0.013881957428462415	0.025278418591389035	0.16458847356537346	0.15715197734629102	568.974819261133
-1765.873503077694	1.3118159281278148	0.03814228829862673	0.1267780410278538	0.7304574082607214	0.1391489344893996	505.4658641799545
-2447.1734163179517	1.4825081374998823	0.026227854006274597	0.05023799774583115	0.1400922184000346	0.48820688540981827	515.333501892127
-1809.7969743643816	1.827636125584777	0.03250664046599495	0.07418552138148751	0.4346201699204552	0.13557737785510623	471.8778746249008
-1912.501259116701	0.9213759048957025	0.010474915800909838	0.017909956645649792	0.023099684910456202	0.13905386104030862	588.3105208618235
-1913.6855801353627	0.8428539258370434	0.007354370456857084	0.012824385432726577	0.12427621975211928	0.13875055895164226	595.8704206634027
-1686.2540598156531	1.3622102952782946	0.026365381133700953	0.2618067184107244	1.7199386702977317	0.14344179499538673	499.01947704700626
-1812.1812577310166	1.6342676049481453	0.04493653058963032	0.0984685619613286	0.359130193503842	0.1523947965038756	471.620698443351
-1944.1420702585633	0.6705540743026754	0.005153600288513349	0.008730832593923224	0.042362309651738435	0.13570208168060016	609.2653842457643
-2380.755593397186	1.5623922668211963	0.049315896127993024	0.1449945136986475	0.5443043798624023	0.492945024237093	463.738933503663
-1952.090976202701	0.5549833106217795	0.00563427421117296	0.010050277050162702	0.3623696957506141	0.1518490853602457	627.5574760813457
-1927.2023360596659	0.7858290800989332	0.0069609816252603676	0.01176711014896595	0.03861085274905894	0.14279723084447912	600.7330307940093
-1840.3677068538007	1.5411963046702326	0.04374533664129879	0.09668709107554287	0.22525699401879073	0.1397926310607934	481.43011101742076
-1902.4349821460344	0.9299419030123056	0.013766899666906227	0.025451952147595096	0.11320919556212847	0.16600041012467723	586.7860503490583
-1994.563537933969	0.4048718519704336	0.0017615121051873053	0.0029790471585234945	0.2887774240178716	0.19033085919706036	616.3537528965898
-1876.0641825013136	1.4773407210513352	0.018950457429082464	0.03393505873055113	0.0781774652136346	0.15311470279593603	530.224850003476
-1836.155077660771	1.2950741391527119	0.024713029770264888	0.05104100476995208	0.2793983566617549	0.14140137344395867	533.4775889213067
-1732.6719293818758	1.9579618935613825	0.03912332435886165	0.38833412378520704	1.1191843900086342	0.19088074246893502	393.9612415270633
-1744.855076638273	1.528324248207852	0.03469348913799213	0.11020686358139117	0.9139053467821502	0.145977909954905	484.36819215198153
-1880.5015083045857	1.1691843901220118	0.013717748456833668	0.024123223333101795	0.11117536558548813	0.14267838887397924	562.8169052761135
-1844.430468956229	1.5501840997138152	0.024172549784560484	0.04802725300687737	0.22143623134963775	0.15178262998486022	512.2784471311329
-1852.9355776271839	1.6812161302620041	0.025090135550916465	0.048850317134338954	0.188520616882118	0.14171145215042064	501.7199376787499
-1816.0150109874153	1.5923186453538412	0.03954888414000359	0.09048657813265833	0.32725964028919585	0.14833126068367558	480.5706842626971
-1832.0943279685455	1.2260058947506483	0.027827514457745086	0.05895507656901602	0.31008854716871964	0.15218203918630005	537.0377836140757
-1858.2725499862242	1.3428055402630186	0.028915023812707982	0.05747200032053507	0.15710483809005873	0.14348393856174707	523.6237792148612
-1896.731958416201	0.9665323126358759	0.022788566650980835	0.04319739518132923	0.12935425906165435	0.15999920346550878	577.5606149773536
-1947.8743266975737	0.6253261263210226	0.003931570824142602	0.006653285593943718	0.11011871479783979	0.1531317103909329	609.7096808539056
-1958.7066699900595	0.5344483788086363	0.0031944121686693083	0.005476311894800611	0.28608831815890384	0.12928475558060107	615.6611946546483
-1865.1193617525428	1.3757976438402324	0.016246731808520803	0.029880897547737297	0.15325057213454746	0.14170288858340868	541.9612658042043
-1994.5341425420377	0.9759775104207908	0.02923635912647236	0.05190763829093606	0.001	0.23773074488422632	572.2691861051992
-1771.415280844147	1.8037010212459579	0.03231224221042729	0.08400272041144274	0.7489839751261087	0.14714759682093315	469.3300895495971
-1883.4376147649646	1.1525758889459012	0.028126210271937565	0.05375987150369189	0.10431666364233554	0.13919588777669648	547.2253678320345
-1946.2494936525572	0.6814676273389443	0.009761842220294177	0.016989070694684694	0.0737509878803928	0.14275464506259794	618.5350242064173
-1899.8072558122797	1.0211076249791469	0.012191254397268283	0.020717686521225406	0.05054882116951593	0.1541025034541181	577.7145151610569
-1725.6256072661117	1.5889914618125425	0.04021030842869646	0.2374012239091616	0.9951681243829182	0.14502883557554733	450.39671954168637
-1816.7071804671857	2.1529119902727425	0.037233908294594144	0.08689238534071325	0.4935338012651639	0.15710997182220687	441.4945766260501
-1895.9480742851986	1.118668722286736	0.011148249005324448	0.0190732687570408	0.05859638060766266	0.16587212405027568	570.3952944752224
-1890.0213200881417	1.6656768226451526	0.043883336444172895	0.12296341565030836	0.5805496812343998	0.2857653659338272	461.02306768569053
-1915.7930251861592	0.9004622793060272	0.008833469201803964	0.014390239050476317	0.03488955267942604	0.15741486814885666	590.3317712781032
-1935.022940180547	0.6574061276463037	0.006370823442042329	0.011636453928849435	0.2444019305635273	0.15272172349734828	615.9042929974684
-1984.8295149536268	0.6756057443713159	0.013260542314065862	0.022926518599346458	0.005209557239731669	0.10312892049093501	624.4640140916118
-1931.3551884178721	0.7048277312393637	0.007014803328032263	0.012063449144281957	0.17154540679983912	0.16081333804086734	610.0997518855704
-1925.1345760189442	0.8219149718154013	0.006544869024172822	0.01133650290597651	0.02013341292102814	0.13896792179278578	597.1509867096627
-1883.0485017762742	1.1365404205311593	0.014266378816406662	0.02529144157109604	0.102795615063137	0.1381564506793144	564.8373297818267
-1721.4312405228936	1.9793895317247214	0.04239974525278244	0.40764462845336435	1.0987245716192957	0.1433097864826206	388.62041621676536
-1831.9692016808046	1.243855133943941	0.02831351581039955	0.05885785612722478	0.30383157754913837	0.1509139604169117	534.6944732153066
-1885.1262371008747	1.1441571091093836	0.013347445189424996	0.02348963204181546	0.09281561106089388	0.13743005653067034	565.3696354724406
-1789.8000089825437	1.5026298157009097	0.028368116169932473	0.06575413549591261	0.5540493232637513	0.15934885272567575	505.10795903349833
-1843.82794043833	1.25497086489657	0.028113389248601434	0.05669334447482899	0.2385885472319645	0.15176750895822994	534.0998811528335
-2229.1235316843445	0.8532415948324346	0.006147797727891128	0.010305497197869122	0.03514273139857256	0.38471247558803445	593.9571111402769
-1965.486517316663	1.2256907522941694	0.018978609592853225	0.033197481679911815	0.003522149073765165	0.2503791030311993	550.7558586054838
-1837.1190386849541	1.475304876591783	0.0239715160308025	0.04800714124605467	0.27466607788942893	0.13060005870322056	518.4932941643582
-1829.2880445434148	1.7538735875955445	0.026376794414312343	0.054906019188599345	0.3248957009093223	0.13972595583277922	491.9102103677008
-1944.844674398198	0.6840190723196851	0.007223084568379908	0.011588557216790354	0.06655978755550873	0.1286637614416431	611.6862822376777
-1687.949305037699	1.5056588918388123	0.029331285517839336	0.3806672976557316	1.4512941845052403	0.14112370036853933	463.1299992055729
-1944.3932381356237	0.6652098711050746	0.00468511487335431	0.007972630607983583	0.04571913516092948	0.13867891114543612	608.5083243455858
-1831.6243380779424	1.590362714773393	0.032135723129082534	0.059741130083457834	0.29830531179308195	0.15058277744180726	498.6755034182807
-1776.1852786930829	1.4607631426058647	0.03523167842199087	0.09236664114311242	0.5982199866234738	0.1453548089616539	495.9690365667526
-1877.4729030704166	1.7605117011842961	0.031065816371241485	0.058230530006190995	0.09536137282183522	0.15449167034991362	486.8407378917289
-1871.7253974155396	1.4453225966366419	0.021812389897130458	0.03966434370771147	0.09405114338680981	0.14798771888662196	527.0422299147522
-1866.4885031756519	1.2140079397519288	0.04837450910394472	0.1010920256120751	0.20534033248959874	0.1609607593176761	518.8202128695085
-1866.2365333539954	1.4054815642351262	0.026543187403419502	0.05003654757031069	0.11793823476179895	0.15146873028065572	522.0595730883845
-1925.5498301070622	1.1883316291306116	0.0524873008009172	0.11019757170622398	0.08005964586827836	0.15087065010085038	518.8964281226647
-1826.7061252627507	1.8708364061284941	0.06021590666348828	0.1570807280005329	0.3234330618729514	0.1662115514699418	425.2223037238588
-1845.29589595401	1.5733369235561256	0.03639570865082205	0.0757709094144546	0.19847000298829579	0.14617928766832664	489.6925004964618
-1957.0802225681045	0.5827989798435456	0.003097505887085478	0.005221256525361638	0.08111385730107508	0.1597412735698642	609.7334725348127
-1879.7144063586197	1.5053314407248701	0.01842441598818917	0.03304693535660082	0.06306605735752145	0.1386940636970925	529.2766021179349
-1875.624250967695	1.4858659174511444	0.016954471751236346	0.030127776622369953	0.09428335556137729	0.16196224880353302	533.8355033935665
-1905.6195514974627	1.0521507211574916	0.018598613795585413	0.0326248779176395	0.018888378701941568	0.15692767578121322	569.1199354169855
-1820.4828931269333	1.2654084023472993	0.03424287107130782	0.07982122741452724	0.39058466656948326	0.17912148018305754	523.1845140697989
-1825.225857987019	1.588528575200495	0.0316546798991243	0.06746281192717238	0.2988954787471924	0.15736357224620967	494.56281798927836
-1962.8307818489584	0.5986391803476679	0.0032359586845968616	0.0053171486237953884	0.07001286310482223	0.1803270174274522	608.5178777752797
-1877.3892370302287	1.166871788487782	0.015983166860193052	0.027552830139405755	0.12504523273221566	0.1421493544624183	560.3499727971498
-1896.5620414772493	3.4872119067294483	0.006996227827702135	0.012442835308026586	0.33069181150275095	0.13564723262219058	526.2489595047634
-1826.068085962414	1.4891098569299481	0.03375910127779872	0.0721927378630952	0.28456533352256214	0.1523466691673174	500.53968779496097
-1752.0876775849931	1.8511431208197444	0.054619420370497794	0.4221607278216055	0.7110499096445988	0.17642152832277366	390.0813490328136
-1820.4605996965256	1.7654545674383912	0.048120127318389036	0.11096618422582476	0.3234121655720205	0.1432722535894042	453.6134400320564
-1859.296587231631	1.7365846894020394	0.02968597756217107	0.058960009478288965	0.1647807703594127	0.1346605588091341	488.6117577805515
-1999.3268135235526	0.4106391646231415	0.0015666367816736713	0.0026159086172078514	0.12667258003732282	0.19568185496327112	612.7931018904102
-1841.4328931570747	1.7126970597985574	0.032934399792619404	0.06796754922537608	0.23780870628118517	0.16548441484776602	483.5372501395145
-1808.1993692963276	1.4371008645115493	0.03989613752972824	0.0954174397209279	0.3739251547190463	0.15111389880291615	495.03084956060786
-1708.1124182083222	1.4367567163295587	0.03210834120625452	0.26776552791978764	1.2238994303225519	0.14024939164442854	475.4382767691995
-1832.28798119544	1.4841530617369405	0.040107890517239946	0.08947875394137812	0.2541797613208464	0.15366637059015872	491.4715538107053
-1859.790810271975	1.055865286555794	0.01759382282250083	0.03489885980658117	0.272015423151951	0.14193596336743428	569.1192298173495
-1754.7090570203768	1.2945630244962782	0.03586058679937692	0.11385056163904503	0.8746871958384471	0.13335081574642976	512.2745271817483
-1867.7951046193605	1.545688379102936	0.029291877984835648	0.05645294748803548	0.11377287238727164	0.13983590820757444	504.9814620774394
-1923.6788061544323	0.8975400566721721	0.024639232364794705	0.04504554881011984	0.07470752016715931	0.14628628293188997	587.7849086083635
-1819.040882371309	1.6327230540012805	0.026914267096074265	0.057507849871604226	0.36001417613335496	0.15223596762764868	498.7541890639671
-1875.3546544052524	1.1632776824740807	0.01695293245075021	0.030781077845096743	0.12531307170838413	0.14359175616278988	558.8500235951265
-2217.2630256842945	0.9095104238828218	0.010123407823893595	0.01761641059907904	0.08809536798663149	0.3865950528235304	589.710051199062
-1891.095856895455	0.9373897321232066	0.01352429876957287	0.02453649880750367	0.16812542036513678	0.1391651681987227	585.9732908272965
-1963.8299748734603	0.5482380900759148	0.0032895693484081257	0.005565525309348108	0.08852568090922669	0.16608110580590738	614.3870250239956
-1856.5683603451803	1.5853418577846135	0.0374605866599948	0.0757170652344079	0.16158375034624242	0.16112127428890569	488.1625619709004
-1777.6845766150118	1.3172952978401051	0.039048091782137175	0.1111870896080003	0.6206300908325717	0.13833895032938257	507.05400550054685
-1859.7803871916217	1.364576135652167	0.02526629237521085	0.04704391033411902	0.16001602295813172	0.13147013804423266	528.0754359323537
-1883.9238796561676	1.0866191122737598	0.0162986730948903	0.029447896705420123	0.13137009247717457	0.17040507704811858	567.3280349918206
-1762.010386206388	1.6106058736728581	0.03971815599254653	0.12040693570159038	0.6977499590640517	0.15039164737430286	469.44332687996365
-1842.478704193531	1.3538821629222155	0.025967751171072362	0.050289750069184236	0.29105503592789367	0.11517665447289044	527.3734427842456
-1884.116272628288	1.48328674347427	0.02049245506122434	0.036711729311266594	0.04087396330787535	0.1490554311058868	526.8554848269498
-1961.3635171828328	0.5582898748828831	0.0029397462592560025	0.004989784298419333	0.08734842253754711	0.16302582725009376	611.2719213830961
-1842.9067211279946	1.7300252885235983	0.031334066246167774	0.06356093809988009	0.22651321604773594	0.1505274331215023	485.53433737131877
-1784.2846359357966	1.5596132024591949	0.030275585425061754	0.06808129365714746	0.6045114484037909	0.1552367376023278	498.1428537521117
-1800.1722214405095	1.726058446504887	0.04159379326914366	0.10025457194366226	0.42851136904183423	0.15068214437354643	463.86349158276414
-1867.9787324415076	1.4437611850186993	0.02020125024475691	0.03703114377385481	0.11395731459585728	0.1467642180049396	529.7649475267062
-1885.8255671570903	2.08924036514727	0.014466396276080573	0.027464750884142183	0.39975185576035543	0.2174902567283094	510.02164651916445
-1850.1976451038115	1.3693371030494832	0.02767872628703986	0.054668616279596044	0.19175758552882674	0.15885712623060497	522.7945534388888
-1959.1255954078263	0.5367230318929817	0.003916325323790195	0.0067207078585393275	0.2570767404402984	0.13129258771019975	619.9534553355496
-1809.01624410108	1.4639208327514373	0.03290416208039192	0.07476301454151438	0.3787491535756178	0.15014786095404725	502.50895935054086
-1774.2686422292495	1.4268438592946688	0.0442917064530065	0.130248417921101	0.599781331576789	0.1539000893146179	485.8350128588263
-1856.5764205997289	1.4725167758937443	0.02704311966231908	0.051868532305594336	0.16392709476508552	0.1324089307254643	514.9286550356192
-1881.1291101884922	1.4094580128512175	0.01753734598135968	0.030843833281761865	0.05719899243524	0.13936236535590651	538.0938982268302
-1907.6278153084174	0.8735533541251416	0.009668152137643559	0.016938129959856506	0.1142205172144097	0.14595101320945977	593.5386737368156
-1922.2040938155737	0.8478357169889846	0.010542026454481658	0.018205751375938797	0.017484866494958486	0.15328235012057684	596.3964111601241
-1876.6031936102434	1.2359192184137613	0.022889007173863895	0.04219803720770396	0.09506468236356994	0.1506016666702427	543.958332327983
-1728.1643530429249	1.4952589910044387	0.04424105594369577	0.3017785917356392	0.9337783659520548	0.1548091069758982	453.7462854533752
-1684.5515896985635	1.2543543190696596	0.023724874682937224	0.23981060818270605	1.940559791869051	0.14293634315725018	524.971231179932
-2072.6836466219975	0.2712803174863821	0.001	0.0016118847454465006	0.058488946992623456	0.24635909950885754	617.7556125643363
-2025.9717054220916	0.401616829996114	0.0013545085271722825	0.002245295547893294	0.00845035836885598	0.22412491273651858	610.5372137104835
-1878.7668001999598	1.3653345397243049	0.022386682041320098	0.04016470558388147	0.06930712210690453	0.14066837224759668	533.0007373879513
-1896.9986299105383	1.0248343879517932	0.014794006404205771	0.0260544300539658	0.06160383518091525	0.14022525763393717	575.255195487567
-1874.493518961805	1.136773974197335	0.015374697381902334	0.029724536793874243	0.15373352377864932	0.13955952221389514	562.6408320131172
-1901.9824082749308	0.996411825744849	0.00976188936053371	0.016864378961765125	0.0609781577369354	0.13918136069851433	581.639141124933
-1732.0753254573274	1.5090094625039137	0.03813558055542057	0.20610040894552834	0.9583973097394474	0.15303206184506446	465.81313646450616
-1932.227143055204	0.8552157619384033	0.027644202252103525	0.05265530932465293	0.11951618176179869	0.1683978653037452	595.0712683162232
-1799.2634692051438	1.271108483168846	0.05263853360183614	0.20832253878826015	0.5636142262962133	0.1490368747013719	492.4001334884479
-2002.8262196458165	0.3021464477445337	0.001	0.0016401076805604524	0.0467391005073914	0.16412708540716034	614.196466064664
-1889.4884662930308	1.3828968778317159	0.02109323384300278	0.03757489004995167	0.026759686902646473	0.15894127622304896	533.6567011961743
-1809.4721700383243	1.230576772613355	0.027528950632280363	0.060960588135837865	0.4548132143806819	0.1456110199757616	536.3152499583308
-1977.3239113197594	0.44148525082758505	0.001893975697914801	0.0030846466870639386	0.0925170481021618	0.14492919034332077	613.1126472649062
-1933.058429720169	0.6991323908236234	0.005745125315873762	0.009857366197355286	0.14299048299884148	0.14254071771218624	608.004787089462
-1851.0026610064492	1.5247956039755848	0.03419551790330424	0.06828655723439504	0.1771807764192147	0.15698638665198034	498.5946378549187
-1964.9300687291363	0.5129211051296382	0.0026966215207866527	0.004548160074711765	0.1564916324758433	0.13551287594342198	614.0165694085133
-1863.5155853468489	1.5818331134196335	0.03177145225457857	0.06073687334137152	0.1299269533843205	0.15329959155760875	498.5188297729663
-1746.6362341889794	1.6181718110862433	0.04641360895296655	0.22166624771264148	0.788418221069326	0.14815494712111849	444.5693662533792
-1705.2032627569963	1.8123385562620689	0.026263388126335892	0.25103217163900865	1.7949799225000185	0.14879893739136615	438.66216906085185
-1940.8331563652187	0.5923161083728393	0.006483241113008373	0.011184802495563778	0.40397387279752905	0.1385614168409784	624.2289162001969
-2007.1277505994606	2.415815098436676	0.02707210456449179	0.0488390091792329	0.127670441037664	0.2795136557375846	463.39457881662725
-1963.7536608120995	0.7046041450797969	0.018059029441936533	0.03015257835298625	0.06437968476518326	0.15227972838751222	622.3886394047767
-2486.0401322603593	1.2146187097363383	0.02606919438776277	0.047007316701141146	0.03126206701259345	0.4890608932170335	542.7839210788305
-1798.9485707122838	1.4271431287131822	0.03426186332244766	0.08067428916938658	0.4567236897103025	0.16621892695941723	503.7504384757372
-1990.5881490343852	0.4224649024668856	0.001582217883064059	0.0026305926814778014	0.08677676971879314	0.11096687965568378	611.7391074428821
-1719.3369881154813	1.5489702849145623	0.03290320066692162	0.16517048502644946	1.2183272641437501	0.13994895861255854	471.88192330947885
-1740.6768471687037	1.4285075836845487	0.037508170115154095	0.13771558603021083	0.9316576060098266	0.14819121912403813	488.5321668726873
-1748.1565679374974	2.0125050752957248	0.040945473912388786	0.16750688651913437	1.1116000105428394	0.15017847091048267	421.0082589643697
-1699.2025503819762	1.5063249975957718	0.03149766870049299	0.2752249200148927	1.3483353006765977	0.14863156455587503	466.30139092117093
-2352.9674163587215	1.5719375690748525	0.04330816785727194	0.08877945898960962	0.15573374890165123	0.45815355802790786	481.45829490616563
-1844.584346816577	1.364056996984863	0.02761514542677079	0.05344795571493817	0.22543859136208624	0.1341694751878908	524.0079609941572
-1887.7375695042615	1.017893498970951	0.014058749878864298	0.025050014184099332	0.12561298035197685	0.14413985644125382	576.5808401654178
-2153.5299278429375	1.0951335495824062	0.014632212402649992	0.025091952045070635	0.008585362946358262	0.3606689697167471	568.4237440243747
-1931.920883411811	0.7850602116912715	0.009315803697277853	0.01587676183717138	0.0026699197911956804	0.1520236972934139	603.1065978417607
-1880.3865190571478	1.3018476052987655	0.032795629389030724	0.061494695635951155	0.09004208090902902	0.15542003105237756	524.6836631922732
-1952.1386588070864	0.5931291340933941	0.0035861802193069142	0.006076495866168701	0.12591243764891577	0.1399335877237691	611.3892553536689
-1917.209834280937	0.8972640680921335	0.008281384454000637	0.014049448254674303	0.00438636860279299	0.1425463641750303	590.8088375229866
-1885.95611184959	1.2308817278945396	0.018999848910558035	0.033976188178687916	0.05141427844386905	0.14354879111682728	549.9443100449026
-1798.1799821780282	1.32712862965202	0.044253665599416334	0.12408691246152938	0.47211140062355234	0.1558460627918159	500.0311302753103
-1884.1380487538559	1.1797301396439899	0.019844172293130256	0.03210702941236085	0.10329100166234989	0.1590167708750994	555.3266878427693
-1805.3689444307738	1.3298342000064274	0.0468809570887583	0.12517627466854978	0.42880459983810054	0.15254354315082022	498.19715753840205
-1963.1068453327107	0.5419049756175635	0.003009600112617783	0.005081015045503695	0.06501918180671976	0.13453159431725556	613.2269795067675
-1756.7938090684581	1.4939209396351296	0.04736190274238105	0.21735206461540205	0.722555530513188	0.1518680767637076	460.3289530460652
-1999.5834260677893	0.3127017514002048	0.001	0.0016491225386798321	0.053694982059237784	0.15968812348179234	613.110860460722
-1870.576036739627	1.6132861266017091	0.020220284944905218	0.036349913825293394	0.10883192921961707	0.15075339075877017	518.6374363952256
-1865.378749289961	1.424761162209746	0.03535733377138043	0.06969272448533533	0.1299025270792561	0.1425893192785091	507.139385771953
-1916.4051821346973	0.9359803819009873	0.01798254448508706	0.031645931883965195	0.027807819068478973	0.15055628161197307	584.1696101146857
-1839.6028063494227	1.0812309742172546	0.03302177526882858	0.07395896887291786	0.3483757559046837	0.1468252687924909	551.6617988222615
-1781.1977848566967	1.409079758831389	0.03815915005192879	0.12274894836651937	0.7690470211920668	0.20815636887764144	493.1689441194941
-1803.3442397782035	1.7741539043194559	0.04360528271938502	0.10891636367403097	0.4138997025251805	0.15541366987010533	455.41009951112113
-1828.1618315186377	1.5498434374775751	0.02093288888735583	0.0433741797322499	0.36395002996810993	0.12983386478349784	517.2340550237609
-1888.0108963622206	1.3219268295933069	0.018641120773981466	0.03283316978854797	0.05618622833752894	0.17568920670989738	542.8408310756944
-1890.2051976176706	1.1240013668820785	0.016406258176450823	0.029118773673859545	0.05586383655359441	0.1449127571184286	563.4821220429311
-1766.6074175356991	1.7778621959478778	0.04341200222914259	0.12788305242059111	0.702179627295499	0.1598881122372855	449.53079162223077
-1828.0702903772037	1.4874938060159568	0.04076765084692096	0.0967361148799588	0.27574401672077586	0.14792113251291816	488.2955975800177
-1859.281255833058	1.1664970610781038	0.0167178231657105	0.03159891363038526	0.22687044877720075	0.14771595885374111	558.45895577665
-1803.63052755831	1.4503736632145876	0.046996635193473954	0.10925998052383573	0.432501336902803	0.1700245714623345	486.7877941668886
-1906.6727786995086	0.8476184421331323	0.00992721560064464	0.017512263983127822	0.1543887562719886	0.14659470902211633	596.5548332594519
-1976.3870552125861	0.4499034364740385	0.0018109047010846978	0.0030287012772739295	0.12772763450984148	0.15831284261571124	611.9737535154635
-1927.1650409553283	0.7677874218617625	0.009005237372722193	0.015922185311410427	0.07435673064661388	0.14652782080645668	605.5432824738481
-1888.384047015078	1.117698237121218	0.014356403716711057	0.02523219792377231	0.07429371934059038	0.15480336942066628	566.4890124152676
-1846.3987432589129	1.4696131410920519	0.03053493577005838	0.061512916615535554	0.19506105190953144	0.14926409389105505	508.578809573535
-1894.0883332850553	0.9752239356036032	0.01556942186184743	0.028055856852164482	0.1162388869317318	0.1347841708151391	580.408827183588
-1861.1599730930523	1.3511148425485568	0.024994802118904744	0.047691220359989614	0.14373533223186127	0.15093871201307274	529.0791318695599
-2019.140476899339	0.6075544893513967	0.012799279391363607	0.022374329562932043	0.07534337677263583	0.2211083617020755	638.1558453783219
-1953.0082880047573	0.6153034229449047	0.0033846284857514696	0.005685553879481316	0.0204746191410074	0.14076634715660985	608.1197842089906
-2079.213296873759	0.5209046357323048	0.015447808418040455	0.02780113149985195	0.05658130618876149	0.08851701824219049	668.0076726100981
-2081.583082107273	0.6467716302373142	0.013581927034678138	0.026610157512505506	0.43317484630167785	0.307401792708212	634.8171633835929
-1739.3884438052753	2.0872464143494107	0.03560781929871008	0.24146999647871856	1.3702513178092153	0.1264561681938427	403.85564129279237
-2395.78824744654	1.6895003834082878	0.052640775034897225	0.12119073719109419	0.20272798426537478	0.47572399194180043	454.93352263854973
-1853.2314600584084	1.6170774344252399	0.02649085408758306	0.051298612870524334	0.1782550221258172	0.15617018688358827	503.9282607857196
-1876.5402142915477	1.0434189344542242	0.01420478605642878	0.025624647525682512	0.20749983364300306	0.16271517677869632	573.8417907289572
-1942.6635660158431	0.6803196247658262	0.0050187451424504245	0.008475305736321078	0.03184265081746835	0.1407499697379713	607.8122395899758
-2007.6846198123635	0.31048617735384154	0.001	0.0016510078300033919	0.04139876353890914	0.11301046264284197	613.386883160633
-1867.3074092978034	1.1559681235071113	0.014134273810792311	0.025965353200349536	0.2042930500032874	0.1453418237224264	563.0142058093885
-1801.1966886788643	1.5037635046155156	0.03260006385325616	0.07596416879361444	0.47680322139088843	0.12045651206956957	498.3969323983753
-1967.2869942952914	0.7150768545593589	0.002849791902398466	0.004611997632765506	0.11060863814812218	0.20350328591772	598.3197358755918
-1949.6843569748253	0.7736336447287445	0.00890775629260926	0.015128223074903299	0.04121091416807933	0.20011331770693852	604.1156947465366
-1866.0232090360498	1.0857065157300532	0.017696049512663424	0.03322065071192691	0.21845212621692947	0.1585806655493065	565.8844632708698
-1686.0847911523865	1.5454561236794455	0.03133225052171842	0.6265568419330372	1.3668663663764966	0.14810285904630463	446.4274918116643
-1835.3794435972484	1.4876111022153637	0.028333734281614967	0.05827222116761339	0.25382439867509515	0.1579874525417327	509.6257765923013
-2022.8927360702833	0.5247228780033623	0.0019126744300617983	0.0032216523437779226	0.0737756798548927	0.23882662416353675	606.6975753824812
-1774.2968313113936	1.2250742468589335	0.0351441269991041	0.09727627398823854	0.7950927260217808	0.18019156711625597	525.7053391723937
-1962.664557287583	0.7323909575395694	0.01728072412547887	0.03287581139663574	0.12763298686388155	0.19750603721038368	619.1904213329221
-2168.5164441201223	1.2848085682760668	0.03101705311704111	0.05904087522106373	0.1224049778636418	0.3823134667165693	528.3464454701011
-1897.5886797459443	0.9198192608735082	0.020080634640343566	0.03717325761292694	0.1533906665012365	0.16055952174500532	585.9850571696486
-1830.933673961942	1.2585489717372003	0.019859615677419156	0.039666804356079985	0.3656847044537185	0.15223091963708973	544.6549591879852
-1727.1455066505755	1.6886141198682425	0.03687041099584417	0.20148134921854804	1.0543125640260644	0.14483348803858426	445.75957271903434
-1764.5772585375357	1.6259179487930324	0.04537117982303317	0.16233149878547024	0.7782605004058207	0.1921253822189363	455.19242144317394
-1743.2236179648219	1.678785095209455	0.047022550950126814	0.4508784879185765	0.7769621108225203	0.12608846759679582	412.0165972956586
-1837.3933380164547	1.2698129128540006	0.029250368170867288	0.05866743303770724	0.2732420920589136	0.1599038460148295	531.2570865686473
-1885.9289890823861	1.2745012269936709	0.012338404858376418	0.02157979778967665	0.05877898415277774	0.14364849071066246	557.083673246395
-1830.1285055297997	1.6457709642422438	0.04393811854306302	0.09719884588679886	0.26541891262886774	0.15522412420003223	471.06508683434646
-1863.4157155584878	1.0539402770816466	0.018281507320510034	0.034897082675528844	0.24408692540986088	0.143240831785871	568.9608305234088
-1974.6000641095284	0.5084901682512325	0.007168902119143194	0.013371414401834605	0.6489297847776553	0.19216583647479632	645.4084935616041
-1857.468673624461	1.2277446984773392	0.024021491234769477	0.04707325794096499	0.18377922348922024	0.14946019431931934	542.4763195698022
-1904.7499717732537	0.8586409801623309	0.020173659664300066	0.038051129533689027	0.17588856422343754	0.15274534737900747	596.0258778217328
-1777.594563126221	1.7916280583789626	0.035292071722155184	0.09393095769447088	0.6442779492663133	0.15612470810588966	464.0187430337754
-1774.1387793029307	1.2381535897373925	0.03272246837684513	0.08603222868921892	0.7130495879855532	0.1495186702819772	527.009198223804
-1899.183475255357	1.0992959014156582	0.023204503320271467	0.043283373100614274	0.07031056556201822	0.1760549020349561	558.9237131249732
-1709.6301429236871	1.4189117042636985	0.03384689485512863	0.2848014605173543	1.1827438529333199	0.1402410065142012	475.45896254294377
-1846.7789497880822	1.4265650842916047	0.03546133198296662	0.07361345534711793	0.19713449340550213	0.14240122668618546	505.40437305386564
-1915.5915167582907	0.7229178773946061	0.011169606113018017	0.020507621540018877	0.296123912888748	0.14700488636078585	615.2173536184168
-1700.3432697797134	1.8518758687754087	0.03495901863672402	0.6412812151136068	1.300605121402615	0.14914958641983062	398.47121967202025
-1996.7431480138819	0.38629758684911397	0.001879892562928373	0.0028755487910706932	0.31763852407654714	0.11222946732752344	617.4634783657574
-1849.1407093730613	1.00741139672883	0.01990824411330877	0.04039854780910578	0.3755844717516537	0.13749932406873167	573.6574500591539
-1867.4529634021499	1.2283097765978734	0.024870301912814533	0.047363556791540834	0.14438805232270582	0.1624922804880446	541.8548519568619
-1856.2753502767512	2.0447717695511027	0.017759569535764984	0.033676128701918766	0.2999028424324837	0.1365797128318082	501.0592838249773
-1857.1274069965432	0.9714467871043427	0.02304662612959587	0.04652045134990521	0.4107017775688945	0.11441069491404132	577.0869114830875
-1859.312143853582	1.8203887850144023	0.021283426440339048	0.04028713838835548	0.19105325773379447	0.15056991548834103	502.3359198593061
-1793.7456942216097	1.9946676377287273	0.04307953325513052	0.12167446767999489	0.5459814242193571	0.15001565150058827	433.2594260602489
-1988.4890967542328	0.37589097356667667	0.0010767834309873836	0.0017691652897517361	0.07228655965643928	0.13673786386406517	608.3442790430969
-2263.793010778366	1.0965177341198982	0.030662803238841154	0.07431096040187253	0.6324564772697087	0.4477448604954375	551.1100109461628
-1854.080886951887	1.183573739102194	0.01821129485021684	0.035356644287093786	0.24693584679151787	0.13648809645651713	554.566499789007
-1893.1564846739916	0.9141461077449671	0.015497448018626306	0.028151957655420605	0.16809635316237756	0.14658740284503033	588.2846566660261
-1756.966891331696	1.4607196366516326	0.04339864201444361	0.15221921268297905	0.73664020773918	0.14470971115325673	477.7277645447198
-1905.9982530147322	0.8914042193960464	0.013426011750569643	0.023714617670420258	0.10058156233519895	0.1478860624463863	591.4635694834466
-1877.0549291504685	1.091096169949521	0.02200143724609689	0.0411843444757687	0.13934143556752301	0.15231311886053198	561.1258431456124
-2381.814745316361	1.9811569568310157	0.052236563299436	0.12450748625614855	0.2878304227324451	0.47509291219467203	429.4322095912629
-1938.1057369728712	1.779982943887508	0.027315779873253874	0.05351588873953274	0.1819095388251121	0.26192270529294237	490.59669621238464
-1812.5494158133415	1.6243832183728522	0.032325762890738595	0.07189508994571889	0.3671377142189739	0.1451191642899894	489.040433710875
-1921.3059645473422	0.8390206787139627	0.009208932706908453	0.015779431195487633	0.026661572895564072	0.15027362493485757	596.8981113260529
-1901.481416903646	1.0507940107713685	0.011462394068698511	0.020035454387307878	0.02889819545258037	0.1590896447248033	575.4974850157681
-1828.7655467261202	1.1580277062803883	0.0311971128626303	0.06909340072192635	0.3551100551737004	0.1483147677028997	541.817799169317
-1909.6626631670856	0.9856671982127612	0.018410063295528356	0.03227327456419939	0.03144757677614242	0.15536773515563843	577.3759301743397
-1790.4121597784388	1.6796974930782003	0.02506355505286315	0.05814550058601906	0.6180112944283603	0.14012122067567934	496.11729742333193
-1771.3755624028124	1.5286180272894496	0.03767886867509936	0.10221293104127872	0.6233727932025828	0.15119821520449725	484.39112926323287
-1954.0768036403347	0.6267821077593184	0.004804788493960973	0.008166820021241262	0.07196318038231991	0.12072986325997538	613.013680204685
-1927.3720969517765	0.740963180991187	0.008198536307152672	0.014611147525456721	0.12949985652722107	0.15646247051131054	608.1541524051114
-1851.591268178449	1.4372284762121297	0.03239837552127289	0.06502155303936424	0.17510571742596343	0.15229907069720203	509.2187191892524
-1975.9997494916477	0.47967873607879413	0.003169511033927212	0.005363051372553564	0.10250053509607518	0.16285856375177837	621.7189762794537
-1811.2344513193323	1.4732521154870988	0.03763463798019561	0.08542425964315474	0.3695165933173162	0.13249995360600234	495.43081236031117
-2203.2772766114213	1.408700139051428	0.03711495619253157	0.08529692293106764	0.39494340695084756	0.4227865073166616	502.8367434353774
-1997.5479326805005	0.30533105188381604	0.001	0.0016552343560538247	0.24028152372652178	0.14439113300043777	614.0633769000858
-1826.9235277880368	1.3719465563548796	0.030284066380547803	0.0639371491435497	0.296093161800762	0.1493789062342599	517.509466496025
-2357.4095416803325	1.56965129897812	0.02531796500106487	0.04272931746074589	0.27781430546099956	0.4629583189858438	514.4244067099478
-1909.488396892286	0.8161913688505588	0.03545531117583381	0.08503783961827587	0.35818472447839783	0.14444241400261354	604.5783469130174
-1770.3202276038533	1.4287130928955645	0.03912019652453953	0.10840952956777977	0.6572974534986212	0.13309614922928123	493.4671477228289
-1735.192209600294	1.5720795097380327	0.04166884214346782	0.190993730845353	0.9285187654386193	0.14477414846632897	458.355302119812
-1871.1273371981144	1.4387664737156616	0.022260196277666983	0.04135203051407497	0.0970852548215081	0.15126893497811347	526.2145444946027
-1722.5787018745784	1.7307661516269617	0.0429341109119489	0.3959960580277727	0.9199361387782682	0.14770243720051593	413.83379836246513
-1863.755831635598	1.470526971724915	0.020449078833004567	0.03749975493727625	0.1353435007792816	0.1440704185559302	527.3410394629864
-1840.3776605750472	1.1987568372066308	0.017951864128502984	0.03558089179164999	0.3508176192858506	0.13200135411640687	553.2368515190958
-1861.5916775305047	1.372556430298041	0.02356151727361186	0.04429546169924964	0.14243083114177424	0.14172768242459866	529.548701869578
-2009.1124608188345	0.37679410247047446	0.001	0.0016771508815070061	0.10445795380388609	0.20044389106398677	607.3637766144151
-1761.71248470549	1.9410181328008327	0.04844456330503854	0.2083776029490449	0.7470335148964901	0.1474083399978315	412.2360916416927
-1851.6975752807662	1.4271486599957928	0.036265197702407465	0.07573880088736942	0.1840966334424065	0.13534836079626658	504.13254696300277
-1973.8364758815574	0.5008038839592354	0.0027313937274975266	0.004505814879447512	0.0021338978085340297	0.12570183577105198	615.0085041785221
-1844.819213217011	1.093667672623455	0.02508995930304574	0.05214192711106944	0.3371240263645875	0.12411033794278455	557.3135608447403
-1938.0735622149919	0.6911751521356849	0.006824468230484579	0.011725915270376313	0.09751509819252578	0.1565124981125035	611.3253085593012
-1874.2309064166989	1.0922192335264984	0.011559782534692059	0.02079777592378369	0.2238742497926626	0.1469439678832741	571.8476805778829
-1888.7495498361188	1.1443448662644307	0.01616322192497936	0.02876219698199578	0.05696402982637878	0.14617921764000139	561.7616882190125
-1747.3053358214197	1.7435781972421842	0.05686425579209899	0.3503093273978681	0.751257129995698	0.1459542949665536	409.07833816710695
-1890.9245230303866	1.0936609353644522	0.01863111603722666	0.033359451645778394	0.06601260148719687	0.1479033264131853	564.2904262835798
-1751.7538361398783	2.1831580519863185	0.03155979150360009	0.389533992884302	1.424173157963251	0.19550700019841688	381.12781299894436
-1860.478059745586	1.2059468656315755	0.01896952252507627	0.035896502480426765	0.18978184040720222	0.15018887783739743	551.6587766871293
-1937.9652887759396	0.7334949608249584	0.012363885538811813	0.02260946244331748	0.11817007890635739	0.16868913764620386	614.4840454855923
-1797.759376253108	1.433801192607781	0.03338455013225781	0.08091586437766286	0.4708731313974185	0.1688892396965783	503.31788917126283
-1835.7714341407452	1.1490633937273866	0.026924854332687057	0.056161022876670574	0.32797372407451053	0.15517331768463793	548.0494277503307
-1820.6528453746319	1.786311485094007	0.04167845569637266	0.10094469356987444	0.3249481473799376	0.15010564952384806	457.99394545319603
-1893.1688604082055	1.1930650575392614	0.020125557790102933	0.0345101660784258	0.03616708473493264	0.1335542481016972	552.7752061547843
-1811.5115793772716	1.5613385635759054	0.0416562809184473	0.09956911849400057	0.3888773966640896	0.12054377583631284	479.56322828198716
-1929.015679311492	1.0245366481475082	0.018808445866047616	0.033156547319034	0.10837273753575163	0.2237187237794182	572.3367330756362
-2058.2119029995106	0.45042720803042724	0.0017278904164752874	0.0028575471710631365	0.025559593994706867	0.2591021234107198	610.7434727085824
-1773.3737000339697	1.7579622707853335	0.045746970471539763	0.1462594283631559	0.6128482768156798	0.14049600968779255	444.47758826124374
-1783.9824975842926	1.6485084487208181	0.056335782596280685	0.18514702447516312	0.5190786038715873	0.151599454220566	442.32162292817287
-1870.6498443713572	1.403786677497037	0.019141113621905056	0.0344177416153568	0.10557997977937295	0.1438953077013559	535.1587407652776
-1763.3270446696663	1.941351544865025	0.051583266843576156	0.24294039836315648	0.707647386234781	0.14795321162050412	404.2258884556976
-1797.8181234188687	1.724916471065372	0.029221471882651298	0.06520856176344139	0.518193034568872	0.14324091732679414	486.3687253800836
-1854.3722907780887	1.337286381459068	0.030339127037366447	0.059358903461117794	0.17963279298000764	0.13466132231714031	522.8580941029342
-1731.8082085953909	1.641500245805053	0.037165444110385325	0.16025487131460123	1.035335135907725	0.1427117704814618	458.7881227246565
-2019.073587215303	0.2386757133648742	0.001	0.0015975715707281276	0.06437457708895902	0.16272838151957736	622.6671043979342
-1743.582410045835	1.6029118029073186	0.042906705299591265	0.1940067652551984	0.8860818069775007	0.12583605410863236	453.2279531763448
-1866.1517092976562	1.181512750274573	0.024012672609140206	0.04476129233785794	0.17543007401886646	0.12665736186831392	548.4866996107311
-1692.5904258034082	1.4384561221281216	0.03580757602099734	0.6189441239571604	1.2240137341427852	0.14188504907484142	457.962739485762
-1772.095008030515	1.605532016789608	0.0270562054536129	0.069466959623049	0.739333192030002	0.15560903438525617	495.03809762479597
-1867.003641409294	1.1579824170916686	0.023126221400341634	0.04376600845997266	0.16217947960556958	0.155203773517677	551.9040127336544
-2127.9813175386826	0.4035070816611752	0.0016694500033892028	0.002775312740429601	0.040043030682451124	0.3014739765302986	614.7994337960804
-1810.3361711618643	1.6243285941181163	0.04134091297697559	0.09851502430042643	0.3598185654592591	0.14071410780444263	473.735876245329
-1975.6883135167286	0.47176736623124843	0.0020658411959089667	0.003487677766077098	0.2740414446439918	0.11668748343566315	612.7568034450323
