# /groups/rgutenk/lnt/software/anaconda3/envs/donni/bin/dadi-cli InferDM --fs input_fs/fs_019 --model split_mig --grids 178 196 214 --lbounds 1e-3 1e-3 1e-3 1e-3 0 --ubounds 1.1e2 1.1e2 3 12 0.5 --output inference/fs_019 --cpus 10 --force-convergence --delta-ll .001
# Log(likelihood)	nu1	nu2	T	m	misid	theta
-6297.838539220812	2.8626940288018194	0.2614478166412467	0.31884211538307156	1.7941464423982385	0.1762585204077495	660.5541562695632
-6738.615228020062	2.062590335741212	0.12080561665567223	0.037659821166827985	0.23842245086618225	0.18556670760946575	1022.3714110824446
-6748.701612024959	2.588581510316638	0.1284073801058016	0.040152310703322425	0.2365840323511476	0.18121732654834186	975.4959847005999
-6888.901652051873	1.1866661705682375	0.06337508274412931	0.018383633745158542	0.03613981143447025	0.20561264895629178	1190.0627517516887
-6798.951292170799	1.6146712738635933	0.10272704879811291	0.030729257030509997	0.061065879944788536	0.18299727011916203	1090.4902260266165
-6878.549915735413	1.159845902280944	0.07646193793409083	0.022524726357500295	0.06474484113254897	0.18432285673471038	1179.6537248247457
-6656.486578823598	2.908961588873287	0.1529831549971003	0.05759132845573266	0.6934549079796121	0.18657752562760546	900.057266605367
-7286.246431166651	0.43554731296994753	0.01730109110868516	0.0048223357829550485	0.11917564077420739	0.17397765328030446	1336.8256241103013
-6741.1739435847285	2.3419036792185777	0.1222615099338776	0.03760369483875036	0.24020941766589254	0.19389276146947038	1001.3588732472076
-6395.926449366579	2.703689468156102	0.26521888060813176	0.17785086979014292	1.434354463490087	0.19086650105502082	734.347972899473
-6496.289263074926	3.3829513891416596	0.18007851364321906	0.106831241559073	1.6935467536324484	0.17709668512867746	777.5031025697043
-7528.299358269806	1.6582823683692767	0.11213501610704184	0.03340359865710692	0.001	0.42888235656087736	1074.6844940121666
-7419.065742652639	0.2811451799899463	0.006427702740315026	0.0017449110737352673	0.15020141245696594	0.19630488433579138	1332.3220927887032
-6238.266996178677	2.099742189369688	0.20839304653203478	0.21300167762548253	2.4932699986721176	0.1862920938055982	812.165572154539
-6382.264463332104	2.259373841774924	0.18711174277692538	0.09404915209277197	2.227979085498731	0.17250046210407016	881.8802586571652
-6181.26793041792	2.2011290428316976	0.1933351041729954	0.3967276249651152	2.7140702531932326	0.19060990702879702	760.1740537775521
-6782.8533431163305	1.4089547135947642	0.10075883879489297	0.03103835800891431	0.29311367544155575	0.18927704314003735	1116.0209049575903
-6223.6724606173	2.1170582040050174	0.22566704540799704	0.34360238339629373	2.2063837408857703	0.1844702588671481	759.7966941903211
-6750.905871057856	2.2894470592743397	0.12335886761007808	0.03810276000480521	0.19560415026833367	0.17565528592067892	1002.8519446450605
-6616.769329582981	2.826546089581929	0.19195587979259282	0.07963725109501539	0.8067023322669499	0.16401647511509007	847.2425321153459
-7155.593267109498	0.6270033310777401	0.03923664035946516	0.010867083663978446	0.021311108351103246	0.15514234389314074	1306.752785438408
-6761.1364310687695	1.6805005238625106	0.10468914660027354	0.03275227084444759	0.22337910846558123	0.18046968466006894	1077.937122730877
-6743.562614528506	1.9583254051952417	0.1277944586467922	0.039754881946998014	0.2280849336882706	0.18852701311868797	1022.7898676830906
-6709.253532676876	2.2614610819557557	0.144480189978669	0.04852524050455396	0.36261944362203175	0.18958304608897475	968.7517500649777
-6774.484002340357	1.9535078975150157	0.10010003703480493	0.029831768642531547	0.08436932073945247	0.18700868578677537	1063.076538522694
-6289.416011082981	2.447351033724045	0.26470233189684184	0.2751994980994822	1.7687851677074264	0.19384370260351869	716.3507791044559
-6768.300752659126	1.8594056321171706	0.10873189610464608	0.03280722954207644	0.12923791987512576	0.18999980659845192	1058.3152191435254
-6769.53909662677	2.1284209755152	0.14933681157024517	0.05070326702031073	0.19318838555022627	0.17472603608382103	972.6064187876375
-6931.48334730799	1.0126426901910297	0.0685069898932349	0.020263284107846342	0.062349489671180675	0.17000876961036515	1211.5149437253028
-6770.294453082404	1.6322317918428189	0.1088596353698023	0.03303879562914013	0.19495823855238725	0.1840844189541318	1080.3247710306778
-7781.39423418159	0.4368319859444894	0.01757016081275925	0.004999322924996663	0.1577435118355358	0.3841036457439676	1338.5832463138927
-6644.308888316607	2.4720113158045347	0.17096062969694967	0.06305632974771284	0.6161035502673222	0.1809666573613677	910.8237450608996
-6764.250884228991	1.8545019755444145	0.10375908768123554	0.030975982466396386	0.15590001009631904	0.19135762922482474	1066.263592605566
-6792.129555179852	1.5519515111224114	0.09007860974948742	0.02748243601518342	0.139174975349938	0.1861801463198695	1111.8171838245696
-6803.436954218138	3.495463298451108	0.10295550705732925	0.03166348987628641	0.2867338345710286	0.221964108908195	979.048108124499
-6754.232391512292	2.2750939124888325	0.11315567058351235	0.03483021887371067	0.17146851288667186	0.18310597719040272	1018.2086188257929
-6443.044552539273	2.728674306504223	0.24613377989681118	0.15073442479871899	1.276665717464459	0.1881370965338127	756.4336341130955
-6509.458694043014	1.8869938350940996	0.16418146396063563	0.06971266308586135	1.2134586653439365	0.19409385845285276	960.8250640780453
-6781.4880574984545	2.037468603281192	0.12026058341480247	0.035181664115131746	0.055672570092332216	0.18986845341648634	1031.266055359376
-6738.828949706272	2.3926791542917005	0.1130865139954585	0.03499222283645519	0.25678320310049146	0.1865860696717502	1010.3093889524931
-7464.97412552701	0.22826808519092837	0.004610238897321724	0.0012585691491121568	0.07090861661326799	0.16783142696573736	1332.4856034967424
-6821.0187689576505	1.4892884251423077	0.09983121887809966	0.02858954018925864	0.08756754944515145	0.21270609975152951	1111.0311113483544
-6887.070604893159	1.0501968501088221	0.07061491088747925	0.021326364881135363	0.29992557233418415	0.173318955554957	1203.030126794815
-6685.050202712817	2.3034699196804502	0.14259360816261282	0.046288673280380485	0.4768327890324715	0.17573688901136314	972.1140623790004
-6700.059295924131	1.886442998689493	0.14624629041509177	0.04909751307818358	0.4176496088812335	0.18559401660819796	1001.3652421906888
-6753.567288924796	2.122166367643859	0.11580564839041545	0.03542915766792284	0.1700718108862453	0.18789562697956774	1026.1057367241806
-6692.145886472853	2.4300431516693326	0.15546218252089955	0.05163697210433972	0.44387009384584375	0.17996797545849524	944.4373420719375
-6734.4235500198765	1.6392623512255589	0.11925370759977566	0.03831362908781177	0.3585307730204489	0.18737290167789594	1063.225715451899
-6175.577833650309	2.1518153594186735	0.16315556318957314	0.3356779224138498	3.179575623545886	0.18450650378331154	802.3343257089418
-6476.104224649563	2.3584051295454747	0.22515254594558728	0.10090978115095313	1.2685256018798279	0.1730339132222087	846.2264988808299
-6733.077818709569	2.1858327904472343	0.14412378914590596	0.04503730084395645	0.26790717900558464	0.184507140505984	983.3984750288477
-6153.14383651969	1.837766501395113	0.1514303508295877	0.6123985192422936	3.6360507209424116	0.17826588678949024	862.1183040382899
-6758.676089289695	1.8804701223292064	0.12418176805229363	0.03773656533195152	0.17477575427229486	0.18453156274285304	1036.5167732077523
-6224.728967340359	2.4792651560513495	0.24778885030359676	0.516396991465497	2.1084806093871036	0.1618157643152046	670.390086484023
-6506.617606522948	2.178185190061802	0.17483546189206392	0.07651862105356604	1.1469827966883055	0.19505942763699513	913.758783801903
-6854.88739135887	1.3469279115747617	0.06243041540190491	0.01838886460424834	0.029229977533189667	0.18505083763970318	1171.5331449797575
-6453.338620487959	2.8745449116356743	0.20965502976250167	0.10811022258683502	1.5197099714650764	0.18679932369483976	799.6735882821309
-6730.629402474758	2.1479820469051893	0.13199201153283918	0.04069773577487832	0.2734138426291418	0.1845803761327862	1002.6058706217167
-6181.48509412035	1.9937816992295874	0.1887620656198363	0.45795184974695685	2.707304932636847	0.1752821488296705	788.4188537909039
-6850.691083506129	1.2345199615152802	0.08576489260529958	0.02532718375556457	0.11834051034347934	0.18698741407439387	1158.7245499789935
-6369.200696667429	2.432592340623288	0.2406226003536813	0.16776096961217113	1.5483223378172606	0.17361710805159875	775.6131833734471
-6753.776991092597	1.9033739834847805	0.12319143719799802	0.03808172110090128	0.19141772801412416	0.18307636558567286	1033.9792778202946
-6413.34386332995	2.112234127046314	0.2424350281341646	0.15272541789978625	1.345815183112544	0.1893446773464604	821.2952746569861
-6171.851032052416	2.060849084892776	0.16833497064299163	0.3386672824241459	3.161254883867058	0.1828352508152386	813.2032323072729
-6150.4525707090515	1.7454952028347925	0.13662088859251675	0.6178734349604077	4.0563189674810305	0.17633724932685224	912.2610728884626
-7793.251673847666	0.3341039985399479	0.01195296594145305	0.003254344348535813	0.11697213343240526	0.3663329904873027	1348.1953720312524
-6753.429185349263	2.2650606336084627	0.12197032009569937	0.03736278573296805	0.17591958001248215	0.18195912095336159	1007.315915567641
-6797.431601359905	1.7380018573492428	0.10735720958071816	0.03156274280572187	0.021597520845203805	0.18283280302352006	1073.4195179514686
-6257.6730826541725	2.482420058921648	0.2515426023879482	0.32401751003904083	1.9370467733630947	0.20200571740330056	703.1818422729491
-6908.151061024168	1.0516185120473638	0.07470261130120566	0.021471877196502547	0.11056245282638515	0.19155224993086672	1199.5846045337319
-6252.8209225715045	2.7245171583112624	0.2568730899827567	0.3692410861058707	2.0011431194989195	0.18061905370394712	664.5158664827417
-6874.331688661667	1.2746509919250997	0.07806135549205864	0.02224153382108319	0.02836292745732853	0.15429347925432538	1162.7192903330097
-6733.250593768665	2.3110007522674043	0.13559757999316407	0.042602766314859264	0.2672737404178535	0.18536675691943943	983.5916800957888
-6623.417090760862	1.9524603213690523	0.2127668977833059	0.08313189942685703	0.6854126596119319	0.1911680613550821	914.2116251490243
-6835.262985578333	1.4162410664924328	0.11471536223784261	0.04051565224859436	0.18539611603183742	0.1815522329030647	1091.1377040432528
-6720.525088868331	2.4444859467208766	0.11812443400047887	0.03685779665963695	0.38981441969473224	0.20659867763390605	999.1827466671884
-6330.453974946905	2.080839417514807	0.20173424561301317	0.14109022243223654	1.8742618244669256	0.18427566503440584	851.5045190840536
-6546.886445650321	2.2651140027736982	0.2523636264057165	0.1163667851873581	0.9644148515448333	0.22696638366804608	828.9441308025774
-6545.567628799896	2.0866113021829182	0.2951887357474327	0.1919238021956605	0.9516560639491861	0.16695676799968642	781.612673265187
-6692.682125639719	2.052369281401005	0.15029751186982435	0.0502568192462694	0.424635079611365	0.19093845072990906	980.7639348467914
-6754.442276178831	1.9448063107877644	0.11403050216119685	0.03476317075468967	0.1785676659922518	0.18682503308966972	1043.1049333249875
-6710.904110488228	2.0778507109491855	0.127487922824474	0.042094027956574735	0.35723305721076654	0.18536331386487118	1006.7613727448105
-6880.230778774782	1.2522035750616243	0.06773453310997961	0.018694693097117524	0.001	0.16664490508159072	1178.2981499554244
-6794.392642666352	1.27633860783068	0.09532203722266111	0.029566284011056286	0.39667721380105986	0.18799504505894862	1140.7436047897354
-6762.090944421275	1.4852857827241075	0.10013151289587248	0.0315871732570228	0.34144940980585986	0.19177788179361846	1105.4902126303693
-7438.406201329799	0.2636905130700334	0.0064029451539642885	0.001741888854889728	0.0669109527859163	0.16254851762757705	1337.5560474085755
-6665.4360618561595	2.1698296506060895	0.17451018223638462	0.06197964320790396	0.5239335739837625	0.17547144385600072	937.1775502544712
-6168.678378445169	2.005191443445129	0.18660540042426338	0.5342678306558231	2.865147021124131	0.18369693299099113	784.27242200675
-7091.291997858729	0.6886642061553648	0.04219496812926558	0.012010300796942324	0.14670541043882093	0.1721241744467188	1292.6573369278588
-6201.820616757866	2.0209245558362663	0.16306099081837383	0.21310989028620433	3.1596195055276146	0.18450148566714283	852.5420966189097
-6470.056248222526	2.113737843066504	0.29863649865576986	0.15139801282407905	1.5656870895772013	0.15472155978348884	805.3515845037224
-6224.93527970359	2.168535019802853	0.2400218390288002	0.46275090707747746	2.0594324211193293	0.18648322773772058	722.1348496137408
-6832.247108293664	1.3587239576308374	0.09038745137613344	0.02636017677274945	0.06885667590776991	0.1818574470156439	1136.9135172815215
-6465.99303678996	2.551164639065036	0.22727203201587937	0.12055527021750397	1.205549076665114	0.1854048391707048	805.2463304748101
-7001.4840299835405	0.8571713208908894	0.05697165011818962	0.01661912181080878	0.011691154011226937	0.17829415494744522	1250.0246149025465
-6155.5182704723975	1.9295168405537224	0.1587436187031392	0.6124091161947489	3.6191994453118093	0.18257696617976066	835.5008427692569
-6676.192117848633	1.9301212195059323	0.1326410073703977	0.053020887457220174	0.5897937328336363	0.17115976855836043	995.1844743408877
-6506.8971901986515	2.134852954549188	0.21911393635901602	0.10684196782991408	1.0345270394498214	0.19258215933564574	864.0980572184566
-6995.357027838377	0.888094307453495	0.06383960003267299	0.01881898127673558	0.05976760335595124	0.21360879581409112	1239.319782572903
-7106.319213954173	0.6771047944432685	0.03156836783845002	0.009167955446039272	0.08113742255706384	0.1892607609391609	1295.5639130405132
-7202.626440252219	0.5380948983388002	0.025701813398631684	0.007179991007591548	0.06802854046931693	0.18166882996963696	1322.9546532611557
-6900.379290194099	1.0249469206513269	0.06900198887597721	0.020419471318108194	0.26531861436357246	0.17627473439073973	1209.1208017585946
-6780.082926042803	1.9843839783158406	0.09632798527113869	0.02831237219463162	0.05655277519878008	0.18913507030110807	1067.2964773448643
-6329.050211984613	2.547415571624844	0.26690746777744884	0.23282834030795208	1.6251536541376723	0.1974040182782178	720.3452137238753
-6738.342472520646	1.8868479835685994	0.11564477338096621	0.03643007197270505	0.2619049456438559	0.18432105397589368	1043.2521938225343
-6662.861707647925	2.4667056862463608	0.2301075394731619	0.07950210948698239	0.588378886818062	0.19958486568896894	862.4533230400203
-6717.250398514725	1.7731336809206089	0.13224004462743436	0.043764074313372245	0.3790545519691397	0.18284473771552961	1030.5800654285526
-7046.923818321778	0.8110243999127273	0.06987215992303451	0.021862135311042415	0.07109279228890554	0.19544472453339728	1254.5760417492484
-6475.011911947533	2.3234572324598073	0.2364406285893776	0.1627324614677593	1.32023544709266	0.25159652441757685	790.7623979423857
-7159.114104166567	0.596199663622888	0.031367179255095	0.008851291575331615	0.14065410641219106	0.1691590282235075	1312.9635796569926
-7081.7439204976035	0.7335304882729576	0.05000708949403369	0.014113634411218606	0.07373691250667526	0.21692217066229647	1280.089490209222
-6985.310731099596	0.8903470717652558	0.07176437535826125	0.02141371088536652	0.15770115189582554	0.1604713918345785	1233.627589271513
-6664.836644273173	1.996280944341269	0.15945369678982443	0.05645743176841197	0.5417443119783165	0.2003137057935646	970.3981038290606
-6670.423725057458	2.0527624883808033	0.17996533808054002	0.07724260699132207	0.5699349436089876	0.1789352362845417	922.1541292787283
-7117.502130092867	0.6546186304382794	0.03507366740644919	0.009863468330079665	0.08347083978168231	0.19286858796573272	1299.835206197246
-6435.525823751677	2.6626933576467637	0.26535361294902027	0.21509723917367307	1.2182260830417897	0.19658811031082185	714.3610174100936
-6792.001887596213	1.848158468116034	0.09839320208046098	0.02850281552268266	0.022261742130948094	0.1958029763556094	1076.3824683140222
-6914.571867521885	1.1464677339791287	0.046043680640667814	0.013692507752453	0.09093206606420583	0.17999020737017732	1214.0728080273984
-6704.537917377767	2.1721653857571304	0.14034904844467994	0.04572762344784132	0.37905003583163605	0.17937378903291304	984.5268974702525
-6782.4691645026305	2.168757092430959	0.21551531614514824	0.5179334685894803	2.4349473067093337	0.4036265484398568	733.0659335844124
-6749.7252021134045	2.260307333410336	0.11521941219415639	0.03503076009062129	0.19158806739912504	0.18730512462025642	1017.737606590774
-7543.792138765639	0.5393764980365952	0.02036251207890288	0.005924953541571447	0.18189031270275371	0.3461074370660855	1318.6918964457711
-6605.379062767651	3.473920531505785	0.2352073415227154	0.09423811131182085	1.2896905685825448	0.20092416391344772	774.0792824128522
-6227.080540803151	2.5436064857201304	0.2656296023722398	0.46293387489894916	2.041452670712227	0.19005752055471867	663.3321571907637
-6197.435498616297	2.2102287324843832	0.17615247079088514	0.2545438623229699	3.174852665006963	0.18501742851927647	804.8363665117498
-6392.812512032343	2.245041657608887	0.23779862623004175	0.14460634641937073	1.4654374701439075	0.19940830012810726	813.3488766590499
-6693.318064966186	2.201529202526364	0.1316849229434643	0.04496574015184494	0.43077642148402145	0.1836445130249758	987.630258123072
-7075.335353653261	0.7021305363327394	0.04593460522774351	0.013179900342113525	0.21862376940744546	0.1831674344548213	1289.3315188227593
-6773.888480657334	1.715485579337482	0.10421087151073677	0.03219137942810547	0.15369244188324035	0.1966216776039998	1075.820006282868
-7057.063421808528	0.7555291717987491	0.04343299721042201	0.012319014099697387	0.002571154573190069	0.17808935008203136	1277.0199475045902
-6757.452373791089	2.3836095591088706	0.10871816185581322	0.03341693164861964	0.16657687354886125	0.18369844321535192	1017.8520459877619
-6797.336536077575	1.6775160370573823	0.10785281164207314	0.03214368973422727	0.058905029635737814	0.19930729883254214	1077.8592149853134
-6503.731611822198	2.4399038430218702	0.2620705913709807	0.14518027025870697	0.9964132645349657	0.1837326259117523	781.9406974470966
-6901.8656221869705	1.1455126634798272	0.05921131269724069	0.01742596332414665	0.07990467222029274	0.21128464887207046	1199.8079005271184
-6328.575758621854	2.6979848102348676	0.34053220915679044	0.36033902108157145	1.6561761234945322	0.1748724753284127	641.9542002423165
-6752.525408501428	2.6037783452718077	0.12408347809978808	0.03860973113158507	0.21933177019025213	0.1867454913757076	981.2366626506393
-7475.486679809586	1.358411434115169	0.10251826834921503	0.032080802067601555	0.14601483905086043	0.41672350039137956	1120.010328439796
-6410.008296461387	2.287723704582977	0.24009449726254087	0.15085182988921203	1.34741538370784	0.19206743348241448	802.3165330503956
-6779.772851500768	2.0423821315767605	0.10200106511513599	0.030592921805120774	0.048241803275529745	0.1875333006989649	1052.93122628817
-6581.863921795187	2.13871848079591	0.2373709216487314	0.1120186600583933	0.7867732804456143	0.1911814676030623	851.2382042702908
-6799.645562939667	1.5951838794164397	0.10159747986622653	0.029826339022778838	0.07005356865031866	0.17836996293553847	1095.337079965718
-6747.189895430675	2.100922493103888	0.11222566056323183	0.034239866392507326	0.20247455607604378	0.18860799582614202	1032.908766843319
-6268.418889947754	2.70192079950663	0.30589684315855853	0.49278894194704875	1.7012895700768473	0.17975506000178718	623.480666122088
-6767.235939740044	1.9272865471849232	0.10794210356738843	0.03247135683749307	0.12145562566637827	0.18324106926516767	1053.727694836529
-6560.976416525773	2.9191043616891323	0.21446714191873645	0.09020575317046224	1.0218301862692443	0.18369385934282678	817.6921983936123
-7104.302646398176	0.6621371031585273	0.03675750949635803	0.010537110263008022	0.21323412968732464	0.17905931342855352	1299.232256351666
-6728.839061573313	1.9158359611694329	0.11564173006810044	0.040091643307681044	0.33749334078782484	0.1763873079254309	1031.5262629587673
-6203.9969569462155	2.261539234309563	0.22900523620681215	0.4771857358432646	2.222590481192075	0.19249688888046226	714.0221808608862
-6195.230174358653	2.229317429759708	0.22122531842673698	0.42296296081628837	2.4135879486168954	0.1908470010778725	733.5354382587414
-6679.778605163174	2.331729097357372	0.15221569304764263	0.05260164488129627	0.47646427833021465	0.1841578201026816	950.864967745519
-6482.875942768751	2.992805536236517	0.1962193985469604	0.10083825607624074	1.4324522806686177	0.18769077008939375	804.2703284064743
-6794.989771028942	1.5774676011110098	0.09444194226912478	0.028325148155618287	0.1012625393581156	0.18920080548334386	1104.629473956762
-6199.557156046945	2.1341020561607538	0.2134339982842407	0.4379120083252081	2.3535730720339014	0.19266545986751127	747.9126698927669
-6251.65353856599	2.721526061204976	0.21706003865624407	0.2948155721047141	2.2732591662524224	0.1884780967503629	701.9464897673922
-6590.633905369256	2.1549382019591232	0.2569573960637209	0.1196617859472851	0.7616292073617468	0.19118177935452657	835.5917398772
-6806.66011495524	1.5195933032491828	0.09369649334366323	0.027783844838090984	0.08268261211758579	0.19632793514299285	1112.6384905681998
-6686.450618765516	2.216155182725232	0.15574104474217615	0.05295118632464766	0.4430996598275366	0.18587484203662338	958.1503396458688
-6150.298389570367	1.7297472979722786	0.13350214738572513	0.6052690379504992	4.105943365407431	0.17544214204440725	921.0436739153747
-6724.618828335281	1.7819840217508298	0.11605028020980096	0.03724912897232247	0.35819189763927006	0.17630453977077518	1051.4407543812817
-7387.822696881019	0.35289425204385394	0.015707426859527415	0.004324054850947986	0.07261455368899589	0.14871702766212885	1357.9118230853464
-6735.707077687492	2.117799746363129	0.12028266318931811	0.03727975118639907	0.2517836497036421	0.18167209043805538	1019.294297253792
-6181.995215216919	2.343484946981864	0.19985795182412627	0.49033225412228565	2.632289432757768	0.19337162729258428	722.2266667462266
-6611.554639201953	2.1738749264173873	0.13256313557112287	0.04715130581616032	0.8567000313977674	0.20562241547161078	985.2931046132954
-6988.066725548202	1.0204560973394157	0.05057937346521028	0.014456180452835332	0.25635633007421227	0.12792531125477563	1226.4977606292728
-7221.696640207102	0.5144302662637195	0.02409325209683548	0.006830194185174891	0.08574119315632271	0.1764574308680418	1328.3152417487345
-6725.188589082381	1.808415049177168	0.15257034031338723	0.04884155395072847	0.3775702165638814	0.1654924288107616	1007.626638455966
-6465.446407447535	2.290573179344726	0.284188636190763	0.18213714176587573	1.1072057104696023	0.2029263824224465	766.2510399653676
-6169.127916084485	2.0376015802904583	0.17884991231646893	0.5246119583484045	2.8797020142437333	0.18909284720767722	784.2737559546039
-6791.119737416043	1.9243665019900462	0.10444029988905074	0.03148259270928337	0.009819721991818473	0.18577558591262833	1058.2626497832744
-6457.721002138467	2.496073733904925	0.3029204562307967	0.2315546872038947	1.0914537685216277	0.18535901075748054	711.9814399212161
-6699.371041568887	2.13667580293469	0.147583180607647	0.049861680711760024	0.3972942312069266	0.18147505780008769	974.9675215470265
-6694.495686269583	2.2045361303718796	0.17494646650978007	0.05928274894875617	0.4205956390410608	0.18852023795066952	938.780700382626
-6778.855555810653	1.6574998387212634	0.10320494140592178	0.03163928537306632	0.14353778322237057	0.181399817213878	1083.6409644622402
-6790.8254353279235	1.9094770361109976	0.09883988106768402	0.029059717487320134	0.011547117418011434	0.1939092678879856	1069.4302440510965
-6874.0818215326835	1.3186044962209311	0.06866415860229273	0.019807213787121768	0.024741431851035348	0.22125187408100985	1167.7272580618708
-6168.311454866336	2.227902850607416	0.1754177605678878	0.46228799544533233	3.078442509137788	0.18338516840234861	764.9444169957969
-6765.2506752055015	2.182170333955813	0.11810223091059006	0.034733033031780526	0.12497256298586278	0.19284090581166707	1022.7584577204709
-6682.267514787905	2.4296259925005153	0.12643649531460918	0.041235621540388366	0.5242574011110178	0.19210651895335712	983.5336030510636
-6719.84127088683	2.0580154652252105	0.140881990376858	0.04495516517709466	0.3189723192866787	0.18844592659480783	995.8250954270484
-7023.703988395904	4.943908167701634	0.17739284886608012	0.041456240615039844	0.17871122202052986	0.1754958141318384	875.547407541389
-7098.994077400666	0.7479148336778487	0.040392914773516406	0.011437047241621597	0.13301021276495945	0.23879449244130213	1279.4394568962896
-6773.346652540456	1.9787608949551891	0.10301029890416336	0.03077829025579906	0.08532595150952092	0.18445466250558998	1056.8063905706283
-6170.934941907836	2.1369735459233956	0.1826502238961124	0.4169334540394084	2.9273111655622484	0.18213293597462782	776.980626620006
-6924.39508759407	0.9662531955611926	0.10141120511563759	0.03091981332164463	0.402262063294136	0.204869123747428	1194.3649834807577
-6622.3260738198705	2.048526962497642	0.11457609561826751	0.04212978581196414	0.8413337033395886	0.1809680809555581	1016.0225325878349
-6780.874362314365	1.9482507087043976	0.10537858810775017	0.031303789684295535	0.05142160919175674	0.18512658982846328	1056.479716488358
-6931.504768659908	0.9428975383317932	0.05730842999319194	0.017320442056059326	0.44934509056113375	0.1606248085862132	1233.713613350117
-6644.405412589165	2.0268542570361134	0.1641085454939262	0.060440604364748476	0.6007467775816082	0.18841672276995217	958.2096960681927
-6792.394714051674	1.8222383098965944	0.09899127952072209	0.028879861975177064	0.017637656368521104	0.19040011195176948	1077.1620340757702
-6532.203363655515	2.505465411451428	0.2692796776630061	0.1313060913658091	0.927756552612066	0.19730390484584323	785.4567069189683
-6779.762493194271	2.028054701031966	0.1398151362931719	0.047354824874921105	0.16455715521172812	0.1703728047782156	993.0411150028086
-6157.52915058432	1.9139984689860103	0.16085082112748866	0.6378251782258751	3.315154008166181	0.17960260226708258	827.5354798560771
-6839.802556762445	1.3352261969821007	0.08954566309430098	0.026222238521677276	0.05506541494003891	0.1938024722362966	1140.7354982350093
-6720.146157229891	2.005062678439724	0.13915273292569472	0.045480405554777704	0.3313726350646886	0.1742724179146064	1000.1441440003714
-6745.638520209037	1.747000719874606	0.1283068270808008	0.040971274341628505	0.26916143891602623	0.18952937686396848	1040.9132822494491
-6162.607057861856	1.8517083361571374	0.15603284120837807	0.38319330475089436	3.4289399649634773	0.18454838602539403	859.1581914629403
