# /groups/rgutenk/lnt/software/anaconda3/envs/donni/bin/dadi-cli InferDM --fs input_fs/fs_001 --model split_mig --grids 178 196 214 --lbounds 1e-3 1e-3 1e-3 1e-3 0 --ubounds 1.1e2 1.1e2 3 12 0.5 --output inference/fs_001 --cpus 10 --force-convergence --delta-ll .001
# Log(likelihood)	nu1	nu2	T	m	misid	theta
-4301.481237260278	0.0024779855298973086	0.5177449793739006	0.0010371409636910382	0.0841842296331886	0.04502889268429387	869.0065313214304
-4304.493425963734	0.0030930666940809713	0.49422459165410326	0.0013062928060203684	0.12372717934010309	0.06043172460232832	872.4004287768921
-3476.7153054689015	0.08070892210380329	2.2301456143738143	0.041030585976565996	0.08012231356899034	0.05715110339405518	684.8397908297551
-3053.937761874235	0.24364566154486436	3.761892886138951	0.1590124767258238	0.2420979771720072	0.07289601068124252	452.2399139154229
-4161.409687427928	0.01622164479022438	0.8260441455221688	0.007280851848950896	0.21488271481521223	0.0591236182309129	862.4703736032652
-5733.743298533603	0.002558538959279063	0.3476554287186947	0.0010614033257254137	0.07419701371844854	0.42337175481855543	879.6241723112283
-2742.5191388621975	0.20931049788325554	4.1837082287371645	0.3691943738938515	1.1274221431246798	0.05377949164667607	372.919804355418
-4365.218138457191	0.00514870961129185	0.6142925494589775	0.0021930170114439693	0.17117427545612268	0.13225512684006377	870.9161434758327
-4373.194609528536	0.002430804461189365	0.45134520611358575	0.001	0.06195682577466461	0.11163117149740534	871.6449539908475
-2563.5324361488365	0.14966196625661815	6.792458986504824	0.5205257390427314	1.8677671965237455	0.0652397459779081	302.2158553638493
-4187.259473357524	0.014951544380975339	0.7895608313435468	0.006650329524396118	0.023405313771869357	0.055159281917664386	865.574993345428
-2556.3999008969627	0.19107405546674464	7.887177594102428	0.6469856562503882	1.5329449182864978	0.06632865765284496	260.8094006415736
-2614.8617415655103	0.1392114320312206	6.884494690780961	0.3252356452164963	2.117392786368956	0.06489696348119561	338.5794895322557
-2544.2906770563604	0.13510788754544426	6.683167946504955	0.6630097714255845	2.164588239324819	0.06251832165133352	300.48335139144666
-2542.675004928477	0.1828927140431569	9.301150439587424	1.0593017493969998	1.6182641898351569	0.06552348474791783	224.432498965436
-2757.46869383206	0.2033783644289722	7.848582088488626	0.21901245331092511	0.981443591724244	0.08695144805554647	340.36785087471344
-4463.019485281678	0.0023882704886558264	0.3217472992139562	0.001	0.14670410769753522	0.016942015720368964	881.0331815621469
-4315.429630462425	0.0024097188883156705	0.48757243856085963	0.001	0.08925171156375893	0.08098008597145671	869.9459071625644
-2598.212555010664	0.17491622182537336	7.6074402082687245	0.4012318135790883	1.568082811959261	0.06394260584364253	298.10529090045804
-2566.645971803112	0.1291021010268784	5.999575380600623	0.4865560538759629	2.2260568754426453	0.06342986012451854	332.4532798489634
-2575.6759469683993	0.2163143623033463	7.078660046377264	0.6991796318556087	1.2387883672414255	0.058269805481326736	260.44335239340614
-2536.8507962982117	0.1452888962771198	7.0068537471900525	0.8378837261744144	2.055302296135439	0.06222654230326478	280.7927870574306
-2560.578862570965	0.24971410645033876	9.220856674518314	1.034768747945476	1.0994316077915571	0.07704331871334434	207.62676055446607
-2612.9729207873684	0.13822836173028433	7.324807833186116	0.3452730983072149	2.118247839244987	0.0642361575219772	326.9698649779439
-2754.0076413818915	0.25400521622138683	6.48036401009285	0.26393288970329526	0.5748003329040443	0.07657784802925868	333.2809246092345
-3128.3263511445257	0.14170984269710254	3.5884093083911375	0.08632805323427359	0.26815804119821535	0.05363682917345733	539.8964106359076
-3265.354372716426	0.1924333973975701	3.0501893601891483	0.10079175545203119	0.0524528266311424	0.056581257625605466	534.9292163013356
-2543.005983711197	0.22323872907229603	10.169678071202348	1.556529015472332	1.3435213599077616	0.06422094682019855	192.7806476192125
-2548.921276879759	0.2512794432195164	11.58271114131363	1.7687857407773577	1.2049017536106068	0.0629346550961673	172.18524911431336
-2777.7138918418636	0.30939515811991	9.829671305760716	0.31891169457223023	0.5033820142572422	0.06548834402916555	268.9672757934053
-2718.1142755559426	0.24407917131145768	5.015191744253029	0.42321792670510366	0.8134954872686302	0.06118551644366406	328.0760368486327
-2557.0416928075306	0.15552294418829646	7.308310760807681	0.5686457040025124	1.8915106535178525	0.06437748923217043	288.01184250142455
-2579.5527513437346	0.21908627808962347	7.312209311890194	0.522130722387038	1.522342702384809	0.06506566896253707	278.80981363298895
-3317.90284366882	0.15805242003805384	2.3575439028060017	0.1039451965720588	0.24904274092703524	0.06401971986565962	579.3495825891397
-2577.842997110954	0.14707582484296844	6.760279125245881	0.43290162346270883	1.9772836367044027	0.06387126140658438	316.69116443256075
-2660.869130525292	0.36667399430246345	8.201274323693852	0.4947673518737816	0.6290001113795783	0.0626824973930543	247.22806609493307
-3004.883818873969	0.2320889898790611	4.134643253718743	0.1671882368218788	0.2596859101337428	0.05695105188473718	435.8012640050585
-3355.10414576212	0.13778630599092792	2.3766290150025378	0.0785954265684921	0.1543605091330197	0.06282378886933994	606.5449068500834
-2778.9000156531015	0.2298031623979225	5.088940551892457	0.2575129700092778	0.6218834348741171	0.062406340348305715	367.82624274671696
-2555.433424714564	0.15808910277994923	8.62212795604198	0.7042394083829587	1.937695370860161	0.06242761407333327	259.3622202819145
-2584.8065898787686	0.19248126854849262	6.555850219949047	0.4864504255642203	1.3880389884552977	0.06244497734942885	296.8583217435639
-3241.315713385847	0.18169229796882272	3.2918746951017446	0.09635648416842144	0.031297691718170005	0.062170815115488394	530.9671279230222
-4280.955849936942	0.0035241047984619755	0.5639369871026422	0.001488444116358954	0.1587825946593615	0.05691218168585451	870.0625771387265
-3268.921669514367	0.16317977917336363	3.193076454591484	0.08264427966401164	0.033227318743604656	0.04647431028672635	554.3891729012092
-2578.4587707091296	0.1348641067016342	5.518629050943774	0.5243394375244012	1.9953427443560028	0.06551150598591263	334.2439991817704
-2634.7619868105903	0.15373239367248479	5.579202272563014	0.288151773017799	1.7394156458361614	0.0651388935294578	367.04861826287896
-2787.36121592348	0.207110901686381	4.081168725990961	0.26960490371145546	0.9216404448220563	0.06037487756688842	400.23723102645477
-2630.4178636483766	0.23226181398933426	5.730982394725689	0.5433975308585788	1.0823521460121532	0.06991636547367057	297.3719790802191
-2541.9619579811188	0.1418609099002486	6.81453316028737	0.7075983244818993	2.096131072349977	0.06168854968653705	292.4228108135742
-2944.728583402708	0.1643787994550971	3.188114156008532	0.15570740433600191	0.9209914006035148	0.06699958765544518	495.4684433643427
-3590.249397563303	0.0747998722039486	1.8283613921923068	0.0366500385904382	0.1156690941091804	0.05816671482499924	719.2800505239977
-2733.4440013054395	0.2398677614459993	4.34110329051033	0.5187739933763861	1.1743797246999879	0.0570103622473474	340.10586194891124
-2542.8153967039284	0.1424105989815695	6.39376071353055	1.1513833438378545	2.039220477744714	0.058810640432199905	283.47145579371454
-2665.1089679010433	0.1189526432799445	4.728485868575166	0.24118557027415882	2.3780427854714956	0.06394514982154044	418.80925635802356
-2530.895144533826	0.09876199298706458	5.5059451081638695	1.2859102480518216	3.1543781217551	0.049648370762015406	356.4346271197046
-2555.892401340162	0.24522051444850754	9.359978999337374	0.9445921354914962	1.171739826692542	0.06980946918718155	212.146020730155
-2562.5862482766615	0.13549968173351892	6.11953574635725	0.5201666374201178	2.1689511790287312	0.06861761070880346	323.8067604061728
-4675.795236820279	0.002417819058986099	0.2513767303629128	0.001	0.05871119335254174	0.17955540910980552	889.6307178231622
-5606.465347491463	0.013630588087148619	0.832618918608521	0.006008338811652078	0.2023352833601117	0.43642293434230695	861.8606407690405
-2837.7786751162635	0.2743607095482096	5.5162713020773975	0.22498173626257745	0.41764431732976315	0.06561712395687758	364.88398847343626
-3535.290653317974	0.32651949997887214	7.56220869624946	0.6317591631937024	0.7746582127292034	0.3469035661709951	242.97610261325792
-2546.64056039985	0.11940527134022805	7.512089476708282	0.7007479220220926	2.4177076561331843	0.0585271814176065	292.86327133158346
-2865.1219626556754	0.10737046562937648	3.7557239294734335	0.11827749362660574	1.850632774096444	0.07255102546146144	515.7072134279124
-2595.5033454835248	0.12205737583182327	5.672881474846337	0.36091027644088125	2.399315065549064	0.06446319009343751	362.8850549287608
-2626.82730097131	0.192264670662326	6.012576311857669	0.3473935312385392	1.2949417982658034	0.059286495882389496	331.25920817768656
-4138.08403819798	0.014826526727580462	0.8737867086675771	0.006538027460632995	0.17663672469454203	0.06235469038102702	858.5122799463493
-4225.712065996415	0.002612934833862649	0.9164456959900174	0.0011791158950057476	0.06494290397635967	0.05673180691320783	859.7458406680528
-2551.290836990364	0.21749934002448976	8.653519815003811	0.9086423463978129	1.2936836931510918	0.0674670267071243	226.51765750960408
-2717.1782504957173	0.4342354740152094	10.336930530779156	0.48500730032976325	0.49128624342930804	0.07427104383393049	223.02631225980355
-2562.705483296964	0.23188772385748954	7.801030465509237	0.7184463200923445	1.2845220501949786	0.06394580011677585	247.54884902028468
-4263.943664260138	0.005271385766831832	0.6238476700738973	0.0022452003927881346	0.31483782695518386	0.0473253654119531	870.5922532078333
-3110.0825911041657	0.18520943591430275	4.311088547215461	0.10426325918196944	0.11045633759447232	0.05764834714460326	488.1960252565437
-2607.144392521858	0.20433137701331533	7.609270519220348	0.41651583925044616	1.1896883737046913	0.0619582037397073	286.63448154476976
-2749.687361412978	0.4249622323028659	8.568224768915643	0.509740524708504	0.3454679997047643	0.07409386664002345	234.9258662916467
-2712.964253751483	0.28894769147989363	8.18642561432275	0.33644202707394294	0.5970477324193455	0.06972475602278734	283.1751552569626
-4240.384875862887	0.006884465635331308	0.6817663016820377	0.0029303630531163725	0.1056758967017899	0.07001348591961454	869.2127142082794
-3213.4176217816057	0.14464903894953593	4.259591691474386	0.07467688328028244	0.0026112572563129015	0.08192106573450945	535.3691667941177
-4071.5300605304765	0.0265573761123961	0.9614585323086897	0.012358232896678452	0.21459002267458716	0.06622452406737017	845.8125125313131
-2844.478629990177	0.17718191389734161	3.225591003129966	0.2503356017996992	1.4314097745621337	0.05861789564192988	454.1698278363819
-2538.3848411061485	0.14667294098348957	7.903454780207012	0.8580952869267532	2.0676910391742553	0.05723107970147401	265.7003421556822
-2531.3654250572245	0.10557063448611273	6.072698758903707	1.0052532080012824	2.973714684489487	0.051928131928779285	332.47353949863606
-4168.503350623241	0.01793892454126016	0.8182954308588732	0.008049257683780241	0.1454224549123272	0.06316368311471901	863.0557540290012
-4328.667624267067	0.0024112720354604925	0.47224691051108336	0.001	0.12883390998765493	0.08843703905819937	870.6559705223747
-2554.1831540984817	0.16342512533181816	6.979269632426564	0.6095967197156391	1.8342064959836275	0.06944457697909147	287.4625339027599
-2667.9529423735303	0.25146216125877213	6.312501329427063	0.3501337225343798	0.8217544706027448	0.06680903640855111	313.07705633871683
-2750.7064928814516	0.3221006182353235	6.28327770766199	0.42806619053489947	0.4975005529429564	0.09521197070238474	288.2785211902558
-2555.067956520073	0.18321731250460221	7.444749259989538	0.6499598890663709	1.5674248406174383	0.06656420504354293	268.5722094941711
-2565.2667772810623	0.1760199524492371	7.190590567876423	0.5346896553200444	1.6376824964251773	0.0665903006455615	285.99469298933303
-2900.137992602765	0.2337572658584276	3.8301805501871717	0.18446493380873108	0.6957237599425291	0.07228417493358559	438.8133289056196
-4489.793394180902	0.002412780856268352	0.38975020548819556	0.0010002183838932353	0.06473975008379765	0.15084424976439417	875.3782842252392
-2758.836740277121	0.28096977086924785	7.279475246658945	0.2810801484374559	0.5060518972245353	0.06959902830385424	311.7292758680366
-2540.065244579968	0.21239993182059472	10.00075214201124	1.700644788920758	1.4323171971505035	0.06354045641252705	195.8058090362379
-2544.3220859847615	0.1610529265233277	7.074647098625111	0.8037570734011898	1.807835654302951	0.0701523909626064	272.5650386469378
-2791.1951861544644	0.18156050582500538	5.837616256362933	0.19780045531566534	0.6921400485073391	0.06479085376346376	383.27224988826976
-2541.3319299313193	0.15951383296798116	8.19529019930212	0.8282372698513575	1.911002343533836	0.06243404706358121	257.0983172614001
-2540.1222392414334	0.1596099001162138	7.960517124771188	0.8249881156113938	1.865706066151313	0.06199123069352173	259.35148468258814
-4275.705054758901	0.004403720381300476	0.5895332436344156	0.001875602582440423	0.0479282949084983	0.06927236092477951	870.8682780219996
-4284.131880302562	0.002965421384574972	0.571612212062119	0.0012437483473766086	0.0015731354722327965	0.04714819550140398	868.2118911902821
-2564.751363358965	0.18735955299693577	6.6807106825177325	0.8234431454388664	1.4743272529939022	0.06728222095354186	267.2035695724478
-2539.586216049831	0.12886583347474992	6.443574028158795	0.7463270264539197	2.2656483289343115	0.060269131092732506	304.1943348705289
-4144.244135084369	0.017864576169475326	0.8623860591773386	0.007930628510865309	0.005067187923368987	0.0569671441354065	858.7275998589494
-4369.627938297476	0.0023873556365843073	0.445761693348838	0.001	0.08717669452767926	0.10871448484005346	872.0502944405863
-5725.542155544492	0.01910788336947344	0.9766952553563367	0.008494760677392438	0.06700481798481293	0.46694599597595715	848.7417869022005
-3239.2198674160345	0.22607308378813679	2.53472007741249	0.18775206428440758	0.36885381682522006	0.06454965091105319	503.5019595306254
-3383.1566238043984	0.12414079073200371	2.607976722365964	0.05803406444567423	0.05198091543288168	0.08826794746698058	623.7194075234227
-2674.55504516992	0.23456203466092665	5.540998740979721	0.3907128722871144	0.8814755859198155	0.07258724170931032	322.60585256456926
-2574.6313722187406	0.17631191494281206	8.53833884759858	0.5608595298000761	1.6550018154043207	0.056809251693329774	264.4373067808668
-4330.350224427983	0.0024104888975200766	0.4919181939071556	0.0010002728098738075	0.1463771322060012	0.09426078652523105	869.7585958174463
-2904.700066387136	0.427430929665665	6.245258193253302	0.3058276727706075	0.22067472431784982	0.06447244332133957	308.19557373017193
-2591.2765999162	0.2317810176706304	7.184076828398409	0.4922011485810079	1.1556840247296447	0.06907133508993729	277.794251136492
-2886.6697126271793	0.1792246609821878	3.6503538903376462	0.17316798012597082	0.8268654850544528	0.061944730741231746	461.16101860897993
-3423.6590463855905	0.1492996510844138	2.262007791370426	0.07606874579235341	0.06943500190813119	0.06903126388859057	613.6522864911863
-2815.580335380709	0.22792805575938932	4.368978648070582	0.24319120883958506	0.6727195115483354	0.06665083484893661	394.6262460207974
-2537.8620634328295	0.14055350945185216	7.168357988615009	0.7701676362015284	2.1492337018040337	0.06072534841768844	284.2816834856307
-3404.3209668695963	0.14623795789735297	2.1883253717966977	0.09491570269584325	0.17063576314343565	0.06026696578403908	602.0164054225264
-2687.5526102700896	0.1816567339797454	5.14689150062481	0.2590187075328748	1.208417136735417	0.06895176040452744	377.01008547674644
-2656.905360084793	0.17691348950506205	5.248062204007016	0.29126105375185674	1.3779589668766443	0.06537161052031139	366.54828110887485
-2589.184292692871	0.2691431574407971	8.473649255202373	0.5965259875681933	0.9687586565317446	0.06652869780068517	241.53983302538475
-3219.123399811784	0.15359903674059755	3.4385046975205635	0.08179690274338053	0.4261050936202255	0.13442402304914156	549.2257761798144
-4454.064951735615	0.0026717283964925367	0.4409408338671695	0.0011094104307398042	0.1573945108712041	0.1446235140956253	873.4736271292614
-2536.010447019344	0.14975932095395297	7.767552779399565	0.891496388544952	2.0523201956592803	0.06146253423052054	265.4844598156149
-6141.992010421599	0.0032303470101288354	0.5302570685494776	0.0013421796324418903	0.06146396914918265	0.4958677221019585	870.6637166180866
-2693.1954789780484	0.18223894443776953	4.514553535440729	0.5728832465147676	1.3637551071236158	0.04883679405799038	339.16173603480104
-5883.547729833164	0.002780555816800094	0.5041038883520849	0.0011843746523127379	0.20322185997225656	0.4574261705478275	870.9270495649934
-2823.373321571357	0.22901390337385233	4.867678581070016	0.25326678542071424	0.566045262009063	0.09356959046056301	374.95996483688606
-4543.123433743608	0.13519956805239147	3.3389206038224417	0.15557805584324233	0.4615705921898733	0.44206315267171453	491.1456159599438
-4340.488378259617	0.002390727623082154	0.39053668357196586	0.001	0.2812389117258493	0.05607055962929374	875.393555888124
-2533.1289131779286	0.12672522418012133	6.561130928923312	0.9127707125857392	2.3913870174686007	0.05438913722908647	299.4637816537037
-6080.017807493998	0.0060233581649360955	0.6235958320357883	0.002564902759926631	0.029943035345470975	0.4914966267462983	871.777384155609
-5457.246184299827	0.006254976252279032	0.6482406471370991	0.002710551038226961	0.1353415625864349	0.39655957513864776	870.8541911415547
-4172.503645445209	0.013432560010901833	0.8084966122560486	0.005975703710969837	0.21621366577147097	0.060481775081306935	863.8879418283924
-3246.3503591261424	0.2424635596781883	2.78254852622963	0.13637736749808915	0.23721348014835567	0.048077539182329064	511.6541444972698
-3548.54420380536	0.11728358494889037	1.8313433190867678	0.06055198486049468	0.13955424023034296	0.05877704222777533	672.5524037758233
-3919.3701359526344	0.03861438758136751	1.2201524302435072	0.01704874729121067	0.054781608265188776	0.054075212931951555	811.9044755937942
-2624.4819205497606	0.12357649314830216	6.298984779682217	0.32179063396772256	1.8864930513575375	0.07059991297877433	349.3114498907098
-2600.111236350933	0.23546282227164672	8.277806366036074	0.4757339348677642	1.1093633436943007	0.0732422317929764	263.9614637124365
-2908.31759574108	0.23346042734316994	8.464294448177046	0.18908232196712185	0.37635308742308166	0.05206656892797977	342.31946787608996
-4287.896926196122	0.003997131787472675	0.5669379340363052	0.0017022364339456585	0.13921569071522644	0.04413412571144304	871.2012620626298
-3098.6901685067337	0.26596226670037443	3.544857357296866	0.24896490229073243	0.24240927255986405	0.0619080617885121	416.0783392207441
-2579.5381473881635	0.1474299351138706	5.795559458630923	0.528057113212901	1.7801854837062299	0.06163229209446129	320.62320223122924
-4244.484472913727	0.008384926229457426	0.758452236686203	0.003635627530878992	0.1171157186604438	0.10263107995358642	865.8621401979649
-2794.022915050527	0.23766690722494815	4.26717951646525	0.4172814539843281	0.786972815795887	0.07514912552751633	353.06497823415447
-2537.031452060711	0.14891771852425081	7.121295162350628	1.0431755493343355	1.9418319148311491	0.06536051092937818	268.0507446678104
-4466.162679233973	0.004308758464103538	0.5940690263629264	0.0018356265875351873	0.2060140062209297	0.1674360849544071	870.4498067506111
-3153.8288020472723	0.13417149148302865	2.6536508722444934	0.10312455366982996	0.969089757760919	0.11814834567454172	569.2889688990958
-4180.575476965283	0.012858351089739534	0.7990465993590001	0.00576568201957147	0.12575928482878707	0.052952531613579774	864.6729322061607
-2536.6892741584734	0.18260345331194794	8.902437214327273	1.2557446097541185	1.6806011763226243	0.06344426637297702	225.31958052453615
-2550.5370633768	0.2391103844678508	10.35317644979912	1.2070526250648717	1.2332598103409171	0.06549986110535018	194.83823890946962
-2533.5086245463017	0.15797613589878975	7.890697396163123	1.079869846544418	1.9412831139901385	0.06090560477338439	253.40811614814857
-4354.356168584535	0.0033876202189516585	0.48645040739525286	0.0013864770155725661	0.13834305877173933	0.025918026822014512	873.3307250761143
-4326.671736119915	0.0023871891601829945	0.507632032983756	0.001	0.14833818737251192	0.09488948892484901	869.1373231960952
-2795.891041304925	0.27258480633617344	7.479355058607238	0.25649630501664106	0.44485604810180857	0.07374875411829929	318.15243589487267
-2691.5523186423425	0.3055081590857342	8.457109092363991	0.38645325257197816	0.6043114250263166	0.07174932257700775	266.896597295535
-3104.886364115031	0.4829259670515435	12.359040268537848	1.6539116590884653	0.6634759481256715	0.2615891492362891	145.23401252212793
-2653.296636130681	0.3501251420161562	7.486662967979158	0.6363140453892684	0.6236365901720171	0.07186705785930766	240.06674786728908
-2558.430806155169	0.12245393199272411	6.852971367006568	0.5254510614842866	2.5069018649622734	0.06313889320148772	318.1258945337975
-2752.0778848108594	0.17742168642635245	5.007757836849297	0.1846232713812526	1.2009680475383415	0.06972556659450142	413.84797293805605
-2578.950792323818	0.2116307394432671	8.289542111437397	0.5826104490349256	1.175322377499803	0.0679362031444496	253.06679755901612
-4458.556958450846	0.0064960062083285145	0.6361834846612299	0.002788774537958428	0.08983004187652455	0.16948801655947932	871.8155099862105
-4269.4708167368735	0.005445669228104691	0.6271725580149051	0.00232012599047687	0.004815292501010702	0.04220124298862748	870.6353242697841
-2763.6601070153733	0.22910436093468997	7.62925246774479	0.2378742852993222	0.6542721255637971	0.06851665667317597	329.17149419716765
-4292.479764124338	0.002652298575746888	0.5481024942900078	0.0011117417476829848	0.09040555394389285	0.04548495084291478	868.3275020520579
-2542.841347062915	0.13637619795636116	7.266458214982866	0.7240142118015537	2.4360183004618636	0.06141895103709726	292.7564387175143
-4350.161468415217	0.0023870631796113224	0.48847394418724044	0.001	0.013533207669229644	0.10575899031890591	869.9557085816648
-2560.253020864734	0.09358239643384861	5.9290105781014315	0.4830641607707098	3.240862694451477	0.05554840428825192	364.28669471980385
-4246.819942592011	0.007694456334803537	0.6633528847442759	0.0033646203214600955	0.0974802502858291	0.057010427086021866	871.7923203799044
-3660.0244620779417	0.07226609349799705	1.599805987046294	0.044062014657811115	0.3691642629279086	0.03170460103759386	728.9766386034597
-4267.750822360235	0.0069920996835163025	0.6629777617112899	0.003002765113517831	0.21246331503263205	0.09065456927038143	870.7060050410635
-3319.1948924730023	0.1207072976179995	2.6140652120555434	0.07198655084416974	0.13094709930827292	0.05953313254817609	604.6625565035354
-2569.6367894288983	0.2790045013543622	9.966597293469162	0.889709838143997	1.0051266189954944	0.07536525573594417	203.45470094289303
-2666.4818196978013	0.33654920115694453	7.155572138082633	0.5071457903880242	0.6316899068643921	0.07944286490530025	261.31744633316123
-2684.752053158466	0.22174674146311765	4.837590170214917	0.6549030093948724	1.1764092027346873	0.07085908996802767	312.158861782122
-2872.335871515449	0.2450742603598475	3.7605908659719622	0.2918330636093253	0.7617285416706248	0.048148789124946155	399.5764160311218
-2560.5074117370855	0.2375962934434213	8.537958441099313	0.8037202454158032	1.1722534149125683	0.06910358835782808	229.51704636914286
-3366.7048176793623	0.1430440532302539	2.5546680974020277	0.13082238357498105	0.154562108975854	0.04622754535832693	549.043307632937
-2548.7421826664686	0.1953357047451142	8.04503297242103	0.7592827295551446	1.6037143421534474	0.0663235106873836	251.45773417843014
-2587.846399812159	0.2624901019795386	7.415200028163421	0.6942420512281169	1.0075889463209047	0.0652097378237749	247.42331592101033
-2578.1569071267745	0.1810830365331227	6.732380683551355	0.4764406417507755	1.5247571901417292	0.06683736156146955	298.6037955047621
-2546.621284669674	0.16628004079509534	7.530460745337475	0.6946944123177942	1.827472732241433	0.06236129523869962	271.415700703131
-2927.8175202209327	0.16287962431545672	4.7130021978927426	0.15566774025019472	0.46418991500499707	0.08391032955066068	436.75651275204586
-5067.184513413903	0.002435369418118331	0.371064207373504	0.001	0.02577550688011625	0.3026384512582527	876.6558639212445
-2573.613844340108	0.19357181695465225	9.108625981953544	0.6125604271235149	1.570501699062097	0.06235033193927542	249.34579535677267
-2563.108885334097	0.0646085781602314	4.849706033575465	0.48749085482743815	4.992175648212137	0.04743220926128859	451.4711794490346
-4293.388083852757	0.004207688361284513	0.7249881622577522	0.0017791983413500388	0.10150045218758653	0.11321932068739712	864.4605590366294
-2645.03569656845	0.38103422203001264	11.852909221937457	0.6735943239483106	0.6968699076506825	0.06650051023981592	194.17659339472297
-2606.882511108607	0.170759480155223	6.054793576043854	0.3666906129310757	1.5572613269755855	0.07147474748851283	332.31531669863335
-2546.96918754439	0.20066604036655158	8.284365153562835	0.8903607748381632	1.430928791104822	0.06523377848146215	236.64979794699317
-4269.392502798555	0.0045290519232414235	0.6028813259023833	0.0019115613164660402	0.034411027316346335	0.06581192198070139	870.2449961498014
-2553.8999695238754	0.20784376567826163	8.19977602763911	0.7836075052860908	1.3450050481769533	0.06887482252891933	241.10944500628594
-2592.832224790065	0.1068953719037189	4.856372958379468	0.4150664181467137	2.7543986784831778	0.055532828549875554	386.9503581152922
-2558.061220087512	0.13014173371215773	7.223296157927337	0.6051075748149289	2.0840384780189005	0.07448894623486994	294.1187701239994
-2535.8283984459017	0.14490792658482657	7.222562783814075	0.8472727989636439	2.070372919628876	0.06119492420410854	277.1279650433179
-4233.189126644657	0.0073195706692523715	0.6855500630822119	0.0032305998817563865	0.4690785577674857	0.06046301034906172	870.0766664056497
-2537.2061464391522	0.17022889264736418	8.22835012292042	0.9997571648097777	1.7421785868706503	0.06345518531333695	243.98157238488932
-2545.7174663540845	0.1349846453276939	6.220845204699222	0.6860466460816923	2.199875039134991	0.06044389685875607	309.2721360198222
-2536.4154082069726	0.17900978755553018	9.066300572618609	1.3539735361626002	1.7210373164699806	0.060821161732802866	223.12186212804275
-2538.6963299016807	0.19135752736571587	9.3621029830119	1.300562203336151	1.593354202031009	0.06264569830844545	215.7785054003346
-4464.10992487637	0.002436856448089496	0.45852092056776295	0.00101985008478155	0.10379902322252565	0.15159328779929732	871.5885125740567
-2640.5245995246223	0.2680914958508749	6.580026879135133	0.4148665665878006	0.8777679764487473	0.0704384765784068	293.6488232633205
-4547.630921705085	0.0024131869284334225	0.463047100953258	0.001	0.1572144130906182	0.1806481747608043	871.1015704469494
-4417.229367293833	0.0024305682972497146	0.38180052029671496	0.001	0.14214466346321725	0.11907862008474292	875.8909498501994
-2716.955019380955	0.20293545595395313	8.945092681635785	0.26971876886425017	1.5575398813797823	0.05584779337127522	312.5039440680632
-2615.138132369204	0.11728855023989093	5.217477080240294	0.3169604658454455	2.5836583446237116	0.0638819440063801	387.2900513670912
-4136.966620932494	0.021147195014120528	0.8799520236680539	0.010653702337734074	0.06847679727738022	0.05426111603512371	857.256072213972
-2562.2699401174905	0.15499026232782936	7.776852680143382	0.5768941861029419	1.9510899364652463	0.073579728318203	281.35280512990965
-4074.043960533215	0.021538382487171864	0.980856184975225	0.009749604493710155	0.059525004375408024	0.06908356377479757	846.9092832435542
-3977.6939741077485	0.024737122881809615	1.1878287874511901	0.011105852220901182	0.001128849329050144	0.07623814125364001	828.6479961732463
-4247.527991515314	0.007572228657913402	0.6723945664528472	0.003250450730864513	0.04610322546073463	0.07354106453072258	870.6784672197354
-2863.146597290185	0.3923081726075467	6.079012725394418	0.3505471590272731	0.2686374028761476	0.07470401035433812	301.8353126229522
-3314.3990242361683	0.14896185374276102	2.075705497557941	0.10528248103452403	0.6029807183959451	0.0661008482383126	603.8684600147078
-2602.618306947115	0.18833988585191894	7.755739174610086	0.40038203846032216	1.4437719519348549	0.06805876648203167	292.8520272521502
-2996.955817828702	0.10158704078099118	3.203647825592604	0.08938623207126924	1.4840518936608138	0.057826462855065326	565.3849286689643
-2566.64123919548	0.2280610544568971	12.289561040044843	1.5394167276142223	1.4351139471070744	0.05280594064509911	179.30410099541191
-2583.4426697116432	0.10574821855182538	4.375853692416696	0.9647502453940354	2.6450888027702377	0.05089366114808007	375.8354200609856
-2535.9598219773843	0.14570451975416507	7.2386474722751455	0.8485990250462253	2.0559671767471777	0.06063247111803047	276.30252466018845
-2582.52681115698	0.2264374632247825	7.952381311145779	0.5361066298724815	1.167601393814444	0.0703587181774682	261.49246983246303
-2546.1299787341154	0.2054118276626188	7.9008209354385714	0.9553730152264495	1.5214950457904484	0.06718125695066093	240.43158347373583
-2575.229433763306	0.1990003065930327	7.167615428288925	0.5489792360416752	1.3279685223182573	0.0726892295565742	276.68209591964654
-2962.4460155822226	0.1528617785843117	4.643665668926949	0.10854732525449697	0.5439773560655891	0.06985313268362318	481.76804591297093
-4361.694402791342	0.00516738898649402	0.6140781453250531	0.002218913042913696	0.17435659149125626	0.13067902598041614	871.0976880140341
-4293.923458493553	0.005557300670816396	0.5631068992874693	0.002366694852042853	0.1700780380710528	0.045907622731255524	875.0938955892188
-2712.388675114983	0.25588857402779125	5.600013863586009	0.31845323395887587	0.749283325886969	0.057704689612380004	334.7059994766537
-2938.2083568764792	0.30730428670530174	15.589593490688921	1.3084823425979262	1.0030115911565272	0.2110889416495469	151.3708065275352
-4200.88230394156	0.009404137874791168	0.7680092682150618	0.004115226113835717	0.09510662698527518	0.04951291601657381	865.792412834947
-2576.4958261273605	0.14574622053678696	6.287383945339064	0.43894969070989176	1.9970905151848235	0.06484331252631717	325.36819066970406
-2577.384726550975	0.1754760180678123	6.139045060013336	0.5235506572879105	1.6132304797703634	0.06835086970647285	306.2839417678487
-2535.8207425854152	0.14663069308841592	7.474655866080981	0.8573668739757717	2.063841043386847	0.06129942384627039	272.13541470420085
-2544.2712124713084	0.2313094652943438	11.133552823374094	2.0345610649752235	1.278406420322232	0.06828303335538782	176.0525060366981
