# /groups/rgutenk/lnt/software/anaconda3/envs/donni/bin/dadi-cli InferDM --fs input_fs/fs_024 --model split_mig --grids 178 196 214 --lbounds 1e-3 1e-3 1e-3 1e-3 0 --ubounds 1.1e2 1.1e2 3 12 0.5 --output inference/fs_024 --cpus 10 --force-convergence --delta-ll .001
# Log(likelihood)	nu1	nu2	T	m	misid	theta
-21034.812356143215	4.140753169354497	0.76115231868422	0.07417963874727948	0.5531002981305008	0.08905835887226043	3883.1696001665114
-17448.38906194141	5.808932991718746	0.9981448895271728	0.09642953476132289	1.0342772487512504	0.12365367169798452	3319.111249365133
-12352.328504914993	11.84398240596507	1.772784760596705	0.18268491624050054	1.231995020481695	0.10599373500846059	2181.1873752784513
-10175.485795390145	18.31764429141659	1.7291872272727244	0.19374240462196116	1.4674947770529037	0.08675950830845516	1994.338774837693
-10825.929297814173	17.410141736873733	2.068926800679503	0.17303955301955987	1.0526746405702205	0.08836992061117221	2052.5564657726236
-9075.319783844869	26.088951081543765	1.5684586778668446	0.3123662037291215	1.7082470470216526	0.07934037787468244	1548.1901869963137
-43092.00541727585	0.36877879136525016	0.024993236581373823	0.001	0.05806992715113387	0.08612632467913632	6886.582468649161
-12074.991406475172	11.179779761283395	1.4091586268029699	0.19258984260507783	2.2332995852514395	0.09946396911415412	2252.4217075602596
-41186.35691159614	0.6641516437196829	0.09835921355321882	0.004407889702557796	0.2508568399027265	0.0712319222867356	6738.045446305426
-10698.69759690507	17.867589768350552	2.2722312232030135	0.2042184998940176	1.5155708028781467	0.06810474194669283	1880.840474206036
-10015.464900972138	18.2382876875646	1.4219820723345624	0.20937962185523523	1.778190163465976	0.10140203097445034	1989.5750133019349
-9743.340219141335	19.9964876936396	1.43560232898852	0.23148427756472334	1.8531527757195763	0.11947759390853872	1877.0916623975002
-9558.830596185826	23.2289757592852	1.9514142148617373	0.2143557500646478	1.1432116735898035	0.0954464889464338	1802.886476050978
-10715.298620802681	17.202779396398277	2.2048219308385617	0.24268125704830995	1.195944563827359	0.08870389076986247	1755.5847205309299
-8426.649562524133	32.06052282179509	2.022166669860706	0.2662752385355947	1.5640821654840238	0.10259179283720295	1556.7167317473245
-9881.143379566247	18.37604337967431	1.5957073434836386	0.24347143059696258	2.49361218266668	0.10386698147652733	1853.1433858012801
-13067.894948373872	10.589535437124086	1.7686827258330626	0.23545929933839083	1.4296592634413618	0.09386030962322982	2025.7321720424195
-10619.101096135255	15.318121061765476	1.185736054135132	0.20247070602026032	3.949846382766119	0.10334027807804463	2192.509980907749
-17221.53291983396	6.299929440789906	1.1996419608477795	0.09595007964410747	0.5899354586716479	0.11010908978775981	3204.3314390699366
-14244.376824231967	11.698933679182453	3.6939055806491714	0.2346614694134535	1.4560381084647231	0.07865845245676716	1756.7164901156864
-9439.442799698169	24.197708309178665	0.8515409618528339	0.259921809463427	5.3500484247510345	0.0959327428736851	2029.890241427549
-9057.335233332733	23.804409599183384	1.2892506723614052	0.24499215235760333	3.0946196580988525	0.08627053590282169	1854.8897668726074
-8452.74435999715	33.817496751004356	1.22147366541013	0.24441496457298884	3.731656073368763	0.10701887789157837	1817.4176191874362
-8110.470336669778	41.557363118658856	1.206867502474211	0.3339002832380546	3.78799084570368	0.09883870212170713	1563.8776212089576
-8668.218397845787	39.50683334707523	1.682697215715373	0.19842737333963903	1.1303125111215742	0.09715179132501175	1796.1833511556797
-13543.161422582592	11.540327303079774	1.264744959924126	0.1759842884809769	0.7221413274478137	0.09524097678715539	2319.7743014051193
-9480.23837163134	20.318033797816828	1.3834587390349093	0.2506003924683572	2.553574441029893	0.10299201236006635	1842.4588240193277
-12962.907213910921	10.636554861432819	1.4540286742986712	0.20406305109990924	1.3562414080610208	0.11037697812426787	2197.586297678673
-15621.403542082595	7.063141157513796	1.0997304536989896	0.11929894111338948	1.2202494846627947	0.09846505145970627	2972.801929015816
-32577.292459561213	1.5041173092428093	0.4386894283122847	0.0209240897291038	0.0023001848417462754	0.15728834097488614	5667.294270653449
-23112.253927316407	3.213436303923568	0.8411913123213505	0.05179431438403569	0.6676097498758892	0.07152794101921586	4314.178448664961
-26553.643460163934	2.2725628952730577	0.7163576893772057	0.04873770065573952	0.6769118916912316	0.10221764088615706	4662.205160687828
-41975.10709339434	0.5700724578634727	0.03348400651757964	0.0013397388093089413	0.14682556543220956	0.12342523431586955	6821.086700536652
-24759.00505738396	3.359048323958444	2.328596032444992	0.05855838458221735	0.06248361966529903	0.09692576622564689	3729.806359704921
-8724.122912672789	27.859260253426953	1.0780275304346172	0.25816362625609746	3.1590955949582025	0.09833231296375568	1825.911610941703
-17715.18200775419	7.7368789013997015	2.281537086580979	0.1512796208980003	0.14394262298459676	0.1054492954155459	2434.006395613244
-13121.649613430096	9.086121655143959	0.8448454717745598	0.18698623028117634	4.7351511342125825	0.10006385488432835	2621.8954662280653
-13781.897036860517	12.577808596045175	2.5370249281023773	0.12333917879350738	0.3448917013276427	0.09524129955467665	2407.704379881313
-10376.159277936056	16.571268309350884	1.5043946289344816	0.19943994130722717	1.7427646843380968	0.09924465457502145	2045.4681161604005
-11355.916086787196	13.788102853717662	1.7738366378747863	0.18970599971966262	1.4973136696330356	0.09824294259614376	2097.1259489531108
-12562.899782237428	10.219925737936112	1.1931111803667747	0.14734244264542218	2.265557451618797	0.10073610292070508	2584.6131592629463
-8834.137680710874	26.762196170381465	1.9622317848846227	0.24965021559016004	1.7407869410723678	0.09020918710428269	1658.0929843011668
-26831.85355030275	2.853289456298992	1.4366365273309714	0.05804409022954695	0.3381821213229414	0.22027951719816363	4021.0892224017643
-7976.191774147098	65.53251976374116	1.162825391104882	0.39062791691327015	4.517093338077172	0.10528071433398613	1455.3259095893302
-41789.64428101957	0.5779200743742889	0.025071309907149966	0.0010035150566408157	0.24643837343767658	0.0996894335327342	6824.0317887613
-9042.765784752703	23.92591567123614	1.4984470232892726	0.250495815883313	2.2896659376081785	0.11607968053901772	1767.2771826110002
-9120.56480491907	24.100002513615664	1.0581238704865807	0.22644847039349425	3.198387046719303	0.11283756315182597	1973.3856857992914
-15729.103487492528	8.838160996037066	1.6336791216415263	0.09369745611588153	0.17647412688950015	0.10429317893790435	2970.7754759690224
-12394.458932456477	11.327169062345131	1.3604452949425954	0.25936663416596606	2.009572864026964	0.09644251450270153	2019.7875116177074
-8250.472954026362	34.18385991743726	2.0055595544775318	0.3375695699737233	1.724247119056431	0.10149238190223786	1380.9656828117425
-11635.555729814678	12.683702182323973	1.6129193043136618	0.183089052959517	1.704794126326092	0.0902197740442231	2191.3243837794253
-7974.804426137606	41.63571137500479	2.296941375371817	0.3212911168142305	1.4526049165546826	0.09604968067106648	1340.5324873388076
-12674.04062209839	11.989622241537848	2.016250133238643	0.18545367888460879	0.9352804415629014	0.10016342190891964	2118.9281617458905
-9013.962992107952	29.809580148455687	2.216676898684483	0.45441502489690777	1.5452727020016683	0.09256583017558391	1204.1257407451433
-8036.943562365246	44.177669202376116	1.1598551257134389	0.288037778302324	3.769701571753829	0.10028216415632615	1662.93824176368
-8580.224864682123	28.121141932593424	1.458468815239242	0.2704075504089037	2.6873575526345874	0.09934394181715447	1690.571869220521
-11377.841056848967	13.13716324930066	1.3246496354628436	0.17708123663168643	1.8536459642691854	0.09757181747815591	2272.2773738736582
-12958.424870707033	9.490101548424214	0.8873244877490262	0.1862879789447605	5.26492214164468	0.1022586631698145	2598.8488639588654
-8416.349483172424	30.498479068366155	1.6731010812954292	0.27058834122281583	2.054183378717282	0.10766035479896487	1614.7706595238005
-9974.346058234334	18.735111763577038	1.7695270586704572	0.2766720856452282	1.8062879534639633	0.09522402336367024	1703.5816699758868
-8708.897984003046	27.19041838818666	1.8192959748048556	0.28014379303474674	1.8940432460164167	0.09452225549665486	1589.4788339794566
-9028.705291450062	24.480358726659674	1.2627546602836293	0.2740971891646908	2.6098497908357357	0.08236431674730274	1748.4030970166486
-10062.949403872137	18.678207298224272	1.928179272505424	0.21432139363580816	1.5204271586686484	0.10142271148714438	1873.4717968371235
-17397.330363140074	6.736657412263817	1.5034812587915363	0.09010930386945587	0.19897557817616646	0.09648134947991764	3152.6760865297933
-25196.70021518922	2.9453598062568576	1.0201287320543377	0.05509313130420291	0.001	0.16411844857202013	4225.652882470018
-42270.83393670085	0.4784206432400996	0.024994050337512643	0.001	0.18467215468115022	0.088122039741331	6847.4530739198435
-42440.53412624873	0.45355296796991995	0.024992320466422264	0.001	0.1339894094539397	0.10477497715361242	6854.811137170472
-11060.000300750697	14.252823773214242	1.5041685319615807	0.22907173108607076	1.7980821154199578	0.09849465127168584	1984.57294541619
-9500.478364805811	21.517652383108448	1.8319781371739068	0.23118060652736375	1.5597362632618197	0.10206833670327038	1786.0375843961472
-10812.043347657642	15.394183417268534	1.3568090492457712	0.22918258453797338	1.7132229034112576	0.09899414496596379	1982.5479528377698
-10165.567865842268	16.781565417341408	1.3182314013693681	0.19742863411970682	2.376477501104118	0.10011830424023001	2105.0079312083726
-13321.764576064821	15.433044648297617	1.9700117265992796	0.13060542987380525	0.09565271496390682	0.09736647452747367	2374.3538945413015
-29568.752769656374	1.8559862401290887	0.7597376068533758	0.033796305344399515	0.5368212125303666	0.15020415330620215	5016.870739706252
-9336.435486213955	25.768880487975537	1.3404016458159642	0.29920002323231887	1.560600757331259	0.09760967026159817	1610.1024227110997
-10341.574884883428	16.332577056857698	1.0983030230148834	0.22978344401549125	3.956838262049379	0.09692905245820692	2096.1725375215624
-42118.21218313734	0.5066792777179845	0.02499069939690293	0.001	0.10133680234403589	0.08694310976117785	6839.934715881539
-8723.976140863178	27.505429373678815	1.6845130722140182	0.2556710774906305	2.410016749751667	0.11580586935289931	1691.6401359316694
-27946.004012499718	2.089872759987132	0.6546403489862721	0.03880998454019611	0.33749443026419446	0.06739127851500722	4930.5921777523
-10131.31220335887	27.127549017023753	3.4262653828375593	0.42511934420469405	0.7772946309365572	0.09135779894279013	1154.0476412932765
-11511.40325862861	14.334422592177017	2.210129917021151	0.2681066311811072	1.5498233567491098	0.1034682876985283	1747.4855479687171
-12861.614588716715	13.893511592157353	2.9157027250663603	0.15998632039023153	0.762823028147785	0.12127951371217036	2084.65762560629
-9247.609377406285	23.137641797402317	1.766590880656471	0.2298543731331278	1.6080712529563046	0.0938792414592927	1782.0879067959618
-14783.369645221708	7.9628720572814675	2.0045436795439797	0.16469861568451452	2.020294761510986	0.1061586164073352	2400.06351511176
-9050.375260993618	25.205921590848877	1.7405687846600146	0.2578070921537756	1.5036242002095588	0.10526752171899578	1668.6495266889463
-7453.401377012194	60.54389341207596	1.7474691083678573	0.37760712344961644	2.2319068929260073	0.09896262903891931	1264.7900625656862
-9584.175891697238	22.52813001288748	1.96267704031463	0.26786391353553207	1.2750000562613923	0.1131179765050466	1633.4343525802772
-9782.903466061565	18.496963732223104	1.3376112446880877	0.2120201326405257	2.549651521856516	0.09518555477994374	2014.3873342248396
-18124.54262198939	6.067968730994156	1.8686129107869598	0.0928864025047733	0.334246111441245	0.08856956911286369	3074.8004417979323
-8707.094681490347	27.719930056351636	1.74013453618461	0.2659066414993857	1.667197204017895	0.09702301034485342	1626.9909715885406
-23341.537307835264	3.75810367607059	2.396537566457709	0.07807078728440417	0.17542490365698632	0.09452609761542892	3365.144059876973
-36300.24813781543	1.1282042902372935	0.2239545258338507	0.01042581992722311	0.001	0.13626116262086815	6280.902834932364
-8916.489226601172	30.285855812281543	1.6566619457246776	0.47699249084188794	2.186745487423668	0.09649932678500574	1263.2043886749623
-10573.538188005372	16.38581798183499	0.8093197283654807	0.21069245327810662	5.384850072479916	0.10601939601465116	2320.3424882092495
-9275.15672853434	21.704445708929715	1.5278614354277786	0.24284267500755882	2.2448563882577313	0.09597504590794054	1811.2045555184175
-11022.871389937925	13.574199091123813	1.1282752543217678	0.21303677012934133	3.451188182219585	0.10037195589988822	2196.9751860744086
-10989.85806560209	16.64674483586719	2.344327311320789	0.2689333050408607	1.1835484356407626	0.10290484780939055	1672.551324569146
-7912.300537626917	39.58738237464297	1.748833619960873	0.32157349389516965	2.0958441638835543	0.10069978011207874	1429.6328315492258
-7986.630230512967	38.28915585639348	1.8136615775082403	0.31333325844428794	1.8270381059524838	0.09843509758027276	1435.0366792104805
-7708.56893883272	46.2139696531848	1.8315167523636007	0.35166337547381116	1.8996379723361525	0.09928998414138501	1324.7293474121354
-9513.008894123115	22.48935965678212	1.2514382671366857	0.23120876656226386	4.285090994363296	0.1016593198777781	1965.670219004807
-40069.68665869397	0.7498281252824075	0.2367272803889924	0.011796614385668461	0.04240924628311895	0.08991343648935086	6460.109098012672
-23542.1238853385	3.0238400682455393	0.9619586200711234	0.05565153302964741	0.6449154880258958	0.0874798429408832	4222.09354796288
-15730.228569516192	7.5107937081880864	1.0712824106368903	0.28211986290404495	1.9385716225803242	0.10347495148017467	2253.901930844016
-17604.990152232447	8.042983028261512	4.102121614129697	0.15315115647077682	0.7322280127576011	0.09071773985515456	2188.020038893161
-12624.57730477118	26.286797116093847	6.820890246691079	0.44147339451221834	0.49163761967592595	0.08239007736796786	1007.6315381455163
-37583.797358578064	0.945341119603774	0.23473862425061967	0.012686743555433125	0.002887523195472695	0.07366526217132244	6329.350009299749
-22018.998381479865	4.0145677873274135	1.3893299899868388	0.05986639475367316	0.024403662965293612	0.13559843319620968	3842.6868413150346
-14888.035793526162	10.852740065341791	3.697154453559664	0.15800016807379	0.9581627906752181	0.10558272478892358	2096.6863572889138
-10389.921879061123	15.695821060399949	1.2173474946775038	0.21774295562173945	2.9411695033676057	0.09721593970952488	2086.213050247321
-9783.020151027948	19.998761349311177	1.8224319230892472	0.24155411336751043	1.497044301634888	0.09622832982681997	1770.9335963863366
-42614.1584962718	0.42495540705856244	0.0247912525365829	0.001	0.26046007802323107	0.09404095621405112	6866.225513332553
-41893.30705809331	0.5715755235462693	0.024917752002189337	0.001	0.04674302300287931	0.074532978382699	6825.941780591804
-10470.926428473576	18.244218835147613	2.2720799540666388	0.2237288917684711	1.1780719083389533	0.09813025169843902	1793.9463103181522
-15593.897053157429	10.415788297599066	1.4240986571091194	0.10690187551452124	0.001	0.11018622915024473	2814.885750992121
-8513.724686179965	29.46511210971505	1.726133925606184	0.285441767836254	1.828945389980921	0.10008824227575938	1566.9833817349447
-8321.899261438128	32.84926504629807	1.997484236997211	0.2914993421171265	1.6582788553413774	0.09750210293844429	1489.7994027108273
-9240.752724626753	22.026517754046285	1.4813381295413197	0.25762892834149986	2.2368415777663375	0.09965451867445432	1768.9391668203145
-20525.444489456808	4.814002198839735	0.7384466113123063	0.05524938340476269	0.017255982428755427	0.08597718606857029	4096.103418234969
-12834.2519682651	10.095390217397501	1.4280394998487091	0.23213637822882863	3.270727440925613	0.0919165647303194	2167.7779152745074
-9829.855531571311	23.10391054233277	1.2659043180947398	0.1695328926121917	1.451026910724954	0.07972453255858843	2137.9331318745144
-11508.21931565143	13.515812374366382	1.6134426629320855	0.1823081060240063	1.367175520525919	0.09720909463799991	2165.302245067537
-18239.584261889155	6.222712005579642	1.076028612517702	0.06848232547056284	0.05683682797267824	0.1069425284443046	3605.8921086030327
-9302.286883059645	21.63777567632708	1.484492079145087	0.2192197578448499	2.1890158787175387	0.09793891691240648	1901.2109414651384
-10739.49366859708	14.471350538140026	1.0953998320013625	0.1901693435001224	3.50272969816092	0.1016617883866594	2277.9744836617724
-9834.36327229991	19.38066759167208	1.5785627151181687	0.246668624636775	1.6677507410461179	0.09872495244593833	1805.3039795344657
-11821.390881930707	16.565534327101247	2.4394021707643088	0.4162838008759107	1.4561451347772187	0.13391398293471146	1391.2032967232653
-8525.164705781388	28.772790004641895	1.5800097480963329	0.2856985257186373	2.165621277168866	0.09735839873289624	1604.8485135701198
-15157.255334869405	7.690023944266561	2.0851973897488385	0.17335562602064963	1.8587698853688823	0.09976407034095305	2356.420350779065
-8405.230126314344	30.2927225754614	1.584827647592176	0.2924420055775534	2.2449297864148434	0.09939668220516311	1578.5867022289385
-9094.058605973662	23.46067080365981	1.6116283664012705	0.2593449086340007	1.94171694240498	0.10190711695395818	1715.3640732050399
-7582.339441545659	51.557386439897854	1.8313101709287818	0.34544625803749934	1.982560187905533	0.10190294357570881	1323.3901409323937
-16742.361043670826	6.534063112183832	1.8619451084672414	0.11755011211769038	0.9527156879545213	0.11210731412819683	2812.886926977773
-10245.406497873797	17.947376762055857	0.8231490548156556	0.2198591578737873	5.216247605668213	0.10741088784549606	2244.632675917467
-41837.254620591404	0.5650641283819772	0.025378712440625006	0.001	0.03488443008628655	0.09156523818978757	6823.340081607455
-23984.506834504864	3.060898185668559	0.6655196074639804	0.051627418029116606	0.4175910149602883	0.12121115308245901	4460.037700956893
-9502.947657273564	23.52708677123882	0.8739992819257684	0.2779891702212998	5.241070099557443	0.1016623699606569	1977.2200585272333
-7859.652822300783	43.02665885187906	1.5767971126090663	0.28644792094396343	2.339617401544034	0.08508196351147701	1530.9114270328796
-8484.689248050252	29.58196665065202	1.4619661283363834	0.27976756494737304	2.3176847616854626	0.1091102502391353	1638.3781364180734
-8190.383405696548	34.465786362549714	1.5351314611428646	0.3254881543440435	2.1307353552989428	0.09893783451158382	1477.7515139761076
-10803.299760487105	14.242344536090915	1.0440189791117875	0.1977492242963716	3.3879153347951707	0.09783258545665267	2263.0848742551398
-41806.8909917547	0.6076498142091352	0.022852822267479422	0.001	0.3844572396177448	0.07316944433396283	6837.777959980081
-8345.809599312744	33.33118791204773	2.0143767123431946	0.2868380813938536	1.485788734001595	0.0978238947024793	1491.0189112054763
-13950.00600169364	10.602722383808976	1.7221924553830281	0.1289935025575282	0.5149757728073774	0.10694727040071773	2547.8932239637297
-7485.972630467305	57.41269136148258	1.8735741024244428	0.3625193202090154	2.045440501877556	0.09969093191983776	1275.0582706992968
-41658.606878037644	0.606698189885526	0.027469889195120556	0.0010993531867198327	0.001000112489847088	0.09072684204544301	6816.721226246457
-13408.250596715352	13.52976893374418	1.7372802605634596	0.13589306852922708	0.2856953880424717	0.0738875387189952	2407.1386456536347
-19964.23252796757	5.323966942435584	2.275615860076462	0.08792876562776562	0.14392796465438007	0.10900709869538053	3116.2543010706895
-16928.07362150292	7.006799530726953	1.1719297269925837	0.08696204424297334	0.3220861302939243	0.10014152298337133	3264.7684070473724
-9705.139812152904	21.1323271295438	1.0366283317648475	0.29151889091641503	4.573124894721816	0.1016511369339369	1887.9165031722248
-9577.02646686719	24.935482664377787	1.6796253049623147	0.4629017153399175	1.9674301820818616	0.0967551811661832	1314.226655224621
-38403.09255731368	0.8879373976281396	0.22043860701390192	0.010869492686378955	0.006441559413741855	0.1284873058914603	6398.247540698033
-9783.781330088348	18.61106901347867	1.1639551787910145	0.2271948014413117	3.312751046510949	0.09785073326739267	2021.8105688041687
-9556.420696246378	20.57414858757433	1.074726783927608	0.21612044081624446	3.8766743703024895	0.10186899981268355	2076.6712180920285
-25319.588263502643	6.761175780980635	0.9497895293789647	0.11495988710063794	1.6602876523073224	0.41955624701155203	3093.8328296969003
-8855.943325144817	25.163447485313334	1.4938043575423918	0.27724623114455904	2.5124097785562554	0.09697123554994931	1686.2304454772857
-11218.981427712431	16.3765405107443	2.1646257807808915	0.19747568659722675	0.8644994208204446	0.09772117607379179	1937.7070250664344
-8749.271766630507	28.03348594087065	2.082145947046148	0.3040782121722705	2.0381563675657968	0.09549111394213781	1496.7054639410055
-9442.551141586744	20.494441554353763	1.2932672799248806	0.22648456126705757	2.57957434826125	0.09886062656705823	1939.573728891421
-29367.637083060756	1.9155318805972472	0.63356822524229	0.045892761970946154	0.0033784596897546266	0.11948888040991948	4894.079360690736
-10790.366392322874	15.765797105285516	1.6692586581106965	0.18450698647300198	1.3985602548192393	0.09718859121655464	2092.4213719754453
-9122.70461587081	23.7686769353194	1.4030621856690275	0.3198098987171608	2.674980604796283	0.09898114960444082	1623.4642306223234
-42372.57906114845	0.4605389196359711	0.024994634051153024	0.001	0.1175288203959476	0.09183098726076117	6852.648541035896
-41947.73456252515	0.5410321310220326	0.025021065453199768	0.001	0.49021582534762986	0.09867376004395378	6831.556019462017
-22952.94192202148	3.148778012431417	1.2318876957144156	0.06554854753969906	1.035138773153854	0.09410772698523691	3929.3226208035126
-7751.196030564275	47.92047956555915	2.018402063929176	0.4363957260283943	1.9078996635577132	0.09874549648474473	1169.105764686364
-40636.888748448146	1.0372641151251638	0.02669652714284135	0.0011184867377564106	0.33636371259748576	0.08679717128458393	6774.444937412066
-12763.012095179598	16.611559250775795	1.7782923230163385	0.111426292841561	0.19021160140495397	0.10978548929341075	2551.98458408603
-10497.498758622303	15.620440525654752	1.3440569670937517	0.2468494523338825	2.5511088292439283	0.10419527177332832	1947.4993834837444
-9654.645685572292	19.408945992806977	1.290438197212439	0.2046256052023365	3.052496171529289	0.10258084010464202	2055.698500248941
-10299.491350920858	23.598162135829735	3.4803694225970307	0.2586892876838434	1.244267907386404	0.09580932375540685	1509.5856141035304
-14505.969177863897	9.81358497143518	1.8301660976665375	0.12430844176851868	0.4645907357382904	0.10195013299899977	2592.798532578192
-10966.656891294566	15.287537709553792	1.4966067574191675	0.19010986266221494	1.3681725115891779	0.10241325212331567	2106.8931262030983
-42016.01378364889	0.5272081556736775	0.025485987336699576	0.0010085756787184875	0.11753944187350006	0.09976041314568586	6832.549018748088
-8036.054604351612	36.67586749164987	1.6021237972518372	0.29313441017030545	2.278494755597756	0.09493072656591915	1536.338377731463
-9384.813695883038	22.086770943319404	1.9448940754540023	0.23986664660032286	1.8766419164816985	0.10518308844481433	1742.3270938005471
-13919.312524056688	7.993856510812089	1.029007457858102	0.16033846973578236	4.452634529733537	0.08473786972270655	2723.7683483937344
-12388.775095376935	12.581337088464284	2.103179410950851	0.21787212273557166	3.064299871733372	0.11786329018968171	1987.9573572660654
-18294.22926142439	6.493659690566626	1.0948924279314218	0.07982992511357127	0.2918952317522857	0.1675708749810176	3416.4151687174085
-16568.74387498809	8.098944636574318	1.452169981315326	0.08032485498227723	0.004031862487656197	0.09687863844044782	3213.8920026959036
-10289.359017764373	17.59030706468323	1.6554253619483241	0.24136256420446167	1.539060071907413	0.10841601471451334	1836.8171886186014
-10067.565047008688	18.351779628898335	1.7786249181457445	0.1891498848417098	2.155448332313047	0.10717512335100042	2021.6481215355586
-15439.142446672848	8.735146827182112	1.5010079256628728	0.0858463867879848	0.39147638246951844	0.09175080818047074	3093.38367182126
-8925.5247887435	28.633345756725355	0.9432288065238656	0.26857953223927	4.740876662016313	0.0991275930454746	1903.3927185627037
-30253.669347199393	1.8668363779908534	0.41098718906896053	0.025951348895935034	0.46781784191819986	0.16742453241436375	5470.357496109998
-42521.13584584897	0.4382086638989538	0.024994762458152305	0.001	0.18396708351990348	0.09009251556445722	6859.710723694194
-42615.29426631539	0.42521229665833205	0.024980271642026698	0.001	0.164178832696202	0.098403038324899	6864.26997152413
-9596.11593444256	20.033818474267306	1.1993003484430547	0.20746368246025113	3.490187407056573	0.10140203193998634	2070.874928389493
-29625.603199282345	2.1771093072291943	1.0696654928849225	0.08383436101539525	0.036628639462918715	0.07067493035019388	4066.0901483122193
-10603.98835727273	16.63152971220797	1.4483663921024266	0.17404902514230575	1.4384442098284416	0.09816408412202388	2170.0608664805413
-7942.268531453668	44.87577540252704	1.4301439013423793	0.4218587213181578	3.0213837830496897	0.09620042679384616	1328.1224674421778
-13196.040050645468	10.650374309218853	0.6558950133140521	0.13683646484263	2.590089069907113	0.0938935039690605	2845.2525081179115
-19316.377871584227	5.521821317058386	1.8842218626468838	0.08614892566705891	0.1314572668062489	0.08458284252969094	3201.8256770828953
-8448.415305723182	31.56127246627575	1.9782642537328203	0.26697817749863717	1.5798862169913794	0.09266057097592056	1563.32393691526
-8986.144307927367	24.478221218152868	1.7203485420247686	0.24528480686661092	1.8631819372921896	0.09856699035131494	1729.292680270962
-8315.016702136782	43.631510620960924	0.9001000427977934	0.39943978678905423	3.9871738744745016	0.08923283985965218	1536.3950210687476
-8913.68581349216	26.431465672309688	1.5760259525228115	0.249425803912768	1.6057248338802765	0.10506406646908256	1709.588637352817
-9559.166411062039	19.754452113559637	1.4028664428238824	0.2394287201590535	2.546241565315094	0.09660462686149272	1882.2147901418105
-9780.516963350954	18.892690132661947	1.5120424480991248	0.26619866189589886	2.431605076650902	0.0996281373554183	1790.5270106863259
-8138.652940615385	37.39113401778826	1.6413197398669996	0.26335610148198757	2.612850413825727	0.11239583139939895	1620.1813271292908
-9395.556619196012	22.694188005953382	1.1626565739803292	0.2474157019458796	4.246280529311871	0.09604128842770748	1933.7454577357294
-15334.397274348637	9.822767127992456	1.5175292724902933	0.10170401264754671	0.10765473624205506	0.1026496583546903	2870.2819107109954
-41887.44667239115	0.5637525617504662	0.02583243791061003	0.001033641776344563	0.10413143612377465	0.07928022705814644	6826.48227089727
-12332.244551212612	12.558355541760085	1.4449881316204798	0.16401782232665668	0.9791467553244343	0.09506731288809948	2314.8354858279654
-11334.880666103058	16.289856537413634	1.3927972804368134	0.1464041027768796	0.9391242400109259	0.10429351153332125	2345.1411992963513
-12294.987383772697	16.16120450276777	1.3963112002711926	0.1518201273419015	0.6756213332972706	0.15391111316751713	2305.612215174263
-11923.18287611035	17.644554945247034	2.9079913375551807	0.1709904938363015	0.4911125308875382	0.10465736255031038	1957.6332567110192
-11316.541681209654	22.26959243927466	3.4541712243194436	0.19589907887654984	0.49751413181379656	0.11756726712162476	1736.4618521192742
-12209.297690365247	17.383260220912913	2.365608900776732	0.17063780402398143	0.3280010917100531	0.11949819842983633	2020.0375223332846
-10945.21396477693	16.309064101905573	1.8201822922818738	0.18318871046969493	1.0709352540806738	0.10340303586015379	2056.998323634676
-9257.398149403489	22.604108303250438	1.7358910830549275	0.28458410232127807	1.9208829739578566	0.09411651130020775	1636.995992547044
-18479.50103851507	5.447449816214733	1.2427389155587671	0.08369801175087417	0.4478147695557559	0.10094646320246088	3398.752243513448
-11313.370085459392	13.050640370389749	1.4504329870025996	0.17026988148005162	2.2285228926899134	0.09891435746835615	2289.077278275539
-12905.618881306142	9.513811456210485	1.2193281097479702	0.18620626422020561	2.61617832769021	0.10707929826576283	2410.282797254794
-42360.75549870499	0.46254122359401534	0.02512756567677699	0.001	0.030144690209799145	0.09568447877163894	6850.897376651967
-8985.98439526303	24.940833756349235	1.8710161656079316	0.23904003905832139	2.084505623010729	0.09934034904302803	1730.3914109934335
-9189.04424321312	24.567088483738388	1.9197730414643597	0.25039514986174943	1.3554746008187928	0.09996815639359598	1670.5323908281655
-11476.094435201125	13.123919055298973	1.7256525402551348	0.1892815088095306	1.870033911870852	0.11095894377798443	2131.892098585347
-9591.07063012249	19.699572286683594	1.1613498895307948	0.214166667704071	3.118039404053039	0.09880283613990785	2046.3983388252552
-12493.901954411811	10.269494753865189	0.9852894664149553	0.1489835533598709	2.716559580421063	0.09812325825644676	2648.5401371389958
-7299.976392646009	84.42175398095372	1.9585548013642164	0.46175207055963446	1.9565468428996202	0.09851015042328015	1072.9913462776015
-9827.886018315452	24.435993763964138	2.2633397898380005	0.23843588982270042	0.8214129212003533	0.11587429267760534	1658.8450765201217
-21390.34139149653	3.79221993637696	0.8347372057332773	0.14482925472057687	2.984970084250738	0.19755234401505334	3356.980819750248
-42372.80517864919	0.5478514251879811	0.02769224591795366	0.0011080910088225582	0.14826143737144545	0.14697354765692588	6829.356214719057
-10492.032218166321	22.763231310833927	3.01297926525586	0.27597910421173155	0.6945924224012328	0.08308421517300958	1495.92097860548
-9168.402158125644	22.717678697728992	1.3302299918048033	0.2574483190579061	3.105332814053748	0.09819028624558762	1821.012256022517
-42493.014118038416	0.44226960965316625	0.024737989823330964	0.001	0.11537524002030469	0.09190260913684312	6860.867178585047
-13655.537463655459	13.160184538477875	1.3902760675716166	0.09669965879100258	0.2540123956066861	0.10729661184376205	2852.273282472546
-13874.869049966184	11.173533757972518	1.7916733074988405	0.1469877058093604	0.4392477676998439	0.09083495626588849	2388.126769739111
-25242.69646269036	2.726992149097523	0.6809399263617023	0.040323900014040265	0.025992219074332922	0.09918840891829465	4721.812290100254
-12093.586827698824	14.679975956719309	2.3021552393896347	0.18729929897180886	0.7217932515864568	0.07753520887853849	1998.0505861944214
-11210.065427588364	13.386181688727921	0.9025421010364633	0.19354690868863877	4.7565985838659035	0.0973754553429831	2398.604483179518
-14546.868496802112	9.36103315287318	2.2314653649554375	0.19961694702405353	0.8905536908823128	0.10204918497389989	2122.9202877180155
-13144.936586420328	8.967462197758687	0.9513686077922229	0.14460898279594792	3.373070770740245	0.10062207753354556	2765.6980804612303
-8333.533188197109	31.8308078029753	1.6930771893557428	0.2741896315950805	1.8737144246858668	0.09879602388508113	1586.2573247752287
-15288.495812443201	8.430064104011901	1.9144547038009683	0.12846242503502006	0.6266988244584374	0.08166420484730522	2605.625414499817
-9512.34735950603	22.84623268206427	2.2422187044013104	0.27694987893848066	1.3361738935853054	0.09438816913900637	1575.0341412349178
-12549.037237923745	11.243706406924467	1.767801920660467	0.1619730316098282	1.3485312066702153	0.09911739068625926	2309.996827251633
-8491.658911732993	36.40587022074991	0.9955665624921457	0.299568619584199	4.632151649873106	0.09716562612032857	1756.4543559382385
-18844.209794809394	5.597447452137494	1.2602759921746698	0.07088365032511462	0.1110494279515007	0.0863167424065535	3556.1430552480947
-11032.719688192772	14.166651138474986	1.3646608641131721	0.17783872961598862	1.837690254676839	0.09655671300592114	2231.159002999196
-22299.428831939007	3.976234248304701	0.6124772528228364	0.0487894999713948	0.03803737498739714	0.07911800225777721	4391.914421796212
-9932.008986030221	18.880324440283683	1.0198970991843541	0.26692512073517266	4.187936787496805	0.0911551985888924	1970.8641166922744
-10724.811423761385	14.84933623814407	1.3787946602463719	0.24940502409326773	2.7766096482249436	0.10146258484319715	1957.3030431193515
-10826.48058366127	14.159665295606784	1.311473182355722	0.19102805487450872	2.7225510414494707	0.09901768021841503	2202.2425322745644
-18070.518018295825	5.408072572916288	1.0994012874846661	0.11065546571135723	0.9275097706958048	0.11482315475683941	3188.291454401396
-11512.46090467012	14.696901719823646	1.8299872767509935	0.23131813612022342	1.0669835618601105	0.10418862739316545	1893.0062650587965
-15401.448933892265	8.675486694221622	2.121363586782216	0.1420549940255975	0.5158521383221502	0.10608984664706365	2462.284583727411
-8345.321666837706	40.2759474472752	3.0174027238655117	0.33828471532817367	1.2261662044219057	0.09582137441662388	1250.939209298517
-13307.36778333026	9.213096776464857	1.5421038973274974	0.17455426066850704	2.1929184178557914	0.10935526248595263	2386.699894526445
-10668.221173013597	14.963248735429723	1.2791067921921335	0.24473235864508835	2.67573987001326	0.0997848179475288	1988.2745523312424
-8711.603478730762	29.214957911472286	1.1594385635149194	0.2558186969814952	3.793578710575736	0.11228612459369322	1830.1039192785304
-9425.862543996856	20.741188744636624	1.34903209394756	0.23960773127421636	2.746069955696437	0.08696478223843568	1884.9296065045082
-41967.553648971654	0.5521132991270892	0.042710775851211434	0.0017088502578154895	0.19896256450616084	0.09180413123762508	6821.356693523234
-9431.727027507402	23.760815184454223	1.769328982065046	0.3615209725553001	1.7064610504528144	0.08549292792066122	1448.9130880996045
-41929.48784064995	0.5448565990457462	0.025919172041991203	0.0010371742777836336	0.2706938820978847	0.0968263554600785	6830.660192744381
-11211.758883923754	15.349752108363989	2.1294548399293753	0.19187103263904035	1.2341765284283996	0.08352475004345934	1992.9105162817211
-12743.14370075079	9.641879625705707	1.0677165085466112	0.15362676160910116	2.904982295240699	0.10076162823101759	2624.4874840779576
-11785.32748535021	11.4729677365397	1.0790355829875509	0.17368843138682397	3.40994208520693	0.10284535357291663	2448.296595239581
-10279.08428686247	18.26051509965474	1.6777489370498595	0.30734969704106574	1.7334434001550754	0.11451916941322925	1648.6261706660512
-17969.412876379476	5.515371504854313	1.85312614327569	0.16350908617626467	3.8087457234166844	0.1262401198368274	2630.616207137713
-13769.875984778522	9.12859837583942	1.6600801799197522	0.19812916352060891	1.5116509750647171	0.09868870156503118	2249.6138034026458
-10614.699758864586	23.297538181321922	2.737341066133425	0.22082908801027273	0.5074159999306453	0.10043402028387469	1682.4159511027071
-10823.19484196882	15.03491499824111	1.7407113986675742	0.19962337497222252	1.7670656213962093	0.10179010113346741	2034.9129857725347
-9179.919755336665	30.095359057546336	1.9017185403057053	0.5333556445973019	1.903885375738532	0.09744596269211936	1166.0223181964445
-9407.706592612598	27.66715634919154	0.8178025583615299	0.22591663534113124	6.171789457339507	0.09858083621424518	2151.320549824721
-12124.107674818317	10.913672789983368	0.976382104110971	0.20828022551247904	4.1562087279840405	0.09758514312401813	2377.539320133958
-34363.8498553836	1.273072496531189	0.45473745005581784	0.03246954195299392	0.3255335106647722	0.15188616859942802	5574.674404920207
-41131.56667278453	0.8872543933728473	0.029278053214600367	0.001	0.15252506802382798	0.07419552121337368	6749.523179662579
-32338.948986912656	1.5128609553290755	0.2912386804185022	0.01908194867238421	0.5896093886201031	0.0747892000353772	5882.025943478551
-9180.28092663656	22.31462846743515	1.4280344812346448	0.2545190131489943	2.6048776096885615	0.09779337863519273	1797.1182826634213
-11912.199296922594	12.475808453030892	1.828848545498447	0.2541290159845651	2.501490138562116	0.10214391982202257	1912.9346348877273
-8657.736363834154	28.775443300586	1.7106067894152404	0.31997636577218375	1.7672713804039457	0.106405895902164	1490.5392991499093
-10198.372999440646	16.770475138548697	1.3926065163883639	0.1994795734302323	3.0295320591166526	0.09511658944589722	2097.5150767129644
-9407.98765396577	21.765395127677035	1.502520974594248	0.26492688421134053	3.1691127117008597	0.09442284445819178	1779.1312046791948
-9243.761680508052	21.940245377338226	1.2908812836576944	0.22536581202876338	2.535094906590257	0.09726802193110486	1923.2577603339762
-9442.413646982232	21.080347676397253	1.082603435649056	0.21061960722598222	3.0179951916555243	0.09175654766404573	2057.2763241491234
-10864.374530983785	14.379282413401885	0.9399406459599536	0.1874242143072169	4.3603841091575815	0.09803369692622149	2370.9623117703213
-17298.995441800762	5.568492042699057	1.1461197510807186	0.1330557983958079	1.4099047816858046	0.09038237621304397	2991.9242304777886
-21258.403915901275	4.127879471650435	1.0972614766748556	0.06337223580110235	0.172995949688563	0.0755460304411234	3875.977806211428
-12967.189384646801	9.493653491026256	1.0865609973492718	0.12723500786613204	2.8875313519972567	0.09201243337975164	2800.2272386662466
-8122.846252366378	35.18850451349524	1.508847995209595	0.3158258825331422	2.485724893198379	0.09746323723000443	1514.1081827588
-11571.273927128648	12.636863259219929	1.4649413960503161	0.1650477240759299	1.87369371581281	0.0959870690400349	2318.957907693148
-9349.888287101096	21.355979323079097	1.1759815687018285	0.2158197559428288	2.8522300843562816	0.10086355871119401	2003.659635476898
-41815.69886117381	0.5764152239958714	0.025383875783022068	0.001015669147993729	0.1557226102918108	0.10576196097582437	6824.074356756747
-13058.876963994653	14.715272987729822	2.279822191516582	0.13052202572371316	0.3457325462077917	0.13357980796621838	2338.29742450442
-9984.903226688331	18.180806131581015	1.2477778009160918	0.22573330463605398	2.1146179934425375	0.09833111960697226	1973.1452914164222
-10736.48981336999	15.136059177535223	1.5310166787602264	0.2065346416021373	1.9008678634859348	0.08384647900017138	2044.937616991472
-15022.970521727993	7.255012354762837	1.1732843274475837	0.11319526416947863	1.720350779605633	0.10198889231719327	2990.462003206917
-8640.952732255015	28.658148044250787	1.694078103971125	0.2308710745548134	1.7778596988139745	0.10018924165487315	1742.5983299939367
-10253.806325310064	17.56059378481091	1.6001672708603696	0.2042402445545231	1.53152054135933	0.10309586844141752	1984.0105806724416
-40105.945754590764	0.8194526062749936	0.08821778594474691	0.005279160336667688	0.34115654939321927	0.06031234340985934	6721.98235842951
-41827.26481903382	0.5699734455895039	0.025518391982517204	0.0010210519287574393	0.10231123411052802	0.10184413966591413	6825.314697001259
-9213.236945870372	22.669838155162903	1.6002053660884152	0.25236088811761237	1.8673088568931682	0.0972106774081367	1745.0536104840812
-10796.411406112808	14.997513422582145	1.6717424990269907	0.22338939722626536	1.9395732897882145	0.08693685047257456	1958.987218907223
-10864.849092042165	14.028922384108874	1.0725834238930427	0.19513839182224088	3.5340532075396807	0.09693726992452076	2275.509955742681
-9103.583360917239	25.370128608887146	2.0719504870870855	0.29045828134769486	1.405295774710124	0.10298246336085404	1534.2039436766345
-7854.751018572991	41.89920732777381	1.515053784397753	0.31397435123246203	2.586087154441028	0.09785296531671105	1489.28846892469
-8854.941136551293	26.542343186433083	1.8951174887477162	0.2542778167043692	1.5936295743407527	0.09427826431661727	1649.651272185632
-8544.106703046853	30.840764127293873	1.290332269079447	0.22652123951048622	3.3080250805970057	0.10171749596207144	1865.1282407395988
-10851.756074176887	14.386756842509453	1.0684681918853278	0.1693754581743712	3.8273842906719016	0.09190344457486643	2398.4223886814643
-42062.664680126596	0.5499949172379283	0.025023035519369144	0.001001111045316889	0.08131300272140367	0.12406419762497864	6829.726197601351
-14639.559209221992	8.96332281793726	1.0506106972805094	0.10063775923126775	0.8946167669532575	0.08956168059846091	3044.2425033366676
-10833.479981003436	14.985503995770609	1.5003414493644205	0.19382918852343775	1.6756153132554965	0.1002443269096685	2103.1829291109984
-9011.47579482576	24.444987070238028	1.2745168547498995	0.20996876177919227	2.397655844695993	0.09785537775984783	1953.2298647124935
-52930.37760522879	0.2805874268416361	0.30370724291853585	0.003366956744777431	0.22102934154696416	0.07556070346382938	6576.3710114593405
-10058.553799521906	18.246049280482467	1.4131461493833901	0.17792369371853375	1.9074637600454802	0.08621378489459745	2139.3906140655367
-23761.772321278528	3.191519194339574	0.7207070934437544	0.0450896476429219	0.009846530305789823	0.09108783075265829	4514.383687820308
-29224.864807866543	1.89401881101607	0.9090701538117766	0.040933248226591376	0.001	0.10582541536172667	4785.358221374806
-11102.602908228775	19.804151506217387	2.900561258363445	0.1972901208513062	0.6511173171506841	0.11003128233309144	1804.0839815470883
-8209.634282039922	40.4737607389603	2.6881677586680683	0.30441010849931827	1.4444280831540544	0.09931787832223542	1350.9386160518982
-11114.59734094673	13.699276502854227	1.4013387891331062	0.18651206405147727	1.977728608121002	0.10190161733018273	2196.2154370298204
-12037.587426013268	12.387654934509799	1.4693608473066502	0.16462278317862172	1.2766123095061044	0.09994502952048236	2316.809098250083
-9206.304489837019	22.18744706988917	1.340324832835086	0.25902502952154566	2.7567057890733793	0.10007752191704475	1807.849636874237
-8957.209791277963	25.709116502605514	2.069044303572817	0.27260784265942706	1.907465279978246	0.09568756088813865	1592.2912302718107
-11192.980465909865	13.017523489058243	1.163784490864032	0.1766855737599482	3.2323600515570403	0.09799209010474928	2352.826860714738
-8316.168699460837	38.2677668475462	2.5220204878712362	0.4413741720163012	1.6253437185373638	0.09945722344786277	1147.2442594432118
-9231.158649554947	22.17411759206216	1.5528832918249287	0.22075006055370044	2.23985396769134	0.09725883178145518	1878.237278842065
-9209.074984313087	22.65654781370524	1.3107908057360913	0.2598821943882072	3.2851605738856824	0.10079351990480499	1825.5382260338433
-10641.407955263503	17.909123327358174	1.5405678471989208	0.21123934318084867	1.087740298575113	0.09117405649592908	1947.6813670176887
-13019.105272741577	9.235847849087406	1.036412703241496	0.13565871695462076	3.3711203347094587	0.09192248033822682	2778.2391330920036
-9388.777762871494	21.413935552002457	1.1808862824113797	0.2579528400497137	3.4873154055506124	0.09400854391687849	1884.5356884920652
-8541.358809987658	31.043314624798505	1.140145146421505	0.27109132920761825	3.7573141426573153	0.09654360901647392	1776.93886866392
-9231.010705411509	25.66502262689567	0.8958669841673761	0.23833645734304323	5.020661453886295	0.09453777750312382	2045.861401166483
-43103.329210499694	0.36641188936615743	0.02499155707511433	0.001	0.08192571057252572	0.0939614293488349	6887.681042739213
-9753.772273454408	19.590488227095406	1.4594447338883723	0.2001066011064908	1.8073728695569633	0.10141660945469093	2001.065417987721
-11072.358939579928	14.84904884733221	1.4667473101459474	0.1943164945095554	1.41236530135286	0.10327765546377513	2104.6163931200313
-13200.393674989464	16.207847960218793	3.571348928458718	0.17148583481906504	0.2830660204305545	0.0906885290086681	1919.8689563820276
-10116.401953876686	17.44449029807016	1.6259461182858141	0.20756465313080733	1.9588114973391475	0.0912658933716677	1978.3125393030648
-16137.376363195875	8.062889167667963	3.077113885820642	0.17583462633441937	1.9532696697971574	0.09311629704523765	2176.8541556724176
-9805.864768790978	18.730173553687283	1.0628230314877434	0.23868623175263232	3.2329659537891016	0.09823585032484747	2004.7991304504285
-12878.006955477593	10.342047227184064	1.2988059461844494	0.243859348714176	2.011745664101978	0.09714777031200277	2122.0214624915475
-10093.521462338134	19.060445217820938	1.839235878356995	0.22221725312925034	1.286778987899187	0.09773173317109463	1844.8187833329903
-7288.942378742398	89.3938358331156	2.0606136822035346	0.46886657639568013	1.8943304967937813	0.09774209006812831	1047.049680841658
-7346.933906056548	73.02806159147302	2.1040401909401028	0.4339269521599881	1.7742312519248216	0.10024590121117044	1101.392452247333
-23059.900951636268	3.3977368781939083	0.9126949236102886	0.0509100713714917	0.009146356680052951	0.0937066224235271	4266.9962293689305
-11571.328909602258	12.09023355348146	0.9308498116220566	0.18090627356056957	4.033127489771434	0.09868345811443145	2461.1632589088254
-41812.899354182286	0.5710279053325862	0.027500010832404304	0.0011003425702637182	0.07210340698063608	0.08935346008291462	6824.094266603595
-8142.35232740785	34.73710155822318	1.480019253368565	0.29050108072481795	2.5256306202493395	0.10214553491889902	1582.1535894412082
-18739.48788347641	5.621905946992025	1.281458995507372	0.07241003301242167	0.1478035732531727	0.09246617942895595	3525.512338198586
-12252.580432588367	17.248333839063417	1.7380639816839283	0.1356955709997868	0.30061402924758407	0.08748307019729827	2334.547983203301
-15832.208423714033	9.215456983159662	1.6903783258549099	0.0860931086089298	0.026350537209465147	0.09223873599216233	3037.559226141655
-10151.543451644227	17.21292322462503	1.580163405643129	0.24785372189042262	2.4198657702437933	0.10877825115925563	1860.6915739294002
-14648.491468263304	8.621109082062581	0.9760884602334458	0.09674327258274797	1.2928020560297384	0.0770125061724329	3133.6619623079073
-12503.932905976566	13.720308617446225	2.3059205528782427	0.1831229474831848	0.6354284800565969	0.09112799415848419	2038.1645307037747
-8483.688449121928	31.89014120675305	1.4022319263430232	0.22458560592808674	2.1027214103606044	0.11399578253071024	1799.5351183938772
-13225.327785270734	9.671587502523716	1.4700710918721784	0.2336189671247303	2.110117738520271	0.1111585647690771	2147.181681309249
-41021.55827589809	0.6707985651629652	0.08427961321173819	0.0037845106331086146	0.19857734276366112	0.08897682124129269	6754.947859285823
-11138.031437226682	13.400473880142192	1.3535095056318953	0.2016262023696498	2.264217684190487	0.09705452730715691	2155.4809837384064
-9186.632536897858	33.36517563408412	2.6681301310151544	0.5349540914970426	1.177296239300803	0.11385271764467204	1046.508565720786
-9470.183525547864	21.62306098004656	1.2495782942789304	0.3168451272501137	2.768873828887838	0.09164096414086265	1690.5479645522382
-20579.770843466107	4.512084123639944	1.2468716290441728	0.06442093478802376	0.06864316578598706	0.09043274528342297	3759.7058909445586
-10320.782082556021	15.977470532924317	1.3215674392113625	0.20616661007588624	2.643069737537546	0.09807702475530009	2091.2035721047573
-14543.04489819792	8.256580682994505	1.1107101813192164	0.12754425890407106	1.2608200562910405	0.0946706957690786	2827.212105550842
-10753.187582541641	19.076380208057017	1.9006347114525108	0.23350010427649065	0.790870677807462	0.09810293450264938	1783.9496857036063
-18194.020729335338	6.709921070756258	1.161415212493994	0.05547797176496881	0.1116935184690739	0.13050409765007107	3775.2560967312984
-15029.146803696976	6.711597170099943	0.9251254368611648	0.13627059255721521	3.1704796480709656	0.1057630670916999	2976.473877408592
-8590.221390628769	36.523423095649484	2.462590488089582	0.324930497677805	0.9297516280854509	0.09813429857661714	1325.1827822513385
-9528.993316918471	19.998353188832688	1.4947610399110254	0.23565624495086535	2.4944714820972753	0.09858572845333922	1871.9010690594528
-13712.60875987983	10.020773939732445	1.209701862814894	0.11185131904760581	0.9951128409120873	0.08813469318412802	2839.4631651164477
-12988.873599817276	9.343942577850852	1.0623156579482211	0.16874512595567656	2.6125538534532553	0.09718412734660754	2551.5568688765147
-9133.789764925354	23.063529202204293	1.6015170096843752	0.24775825722551795	1.9683669536559256	0.10191266598378174	1757.9475903477776
-7674.603844814485	47.662176127145536	1.672207325358919	0.313393911295794	2.1632546145682756	0.09753384616565645	1428.8045087390499
-17250.28421749449	7.090471598777439	1.6862143547154325	0.08348878498412465	0.15990071565637967	0.08236142702170243	3169.114107784486
-10061.48617400773	18.534019966311423	0.8822593077343898	0.21553605062300485	4.9148549157052015	0.09777227057864128	2213.65251488603
-12323.928734986028	11.002863662164721	1.5003274437746332	0.18726315600052582	1.8035224123221587	0.0994122546970801	2253.3397595306033
-11935.029390117093	11.991117755071976	1.469923482540891	0.16923196162955909	1.6274073350534315	0.09796074493272008	2310.5003748582994
-20736.44503160443	4.464181453437588	0.9001136380524363	0.05431565531866141	0.08412751451270319	0.08477694499803892	4070.6091573383746
-8923.333857075193	24.571573218323437	1.6059927741922153	0.2611609646727106	2.1486512274603986	0.09791448440379062	1705.8036757980071
-7783.543136066545	47.48192109760788	1.4527164939435369	0.36870554557520796	2.962777435120258	0.09883192810284086	1391.1650286259514
-11867.711830727256	14.76685683097294	2.036413693795398	0.16733789468454874	0.7352816848484173	0.09833541206361114	2132.8837563344696
-9292.876302048246	22.037385175579658	1.5144308184322643	0.23383047272424273	2.905939577557327	0.09875768671810047	1860.1313579170735
-8614.952201310738	29.718823991146763	1.1590218129892904	0.2710701226796119	3.2457645760190172	0.11739871566526001	1758.9113666340438
-13407.223005428647	10.190186848477301	1.8737836372216436	0.2289844915488916	1.3670513563650424	0.11069252893246961	2043.8044708360421
-20737.54631913014	4.840070037887156	2.8003941295641934	0.12376756007826695	0.7838250806774966	0.08311392770897569	2732.343080258482
-12155.1717134192	17.214145760119713	3.454110514559864	0.27173486019491144	0.60255592820335	0.0984234713912798	1546.5323906154626
-7912.058654441116	39.735869343221076	1.7360779049279802	0.3240295118584179	1.9873560409480728	0.0996529334696924	1420.628038189444
-10058.357795903881	19.862419173039015	2.2470074171302863	0.23793216023518934	1.2940126761243114	0.10769245999343169	1726.1900615970221
-18170.26567839472	6.4125741701403465	0.9951318761401426	0.06432731198715783	0.012158106139957763	0.09710443148752268	3689.0887786464227
-7654.225436682604	57.23939222586816	1.3127127280579323	0.33913755941175255	3.177207412347596	0.09557656258257646	1451.59578789527
-10740.601598501109	14.600748680051472	0.9924073298939372	0.21002393756744203	3.8320413195438605	0.09931673425629362	2235.70028658677
-10113.282738904787	17.58575451231826	1.4400654173834755	0.19587448999103588	1.9528936421970726	0.08574887939562084	2059.9935738398362
-8239.17234793455	34.149602548089526	1.8665428681542446	0.3331921903711216	1.7347173260408788	0.09963906213692761	1405.29530982305
-11558.301083549219	12.051851017597164	0.9900673109353246	0.17744927373829794	3.4886077783894445	0.09551598142070593	2441.4495122242624
-42120.8367677678	0.5081101639088969	0.025073654271492562	0.001	1.1881651972835319	0.10213172910158673	6839.02335873693
-9906.82496258398	19.257392648418588	1.0541653304787704	0.2340144525939255	2.591696775114418	0.07976213598748667	1988.1827835289953
-12290.99035902269	15.049661425603063	2.1875059503358263	0.17133186392389446	0.4869871205710341	0.09893801296260267	2081.80468128262
-11089.58948454612	13.866639176312626	1.3763022433790952	0.2115227304685985	1.9694460233570634	0.09484785352861788	2090.0276533213287
-10324.073817195374	17.176695217598624	1.7756441591977614	0.21308181808317925	1.56798493727929	0.09887079770656615	1927.1328808816615
-8360.724722972873	32.116095369435556	1.3773160537662184	0.25014788300094065	2.862990615522844	0.0890763956889496	1742.6857307475418
-7827.901521730292	51.12131584649043	2.1699781213435556	0.4157731815925658	1.2631304365135534	0.09625892192092249	1143.4199676279234
-14074.397432771493	16.143873624328897	1.7979147168488012	0.14530540229417044	0.001	0.0861366849763866	2275.6998087106163
-8919.078397777574	38.29412824008033	3.4799782797835626	0.4953650251233536	1.2020378900562718	0.11952010083993828	1013.4784032622786
-11724.241881207887	12.57046323414026	1.0549326926296014	0.13478104395030188	2.3022996217178093	0.10855316157603151	2630.151366935813
-8425.648448712383	30.275750607781134	1.5113709994573405	0.24894581822054182	2.2110829260485168	0.098198473508779	1711.2132287206186
-7937.252797844148	39.23190443186175	1.84062461303518	0.318833533825014	2.091432723644287	0.09904381749395434	1425.9921823389516
-10577.644381811535	21.759996968962106	3.3698582759450724	0.2632979814989091	0.9311764525175181	0.09160762697173333	1518.505611008815
-9840.515011785163	23.81657275152272	2.8432541689860233	0.3673527525685734	1.2685436021513372	0.09611518745971732	1319.8923628572943
-10284.380853609338	19.220043054671923	2.0849987779435586	0.24540342806207802	1.089053207039393	0.0994039386399691	1725.890899822746
-8322.053908968091	34.34912352922475	1.6806088077076962	0.2927493434367452	2.8898899312939546	0.10561345589231472	1562.550521998107
-7732.8474158807285	53.138649864189034	2.5748459070120426	0.4441341008878716	1.360586975492382	0.09347036373245267	1075.6165372342325
-35666.989371270174	1.1576240750417472	0.7545188952003072	0.03398489825621518	0.001	0.06651848320905189	5323.092836666694
-17831.481929513073	5.896752439786819	1.9492121907027078	0.13504376210139038	0.8473938747143636	0.10797881486023558	2717.2741829362153
-13266.611497367201	13.742205988529754	3.759101550290312	0.21824586578131383	1.4428027973006314	0.08608481071036267	1756.2041519839252
-14994.218700104811	12.412947130316555	4.812274245391326	0.19839004620112927	0.9261457582455253	0.09169755064420262	1784.8480160908719
-11422.737678831298	13.188364125951658	1.6726302107874174	0.19387927015181783	1.7634915996870324	0.09444978701544672	2117.51109098973
-22806.220754410588	3.248879185386718	1.5467625349789667	0.07833548351421155	1.2932601369428247	0.10745229471335331	3636.401119676942
-15988.51354419386	8.835726253695578	1.5010188035039864	0.08591102221635066	0.048151803000079166	0.09103819142218365	3096.0264038755136
-10405.157930499297	15.703923856879458	1.3980268209734503	0.21136071130568349	2.6000681260429617	0.09815089087256179	2058.1830459779408
-12147.862765736598	10.717693395701886	1.047272326343707	0.1731872195295794	3.094078113127196	0.10355269862714912	2482.4114516415193
-9904.197704526348	20.804050660961373	1.3258880275346803	0.18249653766168808	1.4614272270514992	0.10036515908278858	2083.454567292317
-10619.317060974341	17.351328250230267	1.8754820092738549	0.22891051541656093	1.1419455236023401	0.09485737591938909	1840.7171612817756
-15462.490408604956	7.511264391886166	1.1720319247221012	0.13008332792633162	1.003050800394398	0.08921992302680665	2832.356704158295
-9011.279621846748	24.979064008567857	1.7477751152851342	0.24651097448865392	1.6119748794965445	0.10218316674944841	1708.726934652486
-9844.842243001369	19.23490703337668	1.3711021188692234	0.1721086508199423	2.115160066244159	0.09674987676792224	2168.8434670261963
-10756.616911667283	15.123369128803258	1.5242565775182335	0.24811612971979022	1.9861749940876017	0.09773286996231687	1901.9690739245634
-9682.250330300172	20.152103406024082	1.2657738041243356	0.31192278358124687	3.0139174566356197	0.0977865567229056	1729.5905171872032
-8082.245835382921	38.14709822427357	1.4130183009299855	0.24290299640468296	2.602000108129562	0.09448241720544305	1716.4835495386953
-9952.421285646727	22.91168090644986	2.063608447250547	0.20559235220183741	0.85107523165453	0.0927454494416834	1822.110893996182
-12030.869779913583	14.111321605538167	1.4839326347237094	0.16779170582260775	0.8229650007410729	0.08747991128715837	2239.8648360444463
-41956.481571112396	0.5531356632483653	0.024996327818672438	0.001	0.013066028510711503	0.0761290121759712	6829.037384763477
-15348.306950556742	10.185052734380692	1.2845910622393992	0.08213634509481944	0.03549231033454228	0.10169603314592997	3148.657317595669
-10507.613944721328	15.775817290215517	1.21372100001487	0.17163422311583382	2.3115138536197435	0.10468183091911955	2273.4548416646876
-10148.971340336584	18.757853898870554	1.4702296795067082	0.35293854307893363	2.462758852697447	0.09515010163110117	1609.586332711621
-15123.76271172454	7.439493482524282	0.9756783542333388	0.21185629634319428	2.1185650551911896	0.10509205973451635	2506.3644096668336
-10267.215924879547	18.69452645513695	1.9634902823299123	0.19731842069658703	1.2356778534150996	0.10476116124067736	1932.7542781841976
-13416.71535591008	9.175848863357539	1.0715216151980838	0.17031524972971201	2.0036370071986918	0.08482380266656443	2535.514561096191
-9942.732539606659	20.034070693047067	1.5058028802640284	0.2216777769312419	1.3624629631521148	0.10036778117377776	1885.3029197386006
-10594.45213182909	15.66900605832727	0.9645985104659122	0.20931957414079463	4.693139782891799	0.10134906427369278	2252.6394893450934
-10527.020791980087	22.668510283144496	2.084184004882979	0.20193563125563502	0.6296378409124188	0.12781215039888877	1833.706222016684
-9366.359430652285	25.94910570718841	1.4803488472151305	0.28911404876249985	4.166790034735801	0.09967270878027751	1712.2175772390426
-9896.291765144215	23.203229604870174	2.388019672685491	0.3149182971495936	0.9722507098131495	0.10837083650233359	1456.2653244484852
-14557.853935329273	10.228935183429295	1.087396753928071	0.5114921631076741	2.8927123142670914	0.10457795832281497	1765.0358692730117
-17284.962426025733	7.056884668827516	1.487905974725127	0.08547029369777905	0.08889234813313959	0.09525803021262842	3193.840835711929
-13899.08113314825	10.7802333126216	2.749225820761147	0.2376303440173612	1.1014262392463319	0.11339190566546238	1866.1573593171177
-13539.092569316057	9.321302229118226	1.4360168568114826	0.15441999617686336	1.4753670581290537	0.11654856469325779	2503.4707066625238
-12955.6751367348	9.313399397857962	0.9827726020323153	0.16601270147082137	3.0150206300984843	0.10305790306703644	2604.741837152556
-41348.02761270074	0.6392648108155143	0.07451360465576383	0.0031615693920272548	0.165307615150711	0.10442695357514818	6771.266908309853
-12069.252830722984	10.927510528157509	1.2439536284353898	0.16715338217022585	3.005600828288874	0.09541394513908716	2442.3602303135935
-11728.090549994482	14.639272337271956	1.0879006942011122	0.1683351452070478	1.328682532316238	0.1243939779193066	2323.558006251587
-10138.05967668859	17.33890703101224	1.4258878634990209	0.27575790772093295	2.6228717506991446	0.09932238413956025	1815.0645711370137
-8299.212587528948	31.875552231033016	1.6210286660167519	0.2740688917138435	2.3194484370906365	0.09891783383548036	1612.9556785998511
-8334.70307259197	41.18485355057969	2.6225402596180913	0.3603122390769174	0.9629615933004356	0.10205546037763247	1223.8644796574165
-11693.809749684879	14.5554021035509	1.5597659773781705	0.16021794866393263	0.9064902553254285	0.10188031564279013	2259.6559901194323
-8825.665383553962	25.786797203001075	1.3034690529120934	0.22760732580074433	2.883413613922523	0.09460423710319582	1882.9593819584786
-8733.958834486995	27.050739507172366	1.2282843389460458	0.25344468677191195	3.252223578102435	0.09515285083715991	1816.322110843058
-11139.444984569538	23.897531415823863	3.318478954958632	0.2177527423028503	0.4124000927076928	0.07357015815224252	1641.2038474836982
-10462.094778489982	37.800176448947234	1.7923247806344451	0.1287277989446264	0.7042708576320487	0.15106218064914184	2225.566607581838
-41581.86205451409	0.623215295294819	0.04024327851355599	0.001676497770444027	0.1976830144546052	0.11219581971251544	6810.471016836091
-22429.44056394745	4.3853442108213425	3.119426567486714	0.07309616520498263	1.007207634756353	0.10792672447221888	3234.045130534255
-12828.53286224222	10.429316455920778	0.9438813665087232	0.1810651772434004	2.128727746527453	0.08345508057500682	2464.948974932956
-8315.356383003378	31.951150525682483	1.6922557420185604	0.3018456736257175	1.968337412594986	0.10097821089001344	1518.2915309724879
-9534.2151846753	19.975007257117337	1.262212496514697	0.2269580383604797	2.858882982831644	0.0899595247456312	1961.7551187163108
-8882.615274970163	27.061966980695647	1.7356802086007976	0.3697695279877345	2.138384544409188	0.10035483403605305	1422.759544643985
-27015.375887768052	2.605342480588184	2.2666270790120993	0.06848501150236141	0.4784204297072693	0.0853161828276799	3684.04467310927
-10114.713124932214	18.544078668783204	1.8122327117183261	0.25022709822736755	1.4587455263961122	0.09438281728326244	1766.2288860106835
-7522.625616732967	55.24700942376421	2.0100080229534307	0.3759013277516184	1.833859158286416	0.09834241365110176	1234.0314011797052
-13762.226083144149	10.104677200454962	2.0436259070969274	0.19030389159439567	0.952418703968341	0.10224913763631421	2160.0691881051553
-41779.09961792188	0.6097175015712792	0.025064403255400873	0.0010029119191131632	0.3783820595947795	0.07136228101080302	6817.977346048078
-8920.951325313483	25.964537392537537	1.1536894059973175	0.23189057673550773	2.4650279967728106	0.10434738671056373	1881.6339336491226
-12409.942395694012	10.649577096980185	1.4865897919281674	0.18414201825996018	2.0572249134619076	0.10108570984882387	2289.090815569022
-8091.773122345301	36.280139316299646	1.8455395581058687	0.3249064499812569	1.807303013111503	0.100349717223938	1415.6116854418826
-11407.95595426509	15.96437819794771	2.2288902617078175	0.37792947513825653	1.8774113345808743	0.10385980502947013	1492.7197828797825
-9830.822306511685	18.54021804191506	1.389374614197307	0.26003661523907784	2.8646887166451376	0.09958046295568723	1851.8223966198743
-8582.567778789185	31.991402607155383	0.9568913202947708	0.28628301311141363	3.52960449217495	0.10295585325188777	1766.6390256993777
-7409.259915120163	65.50278588688502	2.1636462233624645	0.4187877243519578	1.7217420702433013	0.09770893397905292	1127.4143627003639
-7785.391501065422	45.14719067794996	2.044141268169969	0.31915056953817605	1.6710977040807224	0.10481911191338916	1363.0085205172156
-8190.707202131769	37.073983340083494	1.4683284563597907	0.3933073227329957	2.7760603350608273	0.0905193082957868	1383.7411979257902
-11391.357848234888	13.348539139149873	1.5113096257275032	0.2053032450412687	1.6780030745726688	0.10319984065777515	2094.1134119227468
-17839.514258600982	7.2820464280487265	2.907743013002385	0.2740304210017377	0.9193629160910058	0.09768801554547976	1910.439989076977
-8848.036066748791	26.74040094971894	1.1788116314590922	0.22814691782259047	3.349999303048122	0.08382480339588345	1917.4266290557216
-10050.407658951313	18.772690668845822	1.502589928484316	0.3285250977575167	2.488703276254395	0.10876289723129437	1650.2722690462751
-11712.048636975975	12.501950044458532	1.6215790803022323	0.1569579352193831	1.9467807971233422	0.09915368615543832	2336.9585647632325
-9495.817426170288	20.456568620460843	1.5448603830838006	0.24024400642854407	2.0552671527551993	0.1010718885572397	1827.6042468225007
-13364.764684983875	11.013009275928347	1.1598048649669597	0.12665882724942926	0.8800470005355563	0.09775480008688692	2686.2930798688226
-10442.908846995319	16.795206600057774	0.8822963066047459	0.2087125966838555	5.2058281050643505	0.10012984984254503	2281.5805451616948
-48528.4623966481	0.7879472121781956	0.028603455065835812	0.0012733850240790256	0.08766846427861583	0.37262457180029795	6804.90301595615
-10138.91071677019	18.309705525497392	1.5308623797046277	0.20533306286914876	3.4253082627626332	0.08650030725469136	2027.3804836584357
-12084.958447704808	14.85928438330644	1.9418234454697114	0.167741356249697	0.5972559588364458	0.0892688210814997	2141.0021604794397
-9853.215722628516	19.708851484574264	1.9983888947116824	0.23697056569684155	1.5856057801628014	0.09140991955065397	1768.5534001598244
-12922.204392459162	9.272740321652304	1.0278257900673042	0.1526049646679688	3.4944671276484995	0.09539399874704083	2675.0804249081934
-15415.529879077954	7.8010133420493855	1.2966541152648041	0.11169691822270553	0.7657668807438429	0.09250415375340613	2921.28601407711
-26194.137776222553	2.9858184621900214	1.3498192135842486	0.09074813790206057	0.42289179752946643	0.20350439718792826	3637.3737541714154
-8344.889571228827	32.762943808494676	1.8922911590774703	0.34438489908747766	2.214831129889326	0.10062337631075849	1408.0892356635586
-10994.524494533085	13.75999557609595	1.2403877872700784	0.19176683612519888	2.395261170349759	0.10051028708564136	2218.5243040934974
-11831.559994167292	11.520312662665562	1.1436217491014995	0.21254219589982196	3.148570010244698	0.10528570529647736	2252.232854482506
-8404.200259893138	30.272797047326144	1.5234081407477988	0.27272153284478273	2.2500067569981277	0.09934504422388263	1639.8771961182417
-10852.181121491658	16.464066480276735	1.676479961658392	0.1680720140014089	1.1749090755244262	0.09001455901616746	2158.481781645893
-11282.922967325936	12.94902909644939	1.3282557146490628	0.1725393890638932	2.4153600232119783	0.100201015970886	2312.6458167453384
-9916.555795964116	19.60000129180191	1.863049588330412	0.2667722577820547	1.4792795770734133	0.1009673996977126	1694.324025632308
-11254.027379418632	16.188404014480103	1.7137670082494163	0.1961915195303262	0.872449714798204	0.0942389718634858	2011.4643871967955
-7282.313028719691	98.65211060476288	2.0680443281800875	0.4863758341846503	1.8906505156831543	0.09864115279140162	1017.5615324507829
-41975.175152521624	0.5352527124917337	0.02442516567082263	0.001	0.2525284234911652	0.09626859863968658	6838.395702579973
-10705.072145872702	15.99670937913716	1.2918513646639174	0.15843097621351812	1.755069024437791	0.10833985585989622	2312.095432286773
-12433.001371408405	11.640884757780123	1.6457251053329722	0.1933340789279561	1.2424904166759791	0.09658865941059906	2163.2071543530715
-10582.932437761861	16.276028957885956	1.754022802785894	0.20893614155334414	1.4959891174412419	0.09723608623404402	1962.5002428737473
-9743.693693513891	20.514072967053476	2.0843919534531685	0.2502278691799983	1.5417213560793899	0.09941958833114978	1702.9927630942418
-10941.430032658289	13.95277194811903	1.3193464882587198	0.18682585734404494	2.299801768045434	0.09879397746893476	2214.371093363588
-8863.764258217836	32.13077368786342	1.7330483118625624	0.5146545312294096	2.233269132437891	0.09828479170035152	1204.3025443913325
-9706.842946106619	20.651436542757807	1.3737146128009348	0.23567705435259367	3.4442750225986716	0.12774364914622527	1917.0046659085485
-7282.864709327363	96.8055535716128	2.0879548448939445	0.48774541821224043	1.8775580023049459	0.09862702328327685	1015.461624060474
-42372.06389951048	0.4613633662844413	0.024992366913387833	0.001	0.10263069996106017	0.08856377055472092	6852.4196880876825
-17361.20285281753	6.889406638885738	2.1404823900380925	0.10867118700942673	0.3881648025829992	0.12127232618895448	2809.382447273193
-43059.399632146815	0.3721175292619573	0.02389768385766777	0.0009999999999999998	0.14946473844680264	0.09074788164342985	6895.8980867605615
-13179.160864246947	12.072916681605655	2.617243385190737	0.19815200843150768	0.9389675430283617	0.12794276520935396	1979.6014450148548
-42479.26753897801	0.44471687926886233	0.024993307288238013	0.001	0.02488261283355166	0.09880780405807231	6857.57981117327
-42106.664911257365	0.5146886261513743	0.02499413888952624	0.001	0.3725900033473048	0.1077382749221594	6837.944013736119
-13448.129606179833	9.285064681254324	1.5112262938988401	0.2099341738162325	1.8692652515883887	0.09445788419264509	2234.2589094848904
-38656.58357545942	0.9750406400570615	0.0948327035434153	0.004731483426942447	0.15117593122812784	0.10182112643639166	6635.874529969145
-12623.868640084804	12.481356020056957	1.4293968882811428	0.1617970229252301	0.8264829775829127	0.10340893690089595	2330.575456578451
-40946.9131064047	0.7045720442278856	0.05659963443970486	0.0025619375524160762	0.18379314855935996	0.0810900140823362	6782.505788315462
-12424.704401716117	10.267116619291023	0.910215641720548	0.14566135132663088	3.783158564692091	0.10108583751368376	2723.0811924547875
-9031.16540772464	24.502233399431642	1.621823557468231	0.3161812161967633	2.1551528576046546	0.10304417340966689	1566.2294345464243
-9406.412434862239	24.7041154962724	2.003377642927645	0.2170998168645191	1.1504871520423121	0.08569092487799686	1770.7142120780154
-20313.816985868885	4.923924305952861	0.7567410108543448	0.05212161887265804	0.050605476075954205	0.11420539042611016	4134.194704708979
-14188.286741157195	8.410203099161356	1.043228263198424	0.14749298663709418	1.707292726068642	0.07844328463186462	2711.3178306376444
-41861.68932895821	0.5606176478767279	0.027064431396150467	0.0010827642901869577	0.21016486793921657	0.08888080400108649	6826.608634087066
-12613.816220062556	11.415182587638425	1.5724297032521284	0.17449000989208902	1.1463014876611062	0.08973196014616668	2272.5691565093994
-21578.698097649118	4.234832189499654	0.93837514012428	0.06478219962431878	0.10828205107064098	0.05562243115923735	3908.8145608718137
-11175.869019998223	13.467590588173543	1.257513683820634	0.2178200632170626	2.2539528402824076	0.09578258706276012	2112.1987363537296
-12520.666671070225	12.041577392015618	1.580038886513739	0.20584755256826942	4.625332595465386	0.1008931008444642	2176.9218285905995
-11562.844450460252	15.288559478557623	2.658234277642754	0.25128786076086507	2.0106380215934347	0.1009684850746884	1727.4734186700716
-9233.418464898048	23.54936840268829	1.006057912595218	0.24292085295847465	4.145130353594407	0.09368602691802844	1978.355209746986
-15110.660110637551	7.776512023856256	1.439118865237292	0.12918565465105245	1.0001462287402643	0.0967280815008559	2744.8791349650874
-9246.328995164096	23.853071924252898	1.1279698715138127	0.18596462045588955	2.475772238449941	0.10294620856795475	2103.7884073218984
-42109.42044717247	0.5167907369028562	0.02499159691267	0.001	0.05823355382505252	0.07837423984195994	6837.408378479195
-10399.884140452436	17.756109971090005	1.7399430718766091	0.31136426972063824	1.8054836274817596	0.11637418546848813	1642.0256511589957
-9982.728864374412	17.46404740635258	1.2046706217344372	0.2150405050493227	2.879063298121082	0.09879097874799313	2061.6059676703107
-14614.03575342481	9.072972023291776	1.4607626808055454	0.12785662505590198	0.6510759775631344	0.09676639137053157	2676.921415689187
-11263.208674670157	13.527776075315755	0.9062487215562074	0.2211254663509816	5.095350513018868	0.09853029643295522	2300.9188055629575
-17496.644889221327	6.562797712503217	1.1606455661448434	0.07651306192568566	0.25010639255260647	0.10161810451399543	3434.77280311088
-8024.108390005285	43.78317254866099	2.5943077585639625	0.4271705440476598	1.3970908564039468	0.09716003424144455	1127.928458384216
-11940.719061751737	13.19989521158961	1.759171813278949	0.16072217347182913	1.0643389965280334	0.09930130967287645	2256.207420550586
-33904.54886156697	1.2655968157562791	0.4004655984659739	0.024244332837693484	0.0034631139572987068	0.08013225095427867	5758.749031065918
-7642.948540037594	50.3038473531302	1.5300831999535762	0.33082188601022594	2.5486177798713388	0.09989935779403622	1419.950565364484
-9012.036609429291	25.502121681329164	1.989353790208233	0.25292356517855796	2.1061964910405684	0.11180220855913471	1665.9335541941814
-10727.521193733473	14.839469715746464	1.3695542122979656	0.19406284462642376	2.1245898113692583	0.08854162967276934	2143.4973466925658
-11440.362963018557	13.122844626402571	1.2871347540894584	0.15666180126578355	1.8670911366386234	0.1035957270897452	2394.6608292328765
-12915.540717486072	12.233254240628774	2.1451677454379015	0.2141742477807889	0.7973790849238509	0.10042762302226318	1971.315334002621
-12184.416045668811	11.905975439581136	1.4793718053739164	0.23986965765605675	1.6401753442033713	0.09564160575652385	2021.1743783562827
-11856.148917097953	13.152539937871099	1.4626232764533813	0.3363979687602532	2.39591798226565	0.09907819159035297	1768.7586133655125
-12074.541102835292	14.749604567674073	2.03247216595706	0.16635770290159801	0.6169151227638934	0.09770353506357324	2137.8959478324546
-10183.716783239704	16.884692126626295	1.3413935851006316	0.19769001037874437	2.2551333084305214	0.10875219047812087	2093.4203079072413
-12544.961889528367	11.838418348908233	1.9077353329556126	0.20704095060961522	1.1314253523039342	0.10144079733791779	2051.878588246293
-14304.17987975134	10.813222611432572	1.4063407119783746	0.1409620853345405	0.4254858920903998	0.07997309641456671	2519.4907451166414
-11101.16541482586	14.275800490762986	0.7260131607279228	0.19370164710395238	4.225601051812463	0.09713308381332603	2428.713334197575
-14562.072931593804	7.388733492637567	1.0698177446555834	0.15119206554976306	2.3417549847176673	0.0912682190295036	2759.1892304791836
-10143.06931016926	18.720620576579087	1.692216756693554	0.18843387581886795	1.3685757893306822	0.09697803562497566	2016.4884449686808
-9415.789987872331	22.315351809775724	1.582449654004851	0.3365379259645574	2.1780449063281098	0.10305435584315234	1557.0766705058984
-11074.766093063656	18.45388583110818	3.0661021409401714	0.2573352792606556	1.860902635380489	0.09463866815797645	1614.231726576491
-8130.567992609923	37.31835762415065	1.8442571662423837	0.3011211975601971	1.5707671615043612	0.10975097081052441	1454.729181993086
-8924.953402722003	25.548023915959	1.9661155177349108	0.26793190466770317	1.8459331234844343	0.09567085812127844	1617.314258747046
-8026.18228809996	36.94267818340439	1.7223758813126762	0.31534415934304827	2.0444813330064218	0.09827538951093419	1457.1910408460822
-41791.479082553	0.5753532205392659	0.02553796491998441	0.001021767504438298	0.05063862207426506	0.09457334840779055	6824.178295890807
-12222.117830525553	10.543923956306093	1.108624197050093	0.16250449027809266	3.1925830399495987	0.09616878520107583	2527.454463067738
-10168.945563050567	16.775332999574776	1.0864035935096845	0.2266522861229654	3.3340412109404682	0.09698037040981185	2079.1742957188244
-12091.699299497348	12.021567581006154	1.4976738092484412	0.2798983635191316	3.1223552591752943	0.10798230747248275	1940.238410122148
-8267.510309636787	32.54083846301969	1.4603880884037699	0.2914461256811503	2.6194040625696817	0.09829973557780763	1600.3262023697973
-12147.030138378232	13.767017083186554	1.918242126176443	0.17430871806925208	0.7580681006891302	0.1020407252492191	2136.888495790648
-16357.65505113542	8.192898646788626	1.0870862307404079	0.07764180227213868	0.19784383642700276	0.11279023558618875	3351.059518492372
-9610.417421939654	20.38366950116985	1.6573138449485947	0.2694596160929031	2.7383875331596754	0.09784907247628388	1743.448829482245
-9742.612073719452	18.849295436900057	1.196124602481711	0.23756034333493053	3.250420695985334	0.09830902867348129	1972.4059394140752
-40563.84817460183	0.7116530678160145	0.10656919136604567	0.004898966849646959	0.08642657620654669	0.10132353431151644	6705.500266224463
-14012.644286529227	9.976065653417573	1.1850371547888983	0.10325023606242896	0.8192091461971955	0.09458255962504448	2930.456509773404
-9787.050383890579	24.11970291533432	2.133716027853961	0.3913906331167281	1.1882702223765915	0.0919440981662332	1336.4128870368934
-10605.198197700633	15.424360594361488	1.5905837140210741	0.21541395522658235	1.9952827930240697	0.10478693991731533	1994.6837222807114
-10194.774307291027	21.579319125949983	2.293845670557841	0.27172326941419944	0.8632852714723572	0.10391576218358799	1587.305745289572
-42502.701698668614	0.4405578236772827	0.024995689324936676	0.001	0.19557429538945428	0.09288911408723588	6858.930585172099
-24268.773612454414	3.8822290935519095	3.690142176196205	0.09056724631011406	0.4695308142705842	0.10569117761389026	3003.0352735751408
-9290.747116907894	23.378206904943852	1.070371806718849	0.3142284415947971	3.750342104613712	0.09621742049918922	1761.849893624007
-8754.430400052745	27.640877033914876	1.1254495492114844	0.2517566808775856	3.640720886691677	0.09847881715195797	1856.7730169015697
-14010.721939964758	9.027217702450569	1.4339357719516919	0.13834055848164295	1.103402516731963	0.09821058613277407	2614.756852522
-40073.7312200453	0.870976237240317	0.07455885123167864	0.005316140061050135	0.0017544329095714396	0.12344925963820039	6747.579170116396
-12563.004533295498	11.9663098043362	1.6439616523937144	0.1482176470398573	0.9565062088262617	0.09772728733079605	2387.423984846962
-13654.634178574699	12.913124383333441	2.1345209684006154	0.127962904073844	0.23114806130084187	0.09715329413594516	2419.4744362734373
-12351.987961235378	16.987370132123875	4.102021035200016	0.2663326919962919	1.1427594957021094	0.11268901673441489	1525.5845133719824
-17081.39218561626	7.151719015183859	2.4832951830301315	0.1452303888414957	0.5697137032709343	0.09692703516398804	2465.1599183292637
-16270.426972388865	5.665335434362276	0.8560876561010196	0.1070711516106181	3.700603158246681	0.1007005523438267	3331.3866729138763
-19921.159856829003	4.69642161956639	1.1288456884343427	0.06537485250508289	0.2913401870699618	0.10175447054043105	3763.8292936747257
-14063.76571353301	9.786218915632356	1.8858720745022748	0.14740912173576529	0.7583592427506276	0.10727065059579496	2421.9848598964213
-9491.979472703777	21.94705119984534	0.9692248775874729	0.24459647405476245	4.529722025005471	0.0983744279591915	2020.3565758049078
-9860.237756992059	22.189539753866995	0.7462629179591441	0.20647595481438313	6.046494227587359	0.0948239446385475	2301.3281061582416
-8672.127996245485	28.154384403930834	1.7470536145586535	0.26676471114044803	2.5521491404163847	0.10432180417927342	1649.5830381709998
-8512.594482704746	29.41568914691263	1.7176666353810641	0.3028879423248286	1.931811260642239	0.10047580896458827	1529.3538249608368
-12464.60755353236	10.260357529413763	1.1064915079744915	0.16515530829946484	2.5875340526057333	0.10853779212213018	2512.116442633365
-12820.235771244952	12.908759925418128	1.6497128022315233	0.1400247143277721	0.5623573561827577	0.10107582163100148	2409.9221090138144
-7442.8305232321745	61.137181107862055	1.802148277472917	0.37909264824037303	2.1680190650460283	0.09775803616278436	1251.8739369025327
-14783.372736864332	7.234945107522476	1.1728605643324557	0.12582689680298076	2.123379603225478	0.09652108511256019	2896.682390355236
-12591.723011371778	12.985224608197926	2.5095320966482824	0.32766451725155443	1.7082545041400945	0.09809027056064648	1614.5985419486392
-9244.867996090528	21.85204459126627	1.4745749624370694	0.25092329863063073	2.4128254303950087	0.09667112012741871	1798.6776237898987
-9542.07399176586	19.904276728329418	1.2358610522609785	0.21956840824422774	3.0108154530033233	0.100574753782955	2000.964769146224
-14053.497373043307	7.686449226480516	1.0134533428044878	0.14612374956255447	3.6717390867565647	0.09603115474566341	2814.0646279795824
-7828.336052132446	42.172406842193894	1.6643170371627207	0.30763292418864013	2.326713111302198	0.09930357924314244	1470.0367381772153
-10727.553692146545	14.556062910808997	1.3292953453805694	0.19873671046597954	2.440291080112077	0.1003107223368896	2147.195025604477
-8569.825017245319	29.94892002886346	1.9674011964375693	0.3384227501197207	1.7725104226402066	0.10431093110194309	1413.349561090958
-11373.002259470115	13.993880888964323	1.9162683127842346	0.18949647613789103	1.4675656903499323	0.1042653096470958	2068.9767172994943
-10298.279945723574	16.443863438565657	1.4841920209340076	0.21095875532191088	2.0486814794414183	0.0940946629707132	2011.9417721276982
-8582.98041901196	32.60127500447274	2.3385724206870755	0.2516369700664325	1.7467821623164468	0.1034215124535215	1569.0324666122408
-8098.651812137195	51.987810084118976	1.010325785445675	0.3254942740855615	4.623888673124899	0.09565498202076754	1639.0245084814574
-9923.352304641412	19.336217972191907	0.9662120290560948	0.273285844477433	4.4416514855295945	0.10875085344723612	1975.2428295734112
-8631.246765744098	27.37628582308862	1.5242613598079229	0.26404595603440756	2.2764895013784945	0.09642850755407963	1688.3302997445867
