# /groups/rgutenk/lnt/software/anaconda3/envs/donni/bin/dadi-cli InferDM --fs input_fs/fs_066 --model split_mig --grids 178 196 214 --lbounds 1e-3 1e-3 1e-3 1e-3 0 --ubounds 1.1e2 1.1e2 3 12 0.5 --output inference/fs_066 --cpus 10 --force-convergence --delta-ll .001
# Log(likelihood)	nu1	nu2	T	m	misid	theta
-6036.506094887523	0.9907755192242925	1.1310187697152976	0.011411568379775467	0.15533625928399178	0.23315854417654344	1000.4364174821279
-6036.578715139019	0.9912967725066584	1.131900450810903	0.011383747623706638	0.05524768475668909	0.23314369384283107	1000.5493578908186
-6036.627341778457	0.9919023301310254	1.1334939584132737	0.011380232136269154	0.001	0.23234836444196016	1000.4686163841841
-6036.548425252083	0.9908212775289502	1.1311617354194377	0.01138981953601542	0.09691211414921244	0.23316978741522207	1000.5682290375378
-6036.582671677534	0.9915540814598699	1.1318661680499058	0.011383460615276578	0.049844113467529524	0.23314597032435624	1000.5392794808857
-6036.477247904842	0.9864167217134157	1.1258618273968541	0.011398798516962865	0.2031923481062939	0.23304293253614258	1000.9920862738552
-6036.448071293754	0.9833629927586264	1.1255679369602365	0.01137915377895168	0.24754607981697238	0.23314363656339634	1001.2920799952115
-6036.91482522032	1.018515608580708	1.0841155420385593	0.011363118538236553	0.152446734061286	0.23325011321790953	1001.5168878357586
-6104.996644946964	0.5900803509702494	0.5319176865009039	0.006299383839778486	0.22466299158395384	0.22555694140489602	1091.4998274716916
-6035.28915777647	0.9615607747847668	1.1269656851591219	0.011248946542380085	0.39666524397443126	0.23350891159471399	1002.2488162542594
-6038.458379949594	0.8746725570294542	1.0956277600788598	0.010657790960413156	0.08204954604689069	0.23483372151869802	1013.4053155007625
-6036.454365906373	0.9902319287944433	1.1287651738908855	0.011424524920239954	0.22822232349856847	0.23320086883739405	1000.4848473991167
-6041.762465695714	0.8292849900554742	0.97766461714214	0.009856456197952994	0.020194824884543057	0.2327315415299607	1026.980081310165
-6103.432194561345	0.5291823870961792	0.5712686749739285	0.0059823057340611255	0.0014216473046466138	0.22952159419474882	1094.0084196011221
-6036.064056162919	0.9969106520780062	1.1446050595559254	0.011537601462154027	0.2766664594579005	0.23410653141126295	998.3501935092231
-6036.78061554718	0.9782672240314982	1.1737041280002107	0.011473471178218968	0.08092729032492105	0.23335535545333347	998.781848058742
-6050.411174523494	0.7181495311654976	0.9192590729705359	0.008991135277764286	0.0010127653843888514	0.231984590741939	1042.5196029749577
-6068.918262228841	1.6478483795274002	1.1786991173680315	0.014060533970053154	0.357253803216397	0.2343487410388109	951.8769725293727
-6037.641328148271	0.9396951487153757	1.0378353385963939	0.010711885213862819	0.05505392894544535	0.23335520618941233	1012.1409462012441
-6042.484139461563	0.857569790113434	0.9568071046496328	0.009954922448503826	0.05132955280047668	0.22379199000677902	1025.761177678074
-6036.472006060612	0.990537576985532	1.1306063540010436	0.011423825417445079	0.20290549579470243	0.23316293936358864	1000.3881566993583
-6075.361799339304	0.5949529079569883	0.7215941751437811	0.007511191274605398	0.1447890106558553	0.2347049296788757	1071.855125346086
-6035.651640632308	0.9712004723175114	1.117234915912668	0.011281622592962646	0.31772727586361527	0.23245189938656569	1002.3592347880939
-6094.869539991052	0.5904613953493064	0.5797332944088129	0.006681685182722471	0.09479947018107764	0.23975790687030482	1086.1371805802528
-6042.792738456783	0.9175845415374041	0.9059860621778164	0.010005137088086258	0.03040049649474535	0.236278164971416	1024.7787008179746
-6051.137739031247	0.7819413877670393	0.8314602905615393	0.009008448021988509	0.23270194220892051	0.2255497067349905	1043.1802396981375
-6064.954666116487	0.6376314629152554	0.7968397604895872	0.007744823857828806	0.001	0.23593495154883157	1062.0747466303494
-6036.615544195502	0.9786211488367456	1.1209719988576152	0.011266833789762985	0.05563610093608005	0.23395816970153216	1002.4841974792498
-6034.859290256702	0.9751598698482729	1.1094395800311831	0.01126217918940453	0.5547230700016605	0.23323550872816395	1001.7649481368702
-6075.119847794593	0.9460106917380341	0.662968734482115	0.008688174672371908	0.17420034650882024	0.24857655629433403	1046.8254562606155
-6040.046583838784	0.9622669979642343	0.9590345833390655	0.010533501149924919	0.003312231179617196	0.23411945805727133	1016.1611677539477
-6036.50168385615	0.9859553525155547	1.1269892973553512	0.011370066899407774	0.16729925896192102	0.23315652898174538	1001.1464604359583
-6037.610417080158	0.9497562143493177	1.0296536920303676	0.010796369467254468	0.1884341761934273	0.23317658738258448	1011.4728250094839
-6042.397881287337	0.7954050192252187	1.1218975114838632	0.01030139669850881	0.19998171614853263	0.23173703623423467	1019.2718046312992
-6036.828562713963	0.9678523564115442	1.0766162203097212	0.011067986079158702	0.1517548836732699	0.23314013762992924	1006.4401816679124
-6037.589416652048	0.9116281319302538	1.0891256541990024	0.010848291959629679	0.0034023384809591935	0.23271540361484153	1010.4034407578632
-6035.891156539492	0.9810892830204826	1.1325386617737307	0.011399292707087352	0.28837032353614833	0.23284847355932756	1000.5470310163279
-6036.569684590783	0.9916500028818435	1.1321725013296482	0.011391145349140278	0.0676180349979447	0.23310752422284703	1000.4701118090201
-6036.566241865241	0.9975187398612663	1.1271474089495375	0.011397707268791227	0.08557855783491417	0.2332596981881822	1000.3468758660885
-6050.649307793732	0.7039255976186491	0.9836151410453924	0.009240343864963078	0.06719303559391673	0.23317543924502163	1038.7334975783199
-6042.706249585297	0.9068779151926164	0.909875816707534	0.010065503992369718	0.004070304631852027	0.23010056488841038	1024.8403297914658
-6605.176679880618	1.0094225098996386	1.2135064378842626	0.011332161182131158	0.001	0.4625792285577119	996.3162465605949
-6036.556665251193	0.9972922006210693	1.1320583131616775	0.01142459657863772	0.09202889759060535	0.23310531045189478	999.959214456492
-6037.108090856254	0.9375113484614844	1.0969255514874225	0.010845926962584837	0.04558318092174563	0.23407375454702503	1008.5317551138506
-6099.186731943535	0.6716954719291357	0.5602339916046858	0.006849480870296211	0.05054610499951397	0.25345438055922265	1080.8554459444294
-6036.799441526022	0.9505440977878382	1.0978745951482856	0.011056930939413675	0.12752358451830545	0.2329784154982709	1006.4429816196434
-6054.119989652169	1.3854296733200508	1.000524424652437	0.012226166576682724	0.12635221812397654	0.23202086058588162	983.9556242802072
-6037.0379069724695	0.9418701591693897	1.0935127903359165	0.010966120602204353	0.06668943625638159	0.23544590057032477	1007.7077801962067
-6044.746952928423	0.8197009158468929	0.8614289524437407	0.009330995123993928	0.7640623390694736	0.22687977614217875	1036.4974733624933
-6157.067754884397	0.34604210031110644	0.5291683615211221	0.004438841606908338	0.001	0.23564233130943324	1119.617228296032
-6036.593947452024	0.9923045408622702	1.1334349529390646	0.011387235186259574	0.03470728197560138	0.2331810047808381	1000.402988513657
-6098.997376407573	0.5755532391894997	0.5759523850183808	0.006854309839733061	0.2777339558480945	0.24213729902764544	1087.4448953873668
-6036.493923859381	0.9868388075402421	1.1282283176569714	0.011386361689449407	0.17578678452029223	0.23312838958918683	1000.9375370505468
-6036.547943558398	0.9910687900363583	1.1335850038877582	0.011404416192601758	0.09794758517826972	0.23312143640820807	1000.3498780656844
-6036.651433475984	0.9912071506286099	1.1053103744896908	0.011268828456124083	0.09461626928410592	0.23452467124979767	1002.5295342557164
-6088.2458045568155	0.7049287826111965	0.6077129083108935	0.007370626511879625	0.03522095761820273	0.2544355622731849	1072.3741237910388
-6042.9337940635	0.859056741906616	0.8780110953723305	0.009627859268456348	0.4780447389122331	0.23137932285036272	1031.5095768565118
-6047.348569804788	0.9693120700123485	0.8212415918849733	0.009867429285732105	0.6589938343464533	0.22928879525465126	1027.0235420519734
-6125.83584342703	0.41375906519136757	0.6518671455821403	0.005644952732404369	0.0011813227670915275	0.2171359959579379	1101.0037184319995
-6036.520575367401	0.9869399972256748	1.1299973081082355	0.011390626556555764	0.13934630922846178	0.23301388172170923	1000.8251725138266
-6092.9220962741765	0.5557665217816828	0.6447309943961712	0.0065376420773457684	0.579733291608077	0.25171756017914304	1084.4793976598485
-6057.233517154989	0.6805104980379333	0.8383987453504778	0.008427319880929273	0.0098990482429418	0.23377993414034365	1052.9801279625956
-6067.395269151191	0.6176622646311746	0.7975890285942194	0.007849772493060828	0.31582945760247877	0.24084785773593526	1063.2949701801247
-6092.910769004613	0.5879852275973045	0.603022110506472	0.006772662218817813	0.16522118685510678	0.2469960506399749	1084.0581841205549
-6040.566730854349	0.9760579829919178	0.9262623256812463	0.010460802797558566	0.32137922095133525	0.23312416244255652	1017.2895427156743
-6036.959696751903	0.997873057639204	1.0724178274611165	0.011216302985729442	0.11250381219878408	0.23202846166775154	1004.1037724990582
-6067.344055155784	0.7501357994718824	0.6890317254014077	0.008257745725281136	0.1922229927831914	0.22802762649354102	1058.9292321464525
-6039.037865842888	0.9300360281580831	0.9865680999328121	0.010540254650736712	0.13288378080931593	0.2358223514525926	1016.4076551396049
-6036.641429197674	0.9955673659883452	1.1522337443407311	0.011493529734193984	0.029385173790708312	0.2325394099582226	998.6882122233043
-6154.52028198452	0.3821611753379764	0.45649466189491555	0.004743651745879831	0.1338701693691936	0.21962335436340943	1122.158607797894
-6074.353401610387	0.572778759183522	0.812996362459215	0.007580083143967354	0.2052214293805792	0.22437214922683646	1067.4720868590182
-6073.87394202896	0.6422105651240404	0.6684438771265108	0.007411775219778711	0.7670265335581982	0.2309545518667848	1072.4427614446497
-6036.530305518745	0.9912945411406334	1.1316601102801462	0.011405476880416267	0.12176425303664999	0.2331267813420547	1000.4190910915447
-6036.535135901768	0.9900495127637892	1.1373018263418964	0.011424293872955302	0.12218644271101514	0.23284205816572862	1000.1052385563033
-6043.41799122294	0.7888888701414829	0.9994029434276809	0.009768689504693211	0.37895233378669435	0.24284931627082346	1028.6532177405188
-6036.675518913448	0.9811097069773694	1.097900503360299	0.011234880565893625	0.08982531810290335	0.23264041638173663	1003.6460784616555
-6150.259123033039	0.4358256715566151	0.4591687863886076	0.004559440654950432	0.18838417215444686	0.21338228091648354	1114.7793821527896
-6040.299231150452	0.9976278954599214	0.9579560057700113	0.01064930018339076	0.04101159437019085	0.23139938512877803	1013.595687701296
-6036.6239935785725	0.9760669807460086	1.068043561155897	0.011102503301037151	0.2762994990080125	0.2319650501795354	1006.0656182087693
-6039.4069691505165	0.8273114765890768	1.0057570436214311	0.010102201773443157	0.4580621205731212	0.23450922307761105	1023.5697578790029
-6086.775750902274	0.5772131609308361	0.6368270804384252	0.006885812359662453	0.22930655673386516	0.23769289317217654	1081.8774920703545
-6078.730288783471	0.5788634577862798	0.7091593349723112	0.007240348370595122	0.001018912140438361	0.23640313783981426	1075.150290497815
-6040.303537103845	0.8598061092607369	1.2248249773663946	0.0110149448368344	0.15222567532708575	0.23221509659790857	1006.1558249958193
-6204.079600484197	0.7410860413270763	1.8048739900096293	0.013848466767297419	0.3958626552487691	0.31891516588974894	975.3551349418184
-6036.603813064937	0.9858749880272915	1.121936391676899	0.01130762538825157	0.038291948313648835	0.2333347669850931	1001.7894175004573
-6043.4599209994985	0.7605761571175825	1.0702765961356457	0.010138436896082993	1.2494735059157602	0.23904032654990776	1024.1373547724447
-6167.456910642252	0.41088834646993316	0.37723050666411334	0.004358253708715813	0.451194634273107	0.2380237138077031	1126.8096234147813
-6037.133298511774	0.9296421994758004	1.1244214960237289	0.011072331514349817	0.09161899262996971	0.23145375379271121	1006.2921982370473
-6061.902377401523	0.8328305211518078	0.7213284941376699	0.008535038184576132	0.12414857419086024	0.22341051546810015	1049.7090718468162
-6035.537538338415	0.9871021808477177	1.1278751280735098	0.011390832665345007	0.3348273762597742	0.2329859714192274	1000.2104312230591
-6037.837142420327	0.900159164797608	1.1433419711330506	0.011032275538847256	0.05000532642480099	0.23404957157842132	1007.3130139218241
-6036.489406714548	0.9919358372569246	1.1326503317254935	0.01143528558355849	0.17941610410129386	0.23327717551887334	1000.1465632874039
-6036.5313718893	0.9907479708146273	1.1318213828868855	0.01140242758155643	0.12034208652515258	0.2331323435298605	1000.4603961082087
-6036.619877568304	0.988235303549743	1.1321582839721984	0.011351312943128288	0.001451184710556506	0.2331565392447705	1000.9109648575796
-6042.158627845814	0.8840536776749287	0.9965901817201913	0.010969140627291592	0.1078381353014571	0.23331721776974945	1016.0897394334665
-6060.077114475565	0.7395968655440798	0.727631719432054	0.008198051855555739	0.5907003693635465	0.23222543862582118	1056.9874160735671
-6092.285190447597	1.9609476880109573	1.2540855494812606	0.015012915637136522	0.04235784422412674	0.24069126778664404	935.1090498203595
-6037.704851482905	0.9096462825683904	1.1621543040267162	0.011337108647832545	0.33362391339032016	0.23979671950664386	1003.4744567612772
-6038.714855653594	1.0322794235949169	1.0649937444444975	0.010997136191224834	0.09692968148571213	0.240304252013634	1004.0822683602714
-6034.753338682781	0.9748271188842873	1.1060730725823755	0.011261308018726443	0.6575755775813421	0.233081894058422	1001.7487066759282
-6044.042876547909	1.161217363772446	0.975570694472837	0.01134902136735518	0.03427216173575262	0.23712505699309763	1000.2795698752329
-6036.565628640435	0.9810395557568623	1.114068787262786	0.01127331938106869	0.12476111074339853	0.23343611921721638	1002.6327555945599
-6064.440303944786	0.7905606215055397	0.9653512451935313	0.009786907623225044	1.223815367944498	0.27615548924626726	1029.5915324397097
