# /groups/rgutenk/lnt/software/anaconda3/envs/donni/bin/dadi-cli InferDM --fs input_fs/fs_048 --model split_mig --grids 178 196 214 --lbounds 1e-3 1e-3 1e-3 1e-3 0 --ubounds 1.1e2 1.1e2 3 12 0.5 --output inference/fs_048 --cpus 10 --force-convergence --delta-ll .001
# Log(likelihood)	nu1	nu2	T	m	misid	theta
-1329.5660359233743	0.07905677458328948	0.2772751772738345	0.20093915930535325	0.5830788111999422	0.23780460354820207	196.44606768665136
-1358.4390649408792	0.0665693762001604	0.23043865484368325	0.11438031633660152	0.3306870136056226	0.10071509874284079	198.68156872611942
-1349.4122650794004	0.11345421910815402	0.37657966779071406	0.25111208685551534	0.2977205848539786	0.20288545812977601	165.53176857830303
-1346.9169483335763	0.05094557642097734	0.1911448347947599	0.09314285768196322	0.5733135860925228	0.11860873263155401	212.9506564499426
-1328.8170371872936	0.06918662444312634	0.2501268564831966	0.15139019218180874	0.5812245121597018	0.159875612254466	200.69839299691182
-1330.4989912358699	0.09069559852373132	0.327842408373394	0.21434927634276957	0.47236964672447057	0.17274449059627894	179.8104037203252
-1313.9921213618068	0.06523459514995447	0.2471227833742888	0.2453955416430392	1.0190144073014251	0.14898675443567577	220.96008139085635
-1316.5407562547985	0.07637465824069797	0.289318451272467	0.28647410714347343	0.800415144950767	0.16591408292010199	203.25586540520584
-1313.9203634157848	0.06389505693406348	0.2679016396389109	0.4882716019258779	1.0557239283377475	0.16103781623917246	232.94400675324286
-1330.9583454772712	0.06418241443522374	0.23878507435232954	0.14128157001280556	0.5796746980073066	0.15109752932103845	204.42963118263032
-1358.5606750455943	0.11227430448942963	0.39404800768769593	0.21859221714340385	0.2347762625695551	0.14824664821104472	160.5824942876704
-1313.4045058896595	0.05109192783757007	0.22769693488210213	0.583751886486011	1.2775351091052587	0.1577740868240372	274.8693751042096
-1356.1106913842716	0.07893197103808822	0.2888107506847407	0.13905785809131455	0.27313929375746143	0.14447183132059496	182.9232578266323
-1331.9041645741988	0.07823838998986189	0.2756948234418838	0.16516880313418897	0.5002052593590393	0.14061131697297638	191.66465225130833
-1334.049389583519	0.07747059799128303	0.32365183032661193	0.1654224456131272	0.4925626680292036	0.16550627708778679	179.17214200798335
-1336.4279298360457	0.09102305041923989	0.3481675010888844	0.21081498816831393	0.4051104138937186	0.16094398865812368	174.52435075444785
-1326.8235727914214	0.0927797431572019	0.34536483763808595	0.2480340342691839	0.5368991077184418	0.19179637269930533	177.87623973444693
-1324.5780969143354	0.07160765759452248	0.2602832389114059	0.16529379106704517	0.64299016917262	0.16914844539328405	199.20470960727752
-1316.7520347811328	0.07755910305270325	0.29946572210011296	0.28630733459870283	0.7967038929491843	0.16531634145063234	199.3685972358168
-1353.1574002379534	0.10155504656628965	0.4047505797555842	0.1975370513126154	0.2907586048160378	0.21567719657813636	159.73465295251174
-1364.5728482934155	0.07755615068249458	0.3035693937066608	0.12939281145210524	0.22843092675501808	0.14788466843653048	177.87034844777023
-1318.3415659365596	0.08120607182353125	0.30964096956442366	0.3095670977991084	0.7441089138442548	0.18641973436999457	196.24322465812315
-1363.2167966108955	0.06507054756031569	0.26551365862122067	0.1115665077459419	0.27774230379124215	0.11915062749875191	187.5806054458712
-1324.5314592134841	0.06402801778042001	0.23254783712509136	0.14584829794623952	0.719840907873214	0.1540910416432244	208.16615208172675
-1316.8614978197886	0.07083441529477516	0.2630300659446451	0.2153226072921342	0.8222728573159767	0.16512470536240575	207.13019321492015
-1348.9983956914675	0.0855525787119323	0.294137029160561	0.16094297457898718	0.3081197795909352	0.15394035254888103	183.2116846718819
-1339.778819291716	0.10414308990836849	0.3614857514702806	0.23376887857322673	0.36303370520546563	0.16909707184344816	169.90657458787078
-1321.007836827589	0.06537355712842532	0.2638854397491765	0.18485673340420097	0.7545083920189779	0.18534960505071282	204.19265098450637
-1328.5113057532744	0.08524835750710008	0.30047128427683883	0.1998325130619354	0.5103749880136517	0.1577369597579359	187.13893070301629
-1312.432488241779	0.05823113411344507	0.23893592071564726	0.3459574571493833	1.1740608935342682	0.15700380668625055	241.67553177370084
-1314.4956615222975	0.06937678423267621	0.26221596617751997	0.2790151988545094	0.9243886153416316	0.1605599812482967	216.25880867400198
-1355.6623429292893	0.0866808707671846	0.26934742798440364	0.15200920753711789	0.2769839868956159	0.16708227671584602	188.05943463541144
-1344.8576593186501	0.06819484076557329	0.2866634016126893	0.5586778427394394	0.9707161909721699	0.36442719986998057	223.9449831416948
-1340.923438210084	0.10451729977541263	0.3294078914289872	0.23843197556774437	0.39030003968247134	0.22603814858039176	177.37367054530495
-1325.8026495768163	0.0815934751006924	0.271208795843165	0.19411007308199735	0.5769988816506803	0.15845602378180512	196.47827860670705
-1321.379024961179	0.07810942363725482	0.2936839591136208	0.21115745273133596	0.6567107525282321	0.1655096711849302	193.16217749153975
-1319.4458195716666	0.07130038191328586	0.26306478330233235	0.20822979606751174	0.7640198909178518	0.19693675294337126	205.74405532907423
-1346.9736328315091	0.09775182248803424	0.3535099716718619	0.34667307302698364	0.5761200459839195	0.34172711588158633	179.86947239931294
-1351.096520085955	0.103252126225023	0.4104603080531218	0.22061088169975876	0.34680002647264924	0.265000563305914	159.93808299045125
-1315.871584477412	0.06968212839876559	0.26734224195148976	0.23547557881507536	0.8573963998641602	0.16491015660614017	208.82811462031492
-1366.3209558991612	0.058341699378025164	0.24675150938641138	0.1011979362040734	0.2706651812071288	0.17323842429004974	192.4128582334813
-1365.9189279407656	0.11025364865351464	0.4272820279884047	0.20390096442645322	0.20204348406870265	0.16556546694670943	154.58914540876998
-1326.363073727764	0.06496651169682821	0.25657912345857786	0.14365841292744044	0.6952789088389789	0.1722955470482133	198.63662978817368
-1361.6195226344194	0.10861864352187156	0.4247260819299451	0.3670047442365135	0.5278555111094788	0.38225385796411465	162.13996458281935
-1321.057556837419	0.08697948160284122	0.33437791080403423	0.2641043102695833	0.6743869177395083	0.16424750963141516	183.8410461032647
-1335.4427018658243	0.09415864705292856	0.32477878563240165	0.2045103045300272	0.41226313147858396	0.17241624313984416	178.4985918812722
-1328.5379974981647	0.1012787249997891	0.3690167706422465	0.3268894708316443	0.518336338144694	0.1977715461490156	174.20912791594168
-1357.0599848606103	0.05604577484985107	0.21850668123728967	0.09404382138827232	0.3849616849071259	0.17201064717586736	200.0846511328809
-1337.6118716570822	0.09497235390229522	0.3534862389717443	0.20485483671644888	0.3933812555425093	0.180314117512058	171.77165841387784
-1395.0824743914484	0.06596273958445896	0.2965784602332541	0.09844454799173323	0.11139936613342785	0.17721424479242648	175.97935937264836
-1353.5605194244863	0.08100877313035099	0.303851944247786	0.14442293233478237	0.2853462517866422	0.15812895841963526	179.4921215163861
-1359.651283499817	0.04199969263591697	0.17732884966967766	0.07249490577183913	0.5618586817097185	0.1295344953545237	212.35976108739897
-1319.0166617790378	0.0761939037954605	0.27643204432279006	0.21865339217648022	0.7247939639473353	0.17140878371539905	200.44232863566927
-1320.969444338183	0.0831120295647169	0.3334810115780195	0.25903750468531217	0.6864491868953583	0.158981544699221	184.9424414089178
-1360.7627759530246	0.07508976743447408	0.280644987284674	0.1319610796561617	0.31478492503600847	0.2672855015353618	184.9275350519285
-1317.4746254827128	0.05844384216356527	0.21717208793281728	0.1650083675969168	1.0018177639912476	0.15207945135447176	222.74346608219244
-1316.6008777361876	0.0679286599150284	0.25346328428928916	0.20373210691392823	0.8799263721249837	0.17663004637726246	210.38767716094202
-1329.398457828326	0.08003322217403135	0.27966759740994357	0.17734201068994884	0.5190043495354044	0.1747702528224002	191.84048794069986
-1316.6496974868646	0.07406744827473778	0.27294416728729676	0.24506049857259754	0.808066581282362	0.17221169851759088	205.91854767749751
-1356.54033882424	0.050137948773841284	0.2025970018324653	0.08406576106672022	0.4639278895424726	0.15980839892986728	204.20459659531866
-1322.814423818367	0.09304934688527244	0.3491728833693997	0.334590140668712	0.6239593165089223	0.15272524064809367	182.03619902060615
-1320.2453657680473	0.05513178257849357	0.21135798538342968	0.184806587927196	1.1833667685453317	0.2323011982474132	232.82205730524979
-1321.9127585085548	0.09438980300981259	0.34306845266821645	0.32025394191530127	0.6418465626411284	0.18056850986465203	182.60489297390563
-1374.7412591191253	0.1056265065618329	0.4025641396511107	0.1859825874416933	0.21339921900791514	0.2858017823744592	158.32328541974942
-1319.666820150934	0.08350165187633563	0.29838575146829294	0.26316627291967337	0.7470377946682392	0.20556936863655315	195.39964042828308
-1340.4620026024675	0.08669164911405056	0.3479596804660987	0.17985711268796378	0.39268970186961755	0.1984222653372948	172.7189026157203
-1360.2858854941228	0.0747402277741656	0.2720006259867498	0.1259898774897348	0.26136807282726493	0.1371249126500433	186.0441730317174
-1331.307769736712	0.08395973808561404	0.3004815147397134	0.1846552450058369	0.4782634927195083	0.15506962011977002	185.60641097597522
-1314.880409622965	0.06739957548838037	0.2724274633604826	0.406450133421287	0.963315357895246	0.14114191676874727	223.3076497897187
-1314.5134698430516	0.0704221395627992	0.27402757199577765	0.3066837441505281	0.9179289543588558	0.16023147834289816	213.6785388186038
-1321.5387986484775	0.07216141253144297	0.2643803370268724	0.18569675356428617	0.6901535747867696	0.17727445841329306	201.27717560866157
-1361.8960872094613	0.07091803975347999	0.25876090207038	0.1268032135996324	0.27410465423909025	0.10245617448069501	191.33923290308772
-1339.4111077229368	0.09497062052130265	0.3367746065921228	0.2030304335690754	0.372076421562869	0.15174899911492973	175.26212622555244
-1320.7691074246786	0.08871765023284378	0.3335866676977297	0.3768357009109194	0.6787788513726042	0.1806847705455136	189.63592389296994
-1318.8855263132223	0.08052061794019241	0.2953260759347305	0.25735983537553847	0.7133435871286067	0.15478649257417304	196.8082689101588
-1354.2945826809973	0.08930783310351018	0.3349964515335682	0.16270951181056098	0.2754676330698584	0.20138594647265165	172.69520189121062
-1328.8140904800684	0.06489592579478347	0.24227036718875355	0.15713266041792465	0.6364787750142444	0.11344384589599227	206.64880274989204
-1328.2436681287331	0.08455145395749203	0.3424940542389975	0.20081310780201403	0.5749266005313624	0.14904546576401062	176.94604832483267
-1401.2067388493901	0.07513137253529328	0.24877628912895622	0.10522708343158661	0.09081537050074465	0.1020802489144038	186.9518987612518
-1359.0282873238773	0.08195002854014416	0.2970361121319435	0.13683935916964762	0.25504436697812144	0.15848944543694385	179.5212539507656
-1363.6220045119294	0.09257445277211312	0.3068345721766932	0.16612807102102176	0.23417600101872227	0.2323635063787873	178.6023808029178
-1326.2170253776576	0.09027200860188445	0.3226157569205604	0.23471238460851998	0.5354313292842351	0.16984214346263557	183.21880057901816
-1321.537860929021	0.0783548047079014	0.2711449306652591	0.19661479254628536	0.6785104877235503	0.14863291781526095	198.2662559198501
-1336.986733493567	0.06755819153569649	0.24422937526614685	0.13363339664428636	0.48683261254846893	0.15630643156799437	199.09834884999734
-1336.8131411303077	0.08463145245693666	0.31084078020316364	0.1716286337674785	0.42127371222944276	0.14939190978806027	180.90983492532686
-1321.8565643680058	0.06325737981496006	0.23061550696477562	0.15356218189834397	0.799239868312118	0.17864321708572747	211.31740489883745
-1332.4801328193976	0.07022882487006236	0.26568495569001743	0.15141987349861039	0.5597823567151441	0.21809318332631994	195.16671236243806
-1411.3128145998928	0.04835613691740509	0.20686709630745437	0.06544766904202333	0.08717815580731336	0.17590640693629792	193.5359637404663
-1321.6033528333455	0.08327238778253804	0.3107357774802379	0.2475196273972718	0.6433883705913076	0.187836682817451	190.09555848315108
-1343.7025957602912	0.10248108648233087	0.32416061350691255	0.20440471591051196	0.33837231734614903	0.16168366952876792	176.18224863698634
-1352.307467808314	0.1283514397986019	0.41793462957282757	0.3066233996478842	0.2853623289010293	0.1833355277566544	156.90331180261683
-1320.6527313958572	0.0814343038317143	0.3064693901584797	0.23507190958677543	0.6761106513929872	0.14813142250461311	190.8733032525391
-1368.5711284736526	0.11718360206716281	0.4168196435006315	0.17825900927780045	0.23385728325265076	0.18538343555030085	153.21505168982125
-1324.2246399577689	0.09204648199767089	0.3276111891564465	0.2739668389794569	0.5768540792914936	0.18211622924902637	184.47358848970205
-1312.0656610102278	0.05263419943581915	0.22211782181976722	0.37513880141297073	1.313351167323256	0.15476288038555386	259.9066660010627
-1314.1279828912475	0.06616332402636027	0.2563286838904545	0.4218245070316714	1.0859329900084458	0.18060762373089673	233.68693308878332
-1320.8854282131308	0.0671953036750986	0.24441434094179687	0.1767375203603904	0.7780825522280681	0.12497349930411604	209.16052647277587
-1381.0450266992607	0.05887410429017812	0.20833209338041067	0.0953722112511799	0.22209604670705785	0.08267008830663579	202.99331929611358
-1390.3777576290086	0.08294712394217751	0.24510398186462917	0.13284420249993315	0.12780592118947293	0.1844961810942951	192.47640960553983
-1329.067822393347	0.10363461742538718	0.37187965165179454	0.2810051095369302	0.5076600473353065	0.15005922432204624	170.87935323322378
-1317.2541066330923	0.07956402768008372	0.30230337065189733	0.32315775376122174	0.7759805598561702	0.1709782275687628	200.24794491950416
-1334.8534891171716	0.1052059534768002	0.34361728261182706	0.2583464816826042	0.4429667761717469	0.12755786052889728	175.33114103432058
-1327.3614619197895	0.08927323793668465	0.3418143549701923	0.24251437607136833	0.5241690641864315	0.1818799211857297	179.30262381399356
-1338.8466989745746	0.07637129712038775	0.2661056377017828	0.15728470024256253	0.4330983751966834	0.12290710168041169	193.75366529249655
-1321.3596604911743	0.07824409681273334	0.26867621459637925	0.20692983336272328	0.6769341668681599	0.143872032101542	200.59389727474976
-1376.142794566635	0.05648745896623868	0.2726839860460511	0.08810009085688877	0.2622386667549044	0.1440079879744966	181.60935397470996
-1348.1807339042618	0.07292290354178266	0.29308849031978146	0.30937068268886103	0.8240785104025979	0.37491999172942236	205.24582197504918
-1329.168780260562	0.09230071261849601	0.32774535933108523	0.2479463683583247	0.5105451289930449	0.2090651766094027	182.30933908452698
-1313.8967853196457	0.06277826364792233	0.24259432516055227	0.26900349781921634	1.0112332384159148	0.15069177190079414	227.33510203925044
-1314.5397171476784	0.06605377239960317	0.24679316761474482	0.23610946008461256	0.9589591363856962	0.1545461133961508	219.14949330761874
-1325.7907690684556	0.10353071465838531	0.3888956270019798	0.38855456926718734	0.5757309988502857	0.16936791509151433	171.35312504786657
-1343.3751343865201	0.09542508985898619	0.34506233077346005	0.28848827925523585	0.5538950230353266	0.3231797854255328	179.82123306308566
