# /groups/rgutenk/lnt/software/anaconda3/envs/donni/bin/dadi-cli InferDM --fs input_fs/fs_084 --model split_mig --grids 178 196 214 --lbounds 1e-3 1e-3 1e-3 1e-3 0 --ubounds 1.1e2 1.1e2 3 12 0.5 --output inference/fs_084 --cpus 10 --force-convergence --delta-ll .001
# Log(likelihood)	nu1	nu2	T	m	misid	theta
-7973.162969875675	0.00282779982677935	0.6080638533480095	0.0010957921960508125	0.07023909583697627	0.10136446970546345	1716.164897517581
-4711.896555803842	0.3328567160896356	8.992886919456128	0.25537916196306737	0.26856664640732203	0.07954493747216124	586.1778117546553
-5012.388093831438	0.35632034044281363	6.119810526659397	0.1991779348295264	0.1804410018992582	0.09406424288477332	708.3614914097911
-8066.406488269353	0.0028542859271419884	0.6475153032894672	0.0011161947208692526	0.04861325201106566	0.13608141352724784	1714.068947193971
-4280.775695905409	0.17988808086268487	7.254413017677893	0.2725427422974792	1.4166859982968254	0.08364048689404166	660.9980925926094
-5865.158336484919	0.14156876049696698	2.605316479993451	0.10653300540866485	0.27761578434425216	0.062335488801212556	1119.697513886429
-7919.235964602059	0.007214266932710794	0.8079560425894761	0.002924712524748974	0.14571814866332158	0.12228577284902359	1709.256911642558
-8146.299207569347	0.002584172784539289	0.4696639612516942	0.001	0.09732899662097959	0.130243612446869	1725.5549322162126
-5881.283639077118	0.11896445564650007	2.9814911655112097	0.061143933719937225	0.0530472636773876	0.061089494610332834	1196.3433800209693
-4341.634788929639	0.1721254441412748	5.5946908846363215	0.2982642976300841	1.6087648293565693	0.07978457006582723	712.7291798334047
-4316.010318847095	0.3450641600546687	10.974751011767783	0.37482415979588823	0.8340237310737644	0.0682811786567225	488.85481268381557
-4023.838008519981	0.17247687662627598	9.628396602329365	0.6926112959440611	2.064417482271612	0.07397146485376048	495.4819287072854
-4276.077830898649	0.19136445977429303	6.560444062410037	0.3632017675558638	1.2948434356807093	0.08131638352212692	628.7024944347958
-4062.272359499204	0.29174857401373855	16.46972492967182	1.6952373431506655	1.121970396478626	0.07855090500505678	284.88452329952185
-4410.130986936057	0.13851612503965982	6.723111219415278	0.23168036990079932	2.185333677369075	0.13239967034173392	736.58791169091
-4758.469598002771	0.40936450952126696	6.031691322868843	0.31276207801754985	0.43056708923917447	0.08741474794043563	619.7552843085713
-4137.826553856866	0.10384817076251829	5.843554805787818	0.4700144480578877	2.798556994668222	0.07170933528210874	703.9777131554584
-4193.421573609096	0.29830934686514565	11.535444344829116	0.526233330127778	0.8363336228543278	0.08448866049126177	433.0089323163722
-8690.519534166082	0.10731266288798806	1.3985422420751588	0.045051354642363685	0.06810797969619034	0.34124501554489145	1456.2531614637962
-4199.953578270737	0.19190092790046626	7.422747698111936	0.4098480760421669	1.3678464426394652	0.09144604425545247	583.6855435460928
-4002.8137464751853	0.16157052641239683	10.160245629878444	0.8756550645425748	2.2381664192367263	0.07924412231616752	477.5942970914112
-4121.6646558421335	0.23617230316917565	8.629523203308157	0.5591716082459774	1.354071728657929	0.08417193534464246	500.6859235271261
-7746.653602753149	0.01485889047802299	0.9002120338148474	0.006132863165353297	0.06364835515593725	0.08654404529724044	1697.1862375115047
-5795.688069105311	0.10643305893058352	2.7190622596746894	0.07797017071997354	0.3614556556499802	0.07553380665849845	1181.6064745934873
-4047.9198473827632	0.19589318661350189	9.218664679913632	0.9413121812601809	1.8590121516530411	0.08876934836788411	464.16826635912435
-7822.146511915886	0.007896117705608618	0.8092810034431507	0.0032017574067719854	0.08385985387225268	0.0707753080066179	1709.3321819166692
-10647.6439543987	0.002945745264398787	0.5890570879515294	0.001151243568015866	0.1439363031293356	0.4388654720884993	1718.1197222096816
-4775.165807760021	0.17049363874735585	4.316515336372888	0.2514175996046013	0.9358988485053238	0.07138184802529814	799.8171790856425
-4345.798840562879	0.3273007916576107	7.987312154306997	0.7888825751659203	0.8004134211716395	0.08146356328324618	444.95612235125566
-5171.988909963177	0.26409696412688033	4.5372691937598475	0.16918407996007986	0.21679808252970048	0.07614777045573644	829.2343939890417
-4080.5230066415925	0.14968243918091648	7.741832846664476	0.46294893766483197	2.2796504092840495	0.07670691434840282	597.8934190420973
-7234.219535835495	0.12593619158733177	1.3919700854384771	0.07023942761801856	0.026988377785728265	0.08271554335789273	1405.085454589321
-3986.6982681667596	0.09119012203666	7.550683838422573	0.7031268245671798	3.8034111989133947	0.0625327891850385	667.7775140183978
-4138.782985816621	0.20516711465756735	8.60044082527341	0.4444079237501337	1.4052600515388023	0.07015662924873028	539.3274349010868
-3980.3254380991466	0.06204735872319758	5.271747122197348	0.8435088515577774	5.686464709951823	0.052328502777163576	940.17363706818
-4007.3866828960913	0.1334264122523534	9.676794705484625	0.7253627413249376	2.374587896995334	0.07685589524381198	515.6415703159751
-4150.414596192826	0.24113529880605117	11.004321630339678	0.46153864659340077	1.1960103223799612	0.07902705845011788	476.76929508871507
-3999.030333668099	0.12672374536184827	9.173997973944635	0.7034337296533486	2.7054148403137557	0.07173796113008048	547.1833940301395
-7893.814459123249	0.003613465797169605	0.699793280432721	0.0014261690871025835	0.05131179113618267	0.07625589994712129	1713.022538574217
-4051.1207447315865	0.27008522947200875	15.392213713196188	1.4966018946628576	1.2365101170995543	0.07864333233277886	308.41831243107396
-4058.9558747348083	0.12122397304559875	7.540466648435839	0.4662360596116189	2.7663342619491766	0.0716834364635358	631.1366157300489
-4263.669571628864	0.2782020435576569	7.758456146213393	0.6418146016435612	0.9620455179174173	0.08002924099226721	486.3563059943772
-7906.83957360921	0.002578538410604498	0.7139760268856506	0.001	0.017077934252997643	0.05617928458655943	1709.9316211580774
-5574.85235913525	0.11701554643583525	9.936152790816262	0.3792664237588227	2.8434191552025925	0.31820151585698553	602.9979238208706
-4006.569701199317	0.14492666625081171	10.250231593592327	0.7546807155821166	2.321261470336069	0.07278378647559548	495.36028021169903
-4210.786640222012	0.2930660758602237	9.137044177216428	0.4688420780197445	0.9051712617497769	0.08274702881571418	492.5745302208419
-4174.638737884274	0.3057512681961279	14.734675131725078	0.6878293123025174	0.8870480086880981	0.08703413748843009	362.78018768909345
-4006.2696514310537	0.18158777281245533	11.609280895339383	1.076118483574163	1.862255171878375	0.07401642840462067	416.492327784278
-5852.979926364344	0.14035384875564128	3.049336393489509	0.07486734686511667	0.00814854263111239	0.0675161854905669	1140.2366023421293
-4187.623534328733	0.24986420878127139	8.846233836665151	0.4296755531639067	1.0925919352527291	0.08887800025389714	522.5878425365041
-4532.573866992458	0.1840639792552258	6.812018554347445	0.1819763762639689	0.9580972846783726	0.07964024737815038	747.57396619165
-5228.166192016043	0.1902134607498247	4.53441858643007	0.12107466981929886	0.2023831914491201	0.0718973018966791	921.0257322946618
-4254.927929459293	0.3228588224687515	8.516309798363253	0.6983736968149759	0.8654210632265524	0.08631819565583464	448.6946967588775
-8667.060549434203	0.0679047449032494	1.2284352294127672	0.032504002034923964	0.49764929036251143	0.3262332323357678	1551.769137008248
-7992.721509176396	0.0025824646209815236	0.5344030986390994	0.001	0.06044468910602985	0.09195074639527237	1720.0904979172208
-4024.5613574988975	0.15263849095881515	9.738615314097597	0.639055919749978	2.143270627211923	0.0737455747189513	509.23544820447665
-4403.485753442934	0.18814897505550018	8.427983052644253	0.21557178323634443	1.151836779825115	0.07569552955563752	670.7804425868934
-4135.1232296430635	0.21718969500804558	8.433765165504175	0.5545457033088863	1.291059748121835	0.07716690325159312	507.4669760808477
-8257.65415415706	0.0035904067945268197	0.64670206574151	0.0014292386780303463	0.14674399412310776	0.17500022561344158	1716.7234291674934
-4003.4072703512193	0.16505912224563346	10.376755464867134	0.9702328462686585	2.0166079553119434	0.06676871151594428	454.7540604892944
-4458.897290098393	0.2529297627365645	6.00887517094588	0.3859296085395654	0.849633282775781	0.0764876228136445	616.9703510538444
-4004.703174466272	0.13007888563292094	8.135591780640253	0.7878576680421228	2.51576980480747	0.07214555141819191	554.7984626814116
-4636.710077400928	0.2930995013052443	7.728507567678487	0.24875092983793723	0.4325216188007184	0.056320920988657396	627.265149560633
-4043.0522869467886	0.151307269493052	9.720703443812669	0.6001653512672427	1.9730432243634215	0.07719348065799608	509.06560040601397
-7944.713695535504	0.003712667694574097	0.7119915767457127	0.001467385850135381	0.12006371967519924	0.04223869622330803	1712.5036657627572
-8064.260649359307	0.002562828803030447	0.4312841488288536	0.001	0.006774498330073224	0.08701786164763824	1729.6184919560592
-3997.255921740514	0.1682485535128793	10.742548040146103	1.1356759028469827	2.024178353639326	0.07297335455861689	438.8553957676667
-4184.826662525587	0.14246472331683366	11.156293816265924	0.3692491393394137	2.2776960228214245	0.07579207509735904	559.580427160057
-4073.3011965053242	0.12322667714832854	6.861990866768167	0.5094709636423966	2.6213130571579577	0.07430590678808183	637.8654145748442
-4178.698138695307	0.19079058106004038	7.184355629681496	0.3902606831552602	1.7549676194028296	0.06548374480273388	609.6376446766866
-4088.3436678116877	0.1705841729905387	8.27276653758567	0.4708711207903174	1.8929299626110214	0.07955569087727102	562.3173009662866
-6001.4389852130935	0.16243474345552736	2.4942823326870505	0.07902949511322228	0.15487733250752947	0.07848271274208334	1175.6319827081554
-7933.527990957511	0.004861426850491282	0.7666933731189867	0.0019189126560403304	0.10624716353906367	0.11690356162288872	1710.4909904912563
-3982.575600974462	0.12482983114164577	8.833849137509711	0.9614144665987362	2.7282795114638803	0.06717289155929736	540.1296450672701
-4308.836850349928	0.20047460366204758	6.279838311739067	0.29089717998081743	1.4725312159622221	0.08052007410224901	678.187383438866
-4055.574300963154	0.16502818923755225	9.186148141656544	0.5263923937609213	2.043906309883314	0.07556493686347926	534.1404836052726
-5919.630234461453	0.12899252561346755	2.29573184154046	0.0981106899921502	0.8162200765424128	0.1348278912687184	1185.638671415784
-4328.890940381676	0.38767676165881854	9.451039780119643	0.417230920868719	0.6823233878467665	0.07986571440146908	488.8095376514051
-4179.665138598197	0.22257781053143	8.079469342003222	0.43017633809946193	1.3419761902753515	0.0628501111413446	551.7626088632451
-8123.10676879974	0.0025597011508872248	0.48583874977485736	0.001	0.2172145916567008	0.032133629250998684	1724.1972626172164
-4033.8874251736797	0.16418206895523987	9.453833338144266	0.6309330047439812	1.9700826640317748	0.07851951072025816	506.04858749786473
-4197.567529412281	0.16466880949121396	6.491922821637077	0.3924801310525509	1.8254215646598064	0.08741837925040423	641.0912444291631
-4174.1279388648545	0.1543309473461082	7.185341784877667	0.3789987859743732	2.579012936471602	0.10161357887164577	648.5555716699623
-7786.975912003499	0.01029294624504286	0.8502350881161779	0.004171734236573555	0.0981841978169399	0.07345905459104676	1705.1878379875757
-4140.780643951609	0.3160781019480852	12.54737087499801	0.6817012416037933	0.8904259233368325	0.08180910354270435	386.2816322034261
-4133.1749245718875	0.19068053073250227	8.730290396376143	0.40916242870495056	1.5417207922051612	0.0809602331942282	555.37386045856
-5953.376833601047	0.18985741133826117	2.642129433377111	0.11815091885610486	0.18949589027651914	0.11660447817825549	1075.3867319348733
-7915.506214540538	0.0029132938719136454	0.697335260207645	0.0011419571531746167	0.0016385451302039357	0.05396870841410118	1711.5675184106585
-3980.1177426516374	0.11815336006350409	8.37014579057013	1.0130496393803696	2.909914383460486	0.06658584241338163	564.2181645712235
-8038.576375642655	0.002558989150314837	0.47362184681234765	0.001	0.10425218179346576	0.09407621291505332	1725.304435710321
-8294.123692357682	0.0025927437095621124	0.7724902628239616	0.0010156052006798804	0.07458627342091759	0.1899840033730916	1707.7701221855025
-4598.384731238698	0.23684951246950903	7.29732913649244	0.19321664673760997	0.6274414575736266	0.08021856795578167	704.615345835106
-4315.895483224614	0.15063270732137807	5.547330981004076	0.31687653976839947	1.8920466865021357	0.09522487996649043	718.8537691194117
-5455.490143711601	0.2800367978381175	3.6594094121925487	0.14458731738394406	0.2110344653788445	0.08021463892227211	912.9333945311776
-4964.180281640095	0.23972808375243548	6.6680518432724805	0.15558687086389622	0.20375407631937828	0.08075335081033816	766.6851659644261
-8436.34900366775	0.0025829763767874774	0.5816029198691245	0.001	0.1226897810329636	0.2007845872500629	1716.8445514507293
-11257.311671657297	0.005148612305334698	0.6964248775179306	0.0020254906301666294	0.005673734315775428	0.4892688594358583	1716.1656905048642
-8112.023491028724	0.002578105310624256	0.6178600681015143	0.001	0.007279963580313301	0.1438043127295703	1714.6736068056339
-5196.0155538032595	0.24445788750905956	3.9776802950586605	0.15617918795615382	0.35636839532041575	0.08302861879598407	885.8849965352136
-5303.181563927735	0.3371484079860412	4.077761955926281	0.1697256230684499	0.30694091910326404	0.09068036853386872	839.9394147378399
-4451.541860013488	0.3303392972096151	7.100653246497116	0.40886805986324803	0.6359019298849667	0.06947313580680975	553.1512953956543
-4141.988603192534	0.2975626127215062	11.60847301497075	0.6266519204172665	0.9223690937636914	0.0809696384447405	411.46733532318865
-7885.394521045178	0.006535824116386381	0.7691178744643157	0.0025998272944331726	0.09549255140319914	0.04868409084667334	1711.9231603891913
-4171.752587700914	0.19884773027904135	7.378338178389724	0.4299877416951252	1.477901463098119	0.08281490639871589	579.7400449594103
-4305.69866242556	0.2128581765211849	8.144126220558904	0.272191479817181	1.1487669923591715	0.08532173852890734	624.9430252558099
-4054.092728881903	0.24102873483277892	12.745253405423886	0.9170742288857857	1.3090284156688825	0.07901690898092614	377.04042433374605
-4037.144678332446	0.20910654198865652	12.837484061155687	0.9155203497851864	1.5881749218574825	0.07516638485685702	393.1500372241031
-4403.388234860846	0.18182225670649735	7.51251107242821	0.21394716740319808	1.1722520800818441	0.08098523832407142	696.3997701435738
-8139.018953156405	0.002587031424716843	0.4392047014815015	0.001	0.04969557186288312	0.12095854836885797	1728.6312147288174
-4860.588081370464	0.21087549205966907	3.7973321212577216	0.3378526665226919	1.1383446113977356	0.07035493364543043	782.8365344099448
-4778.1006225075835	0.17796333904378886	4.450411541801228	0.17096279857509586	0.9409418191343412	0.07831281570718754	862.745518150566
-4091.6060823344683	0.16175475820392718	7.675706068939387	0.49637557397392373	1.9662501219474102	0.07849504091119905	576.6950460588365
-6379.606970447881	0.10629911286394109	1.8848772218164385	0.061720503528382896	0.3490712175770964	0.08877569379727089	1329.786663899304
-4309.161710659302	0.2832972790156623	9.271876812164601	0.3452022177246158	0.8130091694973791	0.06753927526231521	538.5477738281704
-4916.0560554307085	0.18499697921545125	3.5860330815516295	0.31655234150800926	1.176638774470331	0.08696750991197887	820.5555876333408
-3980.0928006890426	0.07757665839832376	6.490723754189091	0.8023331139344569	4.505312702932957	0.05609331143138938	763.3039070803629
-7940.302490791922	0.0025314305596276744	0.6091442598516089	0.001	0.08924632753545506	0.08303578261759574	1715.407263816101
-7702.949582333051	0.016640389196759676	0.9230704044725209	0.006933079096471707	0.35629038723285883	0.07529403888866784	1692.9833408148781
-9582.562690432927	0.02229290877167778	0.9272754610515296	0.009384865862136244	0.12151803273819856	0.36650014746872916	1687.0689392310337
-8208.329265083548	0.0025426227437403068	0.3121592735622016	0.001	0.13598111855724265	0.07278488655260068	1747.8303834997964
-4095.8289406931344	0.21337031774444726	12.539401066054651	0.6053091858223126	1.4818970628134955	0.07756219035408148	432.8731472230756
-8011.748583979683	0.002583241273973219	0.5503652370766164	0.001	0.07806074270130864	0.10546395686816344	1718.9298466560515
-6835.547132581103	0.07582647305995391	1.5917156442800489	0.03451499030814724	0.008366308091112296	0.06932248030700768	1467.0685213419458
-7915.429998817381	0.005257816048568635	0.7219004965446549	0.0021531217528068724	0.00265986533593147	0.04944588609311746	1715.13496782852
-4667.318818256801	0.21309073224580435	6.677189919916185	0.1645058440187997	0.6741207352104724	0.07772527583865503	764.3177886302645
-9816.614981890589	0.006128011926373437	0.7107538591829545	0.002435715518090075	0.021967460613027175	0.370753351242379	1716.8015345864437
-4025.765797862691	0.12745899654529033	8.086325166862949	0.5832216370511039	2.551358933608412	0.07249634506783989	582.0221559083506
-4042.1468151320305	0.23225098899498353	11.907217015451732	1.0357434337851918	1.3806778323878393	0.07735485781793647	382.16832933377503
-3987.891071011556	0.11479919694772935	8.829006974730254	0.776270609640071	2.9641858208151204	0.06722621047405504	567.6466506902342
-4028.749115475914	0.21118763427278553	11.755727433184386	1.029022720528091	1.5190890645747233	0.0771789294821188	394.5007063594174
-8392.688865590855	0.0025613341371050987	0.2829680752894523	0.001	0.08628612750328123	0.13032891557846166	1754.2928443087694
-4484.351833304298	0.23820069922389808	6.621524714853983	0.26166627624749034	0.7363123333434232	0.08673302119908374	663.1893853928601
-4236.070562419981	0.12317414374257386	4.980763392705079	0.5470944452000394	2.8070309198162557	0.0634049021406143	727.6454420329087
-4071.9238053791687	0.20282180645188796	9.173624037784291	0.801707062210288	1.5080427274287642	0.07815730662619316	460.975651874435
-8076.87363197905	0.002587425804950574	0.4305425621262254	0.001	0.16845803835162185	0.09479853832084838	1729.6035916751553
-4522.515498272485	0.3906159672831735	6.919150706111129	0.8556731026715027	0.9242104638364073	0.06584550891053079	462.669217806917
-4815.240659349252	0.2547996881769814	5.138637680630502	0.22881989757602772	0.5061154436252049	0.10332621621634566	742.341506920651
-4468.735763418373	0.20381598210255544	7.603012801239205	0.20088528929000649	0.9744160884785837	0.07984339796564495	699.5730256410147
-3991.5781639223273	0.12369506265990796	9.243396163352381	0.7749031709840352	2.7771399431843418	0.06880375128322608	544.2425066319738
-4122.882370118874	0.12277055585204334	8.636066470653612	0.36053825043148113	2.7144529313081174	0.08087674222952554	630.8086431145155
-5159.585039375364	0.16960552058228465	5.385129022975683	0.10831890501375285	0.2166274954441315	0.06793339326573758	915.1456819136255
-7999.427341200865	0.003918487084546925	0.7759384741832245	0.0015469761241259196	0.3816023265369643	0.028458062091091016	1709.1101415021374
-9437.752735567608	0.005750449293665455	0.7772025593511309	0.0022884506179078217	0.05890211855439589	0.3380261108303594	1710.6291023774204
-5050.234723608184	0.20776981403888642	4.63025938907506	0.14993541486553114	0.3480814234903812	0.07808747303288313	864.9419768453272
-4345.787354252546	0.15412407733522596	5.465399481325879	0.2701460295984899	1.8421774768769252	0.07788216752312548	746.2705908029919
-9710.572609139243	0.004988778162331781	0.6834409357965473	0.001965863298918305	0.14627029447730763	0.3593636319043951	1717.047121094925
-7988.195300743773	0.0025585987062605926	0.5369458115873195	0.001	0.08945474033012137	0.09017759775173552	1720.020441902081
-4021.4021206303632	0.20192110722508508	12.150079168723355	1.0609849135339615	1.605135500131997	0.07536571690493633	392.7520856350116
-4143.864659954824	0.21875140176325994	8.624822011301266	0.5109770873150385	1.2450323983407963	0.08717204058525713	511.87841613977054
-4012.447544338405	0.1817199649883514	10.369646868050108	1.022458237191061	1.8461266511957948	0.08029284261291525	438.7133100346463
-5579.096162889233	0.19767409864456717	3.142686736090569	0.11275265988841486	0.2627052388211026	0.06673479128463078	1029.6707178153324
-5295.270358773474	0.312241732255082	3.6191148309920917	0.26299515107297033	0.46261234891191344	0.07982618732310515	800.2325887728659
-4013.74279024525	0.1454613281962082	8.57043196589598	1.104229600128542	2.2082127026072347	0.0722635328259799	502.38238480314124
-7636.35193250946	0.04165197762813733	1.2520632718923586	0.019815127861027407	0.26734278468005596	0.18697155800011797	1595.4584923864174
-8223.855265532879	0.0025602270957016	0.5343054559094368	0.001	0.08259000903986456	0.1582264862645292	1720.2082730147474
-8565.437461986097	0.002588239517994088	0.43309766405448547	0.001	0.18650321531197173	0.20477648509476734	1729.3164029201744
-4377.903641222901	0.3887448089673005	9.259112425051699	0.5414650095018227	0.5146424844376309	0.07950668466289094	449.6247515624966
-8373.797936064806	0.0025622608073042623	0.3544104527516929	0.001	1.6568614359068679	0.15584665743952295	1740.2368869142597
-8610.536384878013	0.0026125160327901235	0.4781850092141012	0.0010001477092927008	0.1127184980105329	0.21741148205802838	1724.6236353317718
-4374.225523595167	0.2438862755579479	7.490120954517203	0.31262049816852144	0.7912951220407425	0.08308885205224084	603.2095483
-4993.562308575048	0.2089470434596794	4.753904623824933	0.13568980239276146	0.47412857581547946	0.09107038246380635	881.4970457065917
-4655.649370730019	0.3491639825758796	7.407876198194577	0.37811630421350767	0.3380786757766095	0.07784599353886512	549.1178720157578
-3976.712744283433	0.09108246405388876	6.80771460003007	0.982933895203588	3.793019789629878	0.05978979697969216	691.8358050020751
-8093.334385969598	0.0025560196136240115	0.41878374848712324	0.001	0.5661141259120634	0.050070595217067526	1731.179904890282
-4091.3608778292996	0.2492119835388684	12.773218737929728	0.6835374294768147	1.2555387153282094	0.07742857875597012	402.8432705717836
-4376.560918998811	0.21631289605732545	9.355552245041832	0.24105012072155824	1.0963502027774916	0.07197100831035244	621.8416821377411
-8120.030013896775	0.0025903294225237544	0.47996533610063297	0.001	0.24057088718899525	0.1254461908801903	1724.5839298869153
-8122.538226454491	0.003125615232341819	0.5883591429831783	0.0012224384334303005	0.03055490460570691	0.14135327143291485	1718.9126978360569
-4079.0311781647806	0.2347188383744812	10.440947981781827	0.6740153713794121	1.2866591098368783	0.07835020104429342	440.6107799916267
-4144.858347621648	0.25859765202643414	9.5807291977334	0.5673192291023642	1.0515681998324111	0.08497017154154772	465.77692139623974
-4147.376784507911	0.2631943354589978	9.705699595881974	0.6668347327368882	1.0063693854826359	0.08093591091890945	441.18087822425144
-7811.575257235819	0.008056864191902392	0.8230844112418998	0.003268499159523652	0.1275115250203674	0.07656219534512611	1708.0741551092356
-4124.017623385761	0.175463051761695	7.914673058295248	0.47174970519113646	1.6148047554786333	0.08340617118785884	560.9244128156138
-4754.787193078067	0.23638816223849124	6.198331373309983	0.17472010974458216	0.47216261337736815	0.07871126523447444	758.6674840554032
-7891.540400473312	0.003999575730040296	0.704031284807556	0.0015779637913771716	0.09149431318499626	0.06795505213075814	1713.506976507058
-4039.96344831026	0.13507288427326747	8.277821152042447	0.5612938208887768	2.3127857041233906	0.07563195691454205	567.6509643775394
-4042.2836112120644	0.2094658852035749	14.710335940097774	1.2259931036265528	1.6487225737464062	0.07230068717999837	355.59950010724543
-4945.308269907426	0.1737427533552528	6.386794518874517	0.198934960515507	0.32816698421201645	0.06254211769265627	734.1916678144787
-4060.498122763315	0.10799755011889788	8.437710156806755	0.4430264504950559	3.0764821857104914	0.07110967677732824	629.3257753512263
-3994.4885870514504	0.09692110153991884	7.140234495538072	0.8978830910129112	3.1915113191760884	0.06875134354034723	636.2809725438476
-4778.577084361267	0.34838804622459096	7.128585342073429	0.3271477410955379	0.2565471751608185	0.07307677937436424	581.1532160439901
-4203.525556695429	0.2314091860128556	7.7734403832076255	0.4189324322504305	1.1837220205562111	0.08096579037347887	557.8708432018227
-4041.626120791913	0.12151544639753778	7.0839143488769105	0.6389027993383158	2.6256051591654788	0.07320196258386093	611.0313381752104
-4054.9454810813972	0.17652363391684436	8.857991386511562	0.6217774342405437	1.783604820999329	0.0785829598747551	510.1348779725965
-4127.725396376343	0.11823069226449974	6.0906839800994375	0.6375879356799822	2.4507286226205864	0.07181315413899239	643.6492792046287
-3985.721245942568	0.14759744088497043	10.236701660771393	1.7592899894785883	2.3583418731871726	0.06577765390733516	461.08819580419043
-5150.476138253891	0.12307290964218648	12.673577338135532	1.0738583812435907	3.3609893648730846	0.2616769551421735	505.0649835257204
-3985.5099374538213	0.13618123635847537	10.123637376493868	1.525331250924477	2.5658651003362	0.06499870784592414	484.2637870624477
-3975.7176329236668	0.10021934741254547	7.522370140866269	1.2314915104863107	3.4844008545829426	0.05961833424861128	637.7052353129509
