# /groups/rgutenk/lnt/software/anaconda3/envs/donni/bin/dadi-cli InferDM --fs input_fs/fs_074 --model split_mig --grids 178 196 214 --lbounds 1e-3 1e-3 1e-3 1e-3 0 --ubounds 1.1e2 1.1e2 3 12 0.5 --output inference/fs_074 --cpus 10 --force-convergence --delta-ll .001
# Log(likelihood)	nu1	nu2	T	m	misid	theta
-20570.751549609304	6.327923193528345	4.769412783865014	0.060687278544053855	0.09862995043843964	0.2475542563891041	5199.315952905655
-20454.84890395656	4.974740785123902	7.42780010842226	0.05919881582162276	0.011406693390849583	0.25133882216358105	5218.83206469441
-19904.405033428928	7.198287760624547	6.4089312454366825	0.06892988576702637	0.04119373657785663	0.2510791932667651	4829.707389814062
-20381.38182950072	4.954287023837339	5.5754579842944185	0.06202672778390848	0.42467797747181235	0.21271565133083847	5146.158932151281
-32402.8903049254	1.2217128116173301	1.3925196806704958	0.01850048618352968	0.002881941013645322	0.19695679699720647	8639.245348842764
-26654.028862359854	2.1736381053100144	2.096830771401728	0.030878880451608675	0.001	0.2281376007331847	7418.157182090027
-23755.80038544139	2.3523127010653657	4.985696678994581	0.039000333222545314	0.032017877950754954	0.24479000595256956	6514.936665148808
-21557.536324682853	9.42476700743186	3.715989382329735	0.05621540256420508	0.013038688696899862	0.24352348803022236	5333.534913622606
-19764.287487836864	7.801168503025794	7.2913525090392	0.07251916728332516	0.03422617254213772	0.248458604352405	4653.244706509574
-21388.410943774365	3.5589989992187414	6.90748073712811	0.056203992944713836	0.25089066521968784	0.24818363844028574	5413.551689868357
-21372.4399131856	3.8273186351291693	4.172547043397502	0.056760365055613424	0.3931113365797189	0.2379460042483548	5596.259067104701
-13797.479363574601	6.915603426893554	5.864766562732537	0.1977470380151798	1.358334141902773	0.2503058499609246	3093.0616755161627
-39305.6779877357	0.5260705471322331	1.3802645949811667	0.008677896881479949	0.3400896784494761	0.20032533859081267	9643.618803846726
-9685.057102724413	7.985967797372556	5.69993183117304	0.299959412443439	2.254048132966502	0.23776896405768072	2564.9729942188264
-8934.575547386446	7.423438816754076	9.350172897216146	0.46177652424397464	1.6165966315574456	0.26322799161898525	1973.1362162329383
-20326.38583471537	5.392641398780954	8.70938665181319	0.064748462130059	0.002208950824095945	0.24895635462742827	4946.129276010825
-20656.939851957784	4.915486119150006	5.4024604596444386	0.05897816974532107	0.10245065395667198	0.25122925410908975	5310.766590319487
-7854.915215559607	8.738363873657418	7.297864836277269	0.4390428117262707	2.456639972190987	0.22644959572395051	2053.320078833757
-8862.836951001065	6.215741353840617	5.64215536912551	0.30310847362755095	3.2831227545573225	0.2408474333878706	2703.3430660155723
-7303.997178442411	8.286695908987662	11.003003875622904	0.5642405234209569	2.3750843987198156	0.23668239950820585	1709.9104871407594
-20914.88563172367	4.203247072078567	3.9264244507656674	0.05659625917879766	0.5806885106187077	0.2475253484595211	5576.986150984008
-21482.374157801176	4.636812828348116	3.856015727363039	0.0500450697688727	0.15791063421301696	0.23424786950460597	5796.717962047235
-22452.877189421153	2.8082572433785438	3.873276088131737	0.04870671849296217	0.6226870710370883	0.23394580929641548	6084.457023990847
-20431.01833154848	5.336302700226508	5.417647514951644	0.059106973859526554	0.05043480684161879	0.2532473653010543	5330.145955555265
-7233.630734441161	8.671282037887321	8.875791363670364	0.5317026962724485	3.1071450351184664	0.25033953191006836	1823.526301869175
-8760.47350264395	7.427261492169027	9.458699368728649	0.7842018609253095	1.8081966146884374	0.255015024538386	1616.15687192569
-8255.388011921446	7.053505051948648	9.570980836597329	0.3515897413857848	3.760160562823523	0.24354750318592913	2217.2299259886195
-10703.768752970485	22.96755194356261	6.512515242490665	0.700712298042305	1.8449469588405658	0.2622950083279405	1390.6813139296614
-19953.697458027855	6.197722198685783	7.099085431931724	0.06856213667621462	0.040334438081481364	0.24474050474269507	4861.546083057539
-6653.735524830124	16.170575185362	19.740091626067187	1.120504225008373	1.4147293660240032	0.252874094440157	944.1137289935698
-6850.472669364819	11.358086003448193	10.31881555613492	0.6887616865619705	2.1488298235140175	0.25748231226243057	1485.2672779061875
-20753.224420653558	4.823990421168681	5.821087681719339	0.051769365358849656	0.001	0.2561511140122301	5595.805763650851
-6812.796700643349	11.743753488636834	11.032179771929384	0.6881028155031957	2.470366103062471	0.2493069404320387	1449.5840313992226
-28116.840207978392	1.7786359898290476	2.253938532016938	0.030653663568997222	0.08332773203221737	0.3215220593467191	7499.988028648478
-11718.56688149486	7.246267766620155	4.653635730190297	0.20103456034813585	2.45059082717788	0.2293226236560543	3178.1861965797693
-20643.495467966608	8.02156069783377	4.768976558034889	0.06936754559670925	0.04983571714922167	0.22875215831771067	4879.065458028986
-6687.068864130215	12.194453182208068	12.54256924313463	0.7670219483313697	2.1530396446812246	0.25240586700469214	1331.0034123087194
-20842.19620245856	6.659029115057729	4.221350893085318	0.0594704575876273	0.061274684205507614	0.24584706110382834	5308.872198988759
-20285.609572196576	5.328367552265154	7.270679470343866	0.0632601531061999	0.0016988266218309078	0.24708090060815102	5070.089568445109
-27694.081920366636	1.9952625797614998	1.8373281974321969	0.02993747480783579	0.0592884005634145	0.2436152086335981	7595.555759224257
-20301.524606120587	5.933505634293708	5.32813502023959	0.06169321518112662	0.04862719855175579	0.2480612761177823	5208.257657693752
-21397.14138929356	6.910182030529136	3.6976958226898136	0.053176396478540396	0.00773865874377905	0.25819198707536756	5569.558050341197
-19754.18339444007	6.916819561790614	5.358176643850489	0.09349348580345095	0.4367270453099454	0.2576744608793838	4257.946399507438
-20188.509575298893	7.6156603601922495	5.9201635012486555	0.07081989946699357	0.1436232192720986	0.25643828300561056	4699.652593049485
-6582.665367325677	13.831403209234931	14.148854789862584	0.8644682446527437	1.767158517428607	0.2505176222505165	1191.26680187706
-35250.55509432971	1.6111247601687047	0.7638383395780773	0.01448350907138126	0.027787339794486936	0.20649823362694372	9043.991790286838
-20052.519256667234	3.8755803915715723	6.605900207933232	0.07640549692749046	0.7031036102663575	0.24679976604503825	4803.535624959482
-25427.772263244617	1.8767507398843681	3.202604712111538	0.03670811150464835	0.593257189081917	0.268504175009327	6923.956951557108
-28686.119099648182	1.8087964475101135	1.6173383855147605	0.028260757073069447	0.40385994790156926	0.24256211645246595	7778.352659877501
-44849.7449726798	0.5962226003554325	0.29820786584299425	0.0035797013537972266	0.182102861906433	0.2443013125412376	10372.118467119013
-20994.329216569462	4.127892485650127	5.52540051857487	0.057617073578269104	0.18515038436560333	0.24666136365859462	5401.9613892787775
-21812.913922479554	4.052305009087158	13.986572935831651	0.06672284686142932	0.4159916995506861	0.2604669166361165	4748.76531190282
-6535.441391792417	16.8711630488769	16.640749124850274	1.0546914531253417	1.4893275365115284	0.2506664431385735	1000.6746772590637
-46334.18619826359	0.28175614809694255	0.32398801409470274	0.002254025081504028	0.48492643565803795	0.2461708257257113	10519.649224975847
-7201.956048625914	9.257229551401359	13.575831360967635	0.6835585566806162	2.313224043455456	0.23258511620191621	1464.882172510766
-6743.753520074288	11.474182777030302	11.587938402885797	0.6981749936008459	2.2292881860205562	0.2533189259547452	1431.7767980502001
-28720.197213616073	1.2830651088130287	3.376453619441742	0.02797088319565889	0.13439222899501432	0.22359705111461567	7583.708606177884
-6794.487210769871	11.71509898379915	14.643876555127143	0.8940192201032567	1.836518949548502	0.25139769912619536	1215.0797470017324
-6535.669071209917	16.734392989608804	16.421317799843692	1.04343835996364	1.504757428972716	0.25076417891794706	1010.6939353216064
-6711.706586895914	12.240589047129316	12.2078391889524	0.7227929535882553	2.0059154667493915	0.26284418286802436	1371.585547911887
-6881.956849175582	10.987793895831608	10.295730088410771	0.6850284920697759	2.525441964187347	0.2510276992857788	1501.8492190444986
-9363.199504484217	4.868725788738616	5.391941345703899	0.3083100181731681	3.7762069076584406	0.2632414491369457	2867.3428334823834
-27707.451331962584	2.201121934051162	1.6391187051385085	0.02761036415353372	0.39421170601242106	0.2706887422112202	7673.051648202923
-8194.672024814026	8.210518422322322	5.712986473743769	0.42343590247521173	3.878432186113857	0.2498918127454577	2238.8587772867136
-21591.334596999928	3.2096659334816837	3.9217429046489145	0.05802464796249734	0.7203848643367017	0.2545863763613607	5689.410148178141
-7830.911906578912	10.266447432425903	7.4907772645700685	0.5392899541902861	2.2965256356148465	0.2911954378417399	1813.2293142806197
-6672.700805066473	13.25165215304636	12.975084455725137	0.8115730856997153	1.7191050134968455	0.23935565860363706	1262.952552898898
-20103.37166143382	6.416668708157793	10.52134509652091	0.07662066450925421	0.03915283096020953	0.24745536936028453	4477.654165914718
-7173.502578953202	20.709215095416326	12.844645810607364	0.9032174550965686	1.7730373523590375	0.23880265674613613	1084.9097923056383
-19823.093756501738	7.125708383973583	8.792993099953222	0.07504042058289141	0.03506013079783416	0.2458952763277984	4545.328625908309
-30690.167919973253	1.3373399597384659	1.591881751706515	0.02031276557904739	0.014153873955159943	0.24108848125653146	8408.501209342123
-19915.34413222426	7.533093783183515	6.248093333257891	0.06970132261235693	0.043032093195979323	0.248554916769277	4799.9481570755515
-21042.011638888227	4.892086761741407	4.463939805019537	0.05391212361116202	0.07740729686966782	0.2318503712864557	5599.154734736924
-21837.942925876156	7.292691494370689	3.325505156010799	0.05300587513515512	0.001	0.2491943776817271	5603.297467969921
-39285.08087839051	0.6376688312101447	0.8046042525753995	0.009136155277825268	0.15788815119937702	0.2139712433236256	9781.891047216379
-29344.707215246162	1.8314941286671667	1.4898317846258942	0.0245078330389618	0.14748512546758208	0.22103487215131287	8039.002942574598
-25822.131177326977	2.6986716707181766	2.0324267618448255	0.03089604766738722	0.12487978714923292	0.2322624884531163	7305.505348637629
-7283.351787539828	8.587436735122298	8.410055564167733	0.491890912858782	2.8513318467732884	0.25011086753642997	1908.2529838257637
-7909.045634953464	24.178407816111463	11.672697294906877	0.8875720146227403	1.6010660244921289	0.24409841109445185	1078.4924344813999
-29046.03529919195	1.4966684705756006	1.9350017278506335	0.027767650780346705	0.17111634255901484	0.24264949284482892	7839.207113434385
-6903.454445200406	9.951010853875916	12.186982052953685	0.6865634141792878	2.2840738653226533	0.249903035091899	1474.7949698820494
-22526.563814208002	3.4011933246301207	3.6166639035239734	0.04830869403043037	0.10147870480315992	0.24334957921628705	6091.366059342974
-19992.66679805577	5.957490961613271	7.481761922089198	0.06850951747320964	0.04378925773420588	0.24839051676827817	4856.679182859909
-19175.38025644205	3.6492883906643114	5.2931042641903225	0.08851311726103196	1.1526812582936534	0.2735214532490341	4706.221977986285
-21415.565867864767	3.992007115749976	4.106781948486918	0.05227269339022058	0.3051540792180094	0.25574707891831544	5736.973082621593
-7499.956875866431	8.001532726722365	8.698934342092391	0.523010914907353	3.6431905592769893	0.2501135927849619	1880.6700912643694
-21104.97061302093	4.338829947894882	9.828506672443329	0.06332956306786916	0.01666649021996793	0.25190681956572913	5014.888489266516
-23658.784333514697	2.7037382961543464	3.688326142000183	0.04170640887423714	0.44555619984928996	0.31402849325363436	6409.818064015321
-8709.898972721374	6.727534363434772	8.004425351389601	0.38756722241322045	2.254539328602987	0.2134939464455571	2239.775555448541
-7205.641125423739	9.147824777087207	9.559520733477543	0.5717551592591902	3.2107169134530267	0.24721759142978572	1718.6167902420984
-10462.508511495667	9.036334855716866	6.004157332652101	0.27513099432683674	1.9815519887618724	0.22653559001515963	2561.338895142286
-7955.849283047383	7.7243828082246315	6.280937529041694	0.43389978790524103	3.622479392002947	0.23698679208723356	2200.4334812687825
-6535.440692332126	16.8770667797372	16.649673326156375	1.0553697524687218	1.4883819088532695	0.25069403668459245	1000.1781130377736
-19919.482768957845	6.319518126333959	7.356720606659193	0.06884048585657558	0.04333082317185971	0.24866684376182752	4828.448535792948
-25822.200704216863	3.0970868170342194	1.928367807217493	0.029606528174175646	0.001	0.24723116319243368	7324.028306675646
-20110.944921027527	6.998731135746079	8.920936090276049	0.07823072561236911	0.07669622559870998	0.2479974471822107	4404.123203621453
-20120.316956015107	6.339482013455459	5.7248935830846515	0.0650192002591142	0.046137163034920575	0.24901627967401385	5045.938742798293
-22904.856957184773	3.1849115166179787	3.488122035295171	0.041282137027540224	0.08310307131027679	0.2306086908373168	6444.203927741927
-23271.634892697224	2.5216664873133117	5.87742347445904	0.043353471284372065	0.04123778543634989	0.25940089412662093	6207.4018012429915
-29713.020192903776	1.8304963587112433	1.595916865753668	0.03357314015215692	0.1308164825602119	0.28374441371337467	7587.734250758046
-17288.553805096355	5.670787706064525	7.179123246304734	0.12400230865403282	0.9973808391171223	0.2892110722424844	3742.186056064058
-24159.00548175827	2.7105442191461986	2.947440254123753	0.0377811841200126	0.001	0.2365492720838744	6776.7352378398755
-32882.19284919631	1.1270689823901243	1.3658898548102962	0.017117487704190894	0.27652772549723653	0.20108209068915622	8764.31259560451
-21590.462089076995	3.5414017337629815	4.838385641179942	0.05387876242379443	0.2366857541364363	0.24677385702417362	5667.310397484792
-8196.674222643589	6.682567398258968	10.376110903837894	0.4306361942136231	2.3977264236751314	0.24344799651375654	2029.3866075496273
-9808.542579556033	16.202578878472018	6.932417160288644	0.38010283516923143	2.3740653349921836	0.23824102173477507	1934.2161028349358
-22097.016666019743	3.2060505683581715	5.484892988154583	0.047193486868478726	0.02046101142608242	0.23524029511102829	5968.20271454603
-25402.190661393983	2.3263835458157667	2.7680087072853485	0.026874537922894425	0.5281108671670967	0.2745387561476925	7372.552430005268
-20348.208338007844	5.147208982502711	7.860043375932853	0.06238531574098702	0.02502600057594609	0.2523095766144115	5077.167146964855
-47022.73718026782	0.28017423163223343	0.24597950324022144	0.001967778516313308	0.19518520857734362	0.2393763433783306	10580.270134583972
-10346.892570818356	5.909134734794523	5.840781665409318	0.5691379258139928	2.146883094242709	0.25476440256027044	2183.2727279786523
-7682.395282699921	11.736840162142865	7.343690658095338	0.5232254987549825	2.4016689210159385	0.2513075734146951	1785.8395444287314
-19780.11407918986	8.783422781055139	5.421023889299397	0.08647153003985404	0.420465638001995	0.2480624969097699	4282.970401083139
-21030.205031242156	8.366851867818522	4.1481380642258605	0.060143392342904466	0.150413367617991	0.25415142893037446	5143.7971216153755
-36330.762006637764	1.1847308654584998	0.7518347117623732	0.013789536510325048	0.02350005682698056	0.27043490829679306	9265.787547042155
-36463.55996941842	0.8510288997077268	1.0524435663637148	0.009388600480461865	0.05382250466027906	0.25396291237242746	9492.080592086711
-15711.87174509158	6.9221139321301335	6.904331189254538	0.13970700569080258	1.201580853922087	0.2768554528225649	3478.77484039013
-29747.71053014275	1.5080025656725997	1.8204703791582546	0.02491181885667055	0.029477537145967358	0.30398532884961715	8015.156622790434
-6974.199750876481	9.865790290945146	11.760159583254978	0.7331255962142119	2.4755858481694224	0.24966968634818493	1453.1055548801057
-25538.094394035812	2.478395665513439	2.3849439359265165	0.032464600635108254	0.23733456406020706	0.20229609318570096	7146.003970828057
-8330.58850254966	6.736725456495156	5.728255136357009	0.3945610146074552	4.042675608948202	0.2599574108089879	2405.237347882821
-22467.636193436098	5.336730680591551	2.9596430265056077	0.04784361307910022	0.004466408085023044	0.25991701123858146	5996.19497828068
-22894.49083927479	3.062890630569291	3.8946128529584425	0.04628056124267354	0.0029576820218222962	0.2665464277174749	6203.6653443381865
-20167.76938008535	8.391123686759055	5.445390216478667	0.06534481620100313	0.045904343312955585	0.24457450060690528	4939.078821157008
-20287.037103352384	6.080482691992793	5.293796779062971	0.06245218636322166	0.048017127406426316	0.24798772764554583	5177.1978714108345
-21117.12228976853	4.5683124721893815	4.65188715693551	0.05160828301531587	0.13660598527382514	0.26689942834037467	5658.519280596498
-7161.82389574246	15.628615054995164	19.021230542436808	0.78586500093326	1.5774167711561664	0.25580106406375697	1123.1252400909848
-46619.090022341545	0.2956340220447228	0.2758573912680991	0.0022068321157065786	0.06850567170186177	0.26315849172522243	10551.899390462708
-21967.439304986023	3.8197145210971626	12.59882456562497	0.05919067829442924	0.08486358265208323	0.24563475733284	5101.23628489011
-6539.157977098006	16.966401383371473	17.041010994088698	1.084814464241956	1.430342490508257	0.25048830100584707	981.4858485935846
-25613.11000661073	2.614804916628268	2.3461989648966735	0.04191325332334411	0.20648352144998464	0.206573278897943	6723.218008491335
-13210.010704923116	13.724445680138974	11.376828114779054	0.22828047257639647	1.6821934325739245	0.24693427080064223	2324.9074927711054
-20414.83173198338	5.5106830075782876	8.773227878751682	0.07135384817868225	0.11397258850005242	0.2527219594508758	4670.073326342646
-10746.049496754049	5.044719481337122	9.549808824108288	0.40434406538892853	8.695148378868687	0.2420522743258982	2280.0495332646974
-34327.78028414338	1.0802656030950093	1.056045855188843	0.015572687319810711	0.1527513006990199	0.22531820144639694	9031.627116346208
-8464.906185383083	17.360393749268205	8.921103844739317	0.6498361644740654	3.6100087934992393	0.2562156784131069	1429.8748212987
-7257.555436731801	9.205219645014655	8.35663896596835	0.4988525184108161	3.052146458766114	0.2493138080585684	1869.747020615046
-19982.877397400625	8.712340067776248	6.0793508591937675	0.0711740109481286	0.0420775912015247	0.2438052570923584	4712.6914333856985
-20060.138805105536	9.134456087425292	6.242228860471475	0.07359682489074483	0.001	0.2504622301282455	4619.148605487794
-23029.524414112893	2.840374991261905	3.949467533823928	0.04252410412869499	0.06928134727901897	0.2570622319419314	6384.915850285684
-7493.102395316356	9.894947991891248	8.583586468922825	0.6386751349761189	2.0623192128438093	0.2774432753799106	1658.0695430060437
-18374.457083549343	3.9188758033880466	4.032738401413932	0.06047165262838555	3.9871327409964206	0.3038754193789256	5473.54551893461
-28955.355491614133	2.05892015889095	1.4679997137800975	0.0278932354923038	0.1572486200917574	0.26797252906280394	7805.289962349709
-6663.764629167129	14.051749063339289	12.304332163343922	0.8046189712374966	1.7996419538660204	0.25367031455140837	1265.7376339921136
-18238.531502818852	5.420930177048496	9.575448657194555	0.12023964150338896	0.8170467735614182	0.23007853415439952	3676.9271115181614
-6738.844422890384	12.9441813477968	15.494143786977258	0.7836965374840289	1.884777839760915	0.2515951561207092	1234.1204901012534
-8389.1682072245	6.018214941599857	9.953754711450557	0.3797457817474893	3.157507801812254	0.24281128091117382	2206.0790392773215
-7602.993003365302	12.033018809357099	7.366816899325956	0.6009755043460016	2.9233874525422805	0.2509805979477592	1681.1142285452781
-11674.90636247271	4.068463176109126	6.363753512932355	0.3345867616905137	2.2405536797152954	0.2551214876893001	2792.542871091536
-6794.377057466653	13.64459659933649	10.871447912527778	0.7805627075397267	2.0124709106912584	0.24902972843649607	1331.7732529282123
-7385.860777316231	12.311052711730433	13.730600800550242	0.6254819400624116	2.8628341870203564	0.2526984594313154	1416.491093467298
-31282.89931564301	1.2334542799452937	1.7244419732425746	0.0179308377714475	0.001	0.2893139978898506	8541.416101177001
-21022.19416453305	5.626112455696548	5.647379371366662	0.054234819112868864	0.01234685038738653	0.31007158654641964	5460.653245516416
-7969.895054146069	6.44740348367352	7.5465969220318545	0.4225156590155185	4.021435058077014	0.24999117296734963	2220.805510882089
-46423.7334935074	0.2817863368281452	0.3089800945684763	0.002254236599858888	0.24913269528237433	0.2453383141803461	10534.916190754468
-6535.483203648382	16.820679736277608	16.587348408877105	1.0522957220865834	1.490064724885975	0.250499050608366	1003.2159638117815
-21517.577562726423	4.6670974688953555	3.6531279701328083	0.05247463058340016	0.22977189190452876	0.2508751175365035	5718.88513346683
-6894.704042938224	11.03556436051871	10.488181970066659	0.6041194085545433	2.4968500176238	0.24236929287512782	1570.8535064629689
-9548.865265052405	5.168896304593156	8.226069350135024	0.48070852027011085	2.288912100320694	0.24782231135421642	2186.5448803580307
-45219.82395670164	0.30945324985812833	0.5622578181272675	0.0037133478738420552	0.19025300380700474	0.19710173585438467	10380.416844153115
-8818.268249924085	5.443395239435902	6.920997554679153	0.2869377905592946	3.970506949623054	0.24978504253361586	2717.0531839406317
-8607.791522889345	6.973520660678262	5.7739895307828215	0.3424420539901038	2.95665395382253	0.24638967069323667	2506.494984097297
-7476.409775446814	9.58324256749015	8.711330359388228	0.5266375580941619	3.722867935799585	0.25011759930688465	1795.326020993165
-6535.440763879981	16.87643290303362	16.651545178832464	1.0553710550252737	1.4882111709293946	0.25068916653143536	1000.1584957758645
-6537.42753730454	16.300928731977752	15.966737789376934	1.0125689507152842	1.546478123886662	0.2506343195344242	1037.7549488162445
-21936.42245548169	4.153746415017494	3.0418773339943663	0.05310944575378701	0.5825680155500679	0.23773198401547957	5845.113450618839
-19875.3888518124	7.240281714320763	6.556368450297895	0.07054715395142716	0.04252457798203389	0.2490061940020722	4772.93909099202
-8225.112717005764	7.628501225583816	9.332535015404403	0.7132938644276017	1.9414145444265123	0.2509988094565623	1665.8521583279203
-21614.808046687005	3.473289306504644	6.808302261470844	0.054889884785321676	0.06326028219942569	0.25960979491358477	5545.957391195747
-6558.178080292919	17.762552669966144	17.931233159239405	1.165028257802693	1.31816790936844	0.24785067320445403	929.1135274234837
-20824.761600924216	5.472284445340953	12.827844895140482	0.07119180415631991	0.045673915317623395	0.2476159766290456	4602.154203368954
-6592.575236210148	16.99806526507694	14.560314536661489	0.9784223618140677	1.6246597592741803	0.2533778475684661	1066.3833140295278
-9054.343081503783	9.176701632415778	8.02634638350821	0.6444732508185651	1.4119391727474035	0.24999265905537432	1713.006447361725
-16645.558992174214	8.096866856656586	9.47597597525839	0.19752379813034812	1.3547936888137553	0.40352426334586977	2779.4639697169405
-20913.552895105688	3.611527047474489	8.046144617773837	0.07861402052368438	0.6066108987859834	0.2204256860873128	4696.52267263148
-7276.025698346014	8.343075717415037	8.71721202986163	0.5151989087240763	2.7068499322995776	0.24950363652365354	1871.1198893975093
-21543.751584446865	5.879965766709534	3.5236393982134264	0.05145782152828412	0.06213806392236859	0.25793429363506126	5727.443739827107
-28148.387101092747	1.6879439151253897	1.9754394146738037	0.027573732481537494	0.13121534473122792	0.2387366302487029	7764.937397899436
-7011.6993270851735	9.770912063929291	12.306390866496237	0.6178129043501733	2.301959447423562	0.26424978350788025	1542.4618344034354
-7145.891113230902	8.899078253410815	9.18809569094452	0.5725715688528058	2.5424235431526507	0.2560806724583938	1745.8205833675
-7234.646408604535	13.23444735545625	11.298801105234906	0.5615228314296783	1.8513973245163848	0.24635934461750117	1526.1770285436698
-7142.5495400528325	12.664465766075581	9.48462578183703	0.6231668965758772	2.8197634358802706	0.2460089997548915	1538.1106475417573
-7035.992384265395	9.678479447341003	9.626071842861167	0.5591345552278761	2.4148148252969146	0.24366919545360802	1707.150770392303
-7152.228240002152	9.941492179566714	8.7153589932651	0.5169371417924523	2.762908718706112	0.25226098158803983	1792.3441637754795
-8425.263631235492	13.944974365002267	7.134785442051396	0.4520319268686616	2.4981414218985845	0.23939087972709425	1837.2317861837712
-6540.794321420697	15.95667036752539	15.885208422370509	0.981829380450898	1.5807303577031757	0.25152630066675813	1058.3614827649285
-7169.055065368225	9.213980659948973	9.393933599322462	0.6598454891131911	2.493118494602435	0.2395980360751584	1630.1702630690763
-6944.344541649806	16.123285008143515	11.084575821980387	0.7938757494383268	1.8395714913210208	0.24510583764218308	1262.6836962192588
-7536.328283842273	8.194207677565268	12.122317756958333	0.6868099575381533	3.0842433985195346	0.24494616520390625	1551.7715307685435
-6771.994704420178	11.749602485377046	11.73484292979149	0.6582667036233828	2.265726614286798	0.24885954307070632	1453.8560384023956
-6535.786735100021	17.177830148429297	16.879112434692626	1.0732970766598848	1.4657801985513883	0.2505620126734731	985.2076251237055
-6911.089593718331	10.030897075710083	10.378207996085283	0.6426409951699387	2.316986870811801	0.24918844493939485	1572.2874020353158
-7923.598478600065	7.401706325591759	7.443349892973497	0.49404105801372833	4.276763885579161	0.24597997412925077	2034.3687040877246
