# /groups/rgutenk/lnt/software/anaconda3/envs/donni/bin/dadi-cli InferDM --fs input_fs/fs_064 --model split_mig --grids 178 196 214 --lbounds 1e-3 1e-3 1e-3 1e-3 0 --ubounds 1.1e2 1.1e2 3 12 0.5 --output inference/fs_064 --cpus 10 --force-convergence --delta-ll .001
# Log(likelihood)	nu1	nu2	T	m	misid	theta
-8570.988418745193	0.001	0.26721552289132494	0.001	0.1758944313303637	0.09515642489900102	2883.594050425194
-8241.294246786068	0.004336954777736221	0.7615769304488275	0.004539722968150124	0.10407170967620478	0.23575698251493835	2823.5703213627294
-6437.832762319112	0.052804261032409094	1.8239484794317893	0.07249033308341443	0.17435299978803384	0.1210058094649172	2214.857976433511
-6348.178246516976	0.054716531874371574	2.1213552739437995	0.06440838777505925	0.15860793413787797	0.14899554234183032	2154.673788632147
-8425.796712810961	0.001	0.333789813114724	0.001	0.049417993237780115	0.18319754203977198	2858.5307739715413
-7878.3980241599065	0.015179130365365437	0.8052532169926387	0.017200426019483975	0.14351516380504348	0.10538354386499246	2841.712741671753
-5493.170702226375	0.07862692181541855	4.282076503686133	0.21366904818782528	0.6127766981264133	0.1653404670151956	1398.50099866105
-5558.320313698433	0.09695805676988911	2.3846339011622786	0.19421571589203176	0.5258463190685932	0.16055808903693242	1757.4002028802995
-8715.776965074541	0.001	0.3894902028706465	0.001011999226841222	0.07843762170453876	0.24949841045640225	2844.506249220435
-5070.413986157735	0.09312258557095712	3.6058744338998814	0.32910495310566173	0.8582643543310561	0.14691501253357406	1369.3249146760272
-5687.546580019917	0.07513084199735162	4.100607192503217	0.13693080789444884	0.5833835231504158	0.13015090959311143	1572.5698214888716
-7513.7366937118095	0.015816479613609734	0.9736309543410314	0.018068772427315794	0.17139763039027983	0.15005311873277946	2757.351209253063
-6072.663233275669	0.09219796037352385	1.835753778373222	0.15207299368120455	0.3602359515830042	0.13061093482329608	2003.5530209624274
-4953.681403001738	0.0634279403866327	3.5300064864325997	0.41844522728628347	1.5888602193427548	0.14778577170474458	1396.8841144458856
-5471.174969976661	0.15471285252971406	5.345733014063628	0.38710258412728893	0.36303320647230475	0.12939947001477436	1068.209995392615
-4931.044966556858	0.050655185419472136	3.1563723517615005	0.44930222665268515	1.9520786808198485	0.1414966884961169	1504.9320418813243
-7237.660172333786	0.023146117155967233	1.2338816163998643	0.025945201338913107	0.02834501882632085	0.1681969934507945	2622.944957537095
-7847.105328409565	0.013409374455491443	0.800310146121128	0.014550256367752736	0.05172646335944149	0.12509620817803013	2839.534794541556
-5449.540693942726	0.06776870471246577	2.452307758068957	0.1503134734638704	0.8744986712551219	0.1487219468096931	1842.8611836859359
-5074.944178467146	0.06319315539020498	2.4764910386085504	0.39242396655459316	1.3271004539441364	0.16554061598698436	1644.9758550470365
-5775.116430793795	0.12108446119840836	3.142716836105465	0.22680410147242572	0.1769092831667571	0.1472047941969428	1511.4438228184804
-5810.2857314865305	0.11174119304610118	2.8105746562273826	0.1767481217443874	0.2305497709951785	0.17770355888324366	1658.3021209631136
-8198.820072088742	0.005050702456070776	0.679610011468169	0.005364353864329644	0.05408957162846204	0.21450824882144437	2853.448170726585
-5547.642379204083	0.0731077060039678	2.6322901556835174	0.15704723006863186	0.5540580000193633	0.14888919330256897	1771.9735937102923
-8396.104232754791	0.001	0.3406981880737267	0.001	0.12717637983970453	0.17634243392257262	2856.480348647322
-6108.237324006723	0.07735025140118036	1.9725035058049512	0.11871443546176072	0.25744118735471766	0.1543206677195882	2023.516931717926
-6404.98823850805	0.04666346285855202	2.2990539711873	0.05707261815387749	0.10031695863447579	0.1498310770688786	2155.2342850012433
-6657.952426241523	0.06346650873503355	1.7259660288371568	0.07722915311867844	0.04133006742231857	0.1396435056582387	2219.995181732773
-9724.325133363234	0.001223003437680789	0.4698503484183599	0.0012423621607942205	0.19508967572532848	0.36249004368354176	2837.063494257109
-6109.993547091055	0.0540532693471774	1.9558994800338851	0.0862458705964786	0.3731067054654927	0.15500301268601002	2133.8950520884205
-6808.028678447377	0.04153450090342677	1.7185550272560315	0.04778503369449628	0.001	0.1756531644724195	2347.622565023277
-5958.375908144674	0.10087289094717047	2.59121967275199	0.15343534993697464	0.1645762730111886	0.1395691343498082	1755.618934338489
-5010.4075741569495	0.07502457675792003	3.752001028068729	0.3717070663405461	1.1142615265881288	0.13483914817962375	1342.764238755217
-4927.627129199848	0.14604078928938746	4.368287420069186	0.8181434937091494	0.636884470597093	0.16162722502930246	1015.8306406945158
-6372.267877095524	0.06971097333178616	1.7921886558433338	0.09634699572903685	0.1903714893114005	0.17031148720785408	2143.1494538761817
-5079.4607055919605	0.12139981412379858	3.881186983906428	0.43148508395486923	0.5974642566159131	0.15258796470171115	1228.6526285526932
-4905.496962689114	0.06337199531062392	3.5160469250440034	0.5242384570191528	1.4183087641596304	0.1318531793592808	1345.2779764838306
-10036.123266202412	0.003603541162305468	0.6634309242302037	0.003773063427255517	0.10996085238504986	0.4032328591537433	2842.365089127058
-4929.909499486897	0.08638333845471058	3.536664550902695	0.468803794871064	1.0214713406672395	0.14899182269337796	1312.7371074229043
-6367.0711745295175	0.18519906788882673	5.565004294017465	0.7277829654068743	0.4181483468311431	0.3458753578472759	891.6083846479103
-4817.1801663593105	0.10211190027845118	4.6782259008201805	1.4553858701164675	0.9187867553208664	0.14917304731692377	943.5550856612389
-7687.0918853732	0.018304087807585075	0.8757082947198103	0.02059279552763882	0.11648186273207876	0.15076916563243015	2801.5317868112347
-7429.4918965274555	0.017397030816891153	1.0606684783066536	0.019293700289190408	0.10276452347162832	0.1620240274132522	2716.385283464875
-5550.02743270202	0.1073293328636835	3.2231377122705207	0.19305454559506768	0.35947058606692445	0.1469790298054954	1557.6277196484086
-6073.390345596292	0.07557388822620449	2.921561578242994	0.09582761740311704	0.17532858911682125	0.15930841637171572	1852.4881973233091
-5081.745021215213	0.09748908083202969	3.709949046004654	0.3392213972997377	0.7930554790211907	0.15385284467286536	1338.7560145505536
-5806.92663251873	0.12521086845145998	4.04519969417802	0.20231120308800357	0.21277532577001257	0.18116619880199147	1406.905549001
-7319.917394989233	0.023108440198418772	1.1408698829533979	0.0265222925490091	0.09603775631126103	0.11259995258033564	2659.014367600877
-5331.570943884149	0.08016076542468473	3.113760204186593	0.296563730288771	0.5691636369572844	0.14658445016889832	1483.848344090955
-8446.108359377598	0.002377790501889329	0.4630101454013975	0.0024605999176560917	0.19185408052587993	0.08306400105296627	2878.7016489850325
-4929.805980838159	0.11907342381564709	4.670629411627607	0.6877382232447671	0.7254833835064282	0.14558191296180634	1032.6428559805045
-6263.566435542523	0.06634408577510718	1.9767784859840074	0.20562611760549587	0.4506513722965247	0.23464405867178284	1912.5059334351545
-4882.765724335481	0.09373060269247352	3.896825913053775	0.65729899312143	0.8889638261138207	0.1483940066084754	1169.9574454760584
-5830.336842649367	0.09106652042344071	2.7955735669562656	0.1346887265733039	0.2657207142844631	0.16356152255628	1758.4501263104821
-6391.004162645463	0.09222555687066693	2.368645831269874	0.11781811303200192	0.02730502430577452	0.13892308817599738	1889.9059816346673
-5206.612380916904	0.1434973760378934	3.7641152356646743	0.44703142206912017	0.42908964005156824	0.13989790556410608	1218.242593303478
-6499.674482041066	0.06543728169427802	1.9813302351484712	0.08163383159077243	0.043414217913766005	0.14196493146608638	2120.6882596127048
-4928.586795934559	0.07732159909628196	3.397964296381465	0.44651229674280335	1.1740672703698687	0.15266179492331783	1366.312358394162
-6759.508575645636	0.03524583323610166	1.3039961957578705	0.051510868068050455	0.47414939621866076	0.12027201212777389	2509.896238637206
-8048.682963005209	0.010584797436315314	0.6913946705266396	0.011357001224708023	0.07333894194674634	0.16647435231099725	2888.718382741634
-5221.350016339358	0.11822362228004425	3.195249404359394	0.3575508889935632	0.5197815596961736	0.15140149471859787	1390.5245206451214
-7801.17674542098	0.008256758080177909	0.8365979624547172	0.008827737621886872	0.005641963292370684	0.15697354775320027	2815.4158951993613
-8562.99106009552	0.0014612817031704037	0.5471619918082052	0.0015077617974153979	0.0680733545564281	0.2462173932601047	2830.615016191276
-4828.540220881316	0.10478698800150567	4.894689795835597	1.2866927771356251	0.8740557797858061	0.14905375662500656	927.3470125398002
-4826.987768472276	0.10375535572527059	4.483715917500302	1.149199231428109	0.9053972318869293	0.15516725102088327	993.4747932736205
-5226.3383676859985	0.0922817698453701	3.0943587690861647	0.26326273749817813	0.6747444284258787	0.14458178636638014	1514.3497080683924
-5457.465118377719	0.16430343277819176	3.8626844142496353	0.3663596709121656	0.27383868241747295	0.13360375328425447	1238.9258051192073
-5196.768792104798	0.10446291438824853	3.428601920741056	0.2856624008887347	0.6475824716371984	0.1569483893787819	1419.8775426368995
-7830.695627858013	0.00934189318624003	0.7847491651196279	0.01025098978158116	0.15820721413655542	0.1367276107608825	2839.3447655553946
-5899.227770327147	0.050817510238860844	2.1999396200937085	0.07916980821822431	0.7260833943170452	0.16862305582541076	2094.2460800754234
-7442.350319252057	0.0180109301953818	1.036035387650876	0.02011802106001235	0.09039334667124276	0.14500308213225666	2724.1243291889914
-8524.363762562483	0.004355545943561863	0.6078836846439146	0.004539586928796535	0.15816401943706948	0.25344864683498974	2869.2879812673923
-4973.956352387706	0.056292396124669075	3.0547759103099863	0.3566736519699974	1.6960453898921939	0.14678552061558567	1540.1701219254298
-4937.523535414861	0.15325902492813612	6.034843927321897	1.1198249635564586	0.566128046507851	0.15374822017989734	796.9407109427833
-7126.163287280052	0.027920245505407865	1.3510574352166762	0.031740609544607654	0.03396590707163217	0.10879540847868675	2552.6621533807715
-5962.774337546172	0.10102323781156783	2.8045769243428915	0.16674026029094993	0.1576503713876911	0.11844455225746131	1683.2206241872725
-6823.516009002295	0.04914996698466463	1.610938118873152	0.057765892936517536	0.008505273288442793	0.16428868092892576	2337.17075456971
-5368.985396842568	0.11088125874617125	3.1423192302633676	0.2633797759709442	0.4551581645399604	0.16478438020161995	1483.7296712942766
-4913.217632794275	0.12573292707607445	3.9701966366166164	0.7422124657052049	0.743315789670307	0.1639420775308573	1105.4001601623793
-9660.551071659162	0.005436352155887248	0.7151838301609549	0.005666533292425064	0.10073403617370053	0.3802693068841558	2843.7211528603502
-7716.246532941339	0.010486922239342908	0.8821301286415735	0.011382055523586544	0.13244207451478576	0.16571990193393113	2801.149988790123
-5131.172611532042	0.08964459568583819	3.4776268785614928	0.2753855508856141	1.0648872905247797	0.16604604954768307	1448.8774672340376
-4844.066843625586	0.08852801542398553	3.9499237767331143	0.7868952573816865	1.029987987464486	0.14821804163119603	1146.3354114455433
-4901.864056618459	0.06161425666716511	3.4227119992288206	0.5001395322075932	1.502026035388043	0.14407975303393017	1380.1726483779396
-8312.182441893623	0.001	0.42957186793730917	0.0010399884599652427	0.301550933612459	0.17580712641928997	2837.528220582087
-6840.895095381087	0.04387648605658332	1.681441728357741	0.049134272041385214	0.0019489530148358845	0.1814566703121819	2350.4178594729333
-4982.887338301636	0.07161787475277247	3.7774171054186025	0.38956219327549924	1.285366848672198	0.14703616717065277	1341.2554781557897
-5211.724205909536	0.08837691281165268	3.647394703684226	0.24769123197771167	0.7914251313538516	0.1490118804098533	1439.9602109155326
-5193.3118073109035	0.13656141264452165	5.235387547842958	0.462854550300326	0.6102657419261434	0.14189139206743623	1049.201625595098
-7648.4414757165805	0.018548657228524664	0.8638089412106776	0.020948695944701473	0.31623186417417815	0.15693243224891934	2809.0746758767523
-7697.587379770663	0.009074989391131983	0.886672796322771	0.00981524479323713	0.1649944211388746	0.1444667226702589	2799.599745823961
-7894.0140211046355	0.013932664950601942	0.8846460073608419	0.015340407077801757	0.13469508549510723	0.21947068105553819	2799.3118387338764
-4846.241693645583	0.10776722063063494	4.525349454829222	0.9673854706387143	0.8164502454236134	0.15033570706768018	1001.9372831533356
-5772.332929019797	0.05257068410139034	2.524006843271916	0.09038120422457659	0.6751668000198573	0.15858837787339672	1978.5237168860042
-5815.077001195292	0.10062395729163151	4.0401731295641365	0.1685472935895797	0.23680514591519333	0.15489543796899582	1482.589651089585
-8110.092140078135	0.0011203685583084605	0.7705248244291228	0.0011377731318620904	0.20933017750698357	0.14268567405663127	2799.603956219146
-5838.429131780738	0.07784519679050614	2.2705761312448565	0.15104734164276454	0.46745606652888533	0.20456078798737845	1872.1610740546662
-6979.558702817942	0.030928085167229384	1.2751926402449447	0.03788890442495233	0.26183665577291326	0.12159615556807025	2560.5815870937845
-4852.387285600076	0.1218557690675984	4.730658676813857	1.0820700595280566	0.7164935845297411	0.1534024057624013	943.6688424101228
-4822.862455105695	0.09681257889994685	4.307413071388788	1.138172796237032	0.9481657229956976	0.14958915877186857	1026.4622612267801
-8363.906911148812	0.0012100560773807348	0.45121428768207744	0.001228945638167524	0.08855656168704744	0.09560992158568082	2840.305410297132
-7292.655309463443	0.02051921497803869	1.1222915191108576	0.02356942874134062	0.1955036134128289	0.12132040558922232	2678.3475046255758
-8244.640185098708	0.0022914787244048603	0.5703952156084637	0.0023815084633234417	0.07797877290733325	0.09572913656595125	2845.032102945853
-6401.9872629066185	0.06020526511588626	2.2341867322450493	0.07335199366068991	0.09069480791053902	0.18050634884822991	2086.1954475976995
-6893.731782528898	0.04994604628332279	1.1800468814673153	0.07714884848457242	0.4074247638775223	0.15507096128416684	2512.8712419754124
-5585.111091526191	0.11403190429760071	3.385165603528613	0.19479448712830497	0.32557519709360966	0.15016654505763957	1521.9573841503834
-5572.4153601409125	0.09540222398129886	2.365072492695076	0.2000763148035098	0.49239063579505893	0.15078457435402565	1756.0741312927291
-5854.161546993713	0.08134099011026816	1.9187813066329769	0.16585462908661272	0.49994201071278377	0.13357468431729358	1966.9568328607652
-5707.712976599212	0.08441625169727762	2.0070713011503325	0.2080196903473476	0.5680046876659345	0.15725606055798166	1880.534525939179
-4865.458826597871	0.07351906351566258	3.487688606038706	0.614905564240299	1.2750543095657363	0.14935056374582173	1301.1824812320292
-6306.132944462494	0.06682778269147574	1.9571337659071302	0.08413448730382125	0.21328425677220095	0.1766929763804289	2121.241406003559
-8163.036885753811	0.0035081904693759977	0.559527104780742	0.003683512004266514	0.09222427352009932	0.1646333449165396	2873.222169191044
-4862.524988805151	0.06477654204506292	3.3174061660584395	0.6265814571624682	1.470848354331005	0.144762761621343	1359.682968957662
-7963.43435101416	0.007026395038511795	0.7242853258063765	0.00748687706027239	0.04964698939766834	0.16687583917403653	2852.1865480974657
-6913.877563565827	0.0229122296274583	1.6012760765830802	0.026306530763414222	0.13767702299033774	0.16407607184806675	2511.762766742853
-5021.243281714241	0.0821345840714909	2.956302089449322	0.4644256023421532	0.8963762867627658	0.14923594129126774	1429.4732363898286
-8024.357552946396	0.004649883552309919	0.654380708195007	0.004938787355081437	0.16768380744670122	0.15381129944000582	2858.0722129233322
-9737.425819242186	0.001982605288338941	0.5898360804482826	0.002043315373908493	0.1413569802143997	0.3727671247593945	2834.1572171095427
-4855.68979862184	0.07524434529426925	3.5749164386236454	0.6887743598140241	1.2289163959089915	0.15635850438671234	1260.661562851064
-8247.124056706949	0.0033772052569985478	0.5395781657276837	0.003521297257252382	0.05744136872080804	0.1857857713407505	2877.1905790532282
-8664.1877933232	0.001079627548558577	0.43985795241647013	0.0011093714294746846	0.1321129435526322	0.2481990650883276	2838.154850021465
-5423.878965590437	0.13888112407796732	3.3612117390309164	0.3491984877024579	0.3241064441924826	0.16703554894253636	1345.6962729833722
-6281.346792884675	0.08166893127849445	3.9580282149545147	0.10171027388211559	0.07499963661760604	0.14125827519152118	1683.1529899304676
-5693.599251251622	0.10608777685741888	2.8492559039492593	0.18912165024840266	0.26732112461845464	0.14171916257928552	1635.5082341476073
-4984.101353114418	0.13672142807386062	4.150468958533517	0.6877397500770793	0.5628909247647151	0.14615589483413535	1076.4566781720466
-7386.807846411948	0.02452693214268859	1.0719776364864724	0.027898697407818626	0.046955960733202795	0.13768940450974726	2684.733869597967
-5493.560363688724	0.06329619085216487	3.2801538539988684	0.13063693633321877	0.9120709975738359	0.16284313518470414	1717.4991212375153
-7818.176947986862	0.05881987356418836	3.133538983768103	0.08871681980282281	0.3103931181654908	0.3920477696689016	1860.5373337854428
-6176.784480270556	0.09336990279987456	2.447071647070469	0.13438707323817037	0.09427045995018998	0.13156770523112182	1833.50705297273
-5338.716525910083	0.0857043155827647	3.9366143365206603	0.23427949030356243	0.9399041994314661	0.1947430940984592	1421.3437924355464
-4981.673021386094	0.06544917903470122	2.712256189910129	0.4101593913558636	1.4505828715196338	0.15309712362335587	1572.521568752809
-4823.405970044393	0.070619584306701	3.57566096373903	1.0536971681348117	1.355682434032257	0.14478098310398715	1225.5299284188575
-5859.061903771714	0.05277141507136015	1.886115444099289	0.10686574581015014	0.8627409566099824	0.11423062290945322	2119.523383220973
-5318.588898878328	0.18087273277837107	4.711961398519504	0.4913867606074101	0.3153630391979878	0.14330924890422617	1055.1727060961216
-5059.163477212229	0.053458490107171436	2.5657874040335176	0.29429739903223884	1.742838768601089	0.14831910780379717	1709.824995509418
-8389.39192637926	0.001	0.30931746099155616	0.001	0.04695290360975312	0.13267248134433415	2866.563702584336
-7883.666157936122	0.013370400791496583	0.7718107725982161	0.014823235070468989	0.09867438048634215	0.1304442538383872	2856.356372170824
-9817.070221559621	0.002996109528422629	0.5009025934606445	0.003098989634234443	0.15025517295902321	0.37176755112258375	2882.1546558474606
-5068.23589529296	0.08866186393767532	3.7576245569871833	0.32766725244264333	0.9229839996009471	0.1496687392522214	1352.441322535665
-6238.546766681564	0.08651445525716175	1.89889587836552	0.11691847222532	0.2426657458930065	0.11828646930550939	2042.1983121326268
-4818.748984659664	0.07917668212235213	3.897571346347851	1.138303265706105	1.1987030821355837	0.14526883538019306	1131.4729069699736
-6424.061266741181	0.06620962561062711	1.6376585085052122	0.08918985127489705	0.2509911293355181	0.13333272612056402	2224.9698135069702
-5350.283271232318	0.09073594842975233	2.6863533073024346	0.34470299518260156	0.6209731922083461	0.11654107754984314	1540.828634258274
-4967.801903876449	0.06196156602681375	2.9087075416956005	0.3770039764921888	1.5035485596668452	0.1484433934713271	1544.3660598451236
-5522.175123209373	0.07286702814756911	2.9914337474259622	0.14879400731512465	0.5792978482544405	0.14991595171982103	1711.2533420503953
-4883.75682641711	0.06575854597014023	3.2546094804479457	0.552375188471016	1.3692932324931903	0.14385300096213768	1382.2031469914366
-5119.486774470709	0.08639448730055398	4.415407048777225	0.351737564148555	0.9888860562309455	0.14012990503443276	1249.1296075208654
-8248.253722370833	0.003931216676597234	0.5887699130851984	0.004096721687151209	0.02081554657450101	0.20073841438740578	2869.573788005781
-5977.639373825312	0.06861647684122102	2.641700861331425	0.09785878555935786	0.25255337727916477	0.15417236744821852	1906.4110131667298
-6137.147626279799	0.07513725342528804	3.5757822387220135	0.09925028779501734	0.13384310597307345	0.14547467902500444	1742.920986504355
-8796.32863681477	0.001998016710837811	0.386240826545236	0.0020670576276047604	0.11427610172541984	0.25401498728028354	2894.5981368831613
-4840.372855852524	0.08471406798799319	4.048582183594951	0.8323646791600262	1.0921800077369024	0.15380839212682865	1131.6566390586315
-4947.075536408996	0.07902032666283063	3.904915696035624	0.45834653082053395	1.1469854275353488	0.14184613772839486	1270.8682182287191
-4970.331513389992	0.0733921699316552	3.195439662544624	0.3767787653775361	1.202542624876715	0.1474375300852242	1448.0133131030343
-4836.106709035811	0.0827101590560078	3.9347319660284845	0.830783651850124	1.1319269623723396	0.14811635673229148	1154.9460760847614
-5552.262086708517	0.09567705244053071	3.4151949685271257	0.17820740699593515	0.40234802978787565	0.1407255313594668	1558.7020822949257
-4857.826163098615	0.1070758797853226	4.151857554588407	0.892805759867128	0.7987800469438024	0.15131555169054783	1061.8358784706795
-5902.6691519199085	0.07089961953964453	2.316610770494067	0.11186397821357014	0.3322754999402524	0.14136704224746338	1943.1130950137974
-7806.541700742459	0.008671968822877147	0.8249722249147456	0.009239465915413818	0.05150957233267365	0.15803051432515017	2820.194165225857
-5353.552657874796	0.0585601755779128	2.5328688787564477	0.1532214102505692	1.2048986382871707	0.1539826353732242	1836.460331393359
-8549.95567438796	0.002187760355225932	0.4451907425552606	0.0022560280332721773	0.16374643519601761	0.07364476431218273	2878.5130293189322
-8048.179086961402	0.005669709337750029	0.7070613427470814	0.005996712786995594	0.11233338464297589	0.18998040075993458	2849.0664363609853
-5616.919374202554	0.060043871500287505	3.3279811065481524	0.7948938172318248	1.678833926712675	0.29159655802198464	1357.3839458799566
-8310.979017987636	0.0013262648921339168	0.40280504922609794	0.001358065060246345	0.1368359258295746	0.16495687732696498	2857.4348013925264
-5149.815275856217	0.11219983420515638	3.4369820254637196	0.3270459474012859	0.6425061066452854	0.14720279079667953	1377.3459606809754
-8341.083694002464	0.001	0.3599405789322097	0.001	0.012054142010394606	0.15975945578721926	2851.070174349061
-7906.232190033335	0.00738933387828471	0.7445364967982147	0.007990676347198121	0.15598171407872025	0.1257928214229162	2847.3654001980585
-5168.690315085313	0.11192113429441047	3.6681485102873146	0.32504633983856596	0.6059034827864904	0.14980195390377846	1339.1517312898952
-11173.845883112095	0.0025306685683378	0.520923027729853	0.002568953180132739	0.06637470615706091	0.46814569477849416	2862.1904701784883
-6335.421322778546	0.0627924331659492	2.7669847625933763	0.07897965720425333	0.04489277517918641	0.1524423868787886	1951.4088062161
-5911.175118136154	0.120195766181884	2.8337907930688453	0.18329171256528398	0.162496901410568	0.12459000790945156	1635.355914719581
-8532.73495400215	0.0012782911991316504	0.3681048496044635	0.0012985000476240557	0.002680094467218716	0.21462099850659438	2864.8631968022405
-5013.177276400076	0.08618749617869399	3.481076278723585	0.359943307974656	1.033288383006893	0.1344190156157378	1382.6821728178459
-4911.242835930143	0.08045671162410421	3.351487396767603	0.5500060166292592	1.0210169572723315	0.14282227139120612	1320.1291154652051
-8054.427336969142	0.006091920823632093	0.645391102710092	0.006419599701158273	0.024711149213051814	0.13694624476739728	2876.096320435521
-6199.512519146849	0.04692136994445538	2.517532636020997	0.062258414591418156	0.25139181810417843	0.14716403042590437	2088.901567472671
-6484.246706577763	0.04483147777671104	1.6112156223206693	0.06155521553718465	0.3039146052013802	0.13344469803719278	2335.0596349081475
-5780.8821017521495	0.11461191082609849	2.2264587105958245	0.3748103845845828	0.3944199899086531	0.17283750496023711	1631.874084257262
-8183.881538537245	0.002923582982981034	0.5202581409826205	0.0030358180243843006	0.20813307329536215	0.130018576563707	2873.7394209536888
-4864.244177066528	0.058734330175422324	3.3517570499088296	0.660717413033527	1.7138210059504633	0.14390333825518412	1377.5797351447595
-4991.106056591163	0.04292137162355392	2.5963611517299716	0.3753406518850658	2.3743212987850617	0.14998977023347412	1725.1423793132474
-6863.843781110851	0.03169004091341432	1.5870387445424594	0.03603067907530332	0.03419508851618101	0.14297553944466299	2452.042296747548
-4818.631295250745	0.1076222604476866	4.957295706777452	1.5774564510556386	0.8638453627754051	0.15038623768791137	893.6943402407753
-8656.387800195555	0.0015769333750386056	0.4357710026751529	0.001633369714613719	0.11940625360030818	0.06399666858829119	2859.45754858225
-5910.924979273064	0.10115882600908094	3.221063826898679	0.14889550925251963	0.1606763603135934	0.15255760681059566	1638.7093219326355
-8740.785778454858	0.04214172264722077	4.3070730516400575	0.04964496498246674	0.03316172962214543	0.4134939189916732	1965.7077786097188
-6311.573965941889	0.0798747941760286	2.240353369883086	0.1159847325153653	0.07132629396736102	0.1402654748946999	1940.9660136038333
-5816.27066042938	0.10138403887640904	2.602433694579448	0.16894816316986108	0.2530785652846633	0.12471809516057387	1727.1215769955913
-5343.313335159026	0.07431124258747962	2.476309787366188	0.23316025985926545	0.9758626710594206	0.19316251495826256	1722.6234015162308
-5089.126467233155	0.08839235522178573	2.8285579148820306	0.37826988896420316	0.8575600077691984	0.15038852613934223	1497.0509876697383
-5730.4550749707805	0.058514749238570224	2.94657117324192	0.11929363509847517	0.5031772918929093	0.16468895035946146	1799.5072590817365
-8051.868319703091	0.009244632682851351	0.6762949983216434	0.01021705842956223	0.21410641479135198	0.11477953108269619	2891.976813779088
-5342.098106710838	0.10070413661177896	2.8915484602160664	0.2472422729160561	0.5427196423621669	0.14923774232274273	1563.34416605249
-6564.015451467477	0.05023271683297187	1.2735658918168096	0.09457636802573846	0.6409951870409559	0.14176870656211904	2434.6873038141985
-7356.28390466319	0.01963318487414394	1.0974423898300738	0.022241374649601034	0.08238439572056788	0.14532729642685444	2692.22503086341
-10031.402833994129	0.006204266982252831	0.8156311349339327	0.006563570874418537	0.08159933491768923	0.41653194536295174	2817.434370043891
-5867.4531870039555	0.10668166699428323	2.695083140786764	0.16499867071773341	0.19320718380620344	0.15041944497062865	1706.7139021512583
-9840.1313888753	0.0010503385150067337	0.4582976314938175	0.0010628999858867923	0.125971966906539	0.3707177659548544	2832.7582806492
-4962.640933734593	0.11220487425434188	3.993387166750629	0.5381571329903727	0.7216305305042371	0.14971103764763652	1173.1879869023808
-5701.447077558505	0.0788508331114518	1.905237556517128	0.18173831899343437	0.7153917101798417	0.15533942323726388	1960.9424363250562
-8076.513188560946	0.007207028948162021	0.6457480035751152	0.007705897607974207	0.12885773088330002	0.12196023815814522	2888.2311608578916
-5484.863126585125	0.09160093247441295	3.648924987770015	0.1788934966293118	0.5241496817500352	0.1456185575785308	1527.553106477908
-6447.775899953202	0.0517450231204547	1.9296358534612377	0.0657447310414192	0.12414174841058856	0.1308400264405458	2204.66666489412
-8677.437416874805	0.003692040712167997	0.48190283292031216	0.0039049951595807116	0.19960852337989426	0.06294501451826004	2910.49858881218
-4916.8464615837565	0.06971172692984517	3.513259333605928	0.46833790415325377	1.3069540358818348	0.1535152760762877	1351.4858565789116
-5788.6021463140905	0.16007411703585145	3.2352943806172347	0.20042315460815338	0.3110462127560662	0.15954247839254	1510.298580231211
-8596.764925780446	0.002622538589663209	0.5166720440387507	0.0029321056371864797	0.2782577983467226	0.248648316155247	2873.6103439149674
-8597.152960182928	0.004054780793104737	0.624521405950071	0.00429167390389012	0.15727554575128094	0.2662304404703343	2860.476118319443
-4863.082034545651	0.07083485182286402	3.6414420313146802	0.6346446578528104	1.3108574609939605	0.1453796609190284	1273.5091053810568
-6569.921430775211	0.05237575729115211	2.035999920744982	0.0588528743132792	0.018606729646575074	0.1458844853972469	2199.927576626623
-4862.879805357716	0.06009997426806216	3.342410707317853	0.6369743232850392	1.5948686281938529	0.14223315189011118	1370.0619255189981
-6437.5861730723345	0.05808307948187294	3.7651588550522868	0.33927038287668015	1.4683982467253978	0.35385711544392917	1398.0257168599237
-5367.613679080862	0.11161327405085712	3.3363879317978147	0.25927387910131533	0.4452512068853549	0.16295353835794335	1451.1060513068714
-5207.108383698987	0.12763034176727175	4.516435472516572	0.3774768838444066	0.5618298455557816	0.13690122442007843	1175.7510190347189
-7658.179209153303	0.017226776490525425	0.8685675681799578	0.019791532638290102	0.23699279608158894	0.1332439560281538	2807.3987348732653
-7963.43435101416	0.007026395038511795	0.7242853258063765	0.00748687706027239	0.04964698939766834	0.16687583917403653	2852.1865480974657
-4859.361452902588	0.0653102705896719	3.497770393269946	0.6497418523039155	1.4603724182675868	0.145226183538573	1316.4534203809906
-8502.697855423785	0.001	0.26092577530375033	0.001	0.06088349157005679	0.11414229960031881	2886.535481789062
-4891.519558230862	0.0570400883020902	3.165140857157033	0.5268747281291793	1.705395665335945	0.14467962940823514	1449.4821407186816
-7945.7590653280995	0.006499530128880213	0.7309942874159423	0.006901097904381314	0.11275855873817292	0.16628148827297334	2846.4027317255886
-5276.02182772007	0.0924716073091827	3.834968216618135	0.24371280072914722	0.6922744803724737	0.1381948119567864	1410.2118582483295
-4815.902117432608	0.09818286306167555	4.551434561442918	1.450821012246663	0.9547947626099608	0.1485681867607789	966.1271892641739
-4892.152058636219	0.059167375532312744	3.175627946025147	0.5250816839097504	1.649447865476291	0.14872966166363058	1439.856586941188
-8244.383935899623	0.0012590828716421015	0.479953181808713	0.0012886461608429519	0.004771261456909075	0.16383227574365058	2836.658325696074
-5951.155769508465	0.06302381599696218	2.5243157672756085	0.09492842951108735	0.31231374132834505	0.13675560279595889	1946.9575473784942
-8170.080098795408	0.0025523153772439256	0.5263867202143169	0.002641848191323121	0.07073084087088259	0.14177417378594312	2862.5075546339835
-7256.17990497324	0.017213830093870803	1.194363923956341	0.019160053128034156	0.1756271307955819	0.1514109579346861	2669.4152516939903
-7060.927528906521	0.04223260599260244	1.281304642087555	0.05106143542879324	0.071489267702819	0.1326297838278651	2505.6432865378542
-10721.700230272258	0.007254294005062465	0.6907979959009576	0.007732197172335592	0.06826692629084317	0.45208339664674796	2867.5624251610952
-5176.570881338314	0.10444609814032535	2.590379800478315	0.37972651699837623	0.857802046254073	0.15192784877643054	1545.185221699786
-6066.368079061978	0.07370325829085031	1.808776396057056	0.12945946054010937	0.38562152668221505	0.14573362703114615	2071.481321653276
-4970.20862516183	0.11793874145325112	4.040773186643053	0.5231841338342467	0.7599987031387224	0.16059732451151215	1171.974180592341
-5124.369494973886	0.1184821877170633	3.6013106536760833	0.34318048673176677	0.6826135930684986	0.1545982262443184	1334.9616605618644
-4906.226959031611	0.07551756960069635	3.324700050983298	0.5002426424587391	1.1729421889584146	0.14955410744137634	1359.6653290557947
-5088.827654276629	0.1940242434146393	4.58823561759573	0.6842546731638812	0.5803241973116143	0.14588816031670848	1002.5752600553845
-8628.482114345472	0.0018727623709460272	0.6040060126980121	0.0019242595700112192	0.011421033796918514	0.2626154792124384	2829.176075109076
-6373.984852210642	0.0644162235776736	2.331457497274738	0.08170626816441509	0.047653044881848246	0.14424118677605896	2028.4692777624016
-8236.200280763444	0.0010322644930230405	0.4886344174301536	0.0010610964807750542	0.11152174045026864	0.12770170366051656	2827.754795012791
-6653.766015094386	0.049921510619183526	1.8406568821894225	0.058407639184033903	0.015169534018812767	0.14593503514888748	2258.455374929439
-8534.69328650316	0.0037636995822460896	0.429840545140488	0.003905125453874063	0.10892672413207447	0.20181475883026198	2937.978372119505
-5078.635835564168	0.14179175008710984	3.847739226843537	0.4823928536743844	0.7624991967854274	0.17511946205476842	1205.203959809923
-5018.321116294514	0.07223560108529947	3.389301032613033	0.3215280797666406	1.256533570403393	0.14142341573271316	1449.871362062873
-6303.641360505603	0.052454354306223513	1.6551428800656767	0.08457625665102958	0.39742051892719504	0.16663032707520312	2249.1253302195314
-5507.763988307395	0.07609335461287266	2.7288576577474983	0.15795232488274522	0.5827415562483883	0.14156376645553703	1745.8154663997134
-4831.463947089768	0.10919832116750457	4.705646827720767	1.1638086958538214	0.8343331581792627	0.15128983970787888	954.4393157128949
-5159.188867919856	0.09086068777184894	3.6812945202761833	0.2733195627070459	1.120167898188258	0.16579010196738175	1419.1488732430057
-7794.619324595956	0.010746943352389	0.8288187827819633	0.011449346348576682	0.001147112366399628	0.14977089265340338	2821.5930304071
-6416.8109029333045	0.03211098175302345	2.07421899598851	0.040749094453021634	0.37990090597496845	0.1358355213492842	2308.9128255160363
-5209.632496790219	0.09859532018601122	3.2749807384940173	0.286778761887986	0.7842185136623989	0.1880778012862194	1455.9914460638026
-6332.423862128306	0.05413007182217039	2.5491789727860277	0.06668103273249312	0.0910445422138665	0.15734340994720517	2052.74813975646
-8314.032187329314	0.001	0.3758241696169466	0.001	0.10137837096531906	0.13308626086793196	2847.0466865982694
-4937.146646498371	0.11108668971550589	4.676188325311717	0.7966429129935698	0.668622644149946	0.17258394622113896	1002.8460281553893
-5060.7646611561595	0.08571708515905314	3.256820497388896	0.32289688586324994	0.9151247426285488	0.15058577475818388	1444.9934957799303
-7299.095664893335	0.025031976990086188	1.1119693981183756	0.028755789783916172	0.10576928817414	0.15467867969687948	2663.8265908157523
-4821.363004060218	0.0805855416597562	3.9169637660375134	1.04139154532586	1.1728971700396917	0.14566449413135446	1133.9483777685496
-5028.467376161195	0.08903499960585742	3.68183311540078	0.351503459014981	0.9749471383970426	0.14572831251096063	1349.1821423847698
-10819.011006391927	0.0011831019259061707	0.43659662384157233	0.0012292112893848351	0.23829880881191123	0.44095939114960303	2843.7287800420067
-5448.762495958802	0.08046586101293526	2.5777241798783384	0.1735481845760706	0.6635270992464066	0.152911147310579	1753.7522365769585
-4873.17401055238	0.1035852240946662	4.416239559209041	0.7591799335825586	0.861654927728861	0.1477033224677137	1062.8760184344837
-7995.994669060947	0.01992597868019556	1.0157119802623231	0.02384560444097368	0.3644775901209595	0.2802074817194988	2727.470778019942
-5384.319986613209	0.05990889473621071	2.6299269321624617	0.15096958225837254	1.0244115697314302	0.14562186288616177	1809.5141411982536
-4896.507846359807	0.08445492478756991	3.8238751840057454	0.5469426231424231	1.1250902222792785	0.14983899427191572	1241.943233590875
-4957.009824989295	0.08092923700304325	2.9259716038209156	0.6876025932892824	1.0341750208630864	0.14068590619244384	1376.2718670896752
-8267.704870479833	0.0027527300671206442	0.5269240663373129	0.0028804561667580804	0.34372345947654936	0.19320777325962146	2868.164273681751
-7746.1432662076995	0.01389511199617559	0.8306577759182561	0.015686701223450745	0.18697959069905237	0.1517209537393888	2826.7335479531343
-7717.782009970607	0.011638665982541489	0.859661228905752	0.012769299382911138	0.13271706656331195	0.13307675775577743	2810.6473829997744
-4835.309289041805	0.11969542118558292	4.806267988311958	1.2936233869810414	0.7459766140820545	0.15110537445062533	913.3733847295125
-6830.396445324244	0.04186777875881041	1.49116422500934	0.050736491519154575	0.07150231713077998	0.14402407057254096	2415.436964976863
-8274.067100314733	0.002270318374590027	0.4632531041828679	0.0023503262684566864	0.2122282255829005	0.1706153990802634	2875.2394253370103
-5046.01299645516	0.11876119652829809	4.268138304281015	0.45817640490519923	0.6696514653087827	0.1450013051887914	1166.3357462226083
-6564.207052210411	0.04818016109622929	1.7656098609867545	0.05742709134766318	0.11856191904362624	0.1464498230202839	2288.3500908734563
-5133.982326438256	0.07520919884283028	2.884758589039447	0.2421104950395812	1.1870469752682935	0.14917486937649904	1616.3942029295301
-5079.147424990491	0.07915226105402358	4.496538791478763	0.3980471065828542	1.1950737958138007	0.14987041506723506	1225.4122778256205
-6296.946662253747	0.052422727609420176	2.3954238879289784	0.06818354592565935	0.12690630364637737	0.15413612875610944	2079.186830885104
-8542.541493721417	0.004788011798017695	0.6274007621103884	0.005064936553295144	0.0984165438213883	0.2585231486711482	2868.966508873077
-4868.331727249866	0.07318408792491317	3.434207669925227	0.6097257917293072	1.2563504028370613	0.14271435159379342	1311.5243745954372
-5981.896197788024	0.06907530927721445	2.468217458134684	0.10052715295530402	0.2585909025677558	0.14077403154350326	1936.0705752318559
-9847.010118662736	0.0013317396590353668	0.37894627701337935	0.00135768810814215	0.08832074262114621	0.36543038148437523	2864.466567365416
-5222.100170283408	0.13682106155172588	3.6595005285793802	0.3933417689795141	0.4429473705223595	0.14862854646875015	1270.3825814697175
-5124.581885650511	0.05972639068881471	3.3166655388382216	0.23489597530204148	1.5080336883576835	0.14125892508207383	1564.9366183919071
-4954.871772274796	0.12953174090251812	4.909494876816916	0.7066396247502373	0.6556525874058748	0.14978820707651067	991.8937970319222
-4829.745243657261	0.09226756492836123	4.01973445615828	0.9551949401466899	1.0255454888634004	0.15233744668620655	1103.078310950424
-4825.464908705309	0.07022822822224624	3.577492435064552	0.9790148542650561	1.3635042373439623	0.14342091012200323	1234.0522199566449
