# /groups/rgutenk/lnt/software/anaconda3/envs/donni/bin/dadi-cli InferDM --fs input_fs/fs_016 --model split_mig --grids 178 196 214 --lbounds 1e-3 1e-3 1e-3 1e-3 0 --ubounds 1.1e2 1.1e2 3 12 0.5 --output inference/fs_016 --cpus 10 --force-convergence --delta-ll .001
# Log(likelihood)	nu1	nu2	T	m	misid	theta
-7376.89301920839	0.0033160911455410286	0.3664172343564582	0.001	0.0010199481391859992	0.2908846715941331	1420.0912346642417
-7192.874479892558	0.003312772646045773	0.4427548545038037	0.001	0.05633116236173631	0.20632119317838243	1412.2522459741622
-7105.969469486039	0.003375094820433274	0.6610943446871026	0.001009491140438444	0.11168975086044816	0.17458616202407606	1399.3429881314737
-7038.1857528561	0.008899155412867461	0.7510614823539842	0.002753387333558962	0.044333496454336804	0.19701403621138444	1399.6305968218712
-4126.215758657533	0.34412945862336775	8.371459298543419	0.252143445185575	0.6606084505297699	0.22371319280388524	496.1417025143899
-7040.13669708377	0.0069535646650327985	0.7456517455496938	0.0021280644468379337	0.12931589450744427	0.22579905682354792	1398.8758416101682
-5338.820319539294	0.24909258224734881	2.8831767407941835	0.1138340046164326	0.1266783977499863	0.25080639437281277	846.5021148792058
-5517.1606695611135	0.21761049746533986	2.3552688618363877	0.11768548364526356	0.339717701126463	0.2618229288827485	902.9091711633267
-5452.625658759903	0.10318489683018371	2.364481403609831	0.04677263147176724	0.7084286508477956	0.2150779520069623	1074.3177415350358
-3833.898544014351	0.16855140199511348	9.145253972275363	0.4569224015139595	2.475825040449711	0.2231002843829524	463.8634891060607
-7063.608252668733	0.006602501379616908	0.717051558095666	0.0020428752471165277	0.1393847839768535	0.23557180744050332	1400.7039302464775
-8088.138381215237	0.003310814262327157	0.4775577168202444	0.001	0.16546591945490843	0.4590838770280384	1409.4799667608668
-7050.301038566982	0.004252903333220375	0.7263911321558916	0.0013055809415640645	0.22294924646184697	0.2091401790061565	1398.1029267422223
-4069.999504516363	0.32376530050432	8.26708292755538	0.2776235041026963	0.8255589790134054	0.1934173571932929	486.9194500813039
-4143.729256867828	0.2346357270717167	5.668473272081575	0.22502837209337725	1.386185906231435	0.21151131855789002	605.550432735575
-4704.204186911642	0.1431620625663197	2.99377606851082	0.1700044880009808	2.2654679066157994	0.1706509140741983	831.5039147379005
-3977.081005920393	0.3543981863114144	9.571621779837441	0.35447597891262456	0.8814474870326089	0.21672195084868065	426.68490132521373
-3897.5756468037525	0.28966365610033495	9.540572210509144	0.3962595362767408	1.2742335784779824	0.2092701434317673	425.9216039761448
-4629.210003014865	0.1712417021658351	4.8014199994852795	0.07891790467713185	1.1929550450751487	0.22760684198618886	837.969594993349
-5195.530106663658	0.19248623419589989	3.2948205127146233	0.0648687853964971	0.09307693410131002	0.2045371152041338	926.1480463654157
-3822.523058504521	0.3503596493815071	22.74371636665179	2.636674792185835	1.4391333954975882	0.20565783394139533	201.2865284394904
-3814.6567741761028	0.30437152163134007	13.219445971554014	0.7876667685542118	1.4716760022942899	0.21205377518567678	314.9109322411898
-7693.780714920119	0.010814862902943591	0.7986587449568484	0.0033501082432327053	0.0553537061387991	0.4235945380488539	1396.255585516284
-3806.4035101429836	0.220379341145597	11.110954274422397	0.5930287388908851	2.06205161888918	0.21487231697868844	388.8874677018029
-4170.209432544396	0.17453541584535545	4.624718994613032	0.3640645713997479	2.3290950234989385	0.2212803628698771	616.87507488138
-5113.167618986662	0.19671420638319706	3.3097979503911654	0.08539257329412475	0.15016837575645056	0.20556662034094628	877.4555998449158
-8401.510567033614	0.0033101326000150675	0.3400994271515521	0.001	0.058974181994069744	0.48448764422658713	1423.5927103141064
-3843.0537950324388	0.2603086199192053	10.070899860558686	0.47205719081488906	1.6290560656960713	0.2137468242582567	408.42661222474516
-3813.448358693026	0.32278962886907625	15.089381561470756	1.1243906843336786	1.4408997669123291	0.21647743957949017	273.027122898893
-7117.540769354685	0.0033082641690104766	0.5653296228346816	0.001	0.10165488883563857	0.20682443741150824	1403.89535914627
-3802.551628083301	0.1806821304545244	9.734541775117096	0.5944231580902378	2.5659004748507104	0.2124274940586992	430.8170499803837
-4410.2379008370735	0.28561541911223765	4.864051700298881	0.2025184417485668	0.7449277480924316	0.22014584321966124	635.7361951634125
-3807.145359172852	0.19855118268989633	10.262335117871457	0.5633575462014901	2.27743379334662	0.21196599547366987	414.87496194261183
-7178.484287403634	0.003698466210676114	0.6312789338754712	0.0011068186782074252	0.20233317570193676	0.14887628562722655	1401.2317859384739
-3807.067061505551	0.23562976435600053	12.548565178425958	0.6589652314249222	1.966791012955555	0.21428223749150938	358.7455227281463
-3851.9059993237656	0.17743843088430833	7.751156171536639	0.49898303845607594	2.522951213645378	0.21318793514738243	482.6429345823062
-4125.653323317222	0.36957629821339155	7.957893018812745	0.2987303569519225	0.6347708335387097	0.21412393460169948	474.0667724070416
-3833.578856632267	0.28924566564442694	10.930045012654919	0.7952971775700874	1.4833686825647814	0.2143958837594083	340.24922227340187
-3794.104979490802	0.24088969075467978	13.560045885137665	1.1236769323961064	1.991684705503969	0.21012662077073008	314.8467505525833
-5741.426013060927	0.2258812973193405	4.466269445374868	0.10887878402683118	0.35830591582384147	0.4746781305309068	769.7344238267175
-6259.633364587671	0.07449588595570841	1.4793528803598603	0.03051351331623078	0.25881422956727973	0.25933738555505587	1227.2133843797947
-7147.082218041182	0.003309131312754528	0.5526426375696928	0.001	0.17217628063017418	0.1775337753313015	1404.6036880528795
-7490.878525630441	0.011279438710204669	0.8279023588872336	0.0036624679568343275	0.12344524815929225	0.3912401004567178	1394.6457904344272
-5350.547724319559	0.2750878825236346	2.824523314748602	0.10424238465528164	0.16266125323134686	0.17729192872660918	857.7742530504861
-7293.105468360175	0.0032757645439298023	0.3432433624970675	0.001	0.1421092870701823	0.20418452712158858	1423.302639879548
-3812.8230442638655	0.2671234046610134	11.424413491258097	0.8562686156291869	1.694926929865946	0.20571546614876457	338.15028854742496
-3948.7141955726174	0.12041173419930401	5.389209024127282	0.6122497201383589	3.5370868589102904	0.21135779306985447	598.5301345664358
-3841.3385970846844	0.3046151443553105	10.781601917721717	0.6547979385131	1.4852264460840128	0.19621902227068982	356.93108627425187
-5942.679924612534	0.09898786204529206	1.9128526807896225	0.03576749958892582	0.1694578829035159	0.28081154203993275	1147.71852972681
-3826.5282915021326	0.25688661898889137	10.852059015400414	0.5235761320287989	1.6903133210005796	0.2140878111311239	388.75094955933514
-6109.863912739618	0.10826003526664346	1.6411414135647062	0.04606073512628594	0.18246205494283235	0.2686078731440429	1150.9936127663461
-3902.6098963528825	0.4256344637504852	13.344698937430868	0.615219255885002	0.8424450461294793	0.22058593705863447	310.76407724930675
-4224.16488472634	0.3363461747163785	6.682675945714554	0.26090578060789255	0.6192975552435096	0.22315442711033376	527.1327054859074
-4437.534858919882	0.5874356117936657	6.9269778442082055	0.32543414120778746	0.3928841303018549	0.17385574851953664	461.01615201783625
-4056.933079871097	0.4073207157178571	10.152407684850548	0.3752217513497615	0.6117569906268499	0.1948184147326237	401.85039154337784
-7058.583236441833	0.008425107362642572	0.717719907423539	0.0026049023288537455	0.1837340265129292	0.22276454074839283	1402.048115506839
-4887.354339601872	0.30627179255133424	3.8242186701444916	0.2526227702918191	0.4082112362652308	0.20943536042322042	648.1867171101185
-3794.2999195197585	0.22016663886342538	11.437617947342256	0.7706508361793276	2.113813589164951	0.21466424428520745	366.0809647277656
-3823.1857293295075	0.13938862852836903	8.001464367619157	0.5127975817557355	3.297272650490047	0.2141912398625488	509.4399968873092
-4191.971447399751	0.4441358468478789	8.701307277944927	0.41127695013079885	0.44315356964149794	0.22245957260464744	406.0635828251981
-7023.8166743833435	0.008340640998052765	0.7690167172366801	0.0025803225256173855	0.013298409435179731	0.2198202159448073	1398.0689752770927
-3838.9575478415154	0.2652431835172594	12.28379703189889	0.5083769540920619	1.5877779465774366	0.2157500959091657	371.89634353131913
-3818.349054846641	0.3046314919439764	13.24801283469249	0.7320673525631916	1.4452334243453946	0.21610602660565414	319.86465110578615
-3839.3923467619593	0.17379918901724623	8.036134853492799	0.509305705045147	2.5729886719545796	0.21189161350344551	476.8100937638256
-7178.54152936195	0.003310910059805246	0.4617293067316641	0.001	0.10996672403829955	0.21486139311933572	1410.6938733866
-3832.246742992316	0.35328225232593163	14.39203064514232	0.7897005478788399	1.2397198702517593	0.21701434207950923	294.07889828803144
-7133.508160397701	0.004485665585441657	0.7000124017686677	0.0013574464603601654	0.08327444846938312	0.27464243020422213	1399.2550431161446
-7874.832202047979	0.0033043128063903887	0.48873128213983735	0.001	0.09839507834705431	0.42743295990057484	1408.6807045766363
-7250.0223890807365	0.003314950412182321	0.37957849883796746	0.001	0.21886189133666714	0.2153072170268301	1418.5550790131504
-3803.616226340153	0.23849459377476737	13.180153392896926	0.8187359945607146	1.93038690843645	0.22649378612974982	334.61848261916265
-3805.403023636693	0.19326463582114353	10.236738880802514	1.0819435002413642	2.2738396478730807	0.2150363070323506	374.11496452550733
-5093.658966794723	0.2869454198905615	3.0095136497717587	0.16066575079752743	0.45067689852230547	0.22699782495035667	776.6416468148848
-3803.2091042475563	0.2098746643483496	11.364102209481052	0.612364960222104	2.2112337111167424	0.21181293114283822	389.27182456978454
-4106.501852514409	0.4983853307831487	15.290224201597432	0.3740082682289589	0.5691721081601897	0.21678618146071713	347.7479971507647
-7227.723745331946	0.004073250990382242	0.6367416937152912	0.0012318375757901722	0.10596519038787834	0.13501743597706772	1401.8290550978102
-5513.562170021445	0.23185195364516098	2.489680181770316	0.1014556754670819	0.11434774748195319	0.20678471542484664	903.5612581536308
-3814.5243827294157	0.24482721642172353	11.61122175974942	0.5690127888842597	1.8593782194072357	0.21374351721863183	377.4805252091741
-3806.1819274571913	0.2834703433107637	14.309048361839247	0.9625649660041621	1.6211845568009637	0.2157683951144162	298.3219649581015
-6997.895942323869	0.012717559806987067	0.8308240974469265	0.0039863358496985595	0.3524718812532889	0.1786819119967969	1393.6715533961142
-4438.26384444653	0.23161002399690905	4.380509182949578	0.21181068078682214	1.449847491897482	0.14983339332222642	669.3305683754916
-3800.47797139534	0.1756501710048063	10.469117369525538	0.6412815785971907	2.553854217040953	0.22337127569670373	414.8705472176919
-3802.1601407725007	0.19740844523338905	10.18099631886992	0.613081122688903	2.3179251377872223	0.21385214818402656	410.3232173379283
-4018.6437415757273	0.3808567980916048	8.467360315742685	0.3602726846803733	0.9088967691175485	0.19148034825776278	440.29162336956324
-6863.608263809155	0.026075369317253856	0.9529864292211667	0.008629281941061955	0.03506253106723158	0.21193162615665798	1373.068895469819
-3844.239763787237	0.29443792192994334	10.988273954194531	0.8770772923298562	1.426063392906233	0.21746341622537266	329.76309417373943
-7045.273847764978	0.010952146011095471	0.781108734283342	0.0034304356667085134	0.06173956069591463	0.17394042533030296	1397.977531321758
-3901.6108010927346	0.3549055950896704	10.936423364176017	0.4303790379719334	1.0712758127780007	0.22114829561977767	386.01506873677687
-7235.931871965522	0.0033062543400378666	0.549640905215648	0.001	0.11901008880359282	0.2903716740984229	1404.778946815427
-7292.894683023227	0.0033153959568815727	0.34310453950663694	0.001	0.37904900618880644	0.20350423697219647	1423.1855145647075
-3807.35642404992	0.17942672045616834	9.147990813291232	0.8828552389608983	2.549219149183625	0.20802653742568653	415.4304189908864
-6377.18491741991	0.08112139596238412	1.4240816353356751	0.02879511849997333	0.22941782559279936	0.28760473428517697	1234.325706340743
-3791.342020612614	0.15574632239105798	9.58105511638009	0.7208096297195905	3.0424449864106853	0.20865751047650938	443.72474907979
-7947.018244674623	0.004375407689380151	0.6760006718941288	0.001322091168320249	0.11532291322614972	0.4525274791181657	1400.2731139939028
-7300.744858255788	0.003276264505101931	0.33681391432789637	0.001	0.13886809363253144	0.20987411203293915	1424.2099566042036
-7194.449397260253	0.0032730074531651956	0.4405330342397434	0.001	0.4447034122057018	0.20430206972203105	1412.6465821574036
-8047.712805122129	0.003308708996104513	0.5691703120602308	0.001	0.03654222395679547	0.4606865623075473	1403.6789495633589
-4730.615245293971	0.2843283979291062	5.273868016889025	0.13630191653742235	0.11845846607404355	0.20847172614587217	684.7077477660895
-4887.3472757570835	0.2379704260102331	4.348782114557233	0.10374789338867338	0.10686324275663389	0.22515877249184366	779.4582126257106
-4001.173546755787	0.20481918842744765	6.347546900691144	0.2676548806241797	2.0729333506647882	0.20935801999988712	574.9538214616958
-3853.264770670465	0.33296621828230416	11.495369932707574	0.5616609376769912	1.319648960715162	0.23535986249968383	356.3336581654664
-3957.2932371773304	0.3733288207526399	9.275042723806955	0.4672282051599037	0.9139112320570422	0.21691116222062937	394.1893237737223
-3886.926893997357	0.3282898444804935	10.718293868135609	0.4443760212011827	1.1431899311240052	0.2167569610011965	388.61256242634437
-4561.90144390747	0.29529505353490676	4.736882418316895	0.1815554105731815	0.4528847182726522	0.2159919916725677	654.6457626077738
-5238.639515108998	0.234153049727931	2.9741100700956955	0.10274596602017955	0.1491619931729353	0.22352060933902101	859.4797453499117
-3798.574666927611	0.22007044423939476	12.044642046510244	0.7276702149185819	2.030967428401318	0.21217065710893848	360.4568383789418
-4294.107497133244	0.3138333557866569	6.284587763530044	0.24738454060276008	0.5591793251577155	0.22353970098400175	548.4797352338504
-3894.3482466964056	0.29744108268475605	9.344099114585573	0.4014184264081635	1.3168459005022526	0.2118898523175697	427.2786036080923
-7851.5160939524985	0.013218760574020088	0.8447406328327793	0.004141730959587295	0.03315644366341539	0.4536959471349707	1392.166187836449
-3864.930812377635	0.25054737756511974	10.768633293956183	0.390857405581322	1.6502592101566014	0.21577249026669043	423.32167729220413
-3826.623141785558	0.285240824577155	12.503878985157183	0.5810557252869977	1.542035795820385	0.21457957836417252	352.59714844667025
-6543.3102524020605	0.06577162764185156	1.2130218908130384	0.021191015977461043	0.12334168878494114	0.2112867947288006	1290.5187636281928
-3853.257795175624	0.3578329162342599	12.043612992713333	0.6872005288438918	1.136032968898579	0.21690924422061947	323.9408528264252
-7266.55754610178	0.0033164037081425814	0.3643647367102395	0.001	0.10905373421550284	0.2111031315174294	1420.356121444526
-7114.305162253727	0.003344972661705136	0.5919851474470283	0.001	0.040659711351878534	0.2326268187990568	1402.3676520464132
-3829.4273100459777	0.32282771174131647	15.283522579034678	0.8070685423572399	1.3734868969367529	0.21778825612056604	292.0311653636457
-3931.2607577848703	0.16748751956401492	6.981394831286581	0.3468189861564268	2.233319981243528	0.21169556218887237	534.8521437843011
-4161.886963727164	0.30261636941403924	8.830944280009382	0.3196963609988548	0.5738396865976261	0.1962134631593816	453.680751273344
-3961.141014071248	0.3270983695391966	8.937888577763497	0.3557171604358448	1.0160110247954752	0.21254559264943237	441.0887759247214
-3800.571871248106	0.19134396001344425	10.038663370846908	0.6300033449423471	2.3952404205302087	0.20948749409009743	413.96465048353423
-3840.4536364697556	0.25475578791183784	10.418883224593376	0.46235339654222685	1.6697364219686235	0.21521748458826667	407.6372217253612
-7032.3449853104785	0.007600528917327042	0.7528073325614456	0.0023523002688865076	0.20548603031122353	0.21876880273553587	1398.966363539625
-3799.7398029867004	0.24902580115254205	12.583179540538579	0.8297178631004232	1.8644087911177292	0.20424282173364838	335.8233634672918
-3790.567619761248	0.1916758768411837	11.037639739712636	0.7688052902790508	2.4485151155155824	0.212737592533102	387.98334143051244
-3809.4609531884516	0.10403688316913474	7.949169793694577	0.5709014289132813	4.57597378939585	0.20536065139649348	566.540651974326
-3897.2094857597194	0.19224297823496947	7.0582417233209735	0.442575330501833	2.4046160844717503	0.22082510543436631	504.2909352016484
-4179.894602820753	0.29293328270133123	6.2484947037252985	0.2509673127612383	0.8612117609792982	0.22164701508524937	553.773490246998
-4345.070394328452	0.42609530420426545	7.521365770485013	0.25231577602370125	0.31320009275265553	0.21088864705563665	500.0595927643649
-3788.072089859238	0.20063946732091975	11.660116191669237	0.9363174416105567	2.375288994300121	0.2108615063068611	364.82853973715635
-7265.959022888486	0.0033158563649808783	0.36508926081784465	0.001	0.19734148483604916	0.2060644511138353	1420.2786315764952
-7241.549037505549	0.003313328142009702	0.3895313773958618	0.001	0.48700743113239225	0.19901250297020256	1417.4744814022206
-3788.700248236755	0.15263413346549948	9.393356102090783	0.8668722898780655	3.0961994930894976	0.20782906515711566	441.7625951800089
-6231.80726626293	0.0882586446217313	1.5054225174757008	0.029235122802346872	0.04377764759257964	0.19564670578423865	1217.4082035652557
-4060.4522090351306	0.29112925390760697	7.262512165955199	0.26049577789813866	1.04352993779724	0.21088712710933574	524.5705763813253
-3793.9005646038936	0.22909198228296798	12.769627784733837	0.8939874281763017	2.0650102321825803	0.2106510121857792	338.9810231004669
-7267.809076916143	0.003275020348253956	0.3680983248548336	0.001	0.24172689367212744	0.19408157710980437	1420.0800747995922
-4098.143405437016	0.2679190840805387	6.4459523004182735	0.7979095466250389	1.5702558118089363	0.22904296658642812	431.75521273868554
-3854.077686168469	0.31548888543315856	11.183955840067593	0.524348540139626	1.2701889272965243	0.21578090921189116	367.7365111498578
-3959.354070713905	0.1817764635902796	6.62067580631477	0.31447955632767277	2.309649229663722	0.19241014273038623	555.1960827705386
-7067.894361507989	0.004599565411142247	0.708633383017366	0.0014069763456209428	0.13780832514950336	0.18738442574674896	1399.1587914580261
-3789.593255682237	0.20557064318237506	11.720356072213733	0.8759765985463964	2.2843195189116643	0.21133580469296817	363.31982323993367
-3791.8128852119225	0.2313454724887699	13.523106592571734	1.4216035413220829	2.0856806225762328	0.21092327802246674	311.024861342355
-6914.557721275392	0.017147603270238457	0.9021863215465682	0.005502669662939349	0.22922379203533072	0.21129621897287712	1385.3687342515423
-4240.912843594719	0.5402590210583893	8.172413161397452	0.2903830597623437	0.5103285710128029	0.2052563798804912	457.54778333002196
-3846.9974376705777	0.38439310169862995	14.040600992889807	0.8227989419736658	1.0889709269240713	0.222867814906371	286.98920101418224
-3955.113655434959	0.21295293761414674	6.911863680346693	0.37414301944479156	1.8222476419850018	0.23347867193580676	508.6788052242144
-7026.493588924755	0.008514857429028046	0.7908446091251942	0.00263579948951879	0.1614369308034792	0.24217633609894287	1396.6408066372258
-3814.7195157667616	0.2855985636609736	13.510802699645168	0.7789666795059448	1.5472956756406893	0.22608058011272636	317.3426261528521
-7716.957829734308	0.007374164691055862	0.7208768701465142	0.002310493821677147	0.03888451472910374	0.4191925624452689	1401.2785411223356
-7092.007938231367	0.003309145334220152	0.627172633769496	0.001	0.1756567051346302	0.22035991430449237	1400.863614229793
-3796.3855960178516	0.09820440196633665	7.906642086565453	0.8072945865195813	4.649605025798217	0.20638738949180285	570.4450516683461
-4544.885389601619	0.2542616794885747	5.518526259105594	0.12955567790705388	0.3822670767526907	0.2378977537314401	693.6913006564499
-3859.1484167336203	0.3256444022885307	12.896511980191843	0.5154468356281963	1.2649363913068423	0.21533204463024763	350.69109224835535
-7087.542180713737	0.004530336851776112	0.6727858061562912	0.0013696447166231733	0.07911474549717554	0.238965379901239	1400.6460673666852
-4534.484445527933	0.5443979738307454	8.541983998554455	0.22743107803728124	0.11353937861300256	0.2176095453906037	486.7039200344033
-3832.9240250687867	0.17034233068295251	8.936079344941055	0.571315321684694	2.410052412049279	0.2350304826130181	444.9118154799704
-3877.3921346412203	0.14884542645922533	8.689135561562201	0.32735619887569195	3.082299034775039	0.21419444905959756	529.0825964238871
-3919.7103729302257	0.34612422703776063	10.377032361534134	0.44820790345579836	0.9820745110252725	0.2050555882820319	386.99731757418033
-7386.793094395189	0.003304169489108588	0.5405307393406348	0.001	0.05928912757162145	0.3354334199170448	1405.3094598832865
-7767.077739307195	0.0033130172905140383	0.3767950173259496	0.001	0.003921629711329959	0.39203824236245904	1418.860801451757
-7912.541501999628	0.004514593977687183	0.6881441091827581	0.0013814573181630304	0.18683967933307266	0.4482026702526003	1400.0879837702275
-3847.3946837418794	0.26994182501257086	10.622908619741805	0.5680694530126343	1.4975054316423115	0.23894542230006455	376.6996856314338
-4129.7497166203575	0.39149528332790823	10.945875535287495	0.25973592585181976	0.5904177796435812	0.2065651457647083	449.4659345427039
-7137.973488090806	0.0033093812024522266	0.553103624906158	0.001	0.04851839437381	0.23842756122046194	1404.5618613169147
-7069.430522992861	0.005179479114272218	0.700520261031704	0.0015846507739207428	0.04429817543285994	0.23317170550965366	1400.1509504678538
-7915.516654773256	0.0034635477874331213	0.6590078802981195	0.0010361214217311217	0.06382392742160259	0.446679776411455	1399.5619801421017
-4637.897805576077	0.3427574766318179	5.961803791562906	0.162573781828723	0.1439664937240827	0.18993954476583141	622.1075183962696
-7242.275748350317	0.003307989268292742	0.39316773065083	0.001	0.09854937134392595	0.19316354614295725	1417.0561097348495
-3815.6181672716875	0.2539661120058385	13.097544651146723	0.6466912318547828	1.9000814631666805	0.21502814782556037	350.6102848192036
-8357.433215373756	0.003274085077297535	0.4042036117585934	0.001	0.1323670946189938	0.48801089100801837	1416.0357464063409
-7082.848630502331	0.00346338628782694	0.6481657294081942	0.0010470601666577864	0.15621071193077526	0.2048218733195006	1400.2258917012648
-3787.83567920079	0.19144330997877407	11.169917274398559	0.8765631161626503	2.4778707828803572	0.20998329233233426	380.0017523540246
-4009.154161287052	0.3070204758224967	9.035037133695813	0.2633712861950862	1.0514421146472726	0.21699341972273883	487.25537687099467
-6602.914364465739	0.0627153160776188	1.1672059106861703	0.020701633358128576	0.11527904021458764	0.1959773873305498	1300.7424700792208
-7079.806838311057	0.004397569609160755	0.6857423070708648	0.0013299529770726844	0.07038548666216254	0.23699979195057766	1399.8300716830513
-3809.932322301219	0.28795725294440955	12.417079809405568	0.9704061477318164	1.6170684299291944	0.21648680659419603	314.0277123889117
-3828.527631598648	0.11713978373524112	7.317204322355069	0.5591625910270627	4.3097582741879314	0.22715485565552632	565.7326955283331
-4098.113760064412	0.3407989242774644	7.292665451943319	0.32223010435194827	0.8032250626241693	0.220528723921247	482.39051082698444
-7190.696746759091	0.0033142075757030837	0.4451935571983174	0.001	0.010673646055735054	0.2107880667495039	1412.0322521468806
-4028.493003180227	0.36535750289209706	10.472824698745756	0.3108846884791347	0.7460967551099227	0.2198707841967831	430.5877945383408
-3972.5722080191676	0.3289812086579481	12.348685591814487	0.35969847318364173	0.9280429836329565	0.19990342062589214	394.27846058817437
-5285.600026306911	0.20992079060847488	2.530213503973718	0.0925219351058403	0.5126944228987346	0.22676846179621715	921.5507357880383
-4389.940898845966	0.36778904243387445	6.804081296481411	0.1941956370690112	0.342604647990322	0.22471877288155162	566.8950300098547
-3849.136184169122	0.3864655284526216	15.858903850538578	0.8230064243675396	1.1130020926960993	0.21549169842159263	274.5011804177807
-4663.948294081662	0.24282116477953042	7.319715414097008	0.09589925167392521	0.14635448866019207	0.2283423374852199	714.7522949822753
-7212.087847962485	0.0032705062262993988	0.4447129347023876	0.001	2.2558024028978125	0.24735991133153434	1412.5092622480865
-4521.733925865138	0.30556675065141015	7.3059096545346955	0.13914743613396277	0.19718146404201978	0.22513967274320854	626.2237637516039
-7309.482882391014	0.00334473765820254	0.5544984400542143	0.001	0.1366178810555765	0.31588276253646386	1404.3609745468393
-3818.6493678393417	0.2752793092072747	12.49130959099306	0.6134217629638523	1.6269536005528633	0.21531443546271534	350.87631298147187
-3861.4480271822154	0.18989371102593297	8.786095462914691	0.3660560246082485	2.3256446788982337	0.21142611081863769	486.24969033320644
-3897.6364668456185	0.4234629070131344	10.749111545141734	0.6232527550526533	1.0900808747916737	0.2232473992338538	341.69917111337253
-3785.6778224432087	0.1772977565541737	11.01993501045202	1.0601046275353452	2.721440155409448	0.2084534159374621	386.8245656725138
-3790.720206261681	0.11026527070064425	8.007077880129849	0.8689458795344484	4.4099913003549975	0.201704674231311	548.0954039163732
