# /groups/rgutenk/lnt/software/anaconda3/envs/donni/bin/dadi-cli InferDM --fs input_fs/fs_041 --model split_mig --grids 178 196 214 --lbounds 1e-3 1e-3 1e-3 1e-3 0 --ubounds 1.1e2 1.1e2 3 12 0.5 --output inference/fs_041 --cpus 10 --force-convergence --delta-ll .001
# Log(likelihood)	nu1	nu2	T	m	misid	theta
-11111.181230410155	0.9355791709104606	2.4088062508002355	0.0189015526718681	0.5360380392985118	0.12518908723945546	3555.3712600147655
-11628.546499287531	0.5742533231172338	1.4466623061514343	0.011942187813303855	0.002780640263462412	0.13153742151908768	3960.1977879124865
-10956.820935780152	0.7446920552963935	3.465361851086483	0.01734840813035972	0.42715629729960547	0.12626252295511065	3583.344724070697
-10948.113772475255	0.8560508357011108	3.573289768751211	0.018935592066013335	0.11637661240903714	0.13082041458136634	3503.4551041656387
-12863.889346117296	0.17015282364898504	0.7276696879729009	0.0037544002119123585	0.0014111077082076188	0.13839111587261055	4451.055571606331
-10941.220392781817	0.8238487884927033	3.624406131235813	0.019328655229166342	0.33623527899944655	0.1259448513479162	3497.6999269672974
-10994.620552885699	0.9002302091830178	3.2362035663388498	0.01906267968388995	0.001	0.1172285636687126	3506.664559562817
-11043.155741327419	0.7769254171214478	2.626921738704814	0.017019500868711557	0.5538367254888681	0.12868592727370382	3632.0638673504054
-11716.60042565057	0.72274879264766	1.3667907528510188	0.013749604483684223	0.10076200494079054	0.1300099402346044	3878.3978214918125
-12790.765573967	0.18811056131928508	0.7489694307289652	0.004215912586527143	0.0038579789130347994	0.12058413220924206	4432.281427301802
-10932.50710523321	0.8647729325284749	4.1376536735649205	0.019429022234177105	0.11846424006060172	0.12880933118098195	3462.1606849596037
-11167.873207641716	0.7543472974894375	2.1880574343370083	0.016080666687434877	0.2900768251986137	0.12931534289578278	3705.6320478352554
-11083.663512779829	1.0448646066783904	2.736416040015952	0.020517837674376035	0.0025448466809923523	0.1259123373610346	3468.115612725971
-11769.809983059284	0.6695892539890401	1.3079359415400214	0.012789855586109252	0.17561702515545763	0.1214499393837602	3928.136238948684
-11810.594639391164	0.5827636415601665	1.2704686975100026	0.011155424682363527	0.3846909018533026	0.1417594878619719	4002.2430940846966
-10981.933197148372	0.7703224711412654	2.9499822268631974	0.01874936203618618	1.2144874268085994	0.11933665282198064	3561.916831771555
-11066.291178356318	0.7541679431396698	2.4988969537103958	0.016776269720424918	0.7255171202973442	0.12865516058031518	3654.5419935966293
-12857.728054794847	0.8082591160654857	3.5663313267243244	0.021479693110033133	0.056543388937190846	0.29662162825747934	3448.7490741926285
-11053.282044686357	0.9951288662082834	2.7881833836281866	0.01979352875724645	0.05560242724613096	0.12934337716155508	3494.336941043061
-10952.31775389285	0.8328980041788141	3.4554846428803616	0.01852986113545874	0.15267173305128937	0.12982048798054824	3527.031798858847
-10939.822525335276	0.8531742858760774	4.067534137670874	0.019073547568598404	0.007767457603231037	0.12891982716196915	3478.0588939769314
-13698.28186512346	0.06134274445334259	0.3267286669260837	0.0012303079160999098	0.25326026186098416	0.13327637238347032	4600.208666192471
-11071.56894973641	0.880896792869989	2.611508386987699	0.018162146011588144	0.001	0.13204750205178553	3578.2587513144863
-10973.507718031637	0.8226083113032828	3.2916193254616104	0.018069713061040445	0.003379137653368434	0.1281937944908945	3551.326410307174
-10945.918610346263	0.8349521040414123	3.734402437347171	0.018667487786444222	0.04103784634813488	0.12962318971510897	3508.884889933177
-11223.57111134618	0.7881774293204505	2.0465101082827353	0.01690714272311028	0.44001285620545755	0.12969274325837368	3686.502291226644
-13609.081797116522	0.0849507104444459	0.3715964766169211	0.0016987600439822294	0.0917578907758123	0.14191239373327016	4583.772006564814
-11183.68200152076	0.8819843901641911	2.2875946280040482	0.018696442869948527	0.16807101206199318	0.14565762350097008	3592.9027771988594
-11961.084636825743	0.3753266094645203	1.2064575622052363	0.00842887949158627	0.19083964383000548	0.13321434526793896	4167.04633188814
-11572.957082551358	0.739576839973693	1.5492706963875378	0.014601783750998128	0.026311298882588534	0.11240238291948093	3824.144695290226
-12856.530451425837	0.188635447728629	0.6988635683843866	0.003877725781058756	0.01600458013599582	0.1297968603947274	4438.291012392125
-10931.365499452022	0.8528449356186228	3.9406953398050266	0.019206225766142258	0.1821436797343559	0.13030869769787354	3479.829092988893
-12774.090352000672	0.34634863964951923	0.7060828651766	0.006231192573452965	0.0017256734871361787	0.13955365095329894	4318.316426467286
-10993.263171498449	0.8416773178991506	2.9350723121478794	0.018471904829683007	0.3245981091603802	0.12482905162448461	3556.519368039887
-13285.066366628429	0.1519918988384453	0.49281967459576803	0.0030475594106746198	0.17165536266030604	0.1259133313027767	4518.012292973908
-10938.443527318988	0.8504012740607096	3.857248353386525	0.01916257970599618	0.09889191156112329	0.1290686140407528	3485.230429304127
-11975.529033862964	0.39248188455857425	1.189245919814294	0.008101595409274437	0.04983430906188383	0.12089802726638567	4164.91972776825
-10937.771218605272	0.8636813251729537	3.8245572467514344	0.019451633861573097	0.1376354581343258	0.13128183075840513	3475.0872340479455
-10998.502362383857	0.7351333993984475	3.158792288348581	0.016806707123417756	0.1712434510477319	0.11837688869917165	3619.973009050556
-13496.168652730488	0.10524594128234417	0.420022505023649	0.0020810537603478544	0.20092340740205003	0.1428095726352968	4560.460732321554
-12609.158727309408	1.0191700245775277	3.6836676847859002	0.022064311669468914	0.868019681865756	0.2890155103218833	3362.342013111014
-11006.432538429117	0.780060942089609	2.997215667562692	0.017178705202061505	0.0028675736351118117	0.13022935977861938	3605.4351809836353
-11007.270859301954	0.8766007804600865	2.9455943546407792	0.018790569276046658	0.07476429707498855	0.12734368126838969	3538.2248532020453
-11267.636169673238	1.0266468818495902	2.0938089902236405	0.019295872339815164	0.30020874155199073	0.1335388011324125	3559.371341506315
-11000.174711622407	0.8339975142978939	3.042996952347913	0.01814280061646575	0.013093111007986115	0.12307355425831755	3560.7764884167973
-11774.448232846638	0.40515935795455255	1.3994059064513238	0.009211496429321741	0.0023248334729415606	0.1344921878209825	4105.561288781445
-12092.463145198646	0.34242213481339495	1.125162876000534	0.007308468514779765	0.03869047890629906	0.11898164385394072	4218.247113091116
-11234.154668962658	0.6319465424524655	2.120859878092168	0.014005447667339486	0.001805281240091695	0.13067684109928995	3806.726721619422
-10923.080566414916	0.8476999616885101	4.5590919918707815	0.01957527825617438	0.2780680114379875	0.12818339408360566	3447.171264119773
-13702.92260197239	0.07242311722719909	0.3389742506821448	0.0014483369724412464	0.2699241760985137	0.10876914833175777	4596.426284709818
-13178.738296945045	0.1609678566683209	0.5383768609631279	0.0032275223771981824	0.15860783580374674	0.12276458504647776	4498.034421954825
-11303.349983062666	0.7282696902154191	1.9680698367022567	0.014510563316419181	0.001	0.11387078282725731	3776.6136284959475
-11111.111421231197	0.5830337106034857	3.11170713015898	0.014848327324138455	0.6999549539762248	0.15143597916188883	3728.6234058397167
-13483.909677611564	0.16373190159779086	0.5038507588612312	0.0032735462837681847	0.1509501946794343	0.18103329741022056	4507.72935445665
-11032.467316998142	0.7539423719899007	2.797685158923252	0.01707664670728916	0.11756220062208961	0.12616175840663027	3629.2915605065837
-10929.075700975834	0.8397044525245119	4.363836582813786	0.019046276813040466	0.164447580622598	0.12802805325253772	3471.3484547153134
-11499.222077582515	0.6411554845937287	1.6090046491554684	0.012865965136634173	0.20560816994223843	0.11646063978101628	3889.807438387373
-10976.781544643964	0.7551999216963332	3.4149457923767708	0.016825100339307113	0.3103280360840927	0.14218531106705307	3599.9643032590648
-10990.199597069164	0.873666335032907	2.974978109727185	0.018876764171190493	0.36264310679674633	0.1307681762633704	3532.481781184018
-10944.850865628112	0.8901389154421268	3.5286464683047045	0.019489174382133736	0.21872640785674735	0.12794870991377696	3481.5993894092107
-11514.810882710808	0.5589466423869579	1.5879724273106617	0.011988431354299984	0.43354340524121626	0.12016229849804322	3945.311902413876
-10967.260259558368	0.9196857934868236	3.60587759124019	0.018630457721469602	0.03758638865388589	0.12793867508151083	3495.1279213380626
-12659.869922067486	0.23134137557199375	0.7815456202470684	0.004987653606264703	0.09531215950976447	0.12332412555951452	4386.884575234283
-10921.209861303041	0.8385647898283363	4.126421199812424	0.019255557460017288	0.31109690998115025	0.12967493807319364	3474.650761352526
-10926.842801724843	0.8380266173898626	3.899243781549242	0.01913872857853651	0.2709030615888986	0.12799227653314899	3487.613879134691
-11057.509556195533	0.7959764989264366	2.533718657848797	0.017714607861980744	0.688360904850637	0.13070552242033567	3614.021005179704
-11136.102429495575	0.730858287606934	2.3140016464460613	0.0158988433266794	0.20190205721247273	0.13234044652940882	3705.919187377397
-11056.80787537109	0.9503943797937965	2.747125704502668	0.01884687204056784	0.02474634866815321	0.13421405868741332	3532.743864750997
-12957.73909266949	0.23969839056968098	0.6200098638515292	0.004790493459967079	0.07984273167533787	0.12692182572502342	4421.499417516771
-12239.779594253343	0.35712918039693803	0.9803371060061347	0.007500004612930397	0.13154285903180404	0.13543218094927978	4233.924266281742
-10925.670703234833	0.8524822719625498	4.325706712312652	0.01945703481091897	0.21458084020692567	0.12933051789400582	3457.4998395975003
-11884.10938786254	0.428119624812055	1.2342327142571992	0.009140711046259208	0.20500801635798255	0.12486632577393864	4119.827765245889
-12092.647213223416	0.4152552430257964	1.0889368819030003	0.008311663757378716	0.008791138218604378	0.111439988911981	4166.468406838753
-10929.121736482844	0.8727912560149573	4.087101091607482	0.01962653911799688	0.19143397872133885	0.12693732962030765	3456.5814988351194
-10935.297663584284	0.8560858995122127	3.6069609892245897	0.01933885294024728	0.29090791884397416	0.13018189526441218	3490.7451304844876
-10929.975553081431	0.8413285575445177	4.349519510110981	0.0192185592282216	0.14596657455440035	0.12762691832524328	3466.3823167909873
-13197.5331458701	0.16578970763221784	0.5494936225028172	0.0033320541620190866	0.24944281309869593	0.15131320756732017	4492.046686221209
-10941.83603361878	0.8074937165885808	3.7152420177130105	0.01839179077268786	0.1499241222719848	0.12706024327844972	3525.30199838164
-11230.105101466204	0.6790761094983984	2.098485178237449	0.015000246978488398	0.0606962915014165	0.13563722781031604	3766.6562999196162
-11081.828135242813	0.858221544660166	2.611092852599897	0.018660271525797002	0.06334272053903815	0.11820614121655727	3571.196299613689
-18070.874758259062	1.0309958367837073	2.19568331491702	0.019197937475508527	0.12329104157413638	0.4909518128447438	3552.4185676288325
-11624.11529636241	0.668377796364893	1.4461954045821157	0.013093130236931122	0.06403225756633685	0.1326933892231405	3898.6068705764596
-12443.322661984535	0.2627211948723711	1.0086864311538415	0.006941888591753527	0.001	0.10984397683804065	4304.380508494667
-10983.904217136698	0.8933900457644122	3.033954922571038	0.019199301483513367	0.3182692893092411	0.13076317598124426	3515.9829505408525
-10924.349202038793	0.8430018631697933	3.9932953136858087	0.019264647565935097	0.2782131399084748	0.12841077095741132	3478.697464349819
-12808.837857615757	0.30429509141154826	0.7224919374645166	0.0060286178790711804	0.001	0.16137822036551336	4343.185260284571
-10958.792877759519	0.781585504360576	3.6074348296644696	0.01774168683147011	0.0034967839599642867	0.1320934868943062	3556.1088366793756
-11125.159495775595	0.9425998946285427	2.5306446091069046	0.019232466393323294	0.009690632961222453	0.11394586206286228	3541.5343952987237
-11022.374115281653	0.6936757059817213	2.788450760259215	0.015983177564839576	1.0224909054676814	0.12486241991183133	3673.5670681141683
-11121.679730745935	0.838076338696938	2.3921689879255648	0.01720070042142604	0.002362701810792419	0.1268482591872699	3633.2572858272615
-13720.907905723354	0.056846058896803775	0.315614496704722	0.0011397532819238277	0.016708803812030895	0.13254291239067775	4603.211956952551
-11091.17912187219	0.6379486648776488	3.008814641620072	0.01715537921744615	0.4244374217933225	0.1185253653025022	3651.710263268019
-11822.29775669855	0.4576352392492837	1.2938149162935801	0.010437511115096235	0.11017755299832305	0.1342483660204224	4070.324909166653
-16371.43784674468	0.1981560792554293	0.636425818675718	0.004054097335341658	0.10682362910648742	0.37243245715006823	4447.1526122992245
-11433.639896644187	1.4632384282807462	2.287530953357671	0.023143946114142066	0.3168252231911521	0.11565246416304731	3354.724178746545
-11189.81194190291	0.7748802552962749	2.162638571373401	0.015984943761106665	0.14458942477768233	0.13547664441954152	3704.3283159743723
-10968.213085722655	0.8628031993768288	3.168737134812035	0.01890848771761594	0.2655188117987916	0.12578748975440768	3524.6566484492473
-10931.250228676221	0.8309741112385514	4.026554234277944	0.018836683283828128	0.5077761340228172	0.12854414519164598	3488.1062011337963
-10945.863356361582	0.8648578231215072	3.6392903337188605	0.019067527843605717	0.10078197805164385	0.12859554643585697	3494.200347356872
-10997.788821569051	0.824817724054137	3.0700030992727267	0.018518006157157173	0.05647037947053266	0.1225911953526751	3551.459935814316
-10968.44751339891	0.8915580828946891	2.7969659213056417	0.020062528410809667	1.4571171470088171	0.12830259252118972	3501.604191244001
-11390.76285345714	0.9159912139414276	1.8299326993935927	0.017366429213665532	0.017255481792818494	0.12389601697781188	3667.6921218231137
-11079.62847480524	0.7945334969615195	2.4744095231640877	0.017197814152974375	0.30485392017897434	0.12717793297536642	3638.671207849167
-10993.668968932767	0.8707178821935927	3.1095009464441428	0.019038078163415503	0.0016290638111294033	0.13174565974580343	3522.414315963052
-10975.487669876526	0.8991100434091789	3.148996016952526	0.01896345449810246	0.22230429665806992	0.12977411422843466	3515.062160796027
-11462.197186047597	0.6148312870759586	1.6685831493938887	0.012649979509869607	0.09675790529916037	0.11860676976098046	3896.8398097944623
-10930.60459091751	0.8361883642023414	3.973623674707275	0.019368146061222093	0.612358974808298	0.1269717152647769	3472.4397936372675
-10923.916509980112	0.8768181046991711	4.227571454465665	0.020262927381286072	0.2828267635480285	0.1265358861676666	3432.092045764443
-11405.154250852202	0.8219945339930718	1.7342600442534006	0.015892002194152436	0.2835303896733577	0.12614905630973905	3741.829792904199
-10948.909076057278	0.8908693155798865	3.575667015721015	0.01947154251398865	0.6378993037664779	0.13646978207953098	3472.3796480720025
-13767.687112504429	0.05003738648586242	0.2959835868712925	0.0010006905629358514	0.20456211710145225	0.11832959918860783	4607.666686475525
-15898.183369299702	0.6875806154134545	1.2560349578324799	0.01252598816490224	0.001	0.39769488028641936	3936.625455019923
-11888.108210157301	0.4359688254943992	1.2324042102873654	0.009297923727182073	0.002947534816646393	0.13499304094565773	4113.062321306684
-12325.48462585674	0.35635325185344974	0.923496884572958	0.007399212207730974	0.026945570554765815	0.12157236224281154	4248.004808947059
-10947.705770617444	0.8478594103902088	3.7514389921054514	0.018677630947738447	0.001	0.1290289105578303	3504.353361147563
-11224.599880810478	0.6617664947010695	2.069803857093218	0.014467121735630653	0.3936560347992046	0.12440265435466932	3789.0998033330916
-10946.577574928622	0.9127011789274743	3.9875182347740417	0.01984797659746321	0.012036409721878298	0.1335596318138282	3444.2730581181477
-13224.70124421186	0.10958525844414807	0.5900815871825135	0.0023596096397051993	0.2176460526362119	0.11225578029943394	4523.7093135832365
-14789.833250470507	4.566484729808123	4.792430553407629	0.042174097895125134	0.002381397474788337	0.3075390750416314	2572.8960603397577
-11202.16817801157	1.0642395881974516	2.3188276662017344	0.019440117358669483	0.0587703900505868	0.12674584802904665	3526.5924609736353
-11496.234874123733	0.4902023415727822	1.7609434923164873	0.012092123980614027	0.24089651367972983	0.11500399249501675	3952.1056444860615
