# /groups/rgutenk/lnt/software/anaconda3/envs/donni/bin/dadi-cli InferDM --fs input_fs/fs_042 --model split_mig --grids 178 196 214 --lbounds 1e-3 1e-3 1e-3 1e-3 0 --ubounds 1.1e2 1.1e2 3 12 0.5 --output inference/fs_042 --cpus 10 --force-convergence --delta-ll .001
# Log(likelihood)	nu1	nu2	T	m	misid	theta
-8358.779383398796	4.683474789702565	0.2351753642932096	0.07106097454884541	0.07601664901593642	0.15946550467108708	1363.3145988956517
-8687.557231494131	3.8245229927828857	0.3014691097968248	0.08833992058213976	0.23410299157670705	0.12068628171808647	1327.1230203858854
-6043.165513409186	10.56556092050366	0.42890482789651246	0.23471200427222721	1.1612103813806824	0.1201466506834574	768.8454504107561
-6908.499421996849	7.7443392827958775	0.34337734121208663	0.12806665317434135	0.40929516565879037	0.12796096812345067	1023.9364326091157
-13801.559714474733	0.6024143100784571	0.005539162445392039	0.001	0.23153556472064285	0.12377857052720782	2260.498132038651
-5431.422364395565	15.847340575420048	0.3949921501886775	0.34018375704132664	1.7608215060288006	0.1354469780020466	623.480159912982
-5708.556562816669	13.058043375132481	0.4080545520459803	0.23736806053142956	1.2167149518557947	0.12149109546693766	731.2855431501666
-13701.064834259525	0.7020424704334826	0.005554826057869594	0.001	0.22332627013052606	0.1276755431873849	2253.9648826379876
-13981.145627404037	0.4919821857188591	0.0057212435586759475	0.001	0.13265166227801023	0.1004673706446991	2269.4850564659437
-5873.9558894692045	11.647826232288184	0.41137433715330224	0.20521389213715394	1.1494432081395147	0.11522514579849458	791.4488335646637
-12988.596115876295	1.1063894410376776	0.07492576475727723	0.014883362068105723	0.03950282685053478	0.08122992905878289	2121.2821994264527
-13860.064654376887	0.5659507139327344	0.005475259741066841	0.001	0.2495097260119266	0.13534819282249688	2263.752322428584
-5158.350111328227	21.46626446434116	0.41056236257323203	0.2656611928902666	1.5409071470575981	0.1221738874283897	635.5424262393575
-4954.01071174847	27.445695646403777	0.26596594487772995	0.7902715023802774	3.4741908040394622	0.11404294987561682	513.724178331485
-13957.32555934588	0.5008069900227573	0.005155453677752831	0.001	0.31560321209251274	0.12973105546586308	2271.7497648702456
-13871.976803167898	0.5483701325160883	0.005545010379095578	0.001	0.06924439271980473	0.11548522131665627	2264.8648576540354
-9135.896722773752	3.105598081736867	0.25682253623617407	0.06891980433666382	0.560279489486978	0.12730046769143402	1475.6549520593628
-6371.613334027264	9.720016351227573	0.484410605294441	0.1745337517174287	0.6291317358743408	0.1320593856213847	854.9113548647684
-13621.838844225153	0.8104190008019002	0.010809671441416509	0.0019214409257305783	0.2953522361578473	0.14089437279480993	2246.4009862329767
-5181.237572356647	23.035439960133516	0.37067474797862004	0.20522949413216357	1.4933807350308634	0.12237794497892726	707.9873515251891
-13915.298602045368	0.529909915431381	0.0055545197750112895	0.001	0.08431159976341132	0.10143704782219559	2266.520547331231
-4965.753612964817	28.402289619271585	0.3771093161744487	0.31543035400038966	1.9641187048694335	0.12258018980696418	576.3366714481175
-4910.955141866044	29.643737375728097	0.3066923047298563	0.3598497711566879	2.553719089542073	0.12392740580770446	571.5778442713537
-13690.461962247904	0.709257226955078	0.005528019716977935	0.001	1.4246635924986004	0.12387636432459945	2253.9080766662337
-13764.92568044515	0.6454533299686439	0.005549909618263121	0.001	0.5551452133496281	0.13552579537278678	2257.4736088921477
-5264.4759213375255	19.16254704425409	0.408444352854747	0.24468959371564533	1.412236049732675	0.12089960999456086	669.7993774540773
-13802.398583314256	0.604819362052848	0.005503128435247295	0.001	0.08727031743088318	0.12849174057001694	2260.493658014814
-6010.726544611608	11.829229875062657	0.4066788583827059	0.2299917318237574	0.8460837696702969	0.10898792387874592	750.4839539820796
-4905.315682609737	26.358228873825762	0.2031254034499883	0.37437503813499595	4.285547881436657	0.12164393836690691	668.1416406387694
-10497.764085088404	2.391962702726443	0.15774002598280465	0.03993612664158998	0.17125769050034154	0.056825752994148	1731.9197361264378
-5251.225201775625	17.870658072834754	0.36837010492585803	0.25960786826996274	1.843454205989065	0.12290136257529784	678.9097197446091
-5217.841154498716	19.613130170655094	0.23657920308732877	0.771648222407327	3.476500608518477	0.1495307949101103	566.3603552760095
-13938.379512207057	0.5071931401596612	0.005831662118547043	0.001	0.3531381797738807	0.11743119369706441	2267.2858526911855
-6024.444838316603	11.041322048391477	0.3793874074423905	0.3225184320287792	1.6086059993197623	0.1628973107959918	697.896483915966
-13935.500348246416	0.5097613775009886	0.005888757764962416	0.001	0.43689552692460504	0.12033038259192799	2266.7218844423332
-5707.659034104517	12.29877317712203	0.34863764814786424	0.28501977644894294	1.7487583577530823	0.1267302682835458	715.3976936565845
-13828.237565744937	0.5828694579305236	0.005647784358193942	0.001	0.5834682144657081	0.11032183611305721	2261.4718135371672
-4927.064820255934	25.869994972005966	0.24619172709060685	0.3663652305011418	3.3955349627175524	0.12311912273424418	625.7418642037416
-6198.317300392321	10.366709862481889	0.38782627427262983	0.1446578806054272	0.7703292918194732	0.12659437328713294	921.6495202081696
-5499.207172101186	13.118127887284482	0.21767985818426333	0.457356806639969	3.5370640399502	0.11392934070038055	701.6112170010879
-13031.643658200825	1.0694350048704324	0.04661110358346346	0.01072918408661084	0.5471336615791471	0.09557882992541976	2171.695910135532
-14067.12476573057	0.44077342853190343	0.005513141427562648	0.001	0.12432462893609686	0.1085631258491609	2276.8996642216066
-4978.38636285582	36.23881377484518	0.5006378380403291	0.38034810921402123	1.3492423142231211	0.1209809054926139	478.26376221168397
-7064.819579798635	8.500050171887388	0.3674859223312117	0.09244565203504176	0.04941458975222509	0.11738540801907577	1112.192908982506
-5849.911034251578	17.647342413196302	0.5263617192872471	0.2536026489194164	0.36755950350153804	0.12862673801960722	635.712187751085
-13051.80882504388	1.0808316554863833	0.1121983811428785	0.025924621197596528	0.19268284930752247	0.1325367981191517	2067.8973040930846
-6834.2208679285595	6.418705727310542	0.31001759538783824	0.14788773456309082	1.55276226792747	0.1310840225485266	1043.6949351928956
-8606.611896527424	4.22460363879088	0.3798135700945284	0.08303087705388874	0.024779292326807555	0.1405930732450489	1292.5453633671646
-5157.1420164227	23.588662533029282	0.5149406284315525	0.39865398339126934	1.497208243999433	0.1259700468961523	513.72541840526
-7416.498587216325	5.7995971394784585	0.2725300085225279	0.08564753709736098	0.709293997143976	0.11830198384656831	1244.4574263812076
-13816.823696244288	0.6065353028508872	0.005926144661825997	0.0010177656896438888	0.11676607898431232	0.13716518340815256	2258.7862462020844
-13587.181064381593	0.8233168028447418	0.009242302270153524	0.0017169223304077845	0.15161060716814023	0.11168100757859593	2247.4076413443645
-5017.87634738581	25.861839030073543	0.33191238537849815	0.4917856799128317	2.293041034247747	0.12417889745076803	511.79134342783163
-4966.677437987656	43.61320966245291	0.5151548185125124	0.3841958372001309	1.3285179194125967	0.1227226948963118	459.874184732845
-5359.438057341687	14.976972405970072	0.3132922632497673	0.2458759834974199	2.4185389849400325	0.12701144077193988	743.7979036416843
-4917.802510477583	34.27839041063304	0.39854763204440474	0.35719567645668976	1.90730873683352	0.12484242229164182	524.9678951382724
-4956.977001387783	28.308277426901373	0.2798377498816837	0.646748131293065	2.8848781496524323	0.11878759685670355	497.3182159664447
-5152.014432184784	18.467640306165084	0.2559438119786307	0.29714975280659744	2.807756277446892	0.1299182695032836	689.0717646646071
-4888.4905370280785	31.151171979013437	0.2649902773550736	0.6407076741483959	3.219449436043614	0.12202416584991298	508.41487022543225
-13726.673481889626	0.677881617946817	0.0055454517450213335	0.001	0.0849655611878993	0.10742283812543041	2255.3904193450394
-13874.477070102648	0.563215433023871	0.005476309344650074	0.001	0.22862503376670185	0.09812304335572607	2263.9751908277085
-13720.8936472904	0.6766288602521079	0.005551191245630911	0.001	0.09709412141117438	0.11868097376926814	2255.435939570457
-5616.021906851937	11.157032141692602	0.2076527569874487	0.28960608187260706	3.765156493021188	0.12103023677215792	825.718754576574
-16617.410013010533	0.7980075562871217	0.006650375046377811	0.001219046892353462	0.0010439395632690892	0.45490518228715265	2249.4341043710538
-5207.241699475882	18.952109155744143	0.3737079605938793	0.29578818738185586	1.8422154828056985	0.121420919074032	636.1844888970587
-5092.165512661296	25.145801810878016	0.44445612393909206	0.27804523811391824	1.4063766855170967	0.11986120606864283	597.8354225118637
-4972.312755818223	22.299325426462843	0.2030369722028828	0.3866803347015827	4.098418457594332	0.12054568589142434	674.1868256211749
-13963.687860524427	0.49508371555285297	0.0053429992135007615	0.001	0.08792314754461054	0.10765239545975694	2271.264478828598
-12388.790066324818	1.393411598301219	0.05359585243639467	0.010207754908758157	0.4565376427732648	0.14641469967783569	2115.9823325463694
-5599.818811452074	12.201192797389734	0.2001712025387184	0.3985619605042877	3.3516006397934635	0.11712453678874762	735.4709644705509
-5073.295439153905	22.722215130122926	0.3377750929311268	0.3212156601923845	1.9968419253929721	0.13113481977526695	602.6331822575904
-13748.237046888999	0.652749250972465	0.005551053162630752	0.001	0.013735489529094686	0.1272157438640684	2256.9056646389536
-4842.411078973517	31.112906534560235	0.19094412966121685	0.5275690751336404	4.529592094908377	0.11727868686086827	618.8541113538182
-13343.28240982773	1.1365672466591346	0.010701055318652538	0.0020539584989088338	0.06929267214544106	0.1510979713035062	2229.1583626607635
-5343.251681890334	12.677700058187211	0.12310742213938627	0.48446293870539375	5.66286082091927	0.10959785546686507	855.50995439934
-13833.161093957797	0.5800691597160262	0.00557951371081514	0.001	0.3108979757849211	0.10892956052877933	2262.024911230699
-13959.16922630314	0.5015659863919729	0.00568614898213456	0.001	0.20407844554876425	0.13568794489926717	2268.6572966785075
-4824.849927858465	31.537722778651183	0.1540238259352145	0.7087189324760299	5.700536136105477	0.11473471864383919	680.524376114056
-5874.334394465382	16.97461899006667	0.5359107555784252	0.20864657343741397	0.38796381532660407	0.08875473123627135	699.1483666947729
-13855.567640184523	0.5730368127918565	0.005517399429023232	0.001	0.7501559573479293	0.10022473463036627	2263.0096364330284
-5570.41905422305	11.77800551520799	0.2123924518656842	0.20649607553629837	3.5644407619264413	0.11927818621595766	886.9684526746188
-6307.123165267433	11.91906495271724	0.42744698729889596	0.11796323520363376	0.3330187344737759	0.13043396563012255	959.2066572760674
-13449.66022678612	0.9240057377527848	0.04676460019080065	0.010695850385072583	0.16500460883278986	0.10840932009202181	2202.3446265736125
-13702.79578135428	0.7003831312710677	0.005574422873156846	0.001	0.002603351524353476	0.11036528030850441	2253.919146680231
-5428.837488383084	14.231234101939192	0.31289177313906685	0.2505746928157877	2.2203697537706484	0.12502885994725643	741.810242840512
-13875.113083468155	0.5677280563626729	0.005806632045195771	0.001	0.08542740567158807	0.0965783429239569	2261.7592977372847
-4964.047623232367	25.507453876444316	0.26061821291379456	0.2936922139637833	3.0117004116071127	0.11416447442227484	657.9114613639371
-6053.954225224472	10.983901606352411	0.36528793748458244	0.4312980217337603	1.8797017973239896	0.13457017014189446	648.7429591647525
-13658.953995608954	0.7545244796788315	0.007774154063363006	0.0013525679141301453	0.43284709978535374	0.11566214252576834	2250.3399824695043
-5039.329085924225	28.848414859728088	0.4824124122635808	0.3050806626586727	1.3645543656677157	0.12262372763361389	554.3771933532562
-5961.920316728202	10.905373978727733	0.48378802655915876	0.22443108379933485	1.3846260876604457	0.12803446729021228	770.9979611199866
-4978.480793371479	20.906962412466804	0.15590209953310016	0.38420485539786675	5.524272251963724	0.11429490636511319	766.4562205166968
-6010.97947411627	12.621613655890506	0.4884427765407761	0.16905804218227705	0.5686369942489626	0.13100930506249378	818.3360471505133
-4957.358135073966	22.99052639359756	0.20418326658789346	0.3819772186063234	4.127609270752016	0.11995971780437634	673.3444648946877
-5892.596300631839	10.797544278394989	0.3630186177751128	0.2068485870076028	1.4972276279139494	0.12267929040861746	817.7657666659848
-4965.032625769354	21.340298105022573	0.1681516922949405	0.4389750012090727	5.062198083428557	0.11708074896902032	719.1469165657523
-4882.500654471071	30.57152609320414	0.2291247876441843	0.5637150103731762	3.4056698971555903	0.12368466578854832	543.7280669092481
-5061.815162305903	24.820847892020417	0.2689826074972946	0.9430013260831366	3.2057414923627863	0.1132978742838248	496.0162797302787
-4823.757878366319	42.18865588959887	0.22655080960008328	0.7263707434575206	3.6651798528467983	0.11347430271482313	502.38293728041094
-4858.114396465429	17.13994802397094	0.08032832912458703	0.828258297327114	10.151042282415231	0.10483955937245588	1176.0539440330583
-13903.490287880064	0.564762836091547	0.005585264558769445	0.001	0.21611440152246641	0.08827858342374112	2263.241096633411
-9427.225778183067	2.9698423608644933	0.1980659967811523	0.04903486422288109	0.32392790225561696	0.12511224846846505	1603.4604807821509
-5590.260874512191	14.959739496008108	0.4392972124838829	0.24385593414015297	1.0628560224627774	0.12201505615577363	694.1595388289056
-5107.003389226152	27.466219237717475	0.540033025661084	0.36138081895308766	1.1755500004274118	0.1221016482191149	507.476659709115
-5434.439415891889	15.315777328692365	0.37199030524400917	0.22089962721571502	1.6005041062891305	0.12190283548547871	740.0815322564889
-5071.017976644089	23.377648340591815	0.379168633219614	0.30402954419976547	1.871946240209067	0.13753286363336387	603.2481988374659
-9914.973216113793	2.5173460545451944	0.147469106326305	0.0504751009639583	0.508239694543719	0.12041643745243086	1673.1136001368566
-5530.854713480149	18.43609592956718	0.6110440462384146	0.28080088264323366	0.7300143205140329	0.1226936699610831	600.9697569686379
-13411.559200363268	0.9212157256388227	0.029030977412794798	0.005840432507771654	0.7782050935309645	0.1003583377356918	2222.059849672395
-4971.392902607965	31.772117601138504	0.45366430521218476	0.43558909851601063	1.6836162362905784	0.12266420919773995	476.02709775253265
-7803.928821173196	5.680573942698503	0.3445791147383072	0.08426808587891794	0.07849240999345246	0.13542963034912395	1228.728705137277
-13467.447044927192	0.9104588967514494	0.014581403578978505	0.0027718553965305113	0.0011341563235582142	0.13332001030152585	2237.154059328633
-5190.733944425098	19.005492169360053	0.3135979200337987	0.33639788897868905	2.142320632997568	0.12188265161513975	623.3554076643032
-13816.934968247817	0.6748190195642081	0.005704732773155397	0.001	0.3328318231791582	0.16548012926432507	2254.7623834918063
-5038.838979120609	23.562006013632764	0.3539573033376324	0.34498412846214227	2.096196596111759	0.12529322207124693	582.5944429787023
-5002.73971814272	29.7541156986622	0.46228643709650147	0.34915235061984945	1.507400285378566	0.11932291284210159	523.9934962481362
-5840.911739593691	11.210933939457803	0.39832102208294967	0.24140440743246	2.9472176394554372	0.12499530012293929	792.7348621933619
-13729.581566445635	0.6690858240257277	0.0055654827320439715	0.001	0.0011422983508526834	0.12371951253052937	2255.801694944187
-13935.288492650916	0.5233567391263568	0.005461909562038196	0.001	0.19035652220186716	0.09714030818857995	2267.689900683271
-13080.80911393605	1.1827791643538788	0.022937386565399304	0.004167191487393818	0.1450189639186828	0.14822786681834185	2201.618587655338
-7797.736671670335	5.760599136862641	0.3611823431240745	0.06708913278740056	0.3767862361023646	0.11865501664662409	1300.1594030766
-13239.03775069032	0.9926432052446071	0.04037366145868956	0.009325215343176386	0.10568053565384736	0.11310837649465301	2195.71018180424
-6161.611610851137	10.654631496264471	0.33095244595761963	0.1385041943780819	0.9089476372141186	0.14940927883777208	944.3973498879642
-5340.236991492662	14.606144900142505	0.23901347167635156	0.3364593730917737	3.254580870472845	0.12041078454809691	717.7760397763667
-13711.998957648442	0.6877722742755449	0.005646265321148916	0.001	0.005551168537133294	0.12362348989851948	2254.256959492606
-14130.583920833426	0.41229334933179196	0.005549423537724742	0.001	0.0685913697639621	0.11159769249972282	2280.7823418228704
-13764.15063601125	0.6376333265547071	0.005482612251263387	0.001	0.13117440002554517	0.11065020189385379	2258.2914788046432
-5554.991630173388	17.515053759275144	0.45035595404017803	0.22057177730307534	0.7870741115738088	0.14453348443850597	693.8772101216927
-5453.564632206263	15.320154256222322	0.30773142222398053	0.1992280864527322	1.6700479326723268	0.13005039036638155	783.4886420196534
-4869.094931958001	29.9738483106391	0.22623460744586807	0.42494918951249977	4.151666266154759	0.12093545648921421	621.2226696504893
-4987.644482316435	23.912849341614205	0.3008422123730871	0.3256716791864982	2.7655979524929744	0.12604972904354836	624.7923936034209
-13872.39489881009	0.5656206850601825	0.005491763871507591	0.001	0.008182704947194738	0.09776331723917549	2263.6506905758474
-13684.301120936037	0.7262901617091301	0.0055607720475895255	0.001	0.19227169112982354	0.13166623958323986	2252.6171297471606
-4861.130633168896	27.162177785177008	0.16375040053267997	0.5644912569251367	5.346955438254995	0.11471228850323828	682.4606815331026
-13838.05649338858	0.6111305017746866	0.005554502720965338	0.001	0.061688512554604266	0.09021517779054974	2259.741535133926
-5981.389964075709	12.123377493804496	0.5267242321403959	0.22258860671671532	0.7665301974082334	0.12397871347004236	738.2611922816607
-13881.269935182943	0.5508324668416893	0.005504062780971262	0.001	0.4125278408493143	0.10286150402572063	2264.9288715249786
-5881.8861574060475	11.533118024710006	0.3794361206692796	0.18125324995325962	1.1607982631210338	0.12101789541906936	836.4791557554
-4892.624638858151	32.31990652804647	0.26556056250356697	0.3279071726258386	2.901849136911186	0.12270625186631826	603.9653059765387
-6599.257368340813	8.027892294545746	0.29262342797189356	0.15124946758699043	1.0989448966853541	0.0879020561590908	982.1045458301206
-11593.957805212165	1.648598811245592	0.19757557442874488	0.037720484815094886	0.001	0.09209975760703264	1824.7145284235019
-5138.379345667071	32.79528938559984	0.5840099806691014	0.6415863485813181	1.2799429207458206	0.1225111544520071	380.194394335086
-5693.415632294221	11.010988034275076	0.24338847372837344	0.22311433297460406	2.996580548907217	0.14055849997580516	854.7212395444008
-5039.462654089704	26.576912366901468	0.3558908724341786	0.23379740553670353	2.1062967157581287	0.11110853131883593	670.4438752536213
-5033.22269457026	23.53651959831342	0.18469084556341347	0.4699492613947133	4.191638777417537	0.16286208265174526	649.0962891496699
-5126.478435399637	18.819610964614874	0.2765540821046702	0.3065499139559298	2.874960564128151	0.12380224906941287	676.9755719046735
-6474.687670753256	8.620933835871412	0.3381437851669807	0.5802099405696369	3.2198182574562915	0.12642753389946418	709.608705300969
-5050.512354905269	17.21878873696457	0.135000666974806	0.4488306999066263	6.276359795966611	0.11843951850298237	828.28803757607
-6957.99778592375	6.4198294806412255	0.31232456583264206	0.1314298974839894	1.0954649259695899	0.12145479906989526	1073.216297255407
-6511.923240708364	8.91834562682229	0.38343355691522135	0.17780451729060412	0.6847354176020155	0.14025951663164404	883.8400951443149
-6046.079565823966	14.510734210191133	0.4126782129924268	0.12792759450178814	0.367934151027043	0.12713538671703553	904.2393260716213
-13821.742458329909	0.5889599710256794	0.005521593410093964	0.001	0.10495912460456452	0.10930784776192609	2261.6045311555513
-5243.942615434857	19.604543909470106	0.42612734108904493	0.264305724398887	1.4139539381052564	0.12269315475998464	643.1297504566459
-13775.176836336897	0.6245362269138902	0.005537014086467224	0.001	0.31868491011844874	0.11528453007851706	2258.9233811233794
-5144.680022215262	18.65239317249158	0.29028874364871776	0.2985364655639471	2.6692622496165006	0.1243346864550854	674.8650104829054
-5105.774921710215	21.585857106138103	0.23523076461252984	0.46644542811951584	2.832622768547811	0.13178288113817566	583.3113399004028
-5019.449104976784	25.228109818249603	0.29427943695906045	0.5819931263619271	2.7285168037305763	0.11839061067652516	513.6325559243296
-6011.726139891426	10.33007318189169	0.34421031031217875	0.1605869146338786	1.328011890898985	0.11897130457718846	904.1058628080056
-8500.510824763824	4.7028415756086455	0.4846936654256822	0.10839190180283982	0.001	0.14309300686576135	1158.0854534695925
-7954.028885382318	5.0349074544423065	0.40436274642010617	0.11306718942779687	0.4312404972705432	0.16926201903360896	1150.2162590681173
-17443.296021325557	0.5993771120844912	0.005572299646225643	0.001	0.1577460860888688	0.49376454989469887	2260.5340651234796
-12113.785677112972	1.3863450624248057	0.11816200862945785	0.026435048672803812	0.001	0.11135196062364336	1981.464236878197
-13732.222815736877	0.6721868968656557	0.005547832138580731	0.001	0.9787253730335664	0.13185976814615147	2255.866058412504
-5250.051417280207	28.03615530161918	0.5580202170972816	0.2789695317476771	0.7129327632132457	0.12100869165012254	558.6069291470417
-14185.259673014687	0.4044418709625688	0.00568057347684542	0.001	0.2775315675333083	0.09340220983700415	2281.27783573716
-13675.830818063716	0.7289873120061732	0.005558259665838177	0.001	0.24814368189135946	0.12494849971482329	2252.498669494167
-13886.164244760685	0.5394006330553284	0.005547805008072059	0.001	0.20646841574764516	0.12480649383479452	2265.6867229982995
-5558.815693973319	18.08280132850109	0.48807295558028224	0.17990359746217036	0.7404219840129113	0.13224817009332898	749.6878196108203
-5877.459523731497	9.239643960363574	0.16194160033845711	0.23110249140645128	4.419166165382246	0.10012423476276619	954.3572816941252
-14000.706088575125	0.47406174641128607	0.005491280258100688	0.0010106129365168384	0.33652986224457404	0.11044283757019625	2273.388028081098
-13815.98786185554	0.5901202088203881	0.00554682665509968	0.001	0.20223739610710822	0.1222784415305469	2261.3896775910657
-11127.41936487106	2.370065399738608	0.11633218440544989	0.021140820831325426	0.46545297252525425	0.23866778358812263	1887.2940056668947
-6038.93132415439	13.52059949333896	0.6754421079682291	0.19665219941434536	0.5352959046750425	0.14768552090834805	737.4836424420953
-13761.762560869054	0.6504498964510326	0.005461326117219718	0.001	0.07175003939698973	0.13613947443670044	2257.550353502418
-5429.224949627491	15.769394532394168	0.3411245586987338	0.1937834155534059	1.6567334216667027	0.13688726344079669	781.7074815325458
-13126.257201969693	1.282750484816689	0.13981125530085334	0.042645807217963835	0.16847138309106055	0.25035516244473305	1943.436822918189
-13854.051776297574	0.5615752804007816	0.005507208225911934	0.001	0.04606952606223343	0.12326641999100633	2263.9156698239003
-13811.244828652081	0.6679134644263428	0.0046840758517956846	0.001	0.33972398667467246	0.15138471699627104	2260.761420903558
-12932.046945234837	1.0949654882015876	0.06926968828224936	0.014159655154652371	0.021179941310804317	0.12790150337501627	2131.696003377049
-5186.496179203788	18.871853801483375	0.32583494335690144	0.3393340072540488	2.195241990228114	0.12366261977662978	622.1037308293014
-6166.502919872741	10.187391568325326	0.329521255955328	0.1389526702321111	1.0148308592941033	0.10708976557370647	952.9985946938499
-14040.39117881269	0.45521068996965414	0.0051817287029406215	0.001	0.7074874517769906	0.12942896904777912	2277.0007905517446
-13522.273124248917	0.8925582004997491	0.014118841630426728	0.0027693077087128414	0.24488697068348525	0.14855254345507396	2239.9972420465447
-12436.016903766176	1.26127526766079	0.07457788543358204	0.016449492534044034	0.41219731488074685	0.12247220306796944	2086.3864788530727
-5295.661231348576	17.682590015692746	0.4056500519463219	0.27191292522257676	1.6128836466383514	0.12333083794158252	656.8503959340518
-13855.464382852073	0.5731092148232406	0.005581677162865529	0.001	0.139468997050111	0.10068673286008911	2262.551917907428
-8231.277513332938	4.368156566035227	0.23243677951279348	0.07635276594940209	0.4688970134666805	0.14240861781444678	1361.6527843865645
-13959.474639766073	0.4934053486634766	0.005543341281830818	0.001	0.03187558050812208	0.11514365170226801	2270.3077440403904
-5302.127525892626	19.72153686653891	0.44681628760491143	0.23410416331373848	1.176077515540477	0.13248178901093755	668.942325523887
-8097.030163301987	4.67322310299379	0.404092437046333	0.10179693963330379	0.36970408930894394	0.1276974818974502	1200.672156513238
-5367.607569575252	23.55061403186494	0.5515008234637316	0.2290275757279872	0.6638316976811413	0.12309625292698334	633.8717198512207
-13631.590208149191	0.8232741783577664	0.00636008344139247	0.001	0.09535506769046545	0.10903878331447887	2243.972898152846
-5315.5897138609635	18.47414940720639	0.4018925033258009	0.22209090164580514	1.3443847229450419	0.12448878750216341	702.2641262079648
-4982.543877370604	30.192361910559615	0.42355792940435216	0.429084343424268	1.7285501013094573	0.12067671705629038	488.4288248234228
-5611.084755807704	12.268516372460853	0.3268564013228737	0.2452572820237166	2.2175660921747595	0.12671721109023681	770.0256583834661
-4867.193131022277	34.25123220505999	0.29399870043408693	0.4193138259296423	2.7521437913555893	0.1250694860964017	536.86305322928
-5936.510603739134	13.354192845337728	0.42279420363643977	0.1624149646785457	0.5843294970288484	0.11920498074482681	832.4143471505415
-4836.665083062895	29.283321715373006	0.15569287903804088	0.6804060638589944	5.554720399361987	0.11349858266299108	679.8971757815791
-4871.2673086026525	31.461295792550622	0.21727993899453074	1.299805186025326	4.056161161459376	0.1163315790519672	524.6726551119954
-6556.418559659862	2.737519870163707	0.03458902697467047	0.8307224666887258	11.644395922181488	0.09451450423146794	2495.165352804816
-13571.733144932568	0.8786196165660949	0.023648979164332666	0.004449715962153249	0.20503540441429433	0.16133717668977612	2231.851936038855
-13901.281923019766	0.5308099653942693	0.005553064719042594	0.001	0.24985896326358942	0.1099087139970508	2266.4694153075397
-14084.997888080215	0.4362398376489173	0.005557778998871122	0.001	0.24439678749543092	0.1354097757361431	2277.2786857951587
-13855.831647853951	0.6072479073507712	0.005762225607577954	0.001	0.31437205149880737	0.1553852343624099	2258.943947907577
-13546.967711820502	0.8514543117488396	0.011738149622971194	0.002190204354583723	0.06114874223627971	0.11352856140917592	2244.0171917502703
-13666.195902307105	0.739485120736521	0.005554446377402499	0.001	0.14025251291312518	0.12257319803056768	2251.962015648681
-13700.405991022542	0.7080616427082091	0.0058131328020865946	0.001	0.49490972536188627	0.10794808501250593	2252.3025238046266
-6551.361756704363	8.122955716297618	0.3539917245633805	0.1495292685302038	0.8922232319174743	0.11808213371086822	966.4984803199428
-13993.390465554168	0.47466596390794136	0.0054818688607911215	0.001	0.23141324910312364	0.1151796942296201	2272.815235316273
-13598.622853586985	0.8200675002498974	0.011495675326327389	0.0021128026832888938	0.08483562532823334	0.13529796890449863	2246.2658077930832
-5769.390461326198	13.138051797101046	0.3811533918822357	0.17423456801850243	1.0074936565801993	0.12221221573482693	824.4227704065017
-13765.671838648072	0.6367686586253591	0.005594467623062537	0.001	0.09300589171238717	0.12794358477405185	2257.737678431947
-8310.19194915218	4.34990201315461	0.27891588523496536	0.09762572497884427	0.3031638153969096	0.12443667755987174	1269.4019510391272
-4939.885501103246	30.65657890155693	0.38423783003369383	0.3745868745782247	1.9519882120185574	0.12236461335398967	527.616849939487
-4987.921776245629	23.55218804823753	0.27079476759776705	0.3109423190393569	2.957171031729168	0.12414365264617631	649.4514615625919
-5089.471259240711	21.336916564014086	0.25499115010775925	0.3234908164345601	2.7341597700754083	0.14657084975853502	647.9596572959981
-6362.002522345588	12.32230477772729	0.44352190077872805	0.11881729247455772	0.20313626259247472	0.11254366005952664	947.6665913665444
-4994.977919532622	33.60125739534044	0.5086858868206987	0.3807945656559566	1.351701283516108	0.1256441143640293	483.930075076521
-4900.635117751773	29.156584810912726	0.283014523775662	0.4519469629630686	2.9482207582438575	0.12236790754593423	548.7259404428976
-13908.984992163165	0.5285596389602246	0.005499978781624207	0.001	0.04661343613228537	0.10655096411353052	2266.950832927902
-13772.555906293304	0.6321486364844849	0.005651510260588004	0.001	0.26148693057209	0.12977957636176046	2257.769556233761
-5145.545875775719	21.42656555423536	0.40907900008942355	0.3094148154390116	1.6448880983907146	0.125124282963094	598.931608270509
-9223.670304014151	3.4811155917496315	0.42936382814306756	0.09033957642545215	0.06279179780190997	0.10650065183215905	1305.5663010885708
-4844.743051604564	43.21106369378132	0.31857634367113474	0.5062372730209668	2.6976422739209744	0.122062204082385	478.6925318999698
-13672.734684043251	0.7430294090629166	0.005575176560571197	0.001	0.13486748074893984	0.10521838218912705	2251.674573272123
-13780.269522537475	0.6203666534016631	0.005436983021859397	0.001	0.04398551070525283	0.1203116820225112	2259.715667359182
-6869.19527114526	7.556087439531212	0.4579147619522057	0.14349876745336487	0.5620824881962216	0.116418865181241	970.7704019029424
-6266.708693723722	8.08789773013309	0.18745332358227526	0.14200428744978622	2.7831394580598916	0.11959546302535544	1061.0966118203633
-13774.192037941273	0.6469057671850327	0.005852862297502713	0.001	0.15489660460580623	0.13951603909653784	2255.690166822516
-13894.04142384843	0.6137816277423759	0.005461462642489194	0.001	0.3219226283990472	0.07761986277797306	2260.100808775761
-13873.599994401877	0.5497837607657036	0.005724199552728179	0.001	0.06019598493149418	0.12630121492269197	2263.7530600717146
-5017.357101772417	20.576268695139568	0.19469244304606698	0.33790647246266947	4.305884354350684	0.12011586653890717	719.4573136895832
-5035.329495763428	21.547379138312753	0.2753226260393006	0.32892816586324514	2.909307981936732	0.12584399492765252	644.946786368229
-13568.52531194944	0.9070767149842219	0.012655344209086978	0.002421736929232384	0.29336628217916744	0.07957240662123916	2239.6235612188966
-5100.396588078112	15.631611912130822	0.12065081643542906	0.4238540609849642	6.8697954263167835	0.11403571251573821	890.8082828255974
-5394.989509201801	14.495354989174162	0.3152831316914413	0.25460768022578995	2.3849239171536785	0.12213026494106213	738.5566740371996
-5799.7122786407035	11.259136604935184	0.36142966760910195	0.2235224528696195	1.8455824564954992	0.14564245125650646	795.4157489235816
-13646.754302368709	0.7630953504584733	0.005895527855945795	0.0010669016584389638	0.10301394120312067	0.11927105486785473	2250.9642954977517
-4995.320762477689	27.24699844257863	0.384984447566464	0.2956987449522105	1.848439718700606	0.12474186329849105	592.2877979262445
-4846.682694578141	31.95987012546083	0.22495035258837687	0.514735845052176	3.9627335001181483	0.12314626066378723	579.546062723595
-4823.906390048836	39.79920016522139	0.23256720841179587	1.0364304686659151	3.818033093495408	0.11669213164005285	490.64729332109454
-13646.794319944318	0.7863483992908921	0.007095108237695934	0.0012901097524107507	0.39253307302124346	0.14036530596768987	2249.828486047816
-13633.432555759435	0.8740677349951056	0.006384118991904083	0.001	0.21277400486062148	0.09346338631320897	2241.9183221354783
-6219.913471259965	8.888580240211137	0.3707028840996083	0.18994482547783303	1.465412577222341	0.12838597483942493	879.453490688803
-6245.30437846653	10.46515905684118	0.5512845218335184	0.2534575181214046	0.8327499856562878	0.11638146215709652	727.3687548692684
-13592.537906902931	0.8256092821641225	0.013435482638987903	0.0025315645406100208	1.4310273611473128	0.09993627314442198	2246.0595317456623
-13761.575072582213	0.6386456924792212	0.005555161035119137	0.001	0.13247885886484126	0.12547716765771735	2257.8273397923267
-13728.203503049544	0.7194389803236411	0.005614537006692712	0.001	0.4781143316530861	0.15084884221657777	2252.742118298823
-6305.620335903695	9.137959152383802	0.3270071911213159	0.21486194561736968	1.1666943205341744	0.1310615273114955	841.2479431045967
-13884.655496046362	0.5552937901105945	0.005563914085660576	0.001	0.10043163159816874	0.09846400116456405	2264.1528887437444
-13827.299857997192	0.5984583291897256	0.005575149068834312	0.001	0.41777426415186236	0.0987484890198469	2260.6300632274406
-5156.745859665871	17.961941116377094	0.23737714905758553	0.2511948984622545	3.295767432565528	0.12234539730475434	753.8988053804095
-9820.940120405045	8.114582254899041	0.3562263107329956	0.13293646196339784	0.5139342312732592	0.4601734461627915	1000.115367511886
-14045.517942162503	0.44877823902981395	0.005510089921497934	0.001	0.29341620435841453	0.1137857421386507	2275.878286776254
-5561.063250186866	14.023033054210892	0.3871693924398783	0.267525909173969	1.525035390569199	0.11727409883321056	696.8191594661947
-13782.447380526275	0.6199601867665048	0.005554876923742761	0.001	0.2084888085611737	0.11171372911647871	2259.1286375106283
-7099.003278121098	7.534468934444712	0.566389884080866	0.13061007617222553	0.3381438523464787	0.1318320340128638	980.450621720804
-13659.695399226552	0.7475448141918895	0.00555419660163044	0.001	0.2148458485508387	0.11497866533640191	2251.571982673834
-13869.061337075766	0.5532608629769715	0.005645698007950072	0.001	0.1163400289530933	0.12796064047270064	2263.8854036577955
-13853.173603975065	0.5621104973484585	0.005491745920230087	0.001	0.10161132039211035	0.1230154514922736	2263.9641772834407
-13671.81364525572	0.7317783443754443	0.0055548295670949785	0.001	0.11310298699725282	0.1189629083017	2252.3494089415744
-5159.168077643657	16.86029018224486	0.1952930537260039	0.29571534531471716	4.3096956599680745	0.11620827126316957	772.8590993840239
-5901.197745378128	12.427544830018405	0.5120998859126351	0.22270831575841965	0.8604634945110622	0.12312187132236664	737.213364399957
-13734.089258729384	0.683156755390798	0.005806473585073083	0.001	0.004315332921490609	0.1377294855690478	2253.671535798169
-6145.183902524533	12.129676798258018	0.5121996500472656	0.15946277902111355	0.4575198636751368	0.1112974952673856	839.3427597498999
-5713.5850540574975	16.75620982214264	0.5205452583403262	0.1894515406035613	0.5249139946599033	0.13004179743108749	735.4172253525342
-6206.611461763607	10.404803025540776	0.4734475344646384	0.16948649918125977	0.7624211195930936	0.10685238619232919	854.8067198386206
-5535.514870499518	16.630715421481217	0.5159885834562917	0.22331258795517553	0.91700140742092	0.11244278852090649	692.2535461466049
-4872.956484463483	35.3819716616454	0.33221565475250175	0.47230880024144467	2.50362056653899	0.12242366033896113	496.23157468677675
-13796.17064413369	0.6330071230934287	0.005196952665547994	0.001	0.08022162439438592	0.0975185611803362	2260.1556838077104
-5960.15156224659	13.716426688736624	0.4655708514191466	0.1715716179660638	0.4869851717156954	0.13569960078296645	802.5718180634074
-6842.0012872094685	8.317368765723092	0.43928052878391965	0.31272163711925877	0.8377434710056633	0.12322631603493522	739.7181510160117
-5977.676708220397	10.260776865141128	0.29879120788002356	0.1871774250765137	1.5287321906763645	0.12492798088181405	870.4763988467988
-13862.913724756958	0.5556769383768022	0.005676867257513545	0.001	0.10156010214311688	0.12356272097315389	2263.497937927588
-5202.194093835222	16.95523325800059	0.232656398778094	0.24460580002788207	3.4131098409524454	0.1143268374835926	773.5686223050067
-5016.47070082673	23.529153360636307	0.3233758623734166	0.3173638471153632	2.349107901508979	0.12198633372465442	614.9120694985171
-5798.942401309144	10.66956778229029	0.296358174763179	0.22365270692438566	2.2380643955788404	0.11300152717194008	827.7657265801204
-13686.70661702426	0.7887665000545593	0.008404250716744456	0.0015332773643653957	0.3283374346807107	0.08600361939966393	2249.520924639198
-13677.680905930916	0.7266888521727297	0.00555472636448969	0.001	0.5437573296275029	0.1122694653082749	2252.685011471359
-4907.7045849632905	29.63606731529845	0.3039833169680002	0.36003521659510807	2.620132546565633	0.12168533684910746	574.3591704420958
-5018.196168947674	24.73745212279545	0.3768008446930065	0.35065199453731094	2.047702052279528	0.1235654767030731	568.6637547764439
-4920.539543104946	25.288333029184642	0.22157076532772746	0.4030193962467206	3.940181583364183	0.11663502123083987	639.8476209911805
-13614.141465543185	0.8039955434764584	0.008944914588685392	0.0016460706970253783	0.16230965797520167	0.10631700458258463	2248.564711486758
-5525.715645290018	13.837404199210212	0.3225372594915665	0.18706853510268515	1.8819895845998664	0.13016703380012487	820.3748987774678
-5033.438249414268	25.303043431281836	0.37021755763428793	0.3800907609618571	1.8864797426841406	0.12615089798777496	543.7817668693539
-5105.991585665308	23.991700992604336	0.4540223861152968	0.2996909031738847	1.4522999220352124	0.12089081724808544	583.3559448646912
-13803.48674033545	0.6001170935295443	0.005540800314388644	0.001	0.38575707342524984	0.12236785230414235	2260.68656556815
-13815.315568493039	0.605852568950899	0.005548785970363428	0.001	0.2165694048206028	0.10022844969322281	2260.186208956747
-5598.303517106222	12.756716599965403	0.232748272267521	0.48189197348988805	3.275341320966569	0.13913006195521785	683.2436078228343
-4853.253705398728	38.672423643994165	0.31798892082312236	0.4538992005673132	2.6517701076462434	0.12208719834425037	504.05046461593616
-5156.746415854925	24.251512655487886	0.5011754058434634	0.3047355779719066	1.1806128484088607	0.12321364056072324	566.0746590165414
-5404.429356583279	14.586356981880245	0.33713090691371145	0.239330538927907	2.2944424780983157	0.11750416815185678	747.3538689839239
-6764.295081364461	8.5092412222013	0.6526149445508859	0.23336379885772326	0.8396599723644679	0.15888753699086708	777.8551987449117
-5476.8368078363455	17.880185545934832	0.49928301028539745	0.2379937765467214	0.8602981585247489	0.11913278235165686	664.3852048515233
-13725.710857591865	0.6864374947969211	0.006038232678546412	0.0010769053021141039	0.23663815338442526	0.13316180081174223	2254.8789593417177
-13831.729481566976	0.5775694022978576	0.005623897784136516	0.001	0.21077903050420013	0.1201402889137063	2261.9690990959234
-5449.0884389133025	16.29564494052607	0.3908610672619909	0.27826622343957247	1.326313751649524	0.13060129689133543	657.2725086934944
-5410.535553121923	14.556529868660812	0.2268026964598549	0.23444200980994284	2.873781108897716	0.09729227947207371	793.347968138789
-5572.773852773121	14.545387994061247	0.5125757129879203	0.2629730790290435	1.4861060761611986	0.12711114679369384	677.7288686117713
-5273.102303859238	17.97033900443633	0.4030241743260486	0.32957656393715734	1.8888850394401522	0.11383359496503528	614.729012283196
-5562.797917529673	15.656289765393433	0.4482339509239867	0.21670586823954874	0.9759502215969953	0.12053555041700506	718.9298481823769
-6168.213986505195	8.335064582038212	0.21877713448276317	0.13746674550869944	3.399799035426844	0.11091111451190028	1064.7089232408705
-5229.796613945945	19.72174041019539	0.43650009706864984	0.28824895787876886	1.503725073675414	0.1309876276037595	620.2829089605281
-5187.0184168302385	15.253579716658528	0.15963144504318316	0.39295292267872173	5.252968775727046	0.11819326849145564	796.1502484625191
-4843.933622968799	28.800358956640974	0.1115425176285796	0.7085507745041331	7.993525743831114	0.11475692600134998	875.7633531115109
-13891.947584518306	0.534728503477493	0.005493906773509092	0.001	0.27953315802091533	0.11509134181274092	2266.435550678719
-13578.697365563465	0.8355692329836746	0.022173652402426098	0.00426345283467272	0.9135444851694862	0.12784016611981958	2240.102300813574
-5288.862874386603	17.123078053766267	0.3555541053496876	0.25460131662483904	1.8376785503113753	0.124715464278953	691.9625446368316
-13557.764005123849	0.8396392814470515	0.013087484653506707	0.002456314398576349	0.24432625070679714	0.11845277624944571	2244.3826042777237
-5054.915328470126	22.061305974761943	0.3084313855364101	0.287066846087502	2.3568623086861225	0.12412774383745302	649.6884875653909
-13803.240213000528	0.6019611401207211	0.00550919124254752	0.001	0.27679789544467837	0.1256989188024455	2260.7045872082535
-5091.816162844252	24.580926233725386	0.4916644935214351	0.31322339278589084	1.6088850614315018	0.11638116404366208	569.8462771008119
-6390.882796786776	14.109264876285016	0.48238852383329234	0.1141523017670698	0.05100213821202464	0.12971009894299523	936.8484355701207
-12932.837774283409	1.1368037546265453	0.03620036327287534	0.0077856007664478056	0.29630317933784667	0.1013750910745884	2179.57145463231
-13680.72926272959	0.7350091333886488	0.005688966509318896	0.001	0.0029270120291529974	0.13380263694916536	2251.455395970261
-5142.828962607642	20.559557754785928	0.3714220117719022	0.24454052495559828	2.014044151417185	0.12202932924429	681.0809543289623
-4992.28105863542	27.6504381179834	0.39701601377071505	0.428419454483987	1.9659568984647022	0.12487556400614463	508.97831756116426
-14077.434083124821	0.45769033877758664	0.005557969846885271	0.001	0.061465260314902743	0.15242565537449337	2274.421512492718
-8071.94581451845	4.735330441283764	0.2750884447882579	0.09146401053152485	0.3045944083799176	0.12103399512957443	1267.797437414207
-4920.571670285965	24.916223524437324	0.2115361253345139	0.4543078492131618	4.038735659637172	0.11887227368209578	630.4212336991455
-5279.55477503514	16.666447384535704	0.3296278306731644	0.3168189323626344	2.3129034275929317	0.1294636010533639	658.7121464087714
-11407.042859338459	1.726110149311629	0.1546319435724232	0.02793827826426781	0.08817924693891137	0.1460102831963582	1884.842624639545
-5011.713935241668	25.752326378954717	0.3821935335781803	0.3161876606849344	1.8752275065810076	0.12382565212520892	582.4873369719716
-13912.926347303735	0.5228352514328074	0.005552583703685881	0.001	0.036535517640206266	0.11108392497649112	2267.208658684037
-13748.207665792153	0.6625073646829448	0.005554942500248114	0.001	0.08102585768802573	0.1355848624543156	2256.2768923822973
-5108.351845099238	24.048012150104455	0.41219436110538726	0.27831900590880715	1.4458193313402559	0.12037393452673457	607.0406251266885
-11915.09717412042	1.9345243512965373	0.1048244880349874	0.03590978228982505	1.0601891791813831	0.31111934288826587	1855.3795322819687
-9151.487197569128	3.157018905699144	0.2361756727122045	0.05706711156467341	0.506466990295749	0.12508853602850667	1530.1154494662458
-13752.104336030665	0.658160233536763	0.006073843857585647	0.0010474540369419102	0.28357086065902876	0.10737000741220246	2255.526250741128
-13715.51613538175	0.6835507219206401	0.005676114010890125	0.001	0.0416323985497312	0.1221877996990261	2254.347698404315
-7279.560196609224	5.803168460262882	0.2733634269972931	0.11344690231067042	0.9703114817796523	0.09918489386285459	1154.2476581539602
-4843.311863982102	32.839924324799426	0.21730578016212165	0.4831090441175465	4.031436875067597	0.1257330739069773	591.0176697244126
-13725.625713992928	0.6718110110865984	0.0055424058541208385	0.001	0.10244370796839344	0.11764591082940687	2255.775976548818
-4867.430867947968	35.311908718832385	0.31828050176618217	0.4705482274765344	2.6115249448787896	0.12263267503626318	503.595765094681
-5448.288863649908	15.071950109451409	0.387472641023619	0.263146601061096	1.642987770816617	0.12528722845132687	692.4076069648186
-6198.751638311797	9.099576367990656	0.3693624860183966	0.20040056693379596	1.4067881052690745	0.13255963282223776	858.2792428087478
-9381.482801782768	3.285458141594611	0.3437200572315583	0.06888007192622606	0.8835507947724768	0.21802386728991027	1426.9749421238394
-5242.419023886309	19.32283496631524	0.41453474801541773	0.26378499280468104	1.4828573389796438	0.1210951846651559	648.6645150261138
-4834.118902831423	37.777491414044114	0.2612946886602693	0.5166531529057441	3.2932840198905153	0.12100680195015309	523.3107731037568
-4836.261125316656	35.931513497508305	0.2459352260072169	0.5959745169160624	3.6806043446439287	0.12846790000292768	531.3145520922421
-4888.540516895401	25.177426712956926	0.15994985798965672	0.49954152062802243	5.296273067822478	0.1156512879898408	700.842223592604
