# /groups/rgutenk/lnt/software/anaconda3/envs/donni/bin/dadi-cli InferDM --fs input_fs/fs_054 --model split_mig --grids 178 196 214 --lbounds 1e-3 1e-3 1e-3 1e-3 0 --ubounds 1.1e2 1.1e2 3 12 0.5 --output inference/fs_054 --cpus 10 --force-convergence --delta-ll .001
# Log(likelihood)	nu1	nu2	T	m	misid	theta
-8259.24712384784	0.017277099249938928	5.248855229794575	0.25030850910681113	0.4636554177671331	0.04842145248571305	2983.257963351093
-11409.902506994358	0.03804396612078256	3.8486534387034013	0.17983036526661184	0.029689327250705128	0.047899292702894614	3544.2488296510414
-3070.5319271272124	0.028071472834848978	16.509527677219527	0.3830350306538939	0.47125595020725475	0.046178217051106855	1718.6168239218225
-12431.118549992432	0.01875325070286373	3.185696966333739	0.12727891131902258	0.3535081643887232	0.04837113049343359	4129.465574901742
-9845.52298286954	0.01800496338317247	4.230181505496838	0.17549761488112733	0.4283967569748752	0.043041873412296254	3518.1073307548404
-13725.026396894009	0.008577109426987056	2.677949821725681	0.09849455157989505	1.3353541678283156	0.05294961525925711	4659.690887324213
-27444.801635817825	0.001	0.5191516141140947	0.0014478644994953412	0.5572700121606581	0.029209711996487135	6612.358677481502
-11062.966885442489	0.04245672756668543	3.986588937344935	0.16933034542356856	0.031746627126330564	0.04030830427214197	3542.864092906967
-26436.031180083275	0.001	0.7970672963929061	0.001979626958946423	0.19832176414865058	0.019309905404807932	6544.054002347344
-29749.50142317085	0.001421494130961574	1.0402539158044104	0.003610315624636039	0.0986457907893869	0.22059890275588687	6487.662389057376
-7250.590022956491	0.02491723699404365	6.503364412765598	0.2641083953701122	0.17285372768738586	0.03612126305783046	2666.1976549476344
-5726.2897589195145	0.019800581918859386	8.11007411323141	0.30174696169290527	0.34189619657459913	0.046407184600731566	2381.385917132074
-8329.622101309507	0.04210657734923722	5.823012538605698	0.16867015793671855	0.027298588876353256	0.050078368261906515	3135.1074163542244
-3332.9015436820737	0.04109594313498229	16.319590910425394	0.47779214332034464	0.1888293481217627	0.05047620523187558	1521.5382796282902
-6173.4828461351135	0.03002919892690905	10.018602297373125	0.14714869835426983	0.09839773775798163	0.041376809998400516	2861.874753187992
-26082.97375716311	0.001	0.8596016638435543	0.00212395440506231	0.14501263788234547	0.03294789624234663	6531.0500155977425
-5813.13007363989	0.012395621859044822	7.532933490441901	0.20975172803353082	1.0157355792487415	0.037557629342565575	2847.8569505516666
-6668.193933538711	0.03237105448796797	7.211465541186091	0.19153890580316588	0.2031758402701304	0.03643661565633613	2847.0455441703193
-6786.803902727353	0.024560113346580505	6.718356426440936	0.20788526909079164	0.32777388605553837	0.04605166613835258	2857.8779056040285
-13733.433536008273	0.02519215895883337	3.099155458332175	0.07825956443545444	0.017009073546935448	0.05640198383284488	4517.924690051179
-3147.5959906518756	0.019865021887130414	16.69642984394565	0.331315736888207	0.6941994295548832	0.046086982074059625	1862.857292580112
-26528.52561875141	0.001	0.7522550353378643	0.0020157858697150513	0.04395203434908886	0.022622894728757094	6557.032390387135
-8067.212575003081	0.01791247599841058	5.5219609787071935	0.14512520062329645	0.6461314221330691	0.04183429293249281	3414.895634669027
-6824.205101785136	0.030345383947166	6.916023038803689	0.1604948883192421	0.9376742790705805	0.05177869517692525	3118.683959138713
-3968.350014093291	0.028861672373673715	12.928570873540844	0.27320927048461247	0.5025755414679872	0.05905521632740763	2132.037103238172
-6860.125646221308	0.03997687070014227	6.8554375192571	0.21027346099255476	0.2065371832449115	0.04731179848296516	2798.1740992250625
-11297.964438522411	0.012199130483513973	3.9312241262341567	0.0808863036601421	0.9947710916777932	0.04113403622310106	4327.274260402967
-6205.158841301289	0.01783047281956631	7.267280829342263	0.18846347814112915	0.7878133771147193	0.03876796051317509	2935.8593415600035
-27853.847265821172	0.001	0.44822051038461463	0.0012758351744981246	0.5478825029319841	0.04463809991189557	6630.353802901262
-5498.724581016953	0.04204261967088785	9.343122744374934	0.20472639677389634	0.4867646801989475	0.02730715473919318	2594.6730010870615
-10800.116409705126	0.01589689291301425	3.819066638205312	0.12336097847425684	0.6119116746464864	0.05435443204869828	3956.651746664948
-25544.24909304016	0.0020213648047199724	0.988330914029334	0.0061448301569747565	2.7673075168698333	0.03631455924916964	6511.595253766741
-16952.11853644484	0.010417084285825374	1.9678461108184981	0.27253187682188784	1.2173453294435963	0.05236592132476979	4639.640886921985
-6398.046436672519	0.01624325646446748	6.77720079953206	0.22052132546726158	0.7638712108881501	0.05111220388380888	2861.7842496294124
-26971.95986929259	0.001	0.6106685509883976	0.0016198824588620434	0.007390122006041233	0.040881490899529214	6586.985186119257
-6263.857668084783	0.025620153458673522	7.788644855228289	0.20055658503033816	0.21678113093180826	0.032781912533921306	2748.0900669097778
-10757.497530126187	0.008571390619578623	3.939544143537587	0.2815129062213978	0.6221586046672185	0.026798732909034666	3301.221055863554
-13276.129973213563	0.011896146430130445	2.8901107351610094	0.3275836377198341	0.9890214543399659	0.044031591115692534	3749.6888202608493
-9789.867332209757	0.04900400652460364	4.85295256515471	0.23226202181203884	0.02260860364993653	0.052549609104725434	3040.9645143851994
-5177.266614893706	0.02329225255419331	8.811454005165352	0.25833956617233667	0.5015118862378538	0.04573698974706305	2455.862557276284
-5422.761021242487	0.019667161679090186	8.58501367628672	0.24674915543438533	0.41198862252950397	0.054923511292202506	2509.4814609404707
-11514.452859248977	0.023918706395097845	3.415172323108247	0.2035923705994643	0.7251354498998145	0.04099814590888337	3703.621071488711
-10045.30107855763	0.017354938428148517	4.078055070870263	0.18549678674393225	0.5306975576237952	0.041266417168883365	3530.7725898917533
-9487.156772452863	0.029691671684120634	4.423719335298146	0.2001326376205323	0.518349553830633	0.047427299750292	3343.6605570931742
-8624.576173831028	0.017073401479549357	6.79907142066551	0.8027212690360486	0.6905569752318915	0.01829871159303238	2025.913649982673
-11801.317453306168	0.016437833048522477	3.3988212340898123	0.13719999424002233	0.4547477570693066	0.02949605749701555	3999.4645955824635
-3127.073297002606	0.008643349348997928	11.450436060327569	0.6518442839962739	1.9527516588410772	0.038301167292050194	1987.3773159275822
-5949.093036303095	0.010902495568945778	6.961462784243308	0.23544155906437225	1.4443282592123265	0.031463759729298046	2885.6582823266376
-28376.55294001916	0.001	0.964925717818578	0.0024238005383374756	0.019109026182798586	0.1702670428410846	6509.524696326787
-3400.3787221108487	0.02221549578283107	13.429652092546117	0.3789050715595024	0.6995672086705458	0.04386259436605571	1886.1560236278003
-4339.745418552524	0.026218559434165994	11.784476790841442	0.24731172045351527	0.3619242285413624	0.04257139488980632	2263.801161569651
-8710.510515640624	0.009802834639705162	4.6155034374568515	0.1725481941158051	1.2363013898229531	0.04539438824053034	3538.191505877329
-7910.7154776075395	0.006688629439367943	4.516475789175089	0.3814387568240278	2.3079952658328313	0.04389770054783649	3275.572599338382
-5756.215033379437	0.026884314443243903	8.058410380837111	0.2571292508676134	0.32026123405996954	0.04380992348440784	2507.5556691063484
-7474.494787185985	0.008947632871696485	5.2677388486544245	0.38773959611452896	1.6224962945081776	0.03876977567934827	2905.4739782538904
-6424.564844157199	0.02294118359040078	7.5937862717517985	0.18898107830492658	0.1936459375088867	0.04485031730098756	2826.084057719097
-3216.553265482531	0.045194809924630354	17.948621378327978	0.3757532502779708	0.20271696610020673	0.039572955678407275	1641.68308754109
-14419.543408345786	0.006837261820867522	2.3812393768796394	0.6856115060642621	1.7438260420438698	0.0401960456227267	4136.936849185679
-4904.654952759248	0.013932425630035218	8.615709736438715	0.3923351319680827	1.0733484557452202	0.04459689461525801	2265.966011207097
-11312.19839325671	0.024649901061300508	3.784680427494093	0.11616691768760919	0.1531593338218803	0.0401995100654619	3965.3054738588903
-4528.8622538824275	0.020385023311781426	9.81104836109437	0.3441376260129558	0.6716479080819002	0.04408667165102597	2172.359159279716
-7753.135644019416	0.013270959831935903	5.331906454541688	0.2617720993136811	0.9355264025422817	0.04465569434940293	3005.0047802285335
-3738.0101779262677	0.03800410668607127	13.39586514521388	0.32102175651639364	0.408105946711656	0.05395260569244693	1956.8981127844
-6973.409071284856	0.030797912197068376	7.009710475547413	0.26327111602558007	0.09453757384925114	0.0552643650906559	2582.0745104041184
-8450.753802237405	0.02032845682528936	5.290880984923658	0.13772828000139986	0.5758789229588863	0.047896697064543234	3494.1116973254184
-9987.7131510422	0.01400907871417661	4.052020309316232	0.2839100739426164	0.9323446911997143	0.039262755023039705	3291.243609876783
-6429.396176475246	0.042642899491307465	7.620107855592744	0.2127335758053581	0.13399926871128698	0.05264931390086501	2685.935983575502
-7765.805005919748	0.015660433440245185	5.464946993760585	0.28551962390635416	0.7611559487860493	0.046500836935110104	2882.869103412571
-5934.743466549852	0.02230761369374879	7.923389432416929	0.19274085027124982	0.49379556956661347	0.04474524226622703	2803.7751611050126
-2983.0611640707134	0.03873148024631609	18.45746671114104	0.45271943443543583	0.23648985705595937	0.04478951422767338	1501.9720853170388
-6123.268179682634	0.009862006578833295	6.459705404250722	0.3006718404892464	1.552022612869666	0.04110742756825494	2805.7034095427134
-4985.366220634088	0.040505258542630415	10.212248902767012	0.25348187414126366	0.15597823310306788	0.04425006721907076	2303.986761075891
-10869.537472731812	0.0626330711020945	4.368731151303303	0.33314604976550505	0.30841950235723326	0.06896896735157985	2911.043671151999
-5789.41932622915	0.029547623398595065	8.289299846860734	0.22611652818731184	0.23329432740816824	0.04370897104682248	2583.693076178834
-4282.678443451552	0.008683640263788567	8.879472480362015	0.3375070248447176	1.9798315645410969	0.04096158752722698	2511.025867884356
-4184.322207706184	0.026290614291055916	11.715650016195536	0.29684109666318387	0.32146092648096847	0.043152810559831646	2104.107805467878
-26758.835128758776	0.001	0.7181683885522204	0.001863922143717398	0.01984944753484106	0.06712489393627401	6562.494437472786
-26417.055626266527	0.001	0.7531615672881224	0.0019197545036379559	0.020626356469538733	0.04084070432914079	6554.103913740961
-5554.845679252048	0.023207558192304918	8.106733688304283	0.28913236821294686	0.5151878059851648	0.03779235203311642	2435.1938076433576
-6130.230889554558	0.03564507691020784	8.133055144824352	0.21726544799715797	0.10615893340457722	0.04406190909846125	2616.6579997404965
-3304.317452153037	0.011892786250872305	11.815522765454649	0.5538701942023431	1.5351715813419184	0.040701553422971874	1920.6900632899026
-9846.24363658887	0.03997182767255504	4.811144930469817	0.13468710124625508	0.0023689092239864143	0.037960203875450675	3535.2721789850143
-26667.48592462557	0.001	0.691667978460105	0.0018079572833201055	0.5445823919084489	0.028395727737694026	6569.262460432737
-4573.600072589075	0.043815666210960204	10.482686036845124	0.3195655448042292	0.35549556234476737	0.04279948839406435	2112.1538704425216
-26258.912041897034	0.001	0.8044116383857053	0.0020439906130770187	0.015058379904298395	0.04471290740701114	6543.239096550058
-15799.14158668926	0.02208098321738311	2.3441548177041613	0.10167855380229562	0.11739747980079399	0.0351281210200609	4696.186331075955
-5438.482428623059	0.02330724365480278	8.646809095848207	0.2748246479118645	0.2917946025634134	0.04712100705577362	2392.807872026397
-4895.424565754304	0.019044099787580673	10.092872752976827	0.4467043333107664	0.377921732479895	0.043452526702930226	1922.7281891725402
-9465.474505040434	0.023791899395869377	4.599991975808643	0.15417732347141944	0.2918252712051211	0.03374520912466015	3507.8151477643446
-26544.22684911968	0.001	0.7992988204403382	0.0020319774784985055	0.22738985447862767	0.07197566314482164	6544.642936643378
-7801.819528350692	0.03406507357794011	11.125414865604833	0.39619769256207554	0.4610066832948169	0.20529809196718862	1932.57622880862
-26582.60062215114	0.001	0.7249806788205656	0.0018598779573047275	0.08590275989306294	0.05347254283990022	6560.446766621163
-7354.478968751088	0.046428409974847935	6.806446298704551	0.20482713863619087	0.02868901156920322	0.03689824411795574	2806.4886957591625
-8954.79965185542	0.04953435305117995	5.888631498867974	0.18894383353740998	0.34347262308671367	0.12152987964319946	3035.7345164918024
-8571.422007432493	0.021364979966939486	5.3660854153667135	0.1533926853882585	0.16715698152001277	0.04566753524519261	3343.5464574060866
-4212.097255488594	0.020854872484989424	13.43394883055794	0.24621357075808722	0.2345006105623304	0.04426166988357555	2176.12793169455
-6774.067607080635	0.020737612300864967	6.627805607767187	0.3389169074510938	0.5704106262085565	0.046144118015098726	2515.6228920498465
-2549.024194037263	0.009731938571941831	14.51635955439499	0.5741998746637704	1.8963340714356278	0.041821232525577984	1852.9150686571886
-5258.311158961731	0.01843935151716756	8.672979347821455	0.23484883047954858	0.592558270676674	0.043279385520415777	2568.4616443574196
-6406.127938302429	0.001	4.936060649136791	0.41055459358873686	3.938736393787971	0.008734579148192586	3607.0119975218668
-27547.761596384807	0.001	0.49585218474641174	0.001387941580205136	0.15433254266326077	0.03926373011763149	6617.492739826036
-14320.318789432818	0.02450440883170665	2.761777006600836	0.09830605461807496	0.05461928920170188	0.04946768988041472	4483.027879429869
-8061.65335767642	0.013654098065720025	5.793564765554649	0.14723779140933435	0.30109943068963196	0.03672484025866177	3332.338570601323
-4161.674044477206	0.02881109973715463	12.54677400153199	0.2641303729164831	0.2827972595814999	0.04736894145849532	2153.0157531349796
-2965.9223905541326	0.030943336641848118	17.288142538186943	0.4107869309853985	0.4349101640849211	0.04686452247273676	1636.5168281074684
-6028.622306841529	0.014790008500970099	7.065446815411904	0.2987267942732993	0.8676277275493551	0.043723552597253454	2599.166866673911
-8334.460537161278	0.023570921675155287	5.421755549508403	0.15204929313983756	0.3260605071686185	0.0382693595544948	3350.9774371484955
-5796.300396938632	0.015111955315284111	7.986432580716189	0.18133705433360403	1.0031752261399425	0.04199991358797526	2921.533719749956
-11373.592444681668	0.013739716092905817	3.506773513226044	0.1683877900803077	0.5240038441328714	0.05511425236776933	3811.5575516102313
-3276.2314265616615	0.01112740634464342	12.878108159606986	0.3816654552379311	1.320409325441038	0.03942704016947954	2028.4785812722196
-4047.8717230990765	0.02740069512076977	11.501537415288848	0.338102125744971	0.4848309336624384	0.04353256685691681	2034.3102221023216
-26704.611265735555	0.001	0.6742030581804502	0.0018038142787967979	0.15405746335874043	0.03675621820292951	6574.145351105438
-9778.974476558424	0.012775380851825833	4.207509838643477	0.2440361541558975	0.9874712816930054	0.07623247316971075	3354.2390261380674
-3438.8252424357624	0.018040156357236537	13.521083537121259	0.32733069012204713	0.8459469266688708	0.04570172627615885	2017.3973775815025
-9009.415912388476	0.0170650509414626	4.873236112532978	0.2680562218836811	0.44296661465105247	0.06328541139123194	3015.0250515861494
-3372.6557413424816	0.011856931637010867	9.20307724687826	0.6177807574081097	3.0359662128642033	0.0484356580477469	2467.347604274703
-26986.163429188804	0.001	0.6281430960330491	0.0016839710428821922	0.3348668435284785	0.023297463129315226	6584.50880789684
-25723.119273940734	0.0011902852367726693	0.9934317482979638	0.0031039178416831822	0.32311143066698206	0.048873083613380594	6503.061610514352
-13406.886037741671	0.022130057383502398	2.9565824958657267	0.1166190480127458	0.1946008195161595	0.05878401048363863	4276.894864277853
-2619.5871099633077	0.007709570198511439	17.341662514007325	0.4910574725290016	1.2502354353216945	0.04835260477134564	1690.0297958272909
-11279.63801501098	0.01935899078916818	3.6268212460562537	0.25216168069679035	0.565679191586916	0.034118350319112756	3459.8966534540664
-16365.554167443415	0.007378054669601699	2.196904201928425	0.12369022174113395	0.24763415493475288	0.04457196481057304	4725.862793281871
-26496.632586953467	0.0016598715005317682	0.8324012626772291	0.004102885188409182	0.001	0.02534028143093846	6560.661524354247
-4026.9397097573337	0.02639694594885837	11.57068062273607	0.3674075469588894	0.47046142417407233	0.044399977415002935	1966.9282213851595
-18920.4403120227	0.006071496367613803	1.5314236832504597	0.19408605813663024	2.227649028648388	0.0605415026524504	5521.89078922702
-18773.293921632976	0.014071624383178032	1.8810164119466315	0.04779780050109021	0.1118548527699944	0.054969378045968506	5467.959903014288
-6050.777233515011	0.03048578276209353	7.946917063813876	0.26089383917909725	0.17018503048072905	0.05058026424605732	2485.86939009986
-26096.369180263027	0.001	0.873687053872018	0.0022119590649351713	0.3140129869296122	0.053646851363377754	6529.136664823138
-5443.279061285833	0.01862432134788195	8.176317255891925	0.24775775948895304	0.6391362225642585	0.043579882651622874	2576.454881914425
-2895.677781367686	0.014749145641230657	12.453394029474122	0.6120225484862246	2.041253280020439	0.04588245427699589	1951.9074468737233
-11156.283686128532	0.015970719714675053	4.277905040171662	0.07823105030018801	0.501769949207381	0.02890577168273042	4238.347152801699
-11041.755925143862	0.02430564083944822	3.8993139536443904	0.11391658074929181	0.5520847695708168	0.021963857191417517	3974.4836380434185
-18910.09936150739	0.020350946106513973	1.8011475876960523	0.061285133118595056	0.09499655870485278	0.036301965610989355	5374.426903867856
-13292.927525010606	0.015739565121231956	2.887201428545236	0.11792598146940952	0.4799942848327041	0.03279467488879789	4338.244477879221
-8923.471054281063	0.018590402764867037	4.837601127447824	0.15185023801796033	0.47027477677479784	0.04536545493907599	3491.9739493464317
-5481.6947300719385	0.02598599546241481	8.458081954979857	0.2850426431616633	0.3462547442965944	0.04244828214777975	2385.272577686531
-12952.755738435724	0.011865297235644697	3.0993717834240218	0.08883424379937103	0.5485237402112735	0.04000820480464796	4480.82707759737
-26685.63431010094	0.001	0.6822469586922895	0.0017599211116577848	0.09016292505504833	0.032111916686088586	6569.762128683343
-28140.30558796546	0.001	0.43191479521347587	0.0012559542672535104	0.1462928746479373	0.06454500296670027	6636.466390429224
-4146.974790910408	0.020534357919644718	11.432230316338366	0.35723553330840263	0.4071709288156369	0.051253046401463345	1991.8736510058861
-4469.6282812131985	0.041029236440074626	11.936018507903674	0.28789961909911554	0.108807030248197	0.04816796093119748	2081.2866106960682
-26328.64216140794	0.001	0.7796467404036445	0.0019679144542839983	0.04152980639697424	0.034909927510371634	6548.13222675276
-6441.818662299519	0.018234569570094512	6.784333482078905	0.2874747661904658	0.6288899222962344	0.047826909069526045	2626.276916788754
-3970.868963028028	0.03384561857817704	13.347486459351813	0.28681686897791475	0.22933322557637004	0.045043209020988996	2032.8950569486888
-7313.85266736072	0.004376188150605457	5.239600945840663	0.15861142342762063	3.708974490794311	0.03787822386831318	3788.9967795848984
-7112.522832184511	0.030273323171509825	6.462469008350647	0.29396314372568744	0.32486974005656144	0.05054971574745287	2599.745216816916
-26230.954177688982	0.0033797599955796634	0.9694515686457292	0.009055835993007728	0.2941030631970198	0.07851241492473839	6502.954798077869
-11823.643331822597	0.018367525170683005	3.6354960747821243	0.43529858569114516	0.8020307699397506	0.04019024532590822	3159.7918852137145
-3196.51091874538	0.0053362524991171865	10.683594841814408	0.776781902882068	2.42192738405895	0.05939615023348948	2146.2663519981907
-14737.229722627693	0.013874186205234822	2.462419837556761	0.13401226376487346	0.5224594980778039	0.04028164109657936	4492.543199392531
-5182.816201170657	0.03837633482847112	10.140895846726213	0.2870616688834529	0.08815294017402431	0.06171989512276305	2196.111194043514
-12525.846078739207	0.015334859432330154	3.188252684477144	0.11760634658086168	0.37801076441381065	0.058798669385770795	4201.5867888724415
-6562.52146904589	0.04576329350505669	7.5293077617970345	0.20890053111192067	0.09775328444140462	0.04261497250613793	2706.482225941419
-18843.04451070673	0.010647209562620635	1.6809767737303194	0.07963101898408192	1.1195479937291684	0.02887365426182359	5448.394749634955
-2674.8333554417995	0.01211513204007607	15.82997554552115	0.4740367877463192	1.4709008885867652	0.03447571915246412	1797.0166474036644
-9046.93977502239	0.01714599780011218	4.707958651657295	0.16579427103640232	0.45416883913200334	0.041832033950613086	3445.8490470584034
-10079.558939311655	0.0067380937718650395	3.532174991393189	0.2538913550797629	2.182451602678313	0.03925788634366649	3792.5153154902614
-26110.5625752313	0.001	0.853782044758344	0.0022155926346265307	0.20839038669737336	0.030632772277088764	6533.91315470413
-3695.822307264638	0.010391473655800464	11.140801620660493	0.3339503315387939	1.53644774036563	0.04175407789527907	2256.664665973924
-19424.98556983302	0.017371572354915633	1.7514716728824946	0.053790297027495965	0.0049800694633635265	0.037404134622420614	5484.397062398602
-7350.297843874878	0.09479852340258131	7.872437444130679	0.367937732918471	0.0032713674394478066	0.04566604681514978	2161.1746709681834
-3756.7838237310007	0.01765504551987201	12.945979539954484	0.43263210950766057	0.4130685675666254	0.05063438538676857	1774.953366908567
-26200.314001570583	0.001	0.8155287450522337	0.0021719916425143307	0.6860337267735955	0.03464767475498038	6543.8863961074485
-2966.7680241605926	0.023106238845469272	15.380175345112335	0.5030302291713381	0.7599859954985306	0.04339103855684504	1629.4544640223182
-4571.4464420951535	0.02804979117739483	10.275707779317068	0.32672576669193976	0.3792818129049082	0.04839284532325839	2125.9802089841805
-27809.764268721796	0.001	0.45377127838023856	0.0012797433842457431	0.004161069554077943	0.03427101541248501	6627.473526219955
-8065.507598262634	0.012307076880492878	5.1190686128006675	0.20894162470010572	0.8796879255267196	0.0448771910884937	3217.8906980483866
-8067.497812806459	0.022323070370549675	5.8970792566033	0.26734387959505834	0.11390277637932136	0.052921354291803814	2752.104903762755
-7149.938207413699	0.016215957188836068	6.055743750358561	0.23418854215538804	0.5935660365117936	0.03769143091655725	2900.9113055988264
-17011.304263723498	0.022137818889494478	2.115193526972084	0.10102244654255772	0.11130296912484866	0.0636977771548387	4854.574080945717
-5202.1459158546095	0.018103293673877544	8.622910461619119	0.35617014415278975	0.6233723161212468	0.04179612669385245	2247.801169516576
-7072.942703926916	0.023441786433255847	6.417960173141211	0.24860336827164073	0.29328951834153694	0.0428491497743584	2745.3993243457335
-9713.20706719946	0.019526628735208048	4.23602680336747	0.1478013968036163	0.7995062257019042	0.03784831475508087	3690.3174146201363
-16375.765398013049	0.012868575658530656	2.3350071877682606	0.3206031306346378	0.5189388139756059	0.06686983813640063	4064.0289737557955
-12850.94295128691	0.016150649918181048	3.298966502976109	0.12400893650259215	0.18364468686366184	0.08960600098052368	4098.489403459607
-7652.545985701994	0.007596706982032643	5.480178975048716	0.24524671161796008	1.6519530985226791	0.08858225816948265	3144.330991789317
-6266.621108041665	0.02827437719213024	7.973584354727673	0.3246379631767344	0.12117176442160695	0.04740569713648042	2301.0639957512153
-7928.688539028548	0.04492592985791879	6.033514660130589	0.17053448276155417	0.10693422975312872	0.0369671209075789	3093.2229427605776
-3435.691048041463	0.009344521623061156	12.996822542730394	0.2972239760379484	2.010044124685402	0.0403853385553748	2315.5584634510765
-14845.403984324475	0.007662426936083745	2.453556027046591	0.10020871327391441	0.6725754915453828	0.04355070502280161	4724.693910891077
-5158.214232076085	0.016870576803807245	8.291994674644386	0.32472788221367554	0.9391349402635922	0.03672305341136893	2399.4525941350666
-11830.282533702015	0.024463106634781493	3.5478703223234915	0.11369675139389443	0.15942845931254002	0.041967069256264734	4059.8088009610988
-25730.92586761179	0.002739323059585765	1.003870913500558	0.006935134798711352	0.004783118245258211	0.05496329131025254	6485.553587366104
-4453.801596744948	0.01587481220744614	10.229368910362052	0.24999487198662457	0.9244279563522483	0.04465811333520504	2435.5137598097817
-6957.6742261559175	0.017376107463028027	6.048456813023763	0.24716702746662256	0.8557343113263872	0.044124542149689465	2891.1011142547227
-6300.917612334481	0.011896624952837467	6.477241173693872	0.35318130827719835	1.317881140066784	0.03887156302124428	2654.061713949778
-2355.3850347149883	0.00929277632768574	15.791319224237702	0.6464628415048501	1.9023309445704852	0.03727399092923466	1756.7948624648745
-8439.619689127674	0.0138179380073164	4.9673182029636935	0.2333374228094009	0.7126041512598842	0.055269092419190195	3140.835976050726
-7418.899786811882	0.02841295128136081	6.476456971423543	0.2875024621519551	0.14118167271716278	0.03684703301179304	2594.196130145472
-7766.632774876559	0.02921076204040436	6.122853905897903	0.32628159442466703	0.22570131197491083	0.04646947891200369	2564.2947499017223
-4095.38789664343	0.021981422871980676	11.41005231821053	0.31833104955310526	0.48137476654748207	0.046222870324056926	2091.286807691033
-7334.906740519321	0.03924852912717634	7.265412225337602	0.1490162131503705	0.026471829742871232	0.04788810128916333	3064.422121063548
-27345.303583658748	0.001	0.5746422902710743	0.0015878456070752623	0.05830452475736353	0.06616353226723022	6598.629164407376
-8184.083121751871	0.02268727117462972	5.859356513871213	0.3319428088296307	0.2146028831544336	0.0564378330321847	2604.177451290094
-10776.587842155775	0.026818385534017164	3.9284269365663746	0.17585432329052814	0.19132778297536215	0.037832317608717844	3568.4844854056164
-9334.930300276448	0.018673789853648284	4.508426613020977	0.17728706970262736	0.4487938541254805	0.042685812471537916	3434.585673444989
-5273.341007856732	0.01651429112028452	8.33469919142608	0.2413386444610633	0.8435312561871844	0.04518511071140978	2612.403009140479
-9637.94486966564	0.0320809434968491	4.615159294423163	0.2112805053948004	0.13503310511611705	0.04579989626310497	3208.1342374614123
-7318.466660870299	0.01089077564674712	5.700403511615367	0.1668484104364772	1.6314283118287136	0.03782860510943089	3379.9337543844395
-7582.0185389021835	0.0028235039365522964	5.338444127063635	1.3531889544316134	8.140811916429271	0.2480553334063863	5812.254013560921
-26020.2525753133	0.0016666348737674741	0.9377967855328333	0.004133223760731038	0.024041054509019603	0.05656457556606728	6518.077189616909
-21365.05055083939	0.014780313004325845	1.4462886732748717	0.05484292011732954	0.1255487574624344	0.0417899345476965	5761.368376519257
-5642.8944461081555	0.01563799110387036	8.912904816799166	0.20226923657465412	0.26112070671267823	0.051617509289361825	2648.3787080610114
-9770.19525565099	0.016116370642423924	4.504440374789141	0.1976401431952677	0.15717108747739025	0.040302954414838436	3318.9522259155315
-5370.39832874459	0.01648858163429378	8.507590954152885	0.2776597304007417	0.534308044483372	0.06090404655051312	2437.988391535236
-9768.399879160144	0.022268990769959186	4.932998203341389	0.1146590768351685	0.08133960793771279	0.061864633262232134	3697.7691824887256
-5884.514458420087	0.01866634180320298	7.516323156465329	0.22454790801541252	0.7072119068208463	0.04996753551863893	2740.948861145486
-25575.99949254772	0.001153282592930064	1.0937237686258336	0.0029292953149614985	0.5146802176907327	0.020088335831126423	6481.341612071482
-14989.937713241165	0.020007795114645368	2.6018097578918074	0.07382059465275147	0.18555476730396528	0.0401769682148556	4787.478508493227
-11516.709418591487	0.04062717294152527	3.819317075681949	0.14406743973039682	0.007323194944591801	0.03798567641666712	3731.002249955965
-26273.661033566503	0.001	0.7931597469629234	0.0020839610147964263	0.5291001753150949	0.04100959441337452	6547.877056363248
-10576.275564788195	0.005780741023321781	3.6281130021423107	0.13545335848417503	1.8217638203104232	0.05229282035402847	4095.393911209472
-10759.954260420285	0.020263840682173843	3.8079553759692666	0.13592435488365698	0.5057337480342573	0.0463821919584201	3859.017895770481
-2606.3394075122515	0.014796105455709115	16.46745445561599	0.47962579689736573	1.3884330060630319	0.04507817218582851	1747.2267068455762
-6061.2049023260915	0.025761283848025125	7.622702082895471	0.24197941321106992	0.337682164197669	0.05401221831409094	2610.481619826253
-4212.378318634874	0.02935678709125764	11.940096660076124	0.2958726786489175	0.2439689642028855	0.04664835973691228	2081.8660394748817
-12612.91852090918	0.022797445094827725	3.569714502902048	0.07811665240841774	0.06361041047258048	0.02989864031847483	4376.48578030296
-9006.49859306578	0.013134445523419963	4.456261866880378	0.1902758773678087	1.0169210180126436	0.042295555064050756	3467.1200774210874
-13148.631775946938	0.026061471907677488	3.1971648202437706	0.09692751329881515	0.0139760178090829	0.0414527666573189	4305.292366887641
-4999.948698122913	0.017953496732201	8.796332024101218	0.36095955185061757	0.7543733137196197	0.04114402734371969	2242.819223949327
-15421.701310168904	0.019661932552924186	2.424955945815017	0.07142886347246806	0.7554004315598525	0.048169782270936906	4922.3029773405015
-11890.28535290764	0.03611352684437087	3.629051597653296	0.16553567885907713	0.026157200609147953	0.04107837066897974	3689.378886251946
-9212.42246594642	0.01589905503104845	4.688354013223956	0.17230037150845479	0.4577193478748393	0.06784857253526944	3420.4316621556236
-9962.321692538917	0.024588924185151344	4.506917835981089	0.12099756658057773	0.18990089727679194	0.047436133094472595	3739.995433353601
-3868.567837534785	0.01759767603706302	11.298032094823494	0.4636747463512846	0.9057530574204052	0.04437175034341683	1910.8261203901125
-5788.183813899232	0.02068551734965604	8.057270557629476	0.22407968179471224	0.36118674182608285	0.04710874229011108	2639.4823890340053
-3946.3555934399483	0.00563168749769573	7.625402852754225	0.9204185708770575	2.709037522028931	0.029975869047225618	2565.1180214619367
-5454.782364368524	0.025377589362179695	8.359907048231342	0.2687084350206689	0.6124977369962114	0.06478928448634111	2478.0480856901013
-4680.220545706357	0.03887868512548526	10.850315476207376	0.3263080393936403	0.14728021098289018	0.04948425441811943	2048.895453790427
-7733.987743408924	0.01189734419457027	5.941640375839478	0.12991017140962172	1.1467079708458987	0.042446402365436564	3510.3044775454487
-5952.136067621997	0.018683649276088142	7.237683904707313	0.29192114773558187	0.7795207006202097	0.04698288154257936	2573.575769879419
-8683.165449925446	0.026847037111531236	5.648569631740777	0.4011630205271538	0.2805179494049784	0.04503192210991006	2516.3813877377534
-27257.564754541945	0.001	0.5502832146879391	0.0014839316543290141	0.0014110309824957106	0.04107997124127986	6601.454214764483
-2845.9324194754945	0.019717330264093082	16.007253113190067	0.5209843436755032	0.7932493110950609	0.04462684612108725	1595.4419598855795
-7370.2834436665	0.013316982351995167	5.702520808236537	0.2659221360910444	0.8763836107532126	0.054094386707734594	2909.74380549996
-28170.57641777546	0.001	0.4015643791312207	0.0011832248029097969	0.7575612106110388	0.03625938680288392	6645.564214711821
-14350.451564523057	0.04259560249472845	2.848337311000553	0.15822848073649495	0.05754658773334772	0.021162230452696003	4046.6415804505805
-6793.667756169393	0.0221559265078211	7.093892095982088	0.40817401348675686	0.46735012868204295	0.031672037737956044	2301.644610669681
-5551.912920269415	0.01993135020916098	8.557432083531921	0.29457989040277727	0.3613203932956924	0.06683100959724789	2357.294008649238
-5625.8145260842875	0.021748684573625388	7.943862971797467	0.31958347453307295	0.5807791444774318	0.039701558938275185	2387.0186422654865
-10463.17036046455	0.03460591680811259	4.069941883760367	0.15157383243871012	0.3216184885409139	0.03162262976341984	3644.0652754211346
-26373.68578296419	0.001	0.7748382936786631	0.0019799110411569624	0.10880140312160548	0.04861891840182881	6549.818411951667
-5922.651357947805	0.0292187833972949	8.575512176014364	0.2828267411930588	0.07629592879004975	0.04413715486069756	2344.0146320486583
-6655.154460688501	0.020412519011506543	6.641021862408699	0.2052203773472072	0.5799606894880367	0.04452667842780429	2913.43374082539
-2759.3210348335897	0.016007984747224084	17.3773441940623	0.4739481949937338	0.694987043855658	0.04521946983681987	1593.216603084342
-4289.997773953766	0.04313256037700786	12.19952826940592	0.3582835839022408	0.12800076396727503	0.04647999853145435	1891.0412109157244
-5496.3877210701385	0.022660836615943723	8.94670888515383	0.31751680228922863	0.17927235673536873	0.04879879238244018	2233.214615123226
-4864.297042803604	0.029499022738024246	9.771084848543502	0.32061795278240934	0.3048975459696773	0.04460957241466629	2167.1322844709925
-18088.69582206115	0.016417714136031842	2.0576340937569593	0.04600977314873488	0.028483053588826253	0.053231798857357134	5372.798466828014
-6445.3706234966085	0.02575389386708314	7.170949098757178	0.2079599231723136	0.32331983906934575	0.04452624409842461	2796.1246811357614
-4976.618418694694	0.022809644873333274	9.444334354564303	0.2949078272017862	0.34090613030031564	0.04909212161067296	2271.1471244137456
-27964.93587819542	0.001	0.4302810185569764	0.0012354684318477635	0.24771193405402006	0.04096940461986823	6635.181854877888
-15245.342603138759	0.0057943548678777365	2.5394753431891446	0.6221965770110885	1.196383259991239	0.026365653736487055	3807.5844986406005
-5044.509741283164	0.03201792132287557	9.150688565841962	0.3156092834055406	0.4358913499839135	0.047816192191077043	2245.6971250712613
-6912.619787278469	0.03954411759509855	7.698573260344048	0.2982835431833998	0.01951689048791813	0.04533832960745313	2378.4118355996593
-13492.616382845114	0.026725706454650063	3.023099218206775	0.12649125438933465	0.05571975749209429	0.06394999242270542	4164.81521464331
-8025.2516468364565	0.011128542588105795	5.922322222840534	0.18583812553818876	0.24159195126211241	0.07557353240698328	3090.586558407481
-9680.290676144139	0.03684495632480309	4.699653759749534	0.1799683516897377	0.050196275221922326	0.042407677674482	3308.5208806163537
-6940.518916138831	0.019192698711867427	6.906403960412844	0.19165644589161895	0.2794291615736084	0.0699585907442168	2908.7139920965496
