# /groups/rgutenk/lnt/software/anaconda3/envs/donni/bin/dadi-cli InferDM --fs input_fs/fs_053 --model split_mig --grids 178 196 214 --lbounds 1e-3 1e-3 1e-3 1e-3 0 --ubounds 1.1e2 1.1e2 3 12 0.5 --output inference/fs_053 --cpus 10 --force-convergence --delta-ll .001
# Log(likelihood)	nu1	nu2	T	m	misid	theta
-1483.3753769543578	0.12358865688786551	0.15735847966589395	0.2235990204046158	0.509062601449906	0.12480251146689822	201.99005779104175
-1500.2673552586693	0.13346441180575164	0.17233840077704554	0.2255781559222419	0.4058587228901866	0.2433243465472147	191.34874647823963
-1441.0176714459092	0.08091303305881858	0.10709684166979482	0.2966921360336013	1.2675762896796046	0.1604274061722528	282.28449899676934
-1488.0507104157264	0.0991374654870607	0.12415423087990263	0.18139157595304214	0.7114870079283114	0.3756413775886537	225.33044371918
-1445.0854471094497	0.08935905332430508	0.11686011964677002	0.24963413365775372	1.043886954217764	0.17409701113967024	254.790210310395
-1471.2618524685322	0.11479772190273509	0.13744358361677664	0.206052997324398	0.6270278482739714	0.1479091113477607	213.62184166156717
-1440.9211598829195	0.07929335830673234	0.10515427283693772	0.3076486082775199	1.2974020631110512	0.18090125346552546	288.34077209046
-1449.4083684717743	0.10412298310760422	0.13809769799325253	0.536958982179373	0.9579237982219523	0.1846214599048286	253.7324997055683
-1444.4352211516916	0.08195816020496963	0.10893251559455497	0.21376869537383442	1.1298156808466033	0.18372020086154836	260.15415923440236
-1509.3696674727316	0.14780907981887237	0.19331751856501755	0.2517270712853422	0.3470403605488418	0.23696675820048518	181.1216373250994
-1452.1519177961611	0.11135324194873825	0.1514431578416455	0.5611786986604953	0.8567746818701585	0.18226807474120635	238.57038993632068
-1478.3935985654866	0.13642279325454898	0.16488702686162332	0.26090203536948736	0.5182656005165281	0.14640525469622423	197.7324209237289
-1463.611735220999	0.13836487129144542	0.1922506581244312	0.41702064375607534	0.6289572812229507	0.20207611330692896	196.63391790719237
-1452.1170648918458	0.10596925005631443	0.14178710447939605	0.2867131731374859	0.8248575208811963	0.1679623710772366	229.75291703819164
-1637.2610301640116	0.06021847376075116	0.08095664900338477	0.06187408054091814	0.122568745333571	0.11691311438621911	221.57345715607497
-1452.514940055385	0.11600189572210912	0.1499310905899383	0.5076308951303534	0.841319886678426	0.15903892477647652	234.3749956530736
-1439.6501519913832	0.07389254955416323	0.09725532205073185	0.2522095867268231	1.3862348263184205	0.15459849305808027	292.0947311616643
-2964.142586454561	0.4374894796784705	0.534313326816152	0.007987271029458525	0.12540600748972594	0.32410356091102965	95.16995968944606
-1454.1500807429998	0.07234067001143264	0.09760480642087196	0.1458250861246886	1.062293667919839	0.1728435532209897	255.15556805877796
-1475.8967663710473	0.07038418816628622	0.0945702605169139	0.12553554917574308	0.9554938111955651	0.30901022444532134	249.34765373965502
-1491.984162104388	0.1410032856422393	0.19248332631906687	0.2648917846961198	0.42741711334497884	0.14071122477212641	185.2683643096066
-1482.8809614940083	0.16073742254051737	0.20580800374495536	0.3701102055472032	0.448040501351752	0.19561618861254113	180.5579213826409
-1545.8175641146554	0.1763446091656685	0.22966882494235982	0.37574877438181215	0.38295927701603527	0.49992525298095936	168.52422900964055
-1473.4151133564317	0.11889305570926273	0.15147834960842016	0.2340761490169378	0.5711206273336268	0.1504463667768238	208.84249860353037
-1442.924461103927	0.07402271801269156	0.09523441739607086	0.1878274111677538	1.2622617335372481	0.16532057783285964	273.7904387328788
-1451.4902436124657	0.10643556322833399	0.1447696810578042	0.35537457175037673	0.8385478363617681	0.157638065548839	234.72337214166552
-1466.9783686309288	0.13631049439350806	0.17461091860226452	0.42212083316411797	0.5886831772345393	0.1845131898042359	204.78737284066293
-1442.6427550747997	0.08481947185073327	0.11160147082208303	0.27333133035247903	1.1484866675314156	0.15707190951303832	268.6213857902638
-1501.735610885361	0.0922116371469253	0.11864432630795373	0.16853753401633464	0.5782697736565475	0.3542046981552522	229.67306129030746
-1457.1917651838341	0.09645412687192695	0.1218564823680801	0.1981045498836382	0.8165182343748079	0.1847701987674662	233.23382606684677
-1571.2844741984163	0.18241870218568537	0.23273831518447205	0.2704368904023051	0.16629948847846665	0.21323154654024276	160.67177522456578
-1473.7412288054443	0.11578265337345217	0.1334737473752744	0.21146497193512365	0.6003252183688218	0.16136664818188148	216.25272096871763
-1445.9742917465603	0.09527462545951881	0.1276532550648574	0.42522946050323956	1.1015544804229402	0.14857154189346555	264.3539163337861
-1443.6651456622064	0.08956494859748557	0.1180957408806365	0.30498965203429407	1.0932879013876473	0.17054628578024042	263.4371726393321
-1495.8966197313496	0.0944951543393232	0.12395675243153999	0.14445800473693418	0.5266528694727797	0.21892230014878702	216.8765532008239
-3004.837840503882	0.49242748402076236	0.6179773990392831	0.009239020406741884	0.05913950590158046	0.16904298253842853	93.52173240843796
-1496.6336369381938	0.1773373521998352	0.1698432469307813	0.2559157036202349	0.5698859794971145	0.14910327272470292	179.7168342108489
-1440.7321501519593	0.07606258193585874	0.09945849683972242	0.2349755205375932	1.3108718588287855	0.18099897062916923	282.07089940117055
-1583.6533359904945	0.09232545144450885	0.10334312341972478	0.10101679388343135	0.2420147698141941	0.06112118798449869	211.99597190043818
-1486.5223640932384	0.10896605808018359	0.13470974061505508	0.26168513031380203	0.7267383460422056	0.4045718087817761	228.38608925387172
-1439.3051029476214	0.07239878750986115	0.09576373404483927	0.26653261720740273	1.4297490936082933	0.1572714613430551	299.6743403018561
-1447.1569987474095	0.08495218692013091	0.10907281096774848	0.20650285719550962	1.0472248193226614	0.1935604377528218	255.02998992755036
-1530.3385509947807	0.05262176314848605	0.06863766792659919	0.06977687270545109	0.6929878095747585	0.28034521278713137	249.82118591341032
-1445.1222870612276	0.09257710575943136	0.12438462805979013	0.3983106482141774	1.069248867462848	0.17275711376798894	266.2366058711768
-1525.0619021143607	0.14053356602055161	0.18992198824560969	0.21516282383688046	0.2961933742068105	0.15207660036646567	180.70224059179336
-1451.0783570870813	0.10467426824335907	0.13332571247378736	0.2703357349779686	0.8582929497186519	0.18696299261749091	233.92800029761617
-1440.73858924306	0.07575511512995978	0.09952359888939954	0.22559117294918649	1.313684167850889	0.17419181743241047	279.7744537717979
-1468.8960687578215	0.12533658361201622	0.16117857640222033	0.27291696277429445	0.5933786022216794	0.1460205799622691	206.03188926819675
-1441.475127427152	0.08172427132906987	0.10892614356367367	0.2977549470701702	1.2274361787635755	0.16326582805803552	279.3449892761396
-1503.348510838642	0.07562781536941585	0.10139266740624714	0.11104791142158103	0.5777518000036415	0.21129553037805185	230.60450373840965
-1457.7399632970278	0.10009315712214335	0.144610534190798	0.22621844833571422	0.8106212436642257	0.19610520097978992	222.35739547981697
-2889.8676190204487	0.9735274489210524	0.8463552727125342	0.001	0.0731601459347376	0.267585597851208	94.03139919400142
-1473.1501248268519	0.09180083719766971	0.11949340351599251	0.16203682906940897	0.6793495423677921	0.1944568390925753	227.53777854323516
-1499.031054595678	0.17327244485461532	0.2287706333007078	0.41305795532764494	0.3829333101911059	0.2840998112169218	170.77914849616798
-3013.811155826262	0.5675960516132297	0.6283986420471422	0.007822736694028177	0.18542709415427064	0.1855452445162142	92.82843085403591
-1471.711217291203	0.14988409042002346	0.20124509953864136	0.423031174380358	0.5301918066611732	0.20139889635866023	188.29171085776937
-1447.7459209874553	0.08551494493607312	0.10909226476474744	0.20203342696859372	1.0599147039266055	0.12338719946645141	253.34549790764618
-1448.3920094622736	0.09819129588704363	0.12866375627778406	0.26896791364614236	0.9286711317247267	0.15163999669885359	241.72959624116805
-1459.1219283624812	0.13413905882444366	0.17987224412790379	0.6316605163396836	0.6881095601678109	0.1858976821886879	209.327819514862
-1455.0551463251918	0.09871832612652187	0.12371316924645373	0.21760687574788964	0.82586527817119	0.1870317615744894	234.91588037964843
-1440.7208215273572	0.07888696095300489	0.10265820004955187	0.2632705879498923	1.280977055422117	0.17092507653213204	282.33571244049796
-1465.8169201688659	0.14574587966961805	0.18457106580316893	0.46147936904611014	0.5965292065410258	0.21386118332251622	197.9019110331381
-1452.0499758754681	0.10163096651080815	0.13265892516777877	0.25376658820990844	0.8441257381146854	0.15698569569108023	233.75246190004918
-1446.4578662302513	0.09850753601753477	0.1297662294442887	0.35945629593914663	0.9901842840807178	0.18515822988110392	252.43906168434228
-1443.7841023972683	0.08258464393519187	0.10545125285464388	0.21745358367647843	1.1473639268758646	0.1810133612995353	263.83941940879834
-1443.9308545603606	0.08571389953449694	0.11494944242202386	0.41153497902134895	1.1897159069565728	0.14592662901738931	284.555399646142
-1621.018725965249	0.06088591186608968	0.07603601983889731	0.0650751159157188	0.17235341669698256	0.24331200656129673	228.49428690960093
-1484.1104489476675	0.10807598984016123	0.14116781050344884	0.23102721668527382	0.7469934024783106	0.39497448234705074	220.28796516894033
-1463.2409343194254	0.08510751629544341	0.10184833230192789	0.1422107563187639	0.9558705199791818	0.11434726415871563	238.45204117955134
-1461.9231252262175	0.11137430476505474	0.15199239941324583	0.7163087765956079	0.8612940516218495	0.2991241144482833	242.71894070606163
-1452.1025263582933	0.09945760448554919	0.13295014679900957	0.7783649576512292	0.9875561524169093	0.1941255465768594	271.96536219348457
-1443.8699561398719	0.08313529198084287	0.11267999140867395	0.44709745147193863	1.210365928506213	0.17186356405175726	293.65388173909554
-1444.3790611804382	0.09092387872749386	0.11800903308127435	0.38852364316657734	1.1420142448742596	0.1955564765298819	273.44915071876153
-1555.0115407028215	0.07881340389506145	0.10228237049850229	0.09538534131442034	0.3182100513575835	0.17275795648016426	218.38316654254015
-1565.6154163876115	0.09691831056030749	0.1281726829378582	0.12151111589242096	0.23051473931542746	0.17345503542428364	204.5438763708122
-1459.1626769462596	0.12597571915042902	0.17967002084009567	0.3879973740905011	0.7003757529365876	0.1685694438480689	206.59372495868806
-1449.7935988814725	0.09198749127658912	0.11911429801049207	0.24714509431047835	1.003929828307365	0.10066378681441508	250.1354093845449
-1448.3693887716101	0.10600667263038338	0.13791195087062294	0.4031905125499584	0.9331552711789793	0.17851056187463393	244.27893137670904
-1456.5695317712812	0.11967495986846832	0.15320710176155575	0.33322382428857655	0.7334548290530337	0.15472597811723834	219.42065884967917
-1446.5088973628433	0.09426878668769131	0.12996523609757213	0.30091204960246615	0.98205974692798	0.16670390924316536	248.64265082418024
-1522.9190765228777	0.11202927835595028	0.13891771148442722	0.16160290744757735	0.35084529425830346	0.11402616550065381	203.8692237918698
-1602.9941998238999	0.09844370183378995	0.12689765938249997	0.11766368802104805	0.15675717530229294	0.07391601121588047	202.8602456445594
-1447.685951671736	0.08640101334325326	0.10809447712922453	0.19908426430109566	1.0387327821603016	0.14641981727063744	252.5147296757342
-1444.7874458714762	0.08604912581675649	0.11581221492852505	0.47303386646109963	1.1714609621913017	0.17241255998030194	289.0125477481299
-1593.4540482443322	0.05720345030802661	0.08340334598776436	0.0642833097867787	0.32213682770104585	0.05183068472868591	224.67692138347084
-1488.7752221610226	0.13418258001897893	0.17680906558994275	0.2338389023794172	0.456073356234399	0.1848434397810072	190.45375000630023
-1478.3388391914814	0.10493159775711237	0.1437378067978815	0.19431610683322115	0.5898860193079657	0.11474667547943856	213.1691493117028
-1511.914040788914	0.1287709077414606	0.16316292832368465	0.20250722256106374	0.35280790961167724	0.15738493001673506	193.5388203816279
-1457.4579745426004	0.10355285199403264	0.1310031896653117	0.25535134638970924	0.8642349484633178	0.2757001395933879	233.92395335486947
-1490.721652578609	0.13284353404474059	0.17359710487574523	0.23750330143249856	0.45170460377294663	0.12445306320148669	192.7211256607121
-1450.2732709590136	0.0739785834383708	0.09532197230165698	0.16292874985135	1.1592085379484796	0.22692629450763158	263.62491698251534
-1478.555137176786	0.08971176789873105	0.11346981056963794	0.14546855008889073	0.669884178781454	0.13352729709739097	227.29737356989014
-1438.7580122483296	0.06330044434301221	0.08542738944407813	0.3280209069136248	1.6750316682097641	0.1630564261637346	346.274578246529
-1525.110072489065	0.10178262796818799	0.1301162404708651	0.13953227647852545	0.3580109108354788	0.1539486720918567	207.3558479577742
-1457.7072384064058	0.11776895497678222	0.15216847631286706	0.2975149385986772	0.7163267530882721	0.1723277039184109	217.5867234228931
-1443.0916110350604	0.08228976680471911	0.10649267559818307	0.22922825719311016	1.1787814647881076	0.13655927997246678	266.378951028497
-1451.237874642196	0.0816357996985026	0.11088880887855636	0.30890918460875433	1.2091237887270547	0.29785032321520133	279.17345947701057
-1452.8528776096468	0.10191244813546971	0.13873704547209634	0.8044459551787669	0.9428123336684415	0.1799846185765439	264.1998403469491
-1516.811808179767	0.09323600363738761	0.10856172760853641	0.13005566741328933	0.42787888450031786	0.1548838762165417	221.80045846284742
-2942.3148479064453	0.6345335736218142	0.6429718311356946	0.0010008999659508982	0.10604344554447269	0.24301095177723678	94.53454991058966
-1476.9696893034215	0.15848894635084737	0.19315529084626762	0.4635987041882765	0.4940580686061822	0.1990305472391351	188.8745341711542
-1453.2008763995113	0.10371109348360569	0.14129762850165575	0.26855964855255077	0.8134857178632843	0.17207309639272403	228.98783435453282
-1447.267964994443	0.08261423361070358	0.1116379381783284	0.6272709724499792	1.2109145119656552	0.16638854142741807	311.12251492640894
-1458.2091028476011	0.12723937697487797	0.1713745249227948	0.9968892091676214	0.8091990685305778	0.18717595404080814	224.61853595516627
-1500.6416352242945	0.15600095381123152	0.19990747223023525	0.28185105005966027	0.370792410568864	0.21357193733278265	178.77226957006653
-1450.3713065560235	0.10874433245319166	0.14159044216313846	0.423953217973042	0.8735041638997776	0.17561388712070722	240.54675471385087
-1446.8778561286786	0.09687017555242455	0.12619882370216592	0.26324097022653925	0.9765145502024106	0.16601823805745458	243.81810889313704
-1466.7214349956507	0.14199851490149015	0.18153913603878272	0.40157001841913953	0.6154647502947913	0.24900210506777865	198.77421199015438
-1450.5428342258124	0.06394929745061743	0.0866480347653068	0.14213402515706483	1.4029325944550082	0.2436743343381403	274.52415185423223
-1457.8304134017483	0.11806807600056693	0.15392775774332818	0.3005001781028715	0.7134260327441444	0.17272565143811375	216.77939198302857
-1460.3455967342877	0.12802624584344494	0.17486764969611074	0.3621751532755523	0.6760229328508127	0.20353369208630545	206.1981692597169
-1443.5736046683369	0.08336760357366037	0.1125656424094658	0.4276804440596302	1.2084190986339935	0.1635616064596734	291.4273569649873
-1463.9030725902996	0.09517570172133422	0.1256333765261412	0.19322136621253727	0.7242369601311457	0.17554978579963326	230.07673944495994
-1474.6715130017465	0.14139295635180624	0.17107211316126028	0.2890951246034336	0.536215125033532	0.20676958591604705	195.87284651692826
-1561.3797051898653	0.11761301246990964	0.14717135072544862	0.14711536258443778	0.2196987425786501	0.16140350325985925	193.56334908245776
-1444.8499289666292	0.08429665255095815	0.11402309030799081	0.24992414659424045	1.0672879506450146	0.1730283390149821	261.68702050595533
-1454.3787859929894	0.10603326849275195	0.15271659573557197	0.7546578507318996	0.8568055297401121	0.174471923149895	246.48823014723126
