# /groups/rgutenk/lnt/software/anaconda3/envs/donni/bin/dadi-cli InferDM --fs input_fs/fs_010 --model split_mig --grids 178 196 214 --lbounds 1e-3 1e-3 1e-3 1e-3 0 --ubounds 1.1e2 1.1e2 3 12 0.5 --output inference/fs_010 --cpus 10 --force-convergence --delta-ll .001
# Log(likelihood)	nu1	nu2	T	m	misid	theta
-5485.475344587557	0.6618351686631517	0.0025054053012965563	0.001	0.03385500608011203	0.23184973338683074	1075.3399609232051
-2934.032843684815	6.756338509103671	0.1460129114985587	0.3056991868096295	1.9673070737259333	0.2609308786478202	426.3123825284297
-2796.3019239536743	11.372681473710939	0.17681779922662813	0.6642958764267032	1.79099361901692	0.2524168068549348	286.68996605165853
-2868.7837589326086	9.814452284129604	0.24238036388921588	0.5731836529995402	1.0248680605564469	0.25942070344089824	289.4922779370046
-2835.4977236564077	9.486861147869867	0.20451007087826228	0.6304957794546624	1.5771756558122079	0.23894098085926463	302.1461292553479
-2904.875566515231	11.345747456789534	0.34201324517902093	0.47206388207534355	0.633268499070611	0.25507209179201973	277.46806849290357
-2815.748367271135	11.456308883215772	0.11230836168534743	0.5336591678652246	2.852838326447353	0.2463265778183976	338.83561032438257
-2858.620892355374	8.634740046839209	0.19205467010730354	0.45526685126492794	1.4905099961937847	0.2509546309585172	339.0350544444756
-5520.063207285892	0.5495413292540648	0.002489538119509113	0.001	0.19925152344098673	0.25350675117678323	1079.5866586698196
-5466.521421166719	0.7188437716320336	0.002923212270348736	0.0011575926489217582	0.021588953135021884	0.2568394578903934	1074.0990478811527
-2809.085911931112	10.437996649471804	0.15882054382088936	0.5139328479474697	1.9510070152514833	0.2464228101494395	320.6044486266871
-2843.1133777878804	8.275025207974021	0.1429260357115082	0.4387843093103589	2.187884796149027	0.25211839800249247	369.62961853717064
-5533.779227981577	0.5186398071994267	0.0024823981736317	0.001	0.05527219310010194	0.25400575929910313	1081.0480566561293
-2995.305467645584	9.467450859627393	0.4033494667636379	0.4928822122286286	0.498362601608658	0.2599179105114024	287.1933115542882
-3089.8400047990967	6.085998990466918	0.2201088293943588	0.32261838267770254	0.8389523844604619	0.2546001712931845	407.7458466179021
-5279.093055110145	1.032508400641895	0.03113568466721603	0.013744050608467732	0.0012652051744339394	0.29434597284184777	1040.1071114806334
-5526.060332455067	0.5399751863103784	0.0025551173838975136	0.001	0.1285154167368744	0.2597911073630747	1079.8147496861845
-2959.4929392494364	10.212344046805297	0.2979386612594177	0.31000445805953347	0.6732277110238595	0.24916007369032492	336.85434293181163
-2910.220135232286	7.558075778685573	0.18304170340785997	0.5502283048011092	1.4825439188893386	0.25510989280976243	342.0660669043912
-2884.9216300700546	11.58920112516846	0.37940471349820026	0.6121147303619685	0.7204965087875413	0.26239893874114617	251.85302589500955
-2930.895264911987	12.545159000552918	0.3140026523647115	0.4310364827834381	0.5544230021883614	0.24355868223542035	277.02032688084233
-3290.792622035532	5.248831629223483	0.26658464888891725	0.24608133898505047	0.5112309156071484	0.28747099743586796	452.4049601762742
-5256.410790354108	1.088322183128669	0.014849043474629925	0.005988259317661965	0.012329130229707837	0.2521323312945511	1052.1224978002545
-3059.9597086285294	9.242423219190794	0.4248357237557945	0.5353018964561348	0.38824023692337484	0.2533160328855126	279.7419524575361
-2821.5636664266794	11.7346707763102	0.2516524578254128	0.7955852396583882	1.2467581865026378	0.23806670356489346	250.7305638735776
-5329.199340341155	0.9645704889803814	0.02910538538239219	0.013568302426409704	0.07912575874951196	0.2760605769867165	1050.4671089847168
-3772.337849760795	3.820117666769685	0.18195380542320339	0.10200296701116492	0.10246299909061843	0.288446631071681	629.644099839438
-2799.4527801944437	16.45729315764112	0.23866304057091273	1.7113951493977935	1.377086533444324	0.24989634535662433	191.07135633874066
-2834.9899201665594	9.438429772455217	0.18820770041675122	0.4520636400611772	1.62212470723035	0.2518701024737631	331.8630029707123
-2793.191509802879	14.220338764130217	0.1998944411074676	0.8683324277240266	1.6044312245744854	0.2509135027001348	241.18237236853435
-4235.646880110422	2.2649180460646567	0.10594327679599251	0.06262731747909758	0.20091350420959966	0.2576506242327026	798.5629540320795
-2786.440741600358	12.026851316151502	0.15108112886957129	0.8668762803455352	2.1755671197886057	0.24682037787231145	281.07054034824745
-2805.946023871423	6.838296209262372	0.08056510859921615	0.7680449543474928	3.9773443543429465	0.24169992678434857	446.72173664689086
-5434.598039630343	0.7909985410142643	0.0074481781907638125	0.0031136190645564927	0.05889512880465776	0.24415171228938537	1074.621112721504
-3226.2526428892406	5.743267681821237	0.2851785309148417	0.30428802072182143	0.4951282267899831	0.23853762934594364	411.5969653661662
-3252.214519889623	7.211507982959692	0.44279904117424557	0.3577242558177004	0.24462124031485086	0.2454140094209704	346.57145291411314
-5477.04241015732	0.6783743370057704	0.0025265090945911254	0.001	0.1910956263265602	0.24874131537827254	1074.789605785334
-2820.4527345414517	10.367134520756593	0.207848810789656	0.5937780048434688	1.4281581231437845	0.24950365819538978	292.3850297715797
-2834.7471079737293	9.255913599912216	0.13299791414467538	0.4355134661981346	2.3785606253246563	0.22391472406577595	361.991341096457
-5521.813317758268	0.8145167312830772	0.014624307137398892	0.007451573736280358	0.09332024442210249	0.31682854166549473	1076.877050340682
-5640.663737634311	0.6422144183507295	0.006640295557340104	0.0026477013028263175	0.06732546282141352	0.3461303784245174	1083.4004990722485
-2818.3697762020893	9.454499905265354	0.16211533073198267	0.5897267795090307	1.9337790170958182	0.23577193536812302	321.42900591482294
-4165.105492294179	2.5276263273234774	0.14351037425015284	0.08087336863133696	0.05878157303493263	0.23075916942270078	738.3310914523244
-3138.0779959242413	5.925698502396468	0.24274815631350294	0.2627175894615039	0.7050024432277524	0.2627175221207638	430.87606777197783
-5713.1179907306305	0.709703816527025	0.0033527789112165122	0.0013867085340225356	0.005465400227183131	0.13152194088928065	1075.4215371669266
-3377.352634696503	3.86120165808422	0.17965947270679672	0.34596178251713344	1.249343918190852	0.25365261538074874	493.485274297482
-4790.030444418073	1.517108939893765	0.06990326232653443	0.034874827368060655	0.010041553839880195	0.2688971243715646	931.553349936526
-2793.398913140882	14.290751330792403	0.21557333568746898	0.9878522184926944	1.5058584113579496	0.24763288635819555	229.86553264430086
-2793.289345986741	13.318262997229105	0.2027857686288871	0.8059021618520871	1.5524812785116135	0.25056300970342915	249.69790882292483
-2828.760225406942	13.15624998570431	0.17339749309183383	0.4825662688862472	1.7926300149116676	0.24913455269996443	296.0336556645864
-5837.690168866181	0.7460120914674053	0.005986985249000141	0.0026048026242379775	0.015191635823749466	0.42964242196271046	1077.0557670027636
-2783.9008263355045	10.62630064257192	0.12477443948447964	0.967529935024492	2.664340170010817	0.24438663601799368	312.90520950878846
-2829.9130753141435	11.528889839062352	0.2463088019297849	0.5360385022273506	1.11515187880561	0.24450880328890048	279.08575110549543
-5462.656816988662	0.7291894784710119	0.005529909556656347	0.002210359764568804	0.04358680617354645	0.251838766402465	1076.4069864532594
-5509.381241083863	0.7397477046880178	0.002508503449671198	0.001	0.09077203694670453	0.30876604588346795	1073.1530032303272
-2812.9059963473974	10.257373206088095	0.16862676621957087	0.5032070581910867	1.8434190926721061	0.24831471703852384	320.4113048875993
-2877.830882675383	10.01409956339624	0.2576885186751155	0.5903861803502967	0.9276898154212339	0.2569991539497639	281.5952707313078
-2790.165808668065	12.94488680598387	0.1676888161993496	0.8077157084705137	2.004495671065519	0.24754308051968887	269.18495918264847
-2876.8954634780375	7.929988257760485	0.17877199753892759	0.46881491219190086	1.6035442199916985	0.25726623738841203	351.61394216004345
-5140.924796417919	1.1403119649676585	0.04331382073005678	0.019533690662796185	0.004285268563691278	0.25189705828973996	1013.9930994265601
-2802.5396615174704	13.658643469695283	0.24870501697026837	0.9088007343322573	1.3460166890350347	0.23989874829679408	231.0556972122728
-2892.842537851934	7.41626299496336	0.09165576198191866	0.30304279519100863	3.837108692750328	0.23870551873245843	463.0613221730953
-3082.9631193329924	4.966968096694464	0.12989971834415345	0.32749427794828945	1.9659132787366502	0.2556842464386098	473.0167571572129
-5839.442554680404	0.753486272664346	0.00506301936742106	0.002091996259793318	0.38924555932750643	0.4323449253824483	1075.3159273705987
-3212.5264926356635	5.635511943719341	0.26621489917582203	0.30653996684465135	0.5672285782909994	0.26741362608004	416.5074898566841
-4991.008049307742	1.5614481370567845	0.01928519362023477	0.010629357829159428	0.009684211580657041	0.2567783876456749	1012.5632056740237
-3564.624503067283	4.515069068188024	0.2551672990415863	0.17297533237342852	0.1716450773394933	0.23538012023015376	519.5591677276157
-3220.571903764373	7.41344623662919	0.3483595273738146	0.30378678808582193	0.24330800178663728	0.2313620954908105	368.1530629576645
-2820.610212042627	13.547190012900044	0.18662429692245902	0.5333670107311533	1.7389131527491672	0.25400773070854427	282.4428974460936
-2936.8992820338576	6.357116856632292	0.1463581560129073	0.38826412316388154	2.110064930198207	0.2416167165741662	415.5244486500919
-2938.159231968863	11.134068751747337	0.19199855252547712	0.26865557280788854	1.1621432471091946	0.25233000139254574	361.30280774682905
-2789.6081617630775	11.39352741262568	0.13011452215592	0.7422926157398086	2.569982069590927	0.2457859330841258	310.0028874328986
-3143.147415347239	6.824963955815508	0.24726139161221306	0.2301349528470393	0.5035211701646625	0.23127584557483472	424.9673325186817
-2789.0794342370623	13.259489024081457	0.16534742825215007	0.8952777035625515	2.0364245360297057	0.24971367139728545	263.20619025789347
-5091.915486618121	1.2399457205291233	0.06344181592056616	0.025404346048251352	0.09683399440426789	0.19267873577694786	982.3895289840472
-3839.3450770899476	3.0568318482381924	0.18289751992973818	0.10441715262311708	0.34772016503109	0.2673021215934098	664.5314275807214
-2866.349989801616	8.356285260476998	0.14001370690290213	0.33716288927628213	2.1776156039157106	0.24948634275329787	392.2393426951289
-3129.4258511174717	8.072602881036111	0.3555130334761631	0.41723772970102596	0.33892167208383794	0.24059841909701096	323.09369551742924
-2800.4725665645274	10.754301835234772	0.12717126007566176	0.5868060523212678	2.704236005544937	0.24366463914949515	333.03203281459065
-2784.3608545254037	10.798786030365687	0.12038818941323838	0.8886186237800331	2.800433644584764	0.2442549197665219	319.323573702803
-4177.383384787275	2.6167929256343685	0.25941534140222655	0.13198238656250805	0.1053745353227949	0.27465300500916384	648.2830705243063
-4358.721632050372	2.2282902678510674	0.16284316160845147	0.09792144996517053	0.02551757339045162	0.2656361005979759	736.7509476311487
-5654.226271406835	0.41305687965847465	0.002484490793378288	0.001	0.1652057802296483	0.18543098020188237	1087.5615440888598
-5487.060551778662	0.6464965165941815	0.0024864082216808033	0.001	0.07257543938286204	0.25585359008053316	1075.8889775992686
-2815.5097985878087	13.550047424300077	0.2553988698757637	0.6110336601959632	1.3103394925478564	0.2415142097305178	256.27661381036415
-2838.6092185168764	10.414898081766728	0.24258289754831083	0.4881162797728487	1.2176487909115201	0.24901841159143426	300.31158493435265
-2880.3426012417876	8.294860033568005	0.20370886929283136	0.3769259745868077	1.505279092985225	0.24872928577042192	360.6466937064626
-5273.487967966315	1.0120320150692614	0.025201442958815923	0.011811608105671096	0.001	0.24838997737814655	1047.7093581303545
-5485.521537894578	0.6931341307958115	0.0024990219684294947	0.001	0.07580212195729254	0.27821088482301387	1074.428716878344
-2804.365554393145	12.629905156519257	0.2294511865051246	0.8506168056911569	1.325772750353431	0.2502124595343037	243.1706377823786
-3596.0769250883054	4.040051348623579	0.14465317292211335	0.4428655266741394	1.8204796879469327	0.4151592904987646	481.80979592086294
-2836.2045283146126	14.16510736003556	0.31207349993408057	0.5888946511843549	0.9387237159089388	0.25208258008844037	243.9247810698811
-2895.0230084039526	7.4620134549465975	0.1379205509157083	0.34876720894151436	2.0072849511765645	0.268901506834078	401.2420159776282
-2803.4223615191077	11.608632855970871	0.19719882671362654	0.6004909607002719	1.5471020634608055	0.25001772130579486	283.13889375829854
-5508.626725994791	0.5791572823241876	0.0024946364248725986	0.001	0.03229388050773851	0.244655543628201	1078.3014551135811
-2812.251938066878	8.425115284761977	0.12205495765685252	0.6330426653504022	2.81507606910281	0.24997684418783528	364.0820626551207
-3053.026575207103	11.106053452824153	0.5650856591781932	0.5086644544066825	0.38084509088493973	0.2936071133482475	258.7885795889254
-5476.192763352739	0.6803367468626175	0.002997201781325849	0.0012169114318010621	0.16287303078432872	0.24684383686013633	1075.7740568040365
-2803.2879012414232	10.949445248049399	0.15908403208273533	0.5843609234451099	1.8360232475494513	0.25423161982055903	302.90932162060943
-2898.3145826687733	7.732620252720008	0.1612588912606941	0.3230647659950941	1.7063996913279458	0.2496692041416006	394.72803952744505
-2810.0413313410936	15.58535822017569	0.2890548027642055	1.0345075462757718	1.0673172410559217	0.2531799182073709	202.46989348745876
-5511.609405958049	0.6538576391358314	0.002527090183309529	0.001001442443022253	0.08728228660648654	0.20507463989481728	1075.550432141809
-4494.653616101001	2.1685494660590594	0.15877472886816213	0.08578197931251814	0.4464210792832531	0.4064085678163554	758.1815314192937
-3098.8876153835267	8.629278872225985	0.3965058101688129	0.3605298892338045	0.3296737701429852	0.25316985775563905	327.7501353895487
-2848.1404101609487	9.363154162417155	0.14639865629960422	0.36139931050131846	2.1599229733293233	0.25723472596874664	369.9897065647038
-5606.153908439625	0.8264348280031406	0.007016586834954813	0.0028956699219782555	0.05174692803582203	0.37381041779177065	1072.3248959757511
-5462.898740501076	0.7292546324731736	0.0034805831417250863	0.0014199177993816097	0.05831441848277833	0.23461044824023616	1074.7028029565838
-3118.527428496413	5.244112336680639	0.1431221330415605	0.18514182300418006	1.8213038829579884	0.24643451083597104	520.6353694332411
-2868.6650590815634	9.208232646436834	0.1618922888363002	0.6307314475297492	1.8948232318946563	0.309341761724085	319.26465941775376
-5245.158117668788	1.0399486166052485	0.037074053718533236	0.017087169891117755	0.025697405771131256	0.25742502787839505	1033.4201991743912
-2847.7416994491277	10.043575674322526	0.21589781228475588	0.47128068470721735	1.1944296780895607	0.2440144683482767	309.4676415862415
-2794.620015735828	11.163898509962024	0.14377768783111572	0.6483458822112226	2.1499790154497824	0.2505139448908655	304.52202205602754
-5435.135301400582	0.7902415858211141	0.006510060894077781	0.0027021994626518437	0.18690287969877525	0.25960505792288224	1074.2605270508982
-3370.156401511999	4.705141541084872	0.23950594031023478	0.2019828264676942	0.46733267062999856	0.24592386255008336	497.3386615842558
-5485.2110844537465	0.709392688288316	0.0036279360858873515	0.0014702495099841765	0.11414373851757552	0.21262286791299906	1075.5405081295082
-3834.3895786610256	2.768279351565843	0.18910838383033446	0.14056947017972068	0.6298941137399865	0.23832188956020015	648.6890500880402
-3712.9769240601945	3.0777494808841372	0.1634453960082189	0.1500157342777023	0.6165779082349926	0.2691707110964018	626.0986806128059
-2789.2491806972375	9.531892374819854	0.1114457386879674	0.7688809389526405	2.945023868359279	0.249553516321139	346.70255591913605
-4669.562961084595	1.7264952359108197	0.05239676943581701	0.0255996712444148	0.2670936727931816	0.2737197180596491	939.8423126172621
-2829.401730732054	8.513280772582577	0.13442974584622502	0.5000870660765157	2.3123158208046743	0.23932692427444466	360.41319135235216
-2808.9374800938654	8.524435595428159	0.11696387675423837	0.8284543296412924	2.6989943878400964	0.2535827545798919	349.3477587342502
-2784.267352013237	11.55031492751464	0.14086322059831882	1.008131483034846	2.368558292418226	0.24479258863060452	288.04700451751324
-4161.871818160096	2.6090012836731926	0.1528985086225822	0.07440696571888615	0.001	0.24860431818260015	739.1887256381481
-2883.1748441313775	9.133948181914958	0.24850728620397405	0.4497511143613518	1.033538348764119	0.24868999649217735	318.91693244199257
-2830.9792586074127	11.82542635605818	0.2830488004917319	0.7362323312632764	1.0630073251759442	0.24663174594580184	248.42141335695493
-4812.306896086959	1.4696914999624204	0.10128194951276433	0.051211512996675354	0.08975222441644934	0.24410362214016018	900.0889179990188
-3021.3096472972056	10.112724456630275	0.2733580038268317	0.2634167631773051	0.5413683783603429	0.2526223763725112	358.5425642831218
-2990.3273494703108	7.555681285327493	0.2525998700250376	0.32159373190433627	0.8181231646501984	0.2622947561622156	373.74010698563177
-5520.295233304554	0.5516567215179363	0.0024150765976420595	0.001	0.08745682041112493	0.24023562229255746	1079.7071485995245
-4763.38033845407	1.6084581296797336	0.09172524526529136	0.03282073077796129	0.0167364404246668	0.2564209373484989	915.0830303829827
-5514.634421730994	0.6601716588850494	0.0024616588280073834	0.001	0.24473374668964215	0.2013880322356214	1075.5411802086812
-5481.794744985115	0.6885217326060877	0.003254926704075637	0.0013150870193217872	0.06856469223084341	0.22450611749935936	1075.7943041552865
-2821.028417101101	9.860394775657804	0.1831111140663553	0.6478236518841851	1.6246594876484508	0.2568722989967403	299.37964314279753
-2837.829551634866	10.69645273409736	0.2232247602482632	0.4452024728755521	1.4875714500036212	0.23597534778131946	312.62395628056044
-3001.0100721171266	7.5098988819661905	0.28069141185413343	0.4478577074513544	0.7826659413265405	0.2563335683325744	337.0535064102006
-2866.699306122054	7.553719606659622	0.14797273052726637	0.515584849167101	2.0872008884454276	0.24902410145430465	366.6317452873011
-5476.297976839846	0.6830876379837764	0.0026201973214368232	0.0010718219040533096	0.09600692208537567	0.24136242045060965	1075.164004682578
-2956.5673962103456	7.43965990107739	0.2112729696655028	0.46884828749049035	1.0851824420685412	0.25983865545173535	346.04804706003574
-2973.7241250365523	9.140923157382804	0.35193653012717996	0.35445928704332896	0.7579832102084243	0.27822345577195984	330.79644723405306
-4839.174713798971	1.4480170305416913	0.07989992684292649	0.038408992333561404	0.06693696621175028	0.2773320660693233	929.5266243141463
-2839.639053695184	7.718705036825267	0.09070602751352974	0.4388458135229383	3.8218737707807247	0.2655531834370406	432.8068171849382
-2824.6863474920447	14.065909202040164	0.29823441977796394	0.8364248829622699	0.9271183316518549	0.24921606581290387	219.53152077727566
-2791.3475449008483	11.858702459113266	0.16927443598770897	0.7265235563401283	1.901206837135849	0.2491720440591457	280.6976448515063
-3083.3291064811037	8.55943971971688	0.2937102090720399	0.22862603929867753	0.5250954489931288	0.2640163231048099	393.62711725789677
-5589.179813849078	0.43922958419892083	0.0024942591094562574	0.001	0.08287791035093392	0.21764519112146305	1085.6340210688033
-2896.557916244497	7.097841337616803	0.14108269884573635	0.3681015723389756	2.0937121820886775	0.2529817526225628	404.3990759447914
-3268.684437249859	6.360868213243799	0.21245972251753473	0.15638208421094496	0.40573134063054545	0.25794851045965356	491.4728259629185
-2827.7253574897877	11.19441639862406	0.20967575490361967	0.46094401411104036	1.3677204500864824	0.24938999386907745	303.59969478194915
-3829.6474662572073	3.6697475445502596	0.15705137357071403	0.13509964596347668	0.10844651001293584	0.28451462493245677	603.966622597821
-2969.8565417590607	6.561635530497261	0.17072231998249487	0.2904202848496639	1.5838753846169267	0.23761342250606923	425.5923436607186
-2782.8388279594387	10.339351748953748	0.11484773146843202	1.0341787785207006	2.950276252897233	0.24185394135491062	328.09602034680205
-2812.067671742484	16.563081454372348	0.27436364193426277	0.8598161446133998	1.119629970857707	0.2530108111918883	210.1658497742998
-2805.235702444826	10.419815923818154	0.15191489536630076	0.6283745968500176	1.8987205471005832	0.24159065559618415	306.2080255608831
-2819.0601753503906	8.853440495324435	0.14602554505264104	0.6034780923685538	2.2138716446154842	0.24934622631402892	338.0931894877505
-2796.5384312876845	12.1235601035608	0.16552125898821943	0.6340604199117312	1.9594332016432818	0.24490256119105772	288.8043987290431
-4272.155537280115	2.319098055800728	0.08671737001277688	0.04030969744077922	0.5340493730437086	0.27685921165258914	847.2275929874269
-5448.2478852064305	0.7596704118235912	0.005207111204860143	0.002145469372770925	0.056358087858643505	0.24232832303312063	1075.0209867720362
-3078.3518401945357	5.271319578448716	0.16988192644090944	0.26769567836672037	1.638958960982365	0.2571544227290566	469.32194506158856
-5514.5815567709205	0.5928242100131647	0.0024969274553718252	0.001	0.06458612464411695	0.27662706624561	1077.7594593057122
-2790.882158190659	14.462671774605363	0.19442428847026866	1.0541459073909893	1.6812849386773145	0.2484894888658016	233.24436651502734
-5531.514761478229	0.5236519920309659	0.0024178163157117074	0.001	0.18287024404525962	0.2528353974210809	1081.0101397888582
-2798.1397174333874	10.925064643395046	0.17898923816404316	0.7249049004804747	1.8562928002705068	0.24619500757264567	287.1730506333192
-2787.6693186234525	13.54924055869865	0.1750007416884045	1.0488589342989922	1.8986956020385672	0.247868170092288	248.79918005999332
-3054.723099421906	6.729928634846431	0.2045964225151684	0.27518098948992414	0.8037812870222119	0.25172459051788704	412.66182053034856
-3353.985848241332	4.400959438391069	0.24432423025019853	0.25138199066181843	0.9803290396814702	0.19680887538316347	486.42888565044797
-5493.40243543246	0.6245906887977242	0.0024922225349328386	0.001	0.08117507773016001	0.24167371132217758	1076.6113371632036
-5479.145365925051	0.6849845898784578	0.003028976758255209	0.001223904390020146	0.07307197884552831	0.2655158810929356	1075.5887710566833
-2805.863767490084	9.908180345590164	0.15793553716096675	0.7520725387503335	2.046323394904579	0.23994757451463955	304.7503618782996
-5659.252473817744	0.3499662028913405	0.002491486462645269	0.001	0.10631187266406132	0.21815760637919218	1093.1707430001686
-2836.0418843950347	7.803018547498251	0.12714753475701865	0.55186081756064	2.666109688018381	0.2503577173216563	376.6456191162967
-5523.909036376061	0.5403676318181049	0.002506869218262323	0.001	0.04871955086647756	0.25122178313737764	1079.9348044399958
-2918.0842321847445	7.01853806226614	0.12028975892604024	0.28078812744486964	2.747581027632511	0.24859116195139233	448.46092134654685
-4945.247478759108	1.3477460915361146	0.07336651338223514	0.03145238959694221	0.014784893234396908	0.2258895961680551	955.1373760609588
-3067.567649289282	11.096317264503835	0.265045850178098	0.24383858308173634	0.4679137814879419	0.26430184621033403	359.3172113072358
-5509.880651917588	0.5755340416819299	0.002454451321284077	0.001	0.06925842472223423	0.2487284227614068	1078.5723036922238
-2787.27547811238	7.915123832813934	0.0743844039841137	0.8373168848315948	4.612909559101088	0.23642592141658395	452.14270622483184
-2822.6627143255205	8.887835050090171	0.14104758741905032	0.52231587831283	2.153352559384144	0.2505481449619884	346.54505326016454
-2790.1587634102575	10.07615117841166	0.12651343607673632	0.7642558845541246	2.5674296512560506	0.24624756700528505	323.76883955199963
-2785.4472271340674	7.786226895103249	0.07953432399968606	0.8638099569762	4.267232602010204	0.24045834390226836	437.4161855981574
-2792.6572136127643	16.983419394471554	0.21779883543641623	2.2332248606733685	1.544012743463781	0.24582571088378372	190.9697679719254
