# /groups/rgutenk/lnt/software/anaconda3/envs/donni/bin/dadi-cli InferDM --fs input_fs/fs_011 --model split_mig --grids 178 196 214 --lbounds 1e-3 1e-3 1e-3 1e-3 0 --ubounds 1.1e2 1.1e2 3 12 0.5 --output inference/fs_011 --cpus 10 --force-convergence --delta-ll .001
# Log(likelihood)	nu1	nu2	T	m	misid	theta
-3993.5891952480597	0.7669511167541837	0.19269956146314715	0.20096608260635904	0.29219905307160937	0.06645983793671907	416.1158011295054
-3843.832743894679	0.49722219876045987	0.11036609906886899	0.14027390182328564	1.015628109045415	0.0497583341539689	525.2940030122419
-3799.676006144073	0.48527476699743727	0.11162093021194491	0.21879581328274536	1.5016359209847943	0.06690124603647354	548.6654339518151
-3840.3185430623766	0.6583221279730431	0.1638715785055713	0.2571674192181979	0.8791403087040334	0.06301646543484012	455.71229540891613
-3816.94284384654	0.6187191222558669	0.134879433423301	0.24355221224864962	1.1365582804305512	0.06662183123583179	481.85543946141127
-3858.5315863684477	0.5664024450058841	0.1259248190607851	0.15068305226335071	0.8136037417630883	0.07490956953865849	493.28257815075034
-3822.1657873738286	0.6564171143253273	0.15189432011232695	0.33290212868301283	1.0480472808269112	0.07627061989648064	464.63400469432406
-4413.70862899382	0.5938312843549588	0.15296772496342087	0.4653341949592411	1.1464165868531786	0.4910740146912571	491.4356589448039
-3813.23856864176	0.5999645873259161	0.15005339291176717	0.4715783542273171	1.1354349146859923	0.07158542482307627	490.6623147175728
-4044.402812008828	0.4749229889223913	0.08632111008948956	0.0671197150218591	0.2186723936515357	0.07831854466284655	517.4506036471665
-3831.327411563145	0.6884264818215777	0.15059412084133994	0.29553113910214557	1.0757053878616964	0.10190312610714954	454.36377045826185
-4064.383775141641	0.5216108164452413	0.07696443243939166	0.06318527666709818	0.21286708178641225	0.03655503073027028	505.2021103873303
-3789.3923817750638	0.4287587249334602	0.0990491025039174	0.3747209830566694	1.8742268704812495	0.0582294248216987	624.6638306563096
-3796.3238916319506	0.4973755468910455	0.1195328944906959	0.3150197359943742	1.4715070218967126	0.057952518570611664	551.0609653473128
-3916.0783928741052	0.46781547396202144	0.10459478720085573	0.10841153920459776	0.6093463996286481	0.07373037709044447	529.904571546414
-3789.197071553309	0.4207673241909641	0.09997014145502874	0.42286040874689024	1.8441533373101546	0.061306596422966146	637.1403364411913
-3808.007773766261	0.5055461179192087	0.12062026455680641	0.22096918795613793	1.26645750712216	0.07061966607384419	532.4111150271433
-3807.6709908434427	0.5002125183972627	0.13229742688606627	0.33637947915623434	1.3044125298126459	0.047610450105727335	541.4561071013983
-4621.735244075867	0.51337710888234	0.13402905431011933	0.11611522049936364	0.18796596306957614	0.4829956682157726	499.55577231850464
-4003.4782449158047	0.5291879296799793	0.07681027519262659	0.06373700651423007	0.449500610988891	0.05703501783142806	503.52805611447724
-3801.7169311833427	0.5741587848878927	0.13009254548504057	0.3752312943408583	1.3854870174465412	0.07559624639985978	511.78520276239345
-3903.6884944643725	0.7775603661464282	0.19337086963207542	0.2275551512390668	0.5570691028084734	0.07257207243447585	413.76983702556936
-3931.5493806792047	0.6180044368434482	0.1633086208136997	0.1624012247121562	0.4492667411910154	0.0605924245224034	461.83147545155674
-4052.5301272481483	0.4564037017469258	0.09424050014503489	0.07589274350680514	0.20550953368884842	0.03266022917665062	524.8146464502792
-3861.292975731352	0.6335407698175308	0.14915638003764084	0.19659723113268618	0.7377120096271109	0.07898792390463112	466.1429084915376
-3897.1508659929586	0.6080021552771202	0.13672697412167964	0.14510396689272273	0.5885153360110011	0.07390366326551268	474.1690591918943
-4072.4045963134045	0.49091497667168615	0.11942899761287004	0.09451198709844524	0.1341404208173857	0.09363902584975041	507.7859048790421
-3892.006985242242	0.6375935767607069	0.1691758982591334	0.2078328074185553	0.5831580692936809	0.06747809575986595	456.923358728929
-3797.5665241767015	0.47937271427885125	0.1146073548912506	0.25586659625461955	1.4837218482235826	0.06152588448548235	555.9751239004293
-3955.8741662893117	0.6558599613767794	0.15178229969326312	0.14658187293745492	0.36793126906712076	0.07198753048378474	454.8381278781122
-3789.5702692597774	0.4369518052288201	0.10251388625597334	0.3828248878824904	1.8055068784834525	0.06083981708806339	615.4798271033188
-3866.39603550558	0.6026548712120218	0.16671978480639413	0.20500122377370025	0.8043425930172352	0.10430228508778135	468.676707554741
-3948.9391768626488	0.7608724843991981	0.14991389934748586	0.17549195199958814	0.4241766189241253	0.09115257381076661	431.6276213949777
-3865.3031936429898	0.7504529009241742	0.14077276205744127	0.17310597771207736	0.9566306354299955	0.0708063338952764	438.2793173630049
-3844.047652790734	0.6679429354378354	0.16711538283924635	0.2987674662224225	0.8425589885248488	0.06656581974793109	452.4090523773679
-3907.0284975403297	0.5792779060913827	0.1466330204596998	0.17947289243587108	0.5451005361552904	0.062177136299456745	482.40436263354195
-3879.5439602551996	0.7685926586978212	0.19555517061680738	0.35472255818879295	0.6684232912766616	0.07561485862967489	413.66854720757607
-3866.8974286201733	0.6611067408900474	0.15387269426853806	0.19881831312213152	0.7031142339071469	0.06828367038096493	456.2786168258434
-3788.825329967848	0.413706417962224	0.09664225873324102	0.4078398881683301	1.935388539292474	0.05853299126252974	645.6070686113802
-3848.075358687952	0.5068068982416003	0.1125562342265507	0.1375844442642935	0.9540907546765546	0.06959176625590213	519.4165365356927
-3802.460811450464	0.5396859820656861	0.13144532505604045	0.8323028161178683	1.358036876003441	0.06762869249962358	545.5057873100812
-3986.7728879517927	0.7316079507807217	0.1529068427894498	0.1383128131189824	0.3148424887552907	0.09957246235626015	436.1155291124859
-3864.9767349232015	0.66070379914549	0.1499645580501366	0.19588324306108748	0.7254438545733769	0.057805744554467645	457.89009665565226
-3809.635031223958	0.49718345663253233	0.11310925140163201	0.18667516581267335	1.3263264351567563	0.07326008309841754	535.0857630183723
-3808.0692218227096	0.5851884906194129	0.13883043633814376	1.1134664635331732	1.2711272857769735	0.06946410360339761	517.4896332607296
-3891.885636444653	0.6315336256785905	0.12798997135884643	0.1423062891195754	0.7056132826287541	0.11252671344964553	471.04295213783405
-3814.1492512581162	0.5710044091424237	0.13727446696501078	0.2534637234285138	1.1245905843366961	0.06722852050566624	498.54125311209197
-3822.638260777477	0.5910914588994458	0.1534024074885497	0.4139659364919006	1.0442453202492386	0.06613319752766574	489.922809146956
-4086.124730422393	0.6358170261525097	0.11612190891953958	0.08780731467371444	0.10001555388608288	0.09452199906055553	466.0512240117406
-4067.238438715237	0.5614214982314574	0.12305485440126276	0.09933054268855525	0.12366512358574715	0.06805723712735895	485.29004779331456
-4038.1720605772216	0.6011720087120362	0.1257770460690747	0.10069061396829988	0.19890830000418774	0.10389300051771265	473.4780849590051
-4146.4821073037065	0.36873481250929946	0.052165602700886396	0.0372129212948383	0.048661235637879635	0.06756451767261323	546.757106815966
-3904.484232613655	0.5632701375695224	0.12922703901591437	0.13695471644378537	0.6125496709207754	0.03722029624239437	490.1276813381008
-3808.406331621943	0.5360896797109055	0.133851387217823	0.29425341713139774	1.2095299592686037	0.06125595733891038	518.896998099014
-3814.210239316309	0.5481793253197957	0.12643158930125845	0.21325018483828284	1.1586226774955573	0.06938695605714561	509.36061291317225
-3788.873211374538	0.4252436970942976	0.09973079614707477	0.43961459552849214	1.865735737128713	0.059489246668328416	636.7763627198497
-4022.7169298833905	0.5920225926723535	0.1272354460486724	0.1168546720086259	0.21830579832583133	0.07617827504812096	478.34586682630277
-3863.1026138396505	0.527131279550396	0.1262036610701802	0.15736455724954015	0.7796935269852959	0.07334800457579353	508.1213517187229
-3826.0369799580844	0.5280914707172623	0.12178567303510038	0.17086328377445956	1.0955100927373291	0.05692157676926887	513.294136035693
-3856.428682474774	0.7685300422361153	0.14932981929098071	0.21598622676502893	0.8795994716865133	0.06982905129638384	431.50615011414925
-3820.28006745812	0.595887453841191	0.14798516710725929	0.2599288023014952	1.061997045846949	0.07622775873336858	484.0185523384619
-3792.5873387617808	0.4834555457874891	0.1150916808072916	0.4579999849483928	1.5809077235223974	0.06013342189113818	578.4929593202702
-3978.337628262419	0.6527860230009059	0.1429715391713394	0.12948179787918226	0.3126713757883518	0.0728073264261415	457.4746385863833
-3894.1948221349808	0.6152103906090244	0.16216701404937792	0.189457606255975	0.577448613473739	0.07461867336679191	465.2882694827077
-3788.256034787807	0.3921482108687466	0.09192111667436005	0.4960025960957701	2.0346586376189597	0.05743247694977107	687.7788920169459
-3829.4011214501556	0.4861504774039471	0.11241120858206151	0.15473708594537108	1.1085605415055555	0.06314094622479693	532.5981508334487
-3853.273342916591	0.7266944756648741	0.1548283330026836	0.2425310299390347	0.9747477470445665	0.11670162537681066	440.386573033675
-3845.0931874376583	0.49389247244312356	0.11255860578867634	0.13884626738817885	0.9851115112944014	0.06923866193612646	524.929099666289
-3811.0206580911804	0.5070881672906011	0.1087490923309243	0.2194773068113445	1.3054406259579232	0.07335646749731077	539.44164895535
-3843.8545335537406	0.6464819845147817	0.1724991230904501	0.34025825930622366	0.8946958857016826	0.1004651658848828	457.7867399502337
-3856.690133986677	0.4717433487717206	0.08275531168483252	0.0975855045049319	1.3357956060297687	0.06104105664637153	537.9833485166522
-3918.3802800808835	0.7608143120331561	0.12645742733756032	0.14389776885541034	0.6033622499372583	0.09588500744898137	439.58027758043505
-3788.134890889932	0.36805344306469356	0.08600197953159143	0.5316774035567892	2.175785295313703	0.05673895623055259	731.8690108632073
-3858.7355032816768	0.6917967028500451	0.15942190713252177	0.20566656761317226	0.7771047023729087	0.07237080538092226	446.23279882618635
-3831.257342674362	0.629744130266002	0.15461453199822886	0.2553955830156775	0.9427580442317081	0.06594112164418896	468.7386579797322
-3791.8513554047136	0.46855273249024926	0.11332730905881166	0.4103232550896691	1.6175943215643402	0.06568279504684915	585.0734073548043
-3802.3478982090687	0.5197581186776183	0.12404936525626184	0.2658452052307459	1.3252976405898695	0.06781983344084677	530.1322740185353
-4027.2484736102815	0.6571296163796149	0.11458346144809799	0.09448007682011601	0.22301780775779073	0.0760431441115318	462.8927358480481
-3798.577532373479	0.4893197670051218	0.1132811690206574	0.23521646212899505	1.4833405468082606	0.0647384039330925	548.3786481929076
-3797.028311676003	0.5023706170358425	0.12386871508933607	0.5790043842699357	1.4724063969689765	0.07488704881466499	566.2774990420812
-3937.758983377771	0.7498148561351015	0.17124503278951306	0.1949929072911891	0.42518910252417386	0.07277273315434184	426.99061942233755
-4044.841184582414	0.516802999968105	0.11276937466628476	0.09073375012000152	0.18140673413312233	0.0452273784067963	501.14158948556496
-3788.2467751883805	0.3921656513717384	0.09146264358892882	0.4976018525704224	2.044408197123134	0.05781645773383749	688.9127206216826
-3804.7073810176144	0.5838310889552709	0.13825809721368496	0.44210440163580894	1.2712659222786136	0.07244155757353053	504.82297489568407
-4083.2955103998697	0.6252980213772599	0.12176054289018572	0.09146689695113265	0.09422049610512657	0.06695601447816404	467.09040240111756
-3833.5754541368688	0.5458845652147649	0.12100068845886901	0.15388267652173515	1.0814770234905733	0.06249741362016681	503.96433092322496
-3788.4361395373035	0.4045602011163703	0.09478458111182558	0.4587583376958877	1.9736996156862805	0.05843400808903196	664.9437200442259
-3854.501681935306	0.7342914521036934	0.17485961700287192	0.33294584045078773	0.8049044721034768	0.08967488646436231	430.65964146739054
-3795.766057266914	0.47398108730543087	0.10877425388270158	0.30239176895453346	1.6590107820033764	0.08389760171018286	572.0504271588612
-3885.3254993014243	0.6941608085356727	0.18163567681959975	0.2557501798214013	0.6145027989676574	0.068582270403528	437.81820046003355
-3802.4003685556045	0.570524087852409	0.13601843143883963	0.502669852224175	1.3216415203426721	0.062101327777204424	515.2011352058607
-3825.3060331075517	0.6199618245868533	0.1422169268002	0.23308090990545408	1.0156686783404072	0.06358641546394217	476.69875176183314
-3930.0817748014365	0.616188376807091	0.14356374721957757	0.15612745763042035	0.45031938039242336	0.06708441171444197	469.85992244660383
-3912.5610855134764	0.6730236220190131	0.19882627534941869	0.2802325490367579	0.5662904464456611	0.10958693855522293	437.2308953065342
-4034.468959621522	0.6245209249987709	0.11810283323590597	0.09728795871206765	0.19248069540240303	0.07238440961038561	469.89800328210623
-4358.820013420884	0.7091239589011941	0.1850501513369867	0.37522045341702054	0.795791696084097	0.45228052220698867	433.501895722629
-3800.7552756605537	0.4651804416003612	0.10724724454091887	0.20171207522260154	1.5420268967917454	0.06230453440429167	558.5332282764568
-3817.6809073892828	0.5909849252787286	0.1446478460567485	0.2882492693736371	1.0722918772614916	0.06667030452281236	489.33366440725575
-3789.121363626306	0.4222346627666836	0.0973579731317174	0.3884128827032315	1.9152088116476098	0.058406960226059915	634.3651715951783
-3788.775486130424	0.41555182131518364	0.09846807251248063	0.4361057984546938	1.9235481800340348	0.05725746945105414	646.4417711963426
-4030.2797888641453	0.4988495842140305	0.10275307784574865	0.08149057294693221	0.22191072770823364	0.0543378760791421	508.3406372717894
-3848.550009655447	0.6948175408645719	0.13842676196298653	0.2012499535785089	1.1006275313100002	0.039374507249194536	454.5203374745498
-3891.91482849469	0.7013909125408936	0.16946101956020446	0.20799244053648258	0.5842077376683857	0.08224170447238655	439.6330404758611
-3883.56227002394	0.7214125812550848	0.1669706516488717	0.21813943678654463	0.6220516592510679	0.06695839903578389	435.7873990674492
-3823.541023756805	0.6126859903796273	0.14730596611401658	0.28630337719121896	1.0170997793643508	0.07928652948143369	479.76923384767963
-3816.317184961645	0.5793772812265674	0.14574425283452155	0.2999634483237395	1.0920507003603868	0.06377161334593273	493.9571387633693
-3971.170197819955	0.7222330378489318	0.15731103799993085	0.1511537763268923	0.33130877474477977	0.06974943376424508	437.1154672674609
-3995.4819325427193	0.5687799872570747	0.1000573305960907	0.08335267994575885	0.33503877869018794	0.07552075809180533	489.14509030643814
-3793.2909007123153	0.47736697485029345	0.11579109089471276	0.4527820758940028	1.5527165964966425	0.06147069931361817	580.7810857630745
-3810.641449625186	0.5973340750240613	0.13994854076578234	0.317480621117921	1.1744560732455773	0.07307730571881893	491.6856607584789
-3807.698173558164	0.5737982041022526	0.14458824874143603	0.36006493789105815	1.2177009013752524	0.06930715331264145	500.98893409727265
-3790.347726007455	0.4206923474590272	0.09964323962983056	0.3317273143468423	1.8988387752508094	0.05629061090837741	622.3938489734924
-3788.5889590340125	0.3939519887631717	0.09205661464316363	0.42989705233700015	2.0390114348923194	0.05758456727867393	674.0775254539043
-3824.2242577674942	0.6294093406309895	0.15868544904779935	0.3341519400313576	1.0083899336919266	0.07419155625152889	470.26501575486293
-4042.0147417029925	0.6233081186917528	0.12009601056405776	0.09654424303189107	0.1753652328276366	0.06318630797880737	469.25396117190155
-3827.157517737541	0.44806555888335375	0.09220094267337232	0.1283464256307331	1.3878534777228169	0.06086478557390173	555.4319763532136
-3789.9346521282228	0.43582799584967674	0.10279571549986528	0.35999958494911555	1.796604835489991	0.06210538177386788	612.2472390640944
-3834.066056285159	0.6022543648247544	0.14877561407754708	0.2267660003568699	0.9286517449768567	0.059287162738709494	478.7393148299546
-3904.6896128126355	0.810791436020594	0.20265424354056705	0.29908727967336535	0.5719452648834831	0.09836715156314597	402.40383576655535
-3859.1897054655915	0.4693093814122737	0.12144853430080867	0.14629121839029527	0.8725879628506082	0.07202329849039066	531.7518320550943
-3831.1154456793674	0.6363500088670808	0.16079748664883875	0.2990826968956768	0.9417977839941383	0.06632962098108479	465.50744999549767
-3912.8775368823094	0.5592838773405132	0.126137439910278	0.12446847698373478	0.5519578371268045	0.05920158155496741	490.4689636011292
-4036.898608093494	0.6240967072623811	0.11879657296522647	0.09898078725536545	0.18574440174321413	0.07121735506345458	470.0283558720293
-3887.413149851355	0.5134609079421515	0.12986523394316643	0.14635003417258285	0.7221559586985595	0.03386888067446721	509.0638437435468
-3788.7511646370526	0.4008248952222756	0.09316814135420677	0.4119602086724352	2.0129729023372347	0.05780159613561701	662.6681607398641
-3798.510464071078	0.5131637600999412	0.11975784491861237	0.2744567725217992	1.4198092875983281	0.06486902976291516	537.6790458860203
-3825.798974592874	0.5123080271534297	0.10046113175539989	0.1514877138706088	1.25622093833846	0.051761451854570935	528.4723749816255
-3958.7124133058837	0.7374971369643408	0.12148994671487023	0.11358673094180836	0.449718455469666	0.07885830620874332	444.7131300704628
-3957.657687014636	0.5369830134452179	0.11986078724391384	0.11503040254715637	0.393632344640413	0.07505090496594428	498.39405079240856
-3824.1488894028303	0.5924534545107275	0.14751637749898322	0.268113658713475	1.0081738060824776	0.06124593778056309	485.7954997742126
-3828.3255646291364	0.6350253515333898	0.14902484203353192	0.2879631265050724	0.9701278904750298	0.0681458387619295	471.16658566789897
