# /groups/rgutenk/lnt/software/anaconda3/envs/donni/bin/dadi-cli InferDM --fs input_fs/fs_036 --model split_mig --grids 178 196 214 --lbounds 1e-3 1e-3 1e-3 1e-3 0 --ubounds 1.1e2 1.1e2 3 12 0.5 --output inference/fs_036 --cpus 10 --force-convergence --delta-ll .001
# Log(likelihood)	nu1	nu2	T	m	misid	theta
-7215.537222706049	1.496766614913563	0.34628999461527005	0.23530518521595137	0.821676188546815	0.15413406992322415	750.9987511508723
-7359.809224141159	1.0689090575800142	0.15203254215262005	0.0559718645972112	0.5188034151514281	0.15645271012399192	1001.0492573532838
-7466.665135533347	0.8033249713376108	0.12678353376812918	0.04116318260905665	0.2645026029641591	0.1308859948898671	1088.6819344376024
-7058.016859805723	1.1183738170188993	0.23251502200681706	0.1592191289702659	1.4211722821046082	0.13064475380858862	909.619778064027
-7448.365184681625	0.9735112780203643	0.1661772056047698	0.05571931453859102	0.21966921572401218	0.11582216566685281	1016.2345874862096
-6978.493380992038	1.0099876129063794	0.19127107006494798	0.22949028996781085	2.4048936207352467	0.13479386897608872	963.5308841581798
-7005.690062622051	1.2258582203418988	0.27960676241610777	0.4622568994609402	1.7819577782338738	0.15718383659573582	808.1303098331326
-6997.11387335337	1.1416644073382627	0.2499007907106626	0.32986519502650863	1.7792151551124233	0.13561253758595915	864.391931873462
-7333.123969657837	1.0511025374063687	0.2208538579125774	0.07787125148430454	0.513834065476234	0.13976163209458858	960.2132923932123
-7498.4339149380485	1.2995455426616773	0.1738319937968686	0.060903500158757964	0.12983114471346593	0.1406436847107034	940.2337042479977
-7040.255331570912	1.162116898178418	0.2784840029182348	0.2678829908330938	1.4801960724882688	0.1248354312921392	850.5754790135726
-6972.93100641437	0.9274977296830064	0.18039795322476468	0.28269446915006435	2.6830366065498303	0.13204161331755024	1006.6490341036226
-7239.6345594311515	1.2757892334576735	0.1943275181233657	0.09088691367598299	0.783912838478679	0.14038069364161465	915.0230521627392
-6971.863415389014	0.9042238086349428	0.17579941695672496	0.33603999359142306	2.8138528157532763	0.12953918439343856	1023.8657958503237
-7209.103046607638	0.9685331441938317	0.2247522432492515	0.09224279945219963	0.9508408552164523	0.1398566801478887	975.5235595495618
-7121.705724149121	1.0963541591659	0.24359313196711327	0.1442372219973857	1.1019710459121728	0.13681056617524992	913.5505464006201
-7236.251490095805	1.1897758238001124	0.22874113107257454	0.09912089967020155	0.7275749931008633	0.13286968733026908	913.6886478844903
-7056.089386226005	1.1427727456533696	0.27039306678565733	0.2863668986124103	1.4453256782629256	0.16531893499393382	856.8742950619232
-7240.49358458413	1.1031043393150162	0.21155608312561403	0.08913996362978513	0.7448221718303941	0.14817598535049098	946.8902083176761
-7386.847240536694	1.150485400591263	0.18974452598478622	0.071717247574927	0.3443916284750217	0.12767904932206534	954.672398601771
-6975.52439347624	0.9737316059061644	0.2005143821982216	0.27572041281477183	2.310040886303007	0.13013170525146206	967.102951324357
-6978.779115240531	1.041896059711799	0.21773374261580766	0.2993539711495143	2.1088329628812303	0.13437042218402134	924.6749631433007
-7483.559410086883	0.9965262233408843	0.16184523623190689	0.05349856083849408	0.11758411117881074	0.1352402448439821	1013.577686847644
-7365.722055892958	1.155050969244396	0.14214342764590315	0.0547017628136848	0.6000810622723146	0.16877305550008825	988.4548696944822
-7444.998319967775	0.7292583392244825	0.15456909677969863	0.05154962520837054	0.362703137388452	0.12769624804606663	1098.13154778938
-7543.477307107483	0.7677018733075911	0.1294237498934679	0.041732085927905435	0.026850066164400405	0.13585043725235565	1098.0480279133578
-6987.190386755277	1.1727029264429014	0.24805840592717796	0.41686473065790314	1.884313582258929	0.14034930745148178	847.2314795284145
-6967.857522448301	0.9965064078033932	0.20200090514686497	0.4392409331339546	2.393920525506319	0.13129081789787872	950.7867880626579
-7105.162480566104	1.1211074518146507	0.21157699117949094	0.11527421579139989	1.2568876608842379	0.13518307093547263	932.6874363881025
-7064.17196655468	0.9741550055570798	0.1810176445687101	0.10613808293456677	1.698872326950616	0.13508120677887428	996.2419838818062
-7009.708787852349	1.1374815219198087	0.23054106651241107	0.19956430069551548	1.8030770521511656	0.13861093072018021	897.2158517367478
-7350.725753894723	1.0507924654354004	0.19015292124665573	0.07205492939224063	0.4328885969093869	0.13803877878831392	977.6885491036726
-7460.192185919932	1.2107532386312838	0.19891264116996424	0.06955432671276135	0.18833155748067285	0.13040672667135428	939.1212455669641
-7418.808650551166	1.157395166493549	0.22304421618062525	0.07773329228931987	0.28489675456733426	0.12102318550424893	934.5011563775629
-6999.547015326467	1.1059629196031586	0.24493693525104437	0.3112532992128781	1.7688158233671496	0.13529233713570651	881.0723787232615
-7352.808482986945	1.0899400968173438	0.21142452012498944	0.08421274245847751	0.4240093622838879	0.14430684866530571	951.9430133571657
-7075.620864802014	1.0207155219730577	0.2797811808837639	0.22476083457428087	1.4225239962826317	0.12071204179893615	901.2380651854627
-7436.401099620242	1.360068443670044	0.2581484883498018	0.09857504894148353	0.2831639554187621	0.13081323433604197	866.8101513092496
-7027.654804455298	1.2993941067178845	0.2538682428838342	0.22991474786342309	1.684196457968531	0.14152434607433334	834.4652816676088
-7461.218912015063	0.8226923141295744	0.12079915880679	0.042076181192501914	0.2727969098727287	0.1397775618309374	1086.9418516523256
-7376.878420755463	1.2045905630523106	0.19277814856013134	0.08220990566887652	0.3951134847083766	0.13628685362614157	935.2195360664517
-6970.419036075545	1.0727952825223088	0.22664907317898098	1.0580855688771365	2.1400968571246186	0.1354326800529928	881.6490648247533
-7676.124340970133	0.4705221340707715	0.09460727178873977	0.030389742568145393	0.260216994657725	0.17906611491609264	1237.9356213241342
-7290.744677575864	1.0825079673716576	0.2388013931095293	0.097968171610727	0.5823941777221628	0.1454880001370567	935.0967184283353
-6967.18419353233	0.9625283676626958	0.20091329757700754	1.1719998605889137	2.4191864302327164	0.13142403608060815	970.0492030146758
-7423.550413937413	1.1289450865751869	0.18458286499556176	0.06507593564221469	0.26905777827914157	0.15099895339225292	965.7602667454232
-7058.857773144177	1.0674984208042728	0.20815971728731542	0.13462399575588016	1.4987186651037543	0.1303381872198838	944.1404781374613
-6982.220629811048	0.9875525651124795	0.1942036491044277	0.2111952316001713	2.3771644760206128	0.12928747875284835	971.4366640052623
-6977.9617248831655	1.1595254981681382	0.2487462590879934	0.692214630421803	1.9798454433940884	0.13659742484813225	835.5278633138896
-7138.820783218436	1.2380951429248745	0.2795828068346287	0.1699470547533846	1.0061099550296901	0.1402870431962583	852.1049156024375
-7011.635376802345	1.1270493052843458	0.21672610837294834	0.1858311079730349	1.7989449354087101	0.13807002111983394	910.6611585739449
-7087.944962387686	1.11238228007736	0.23055592486085733	0.13321219644101667	1.348540494203469	0.11676190123436513	919.7378933870002
-8514.262502950858	1.0618216641821638	0.19704897170313843	0.07436682623672267	0.15345164250265542	0.4508942831107426	970.0552427797184
-7043.531772962333	1.0758850343151982	0.2227091072169344	0.1551579530170585	1.5520069226796083	0.1292157434920238	928.7126364588628
-6982.75472638072	1.1484926738548913	0.22782084241283956	0.37681113346109735	2.1177516898905178	0.12266647168905268	873.664876499566
-6971.36609614784	1.06798569422247	0.22444509196762877	0.5725942639236594	2.141041770994355	0.13391862092671913	894.780754614079
-7467.545688127143	0.8267727527843783	0.14472248977794114	0.04850545850789505	0.2190447920756802	0.11592205994581493	1070.9488571635338
-7382.39706610109	0.9227033718953397	0.2334744738700943	0.09386778962682746	0.43884158430601217	0.14857922510232016	983.5490989053199
-6966.165922661673	0.9394267722238444	0.19119117486280843	0.6023987121602454	2.5580717918671785	0.13083662205808927	990.5219655419734
-7026.1211973799245	1.2415602948909834	0.25899271348382946	0.27315341878876437	1.561885836257268	0.12920600055056886	837.1651930170018
-7192.596447992202	1.6229483904506945	0.2815291036235535	0.18142940833581603	0.9890607278107547	0.11313309835174454	770.0096332656301
-7334.69267491003	1.2275682449102474	0.24290805516985936	0.09877823099940766	0.46366479729850774	0.14226842159271194	899.0555641260307
-7038.647796475277	1.4960843668801522	0.28015595087025286	0.41136583688831757	1.6662004437123878	0.13978208680870832	743.9684257130809
-7441.826384497131	1.0765636849623954	0.1724320019575521	0.05877762733370829	0.21701350852085613	0.1392568021678982	986.9014899112847
-7146.604524066808	1.4957650511990799	0.22299118418055094	0.13200418222555177	1.2154357405726397	0.13067898281975235	837.9469028708689
-6976.117913185945	1.0913078116663726	0.2385479045311317	0.650503065344664	1.9853716918079556	0.1351854378737016	869.5265654461998
-7027.064958025584	1.1216697199361896	0.24301005623908767	0.20469717083577674	1.585123956051719	0.13638428749966974	893.1309975469934
-6966.19758271581	0.9458486580870691	0.19510271705708687	0.7337302221711398	2.501809136981705	0.13084237090954723	983.385583382951
-7252.3363639806175	1.1282165680818583	0.19473584815194162	0.0857182662115447	0.7120301258091075	0.14533163478801936	950.4364761318722
-6966.6731810940755	0.9281150836921099	0.1890234258165173	0.5743373712796032	2.5622531118385634	0.12674249894561015	998.3760406166613
-7165.199639686115	1.0674814143223939	0.17428520524697536	0.0857887787302236	1.1133047429987164	0.1408125536549726	977.0920769372644
-6970.3526906108	0.9430451634614366	0.18129210494435632	0.33309948941424017	2.653659822690086	0.12828733470708037	998.004672015409
-7503.888225176152	0.9039047419439743	0.1442989762832045	0.04710923006723468	0.11132028918063332	0.10661112264984754	1049.0006811252558
-7183.176525991743	1.442052923607373	0.31312029484921444	0.16251505922158774	0.9500988136188168	0.1426997341102966	799.306662225676
-6966.45248202682	0.9230130963128463	0.18594995797266536	0.5634092929746134	2.6393021176804066	0.13030008425152775	1005.7046882340532
-7199.439825363556	1.164311169990426	0.27656826638725296	0.1485005499932744	0.8205902007540606	0.1312245176301083	878.3479795433564
-6971.456791391723	0.9982271645955261	0.19799816164998582	0.30920283056543646	2.3925170466517636	0.13331501358432227	957.8476577021871
-7030.712328934658	1.0294617421088084	0.2002967703069317	0.13801762207471405	1.7838191755736865	0.14057315263618614	960.4884057056574
-6967.271338104316	0.982130957874101	0.19969102734969602	0.4659192422568792	2.4221894430411925	0.13112940171412518	959.1111382167462
-6968.677163682354	1.0212674330279015	0.20942921546793464	0.5165930729224057	2.285282922934223	0.136194612637906	930.2412593041746
-6975.822218456882	0.9033130790174922	0.1682829265589432	0.2862270660724125	2.9068204701852243	0.13075891805997994	1031.4702859831905
-7014.714185939883	1.345194887861816	0.2989321457046209	0.5624510486653612	1.6121958307642663	0.15261595838202865	754.2705974724815
-7523.229739489094	0.9549543654771274	0.14043847191560008	0.044580664176146215	0.028426277037701102	0.12185544333458968	1038.6855943685252
-6975.169665170568	1.0488272181038814	0.2223424971745843	0.3757277913788864	2.119328434199894	0.13672568142446967	913.1136358147343
-7377.955832270244	1.0061417741979108	0.20976298028428367	0.07834111108756703	0.375051232562366	0.12871653140906203	976.627829743865
-6987.708783862821	1.0642005850068008	0.21977962053413544	0.25439290690029087	1.9865554587727239	0.13446572162048284	919.0832997783915
-6966.954814430899	0.9666071639935097	0.19659263662274065	0.46945619699169067	2.4681694707503823	0.13169453696217584	969.7362894989444
-7429.124899454056	1.0461144190470772	0.19778759265486923	0.06813954887189035	0.24798016070497128	0.13708618235770095	976.7085154715188
-6966.601943909969	0.9444519048938493	0.19798073145009945	0.748954784842041	2.453817697806035	0.12941561880889105	979.9933879186462
-7096.079316020285	1.3404177427633837	0.31399846560215333	0.2642800111723999	1.172515870461179	0.13783942126048118	788.4220863862404
-6969.978775895321	0.9725954802510368	0.20510531600933135	0.4216055147386758	2.3126706876818184	0.13044646407854715	958.1165227716306
-7226.776531462855	1.0882356274276506	0.22002084156279403	0.09101761100398191	0.8286206633425534	0.1553052071157631	945.8640471781828
-6968.763027596324	0.987432247053545	0.19807286927094295	0.3744045795075941	2.422586364928589	0.13309347325739335	960.1088287275488
-7073.412661018122	1.255285176784433	0.25683737513251703	0.18005191494178532	1.3050057586798933	0.1354643702354011	855.5212935396934
-6987.140625900191	1.105243438985988	0.22725696283475028	0.3048602129433603	1.9408037284630502	0.1325280512549205	893.974973108747
-7582.002668820592	0.6192042301308025	0.10620477324687222	0.033924585782617006	0.06512316651544749	0.1288164761179876	1162.8557137642501
-7500.060684869159	1.0158172231475664	0.16105907028337685	0.0539122649661647	0.08046220534053279	0.13142971058503877	1009.1115253167653
-7469.929173964996	1.1104723041815794	0.14952029019709215	0.05029554598243569	0.17121676491177734	0.14142503142126303	996.211851563395
-7271.199822610601	1.4326107044469791	0.24883001575190206	0.1207974860835058	0.6544425898652723	0.13384089997133786	843.982330979897
-6980.117014231603	0.9504140671601009	0.17716778370485978	0.21115905577880767	2.6111821942364166	0.13158570888821253	1000.427030950044
-7282.895508937798	0.9388649932346813	0.20377902180923607	0.08756564122758709	0.6559811299637301	0.12047983628421502	996.3152789593208
-7279.293925517563	1.1401039980541123	0.2366153527131368	0.09873001851571363	0.6189396555085764	0.15644663371146994	921.7034794769411
-6978.687993934454	0.9730246572923991	0.19018356956442933	0.22910671094007948	2.3946283868838467	0.1385553637138203	978.6941218527961
-7418.673365839189	1.0340773391779474	0.17511182162268102	0.060746653507040206	0.27490639708036946	0.1429049908406672	994.489345299321
-7251.0227414901465	1.28002051979595	0.45599239407083	0.40968522475455355	0.9125411506729357	0.16586460716055393	723.1331398041145
-7443.710838202155	1.2366743918046195	0.22542338269405648	0.08212603705165582	0.23685205328895448	0.13954454892975005	914.119618419744
-7203.622802152775	1.1531201192926188	0.25784124470354874	0.1280450125465377	0.8392009008559225	0.16230472153530548	896.9298178561004
-6967.434046517039	0.9578941298737599	0.19215614698576966	0.41963158307391035	2.529990055204604	0.1326241928219597	979.1586573593928
-7448.653040038094	0.7527228535950395	0.13374067179758653	0.04543071924559469	0.33076837868204184	0.13390796906737704	1101.740121640995
-6970.216995383178	1.0077268757233453	0.20624867400555225	0.3703281788282983	2.310716860246137	0.1331607674759637	943.7889797081709
-6970.627976721312	1.049004531167572	0.22396668374801101	0.6357665290611396	2.153190500268007	0.13269800709162552	901.2367530219213
-6980.196322630169	1.0493858542621621	0.19091364988185716	0.24066703457902783	2.3313256518412437	0.13375141487691872	947.4777893555325
-6972.069375209744	1.0548149587986873	0.22405768847376437	0.5001524156467876	2.1346327302507344	0.1346611852290619	903.0477464705858
-6967.992664942178	1.0182852870028114	0.20973783783767755	0.568343798908794	2.3030472318907376	0.13423633827489256	930.486065261609
