# /groups/rgutenk/lnt/software/anaconda3/envs/donni/bin/dadi-cli InferDM --fs input_fs/fs_017 --model split_mig --grids 178 196 214 --lbounds 1e-3 1e-3 1e-3 1e-3 0 --ubounds 1.1e2 1.1e2 3 12 0.5 --output inference/fs_017 --cpus 10 --force-convergence --delta-ll .001
# Log(likelihood)	nu1	nu2	T	m	misid	theta
-15016.290099199801	4.35404272118537	10.585716411328715	0.0396640211741793	0.2773625031869543	0.2506873348323687	3918.658118468741
-25727.995494474293	0.7425039933923889	1.3999923833286474	0.00710603745381241	0.2794899221354779	0.24934265176826456	6391.4358421237785
-16370.117394723446	3.980696251195967	6.174292824161958	0.05080096474536064	0.4836293254518955	0.2502968894895889	3723.8039250454985
-28046.256765647126	0.5208945932117355	0.956608641156237	0.0043645322126917106	0.19366441720264269	0.21192529196590568	6667.175822591871
-22224.64011091669	1.015478817802739	2.7910133657156546	0.01330441166453795	0.054125040386913924	0.2129968084183941	5826.665562281597
-19997.986317708328	1.2176775548889907	4.408300455168364	0.01854290787529286	1.1146835700662507	0.21578657551552805	5370.666879361622
-22708.245750845064	1.3224505467325312	1.9448159475948061	0.013727793588547242	0.014680738943346237	0.2145594051545543	5821.500589727227
-17050.444652689814	2.8091251644051027	5.3935218932266284	0.030008975392767805	0.015446483707562101	0.23820397845682237	4589.724006433383
-15675.388566193538	5.691065477719583	6.120342191424603	0.03949265170008759	0.4837043333157606	0.2323790328204373	3959.246063843264
-19945.750767281326	4.2061438236282225	2.390641058098408	0.02739471967401798	0.32968230906257806	0.202939796280262	4765.922288880082
-15400.115487390007	6.290943136600584	7.096075498682066	0.04296918874856835	0.29632618795831744	0.23160578763421966	3792.8877759038796
-16424.888542022793	2.6444759873186636	7.90794180119543	0.02805753677947594	0.04244875163542757	0.2475464590303025	4605.419145128206
-14312.188970093443	10.40905423352705	14.328885681981278	0.049818748780754984	0.024004587114686355	0.23685402536467548	3456.973038873236
-10285.743280345569	8.113359444481322	7.36873619642021	0.3889610865873891	2.5381041041143284	0.27129240272966354	1456.3783293735344
-16882.869938153795	2.554606241184051	5.351917855146462	0.030694832579857785	0.8788943111068181	0.22726237680765385	4535.768156078374
-6982.616838868986	9.862824180527513	13.060155915189108	0.5373840553457809	3.5274709473127803	0.22247761179269743	1073.633583625148
-18701.588513073533	3.2247335309588903	2.9971818379745487	0.026516209310058055	0.47031599822912634	0.2259322602687826	4800.291806697008
-6335.268420102913	6.964733471635109	15.237885764202124	0.4736126369050079	4.031169002840366	0.23932509880893807	1189.9826515606137
-30597.96582901674	0.4321697028179712	0.43045328262141264	0.0017216654321777214	0.1378840432505906	0.23469393297375282	6862.8884340595205
-20446.973320473327	2.8631651548784904	2.270405354216965	0.025661180657982192	0.41106214015596937	0.25821641549683094	4963.685847441885
-30660.90084475876	0.3909804094845877	0.42395255697976597	0.0015639107851436538	0.41648472040811046	0.2337926163748889	6875.343099689586
-15859.318426212074	3.4359934792348166	7.713920242138364	0.03673811780867722	0.468748672139816	0.19874913958088086	4139.590920375685
-14423.105379111299	7.4268276184715685	10.490674348908103	0.05860727959808425	0.8619116577970851	0.2389056937368383	3231.0238830489343
-18738.657457402223	2.512929902834987	3.432366565174931	0.024827539786324276	0.12983451166835738	0.2614250982220229	4946.248964545154
-21153.433745364302	2.6059572958471415	2.087736790549628	0.01622462236711681	0.001	0.23192173918500295	5504.900771776471
-18647.808479611274	4.632648993043605	2.9047405119326206	0.02248824018495849	0.901335934835607	0.25883201074123297	4898.94851842211
-20951.56994350168	1.2733025686170176	3.4255130075971865	0.021300425495699937	0.20640359294054872	0.27896989673917766	5313.892732694671
-19132.8907938857	1.9176108524740696	3.6413040020070286	0.02178878118229935	0.08045813997539984	0.2301120819439561	5154.249965717694
-21235.347848391946	1.1157972470865545	3.419004303184913	0.01798559937125246	0.075497985570615	0.2335773863165574	5512.017447360211
-17746.86529875344	4.1139151073839955	3.412063879381313	0.030581556817144643	0.8388616249249301	0.22146548225106893	4519.898840918031
-14754.866716982564	9.223908666340037	10.113853851880942	0.045525681080325994	0.013641269886507369	0.254457942558047	3665.9137036899733
-15288.760580731021	3.390309763829804	9.231889409456269	0.03972056079622288	0.7627189807925472	0.2341093074422648	3998.7309962490604
-16285.172505241657	2.8677618594708285	6.933119762388654	0.029081664653351904	0.4926464546845603	0.24278520628846226	4515.967945834147
-6670.855286531095	7.742459970685335	30.55011806530698	0.549417988677654	2.8929641881201564	0.2366186810280913	950.2601480597893
-16343.928318910655	3.710146559230403	5.913746702836614	0.0326384881302765	0.02023197519876269	0.24841646832753536	4398.221032366959
-19805.11135913877	1.541302879083539	3.6946170528331623	0.02047975501646866	0.07486287657888473	0.21434280556426796	5272.391822581388
-14311.982424289645	6.206029147410504	15.107845079567541	0.04678990143447226	0.04277128121580569	0.23322456074899323	3615.8093812397833
-19299.239087562495	2.372520371449133	2.8686875005380474	0.02363923883116964	0.7031074091315708	0.25670556732309596	5026.34811838691
-15306.618104783867	4.620027977785364	6.6924444621865735	0.04462142430513579	0.9202065248209748	0.2356952087378665	3822.5944247578364
-14316.08879165294	5.324857453237709	11.11631874722306	0.06019155712638064	1.003374922831412	0.23283471319605176	3265.7072659900064
-15017.63567175733	5.235998443677531	10.56161043534323	0.06057601177912488	0.4755936697339078	0.25086519720833855	3276.377023716438
-15803.607387815133	4.010216337569689	6.83410669685268	0.035251941520565114	0.2461167722737719	0.2226016022276846	4187.579233350731
-34650.06636915411	0.39463560672327325	0.4133269284671746	0.0015786411319150687	0.23771578517582384	0.45032015000203135	6877.519437265689
-31128.146769016537	0.613316951169189	0.354985230481128	0.001420260767041648	0.20841967588343704	0.24040780622099367	6847.628622649048
-23135.049722569787	0.7787406998426717	2.9512542268124258	0.0119043567334917	0.3930397659638202	0.2544096746735185	5964.762536988487
-35778.30372211071	0.6092014592529527	0.35651262846109955	0.0014264163828456209	0.34146054501034384	0.47054886317389705	6847.699716692409
-16490.541198417777	3.9012949044925063	4.505068617376817	0.03731165195442121	1.1517612047859427	0.23531367817475765	4207.19783393192
-12342.86393212536	4.830256844802793	9.243657609410384	0.17915761512117986	1.9950198201945961	0.29482361433196885	2113.1678154147335
-16461.47405158893	6.524846829276961	5.042094864414215	0.035170208582809614	0.01706558463804382	0.24391901938811011	4215.635529272029
-6377.923043702754	5.3344550313777175	24.829757212958704	0.30838956241392657	9.318543402832562	0.23605755210927254	1440.6270332130787
-17617.88328353152	4.10408306869059	3.7829650831660553	0.03426869758179606	0.3365285064972899	0.25287246217544185	4362.339070107618
-18499.424671557757	2.6737728502182674	3.5718922025164854	0.02480296505973236	0.001	0.2478180964568059	4933.05763865049
-6961.548931320254	6.41691361851221	11.761435755984438	0.55409580856347	3.9999870681744008	0.23377125322239306	1205.7119145989748
-30919.10659718676	0.4967276401407553	0.38031231353899003	0.001521337291585338	0.16458390683103846	0.2348685762645289	6860.395223295596
-16905.124638783174	3.2973491252021265	5.199323663348742	0.029922060525593847	0.001	0.2552449971052322	4564.712470494017
-15425.741333492493	3.5927999412352714	9.536393664413836	0.03655661137353134	0.04122244082021361	0.23923382594285908	4148.290343150304
-17324.805549169367	4.1177411519729965	4.0058975812009585	0.029425293722025292	0.5547897134647696	0.20422827559661264	4526.431111622121
-27443.495654705177	0.5902682265412388	1.0609032507327965	0.004642164905224819	0.06206182111535103	0.2174100059910978	6611.044899942961
-23824.668565149834	0.9054873159587846	1.9529457306001798	0.01135702208627107	0.001	0.2564747386487882	6048.263447787168
-16021.11150510706	4.766918277712299	5.854529877088814	0.036151296357743556	0.15444087930810932	0.23730709305801193	4156.161555023396
-6508.116116041697	10.229471308140734	24.838099558157055	0.651655905182225	2.6332125982652235	0.22708760196385036	852.6825103238873
-16415.50735174344	3.201657204034694	5.978610487600288	0.03247912644492994	0.2421089857447523	0.2411385560766406	4388.512600593466
-14380.419843706271	7.728493067319042	13.05898918589601	0.04985003216308368	0.040119495641663096	0.23814091043108263	3501.04122222035
-31409.078260397066	0.8927471631740735	0.33014373438221095	0.0013214670141772585	0.1527910202316394	0.22808181847488437	6828.244799687114
-5740.81834872106	6.091330132717563	24.086937176878347	0.5113254131755905	5.865562857689106	0.2402989680949568	1103.4711269623901
-21657.13928072932	1.211116207510586	2.563044775759978	0.016092889566770918	0.5596261822935199	0.23071240739128807	5635.153709154379
-30879.9416659087	0.5506293641543969	0.38780811556951533	0.0015518125571268762	0.538109251766624	0.23039939216701297	6847.405710119083
-10092.088550071385	14.51779806395441	25.102112049264136	0.2671808728774573	4.42628152565474	0.29760109140011504	1270.3109044181026
-25729.55555998475	0.828314951764527	1.3633104079347707	0.008933273964454319	0.002331569687225669	0.19253171566480115	6282.236063910631
-8698.571485132194	4.384928590337124	7.4426920962542775	0.13126277139902265	7.777825320529674	0.25711599772398575	2522.6309014437484
-15317.603552973302	7.543365768606475	7.43132307923387	0.04321747303182509	0.0381507590649946	0.23457357453324332	3819.573176808654
-15539.086899239104	6.142678696608082	6.886487529521493	0.040082587347200126	0.017648025457971398	0.24603156677664478	3986.161228955445
-17185.290956958153	3.1462690362512054	4.6267473519358715	0.03053057414022723	0.2359272157413534	0.22099491739202	4534.62446516157
-6228.763061614037	8.053226761181163	17.766283969362796	0.7424330647165176	4.395224051335727	0.21543702939913165	923.8863048557606
-31558.803507970042	0.8368782021207418	0.30792397119437326	0.0012320672430625262	0.17928464616805573	0.23836128589045832	6840.984942465861
-15871.444355004276	4.8219956076250865	6.3287502765099655	0.035151273041609934	0.1235728674467939	0.21916832650470008	4181.241963036281
-14265.488924074067	5.905548476258259	17.435470500270206	0.04723558309855086	0.03820282138431308	0.23765767912987518	3592.1203827372824
-14679.744769950088	7.719154912531963	10.567648035282335	0.04928764852359908	0.001	0.24860604693056446	3561.2383248591673
-31153.58731742022	0.5073920819504254	0.34998846644592807	0.0013998856645454627	0.46896789735581906	0.22380339506090613	6866.834143822034
-24941.942125168265	0.7976641243911928	1.6044858112378724	0.009292081839997812	0.016724599070654506	0.23862292122049047	6235.6661889514735
-5688.53449089772	6.972541935896634	29.214678796682506	0.7014332941884891	5.383982680219177	0.24041275107384494	899.1008859537079
-9608.720074645058	7.498818947049224	10.213198822148895	0.20296644211990586	3.627105394585266	0.3253311106269982	1831.938114996928
-20018.395923617936	1.5645555034200156	3.541616509312618	0.019456883449607252	0.016010949136649064	0.279249031259929	5329.921376217437
-15326.950282898943	6.799628935225414	6.418289477506094	0.047715435456493566	0.8705517202749999	0.24069808966687148	3642.480994217054
-20046.200293272243	1.388288221480343	3.913659310565066	0.018494039259560634	0.0027134231153615384	0.2119705290760196	5385.951988522137
-15183.246633954706	5.576158524247689	8.18716839277218	0.04053022836669241	0.07869884331426658	0.24356722790114155	3915.337625966785
-16915.618231303753	3.146908136362425	4.997809079365355	0.03125410113548736	0.24775596880054984	0.24205174807355953	4484.576285562043
-23351.374375965464	0.990265842192755	2.0697508394371886	0.012064510343471639	0.0160499768904355	0.2666998529817177	5972.513028968575
-15300.811810732854	4.311226158630352	8.23752897443546	0.03885622531718979	0.34952504560633335	0.2347615624731612	3991.659268850502
-21253.232120811917	1.4030178452301196	2.5729549807028573	0.015312277281337983	0.3020403564828748	0.2515967569936679	5635.676011811706
-8834.444148817689	3.6334418908723736	8.452600370841678	0.29473884998637545	4.0007712699131215	0.2367053507707257	1875.15488076843
-8497.262969914556	7.310129326321867	17.174930463879193	0.17284987266730745	6.568620678215514	0.23422456855880913	1858.506170666298
-5727.810102391193	7.414627724386693	26.71600274113715	0.6920450046970793	4.795279195750043	0.24000430077931179	898.9606802766885
-6667.787842057651	7.944755487178555	11.805863416498452	0.4714230724056351	4.640342460049763	0.256212432204367	1220.4737598331005
-7058.089027996632	16.463310790122865	19.131806314675448	0.8030776563547564	3.4969471468927322	0.24179749534719694	732.0863214830662
-5929.4254695174095	6.047868707979228	18.881899100292	0.5433284396854172	4.839110949712797	0.24042954387231175	1118.5071159513916
-6523.642906493407	7.654883970825269	17.242108637867428	0.9100849208517507	5.115877581830129	0.2426040958858298	873.8649840161235
-5779.728099315993	6.999694088812256	21.76496896798089	0.609233316391093	4.917562064103994	0.23979331936678927	1000.3852722892801
-9654.55391305852	32.95623487889335	12.217105865117379	0.7478315724870293	5.356182323553992	0.23702769809113405	734.8752803801472
-6082.477876253093	9.86945167589237	19.828572314858846	0.620313681039426	4.700434012179268	0.23432179067034128	925.0402212360593
-35856.24889598386	0.5841909248990402	0.38611450134216163	0.0015457802473450213	0.13906061062968808	0.4783233246989833	6842.156491011469
-19625.59567450644	4.027450672416183	2.4970808240108577	0.023675457215786837	0.101733898944202	0.2442927129490594	4968.2455406553745
-30550.325622948196	0.49297789541630016	0.43666819111193983	0.0017467201937494965	0.32048953261008845	0.2305609215300093	6845.120504912287
-14675.809957083951	8.862925031699364	11.195509946802968	0.04929810751701716	0.05801638130580607	0.2376386581424988	3486.7774554770613
-24995.843573631682	1.2185304122895093	1.2781398856970059	0.010407769003030184	0.3199233117333794	0.2753552553544927	6117.149942117797
-16081.70658938444	3.7715488833625486	6.47363287317851	0.03315375020061146	0.03209020936521826	0.23223786062746185	4353.155357524571
-15076.243599651194	4.530763707878069	6.8405798022847355	0.049087253171879675	1.197796626158787	0.23484823733349594	3694.8744584968877
-14724.627039714938	6.056573719743707	7.996388759686723	0.051247175072045625	1.0120101390291423	0.2344377822149662	3521.115960348855
-20979.732297323513	1.4588811754195012	2.737485354801454	0.017874439940397755	0.14378913474141633	0.26136719454157775	5496.171411182737
-19770.997815127797	2.3729504382574307	2.6188038625322108	0.020749852520724046	0.5095057673764458	0.252718154203432	5189.135742965899
-17488.02986707913	3.8036365099267835	3.8467740615735297	0.029116600315198353	0.36585797000107695	0.24247728390634846	4577.35267198331
-15704.648568296732	8.083771097028858	6.347999553757043	0.04160922509567318	0.29654695696236144	0.2373103489457249	3808.609531922489
-15083.507237657775	5.058065022873906	7.411044371186221	0.04542616758768125	0.8179414888494276	0.23496109667205806	3750.4161246805675
-19537.17411866422	2.0120533611497815	3.427400627068846	0.019717642006446844	0.08655844499984112	0.28905395318678995	5255.646530910097
-15419.50772354654	3.220293022245271	7.932703444211289	0.04279363441949739	1.1199363662650248	0.25615320925896456	3945.327445727322
-20689.659784587126	2.27672390825745	2.3015915284505803	0.01990109367735175	0.073778440509733	0.24097164414841185	5327.884043645494
-12308.084466931381	5.870746277458716	7.451746477844037	0.4143163610360232	1.8793140373004862	0.18602117769069107	1527.7346077642924
-27198.49070477455	0.7101349108452348	1.1545371519863536	0.007259996965358789	0.12670799251141376	0.16731336760146573	6439.709843435152
-14721.592699933648	5.064400927815437	12.442440840298355	0.044776617772200836	0.2466191504835317	0.23584779104651032	3684.018620693767
-19416.62137268647	1.8068202256256645	4.123188345890457	0.02574946826059468	0.30052170416578317	0.3114862533416831	4936.070570065469
-14584.774333378788	7.07401474591237	10.981126560527697	0.047196171742835843	0.03339924883139382	0.23548478423160274	3631.7754270005144
-18730.83455116687	4.272419770116302	2.9883323866998115	0.025504393671670834	0.05313030293819984	0.23053777925418362	4831.947264215803
-16755.713587012215	4.79184393803106	3.7538624741510844	0.04220666221121008	1.7286237041032624	0.24168985027627493	4044.701640570184
-11206.092920006033	12.413990468332493	18.632476216642605	0.15513279200910077	3.5726612787649548	0.21856755732085703	1817.2363523121096
-7797.373945240084	7.1265428921257135	19.560597810443944	0.24634346356583284	4.006269760999375	0.23055735243817121	1535.3813939830256
-20736.735307128783	1.5418133471648567	2.7993802949393394	0.017935019941384394	0.001218882818343167	0.2540934828475315	5471.119690908847
-15004.46044753802	6.8412911230644635	8.863395559483715	0.044727660968968234	0.22440772911173457	0.243756551822458	3677.0583347482834
-14489.722769853848	10.2474735042479	11.992670795176432	0.04809304180402296	0.02439435918148961	0.23878676233270893	3544.1897581246503
-16619.342567343938	2.9775394984321375	5.179947493845288	0.03307670317882974	0.8563834339495822	0.2401032131624999	4404.1292622849205
-15138.614612369644	7.0301924132154525	7.4371591122536955	0.044229713939714387	0.6378124818232507	0.2341949398657106	3708.837510800314
-15800.797924640483	3.26718235234544	6.730035826849509	0.036966605385715126	0.8850559090931815	0.24484010340627083	4170.8039655503335
-15120.778512530633	4.759029576192416	9.008288618424197	0.04038359054510236	0.2133361686121909	0.2387036967998506	3904.450191645337
-6520.074772969908	11.030619149719874	22.647471214285375	0.584713886996076	3.6008576691320675	0.28167825401778623	900.0445566010154
-20578.43647969703	1.2602071319261423	3.5522780994223124	0.015580454038355384	0.3248717444289234	0.24591237637216246	5577.214100776868
-7269.932482806873	5.6913649952102885	9.969977861466646	0.32418790099378847	4.3659586291515895	0.23441471169321706	1587.1258750165807
-23649.759347862164	3.117317125321301	1.42583717278548	0.022731682042110072	0.3508617597330363	0.25339787302194616	5227.330618288492
-14727.144332716574	4.8770495144039465	11.723643490305871	0.04148210758660845	0.05032191165271332	0.23841080524367197	3874.4985496963386
-19387.107347007834	2.57028679309351	2.842045347737798	0.02278870508170863	0.1800962991554737	0.23905059211354449	5072.514500235032
-18444.898351248172	3.1442398974945514	3.4167590227114055	0.027675071713701777	0.017265342303812947	0.2456465485774207	4784.504196352839
-26323.709541078602	0.7641748469885582	1.203327846386361	0.007143598115355487	0.2057204487093115	0.20618888519345344	6415.887571238319
-14250.233939202844	7.753924964566618	15.208992207742059	0.05053434467838469	0.03224159110888735	0.2381167685024362	3459.2082967981405
-15913.88424150807	3.7285186823352845	7.053839724237297	0.03579994114993953	0.027368505204480236	0.24926760947416746	4231.483222669701
-16552.27273486624	5.275136419378091	4.809419699056116	0.03138525092976593	0.2677522993098686	0.2429147924877101	4350.468387939137
-31147.782247724128	0.8538264233548816	0.3647983141329174	0.0014607984505409274	0.2902621133463872	0.22266705371297998	6817.734136719354
-19364.24363746323	2.116696752598449	3.1941564652509786	0.022211094754037604	0.052022208213444	0.23617481600491175	5141.52902631121
-15097.127534437044	4.980360322023115	7.332156400557721	0.04385865248643913	0.8774479348780325	0.25024256991471655	3804.195131896583
-26440.945866373488	1.0128575164276032	1.01927853749805	0.008292432543416698	0.2667153929700623	0.21826962569948508	6333.071646400427
-16211.366870930258	5.667966644921819	5.528615854204384	0.038204024932881955	0.001	0.24501173086503483	4120.418751586705
-15297.56289535324	4.292188003420968	8.123222478282429	0.04148873939735557	0.42516539236922785	0.23257700270860301	3903.7451425827117
-18463.798379018357	2.138026358560416	3.5013926151066905	0.02469143740367384	1.321148920012898	0.2389251986962746	4951.374640570397
-15816.924626260292	3.7133986728913957	7.329079472781358	0.03533934446226872	0.05056024463051772	0.24647911234438488	4241.278200572805
-31001.95606983295	0.7968476885363699	0.3814556453091917	0.0015280142154021493	0.3353186601643264	0.249898503982474	6816.579772187797
-17518.97789146851	2.9513113007736522	4.254034782205247	0.029445331180475976	0.2721348331019297	0.23592307092128234	4616.892748168547
-14634.796944613701	9.060570854705235	10.766309223659674	0.0474865604800219	0.001	0.23493863767416673	3590.591337111749
-6544.340490023259	3.9683603400855514	20.166012642758268	0.4353951663991299	5.1752071271676146	0.2421917274151529	1346.0253599795765
-6651.837260131536	4.849494510215508	10.598156392129969	0.28944266648400274	6.747256217808683	0.21783140377189497	1704.484622556004
-6051.443616341826	5.568085499622477	13.755716762701015	0.4468551709374842	6.570084773251609	0.2425904367509422	1321.3189575649371
-6572.231362480134	8.479141680365615	12.150238434684384	0.40652567594785555	6.252209708747581	0.2287508628907345	1273.727681593402
-17608.894210013346	2.428813605843181	4.9575575260270055	0.026559465600520804	0.001	0.24401709917152026	4794.5401002030485
-17951.461414008118	1.9589690643508761	5.501631233350757	0.026078585041126083	0.001	0.24341592502392154	4847.760076611723
-33354.13760054427	0.3638084260761625	0.41816328599900476	0.0014553418513897354	0.14563852114881232	0.4096690398230402	6883.82708406984
-5838.2232004184025	9.302808465743054	31.61817351630324	0.8936314856216562	3.930557435288745	0.24243594908794475	730.144729781722
-7093.85507018311	8.55818668641999	12.280195720010862	0.5695020360830313	3.370170679803406	0.23849517192636238	1098.8839766192198
-23923.07619132656	2.0053364705452084	1.3743040769499937	0.0177259670411484	0.3825398983695347	0.22253921583930938	5595.565089288981
-6847.759769924136	6.076096606610379	14.815499157994353	0.6012658282810622	3.5063493067609373	0.22591243085287327	1121.5567617198876
-14718.640183970276	8.649844740465156	9.967030430724757	0.05257414666390086	0.6380117387766145	0.23695026605904346	3362.797923399492
-17312.92380750758	2.511394245660923	5.994230672203017	0.029344094730971014	0.08888042509967435	0.29282643083213034	4623.715313377018
-15490.663234151694	7.659538319186707	6.453272809825416	0.04433881555990867	0.6232920260976724	0.24224470253185984	3718.3637793161724
-18636.682667426878	1.9156149475395199	3.918141731792305	0.024584621851032815	0.6811810330824077	0.23575721654807422	4966.750825267273
-15220.02431544629	5.782932652252995	6.7661754485843275	0.04477468824341941	0.831946100829194	0.2400073117467237	3756.38974529449
-15840.873638091221	3.8821613703253397	6.840145059224315	0.034587499725387744	0.18593050821706553	0.23653986034401137	4228.47039694029
-14676.876582555635	5.068392259463882	11.984229684759475	0.041518193316335154	0.029435904480390962	0.23183961287024	3865.0366833626877
-20871.387978607338	1.946601519777285	2.3051002552380937	0.018514208600076687	0.2355017979409952	0.22344124733388343	5410.298485014698
-30724.84237446197	0.430740803541207	0.423824200760854	0.0016950916128923694	0.16678738122095008	0.20976880458584055	6865.01987301171
-14675.256178119836	5.032444437304602	11.7953445244418	0.046014175354556	0.45863196066901385	0.23533134592393845	3647.298944694438
-16298.688849234335	5.945171546397855	5.033447975334237	0.03660144121649138	0.35514237995450876	0.24017585551211834	4102.894859265934
-27071.360628277078	0.6722370285486704	1.0503978626437862	0.005986447216091554	0.16557573202243178	0.2401376176002295	6528.386748138578
-14501.116042257887	9.003266428677847	11.768315762957036	0.04726761852186408	0.022510598971515795	0.2401467818305902	3581.622890080662
-30677.89364540545	0.3774080079470787	0.4224594237608508	0.0015094008606397684	0.29572539985022234	0.23980819881208257	6879.2099961725835
-16947.005257926154	2.4838658833808234	6.135151188495233	0.029603674559778224	0.17265535404584306	0.23424806680817156	4585.689804090012
-17549.857791823604	4.1878636124143265	3.874895857643445	0.03153696069640524	0.17851904588376855	0.21485612715737973	4468.875055160693
-19734.332542625598	2.5483600784164366	2.543890062872374	0.02491008780872962	0.9487296965436203	0.2671418480756449	4984.14596008415
-7703.824545796973	9.58466239359479	14.726639004291613	0.27428329931783285	4.870985369296982	0.2099536750852551	1439.8877520558888
-8258.169982126106	5.564057604088854	7.278468367327072	0.32440526812210063	4.515516882062323	0.21497533333920962	1703.547959122113
-14708.701790363473	5.257951437553704	11.051327137109903	0.04206354132529451	0.04752805294970951	0.23732116577137102	3857.084818765628
-19381.176773261403	2.7609156830550807	2.868550971133021	0.024819666312862667	0.06973959376912073	0.22288204221351715	4988.966305684968
-14417.470258837171	6.584011495142167	12.879748797052894	0.04683234274699282	0.031466549046518646	0.2366691514633644	3628.091924459735
-16757.91082411295	3.0710572347083502	5.656375691400612	0.030192187286684276	0.001	0.23458150222420154	4547.9176173044925
-13264.846581060285	9.26785750202144	19.592873653226942	0.07797243059520474	2.3963819834820486	0.24271305440647958	2685.8121342914333
-13675.355591013733	8.716167190154453	9.418202722131543	0.09081558514693029	1.8054308896471398	0.2811458076250613	2639.0217076001622
-14645.901729099829	7.51560669257708	11.047222444553539	0.047415293975198135	0.06315743879070158	0.23909147987913792	3578.3416397027318
-6589.177460810489	6.792843761355097	19.64786579644143	0.683330119487828	3.0678363380977456	0.24964820118532027	970.9161424354559
-5776.8642029504335	6.679199386314092	25.567951431839486	0.5797102132112539	4.894954609452405	0.23186059062769449	1005.1938453521859
-5920.228495221545	7.672366535583718	17.788479163351873	0.5385020683506123	6.2495107819455065	0.24176703970979982	1073.5130751175689
-6418.275735981345	9.830724238642278	18.174498052458734	0.5945976861677886	3.2698068344657543	0.23682429095759244	957.4781509189895
-6217.876626588761	5.421019410950185	11.894045834039883	0.40692276507346786	8.589278643452326	0.23804108986590036	1424.6500491564054
-5930.637726601257	8.916075313784061	23.832041676150936	0.5902627061694091	4.43915189399136	0.24009011829883467	936.2798061161312
-5685.43845656682	6.436812161266448	24.679282320663656	0.5959979266482308	5.92037185745108	0.24144497268928058	1015.3615335754151
-5893.5945470209845	6.7121971565833105	18.724945513392026	0.5230710340119793	4.848847446652601	0.2406418081014618	1108.724299472041
-5739.649687743889	6.522840382265616	20.979371515839844	0.5601448894551448	5.735012862235625	0.23967433861012377	1066.7420252809857
-31083.923372041827	0.48849368356656164	0.3572448685765388	0.0014289536007840746	0.4259767574992101	0.22972275941671	6868.608886291098
-16318.506088035429	3.52142083202335	6.316634284530709	0.029743912474070048	0.0023316048276236165	0.22684413343559134	4516.669444226546
-15410.400850930802	6.840680139012612	7.483101657716298	0.04698211348358638	0.007847154924558487	0.2238872553051295	3727.470762305101
-20038.418800131734	1.8677740951410284	2.9786473192516456	0.01890196476972112	0.001	0.21308260673721374	5351.688267351593
-15086.361213945915	5.788856610941981	8.625590685018128	0.04810585194385981	0.31024599629203187	0.24849220409680461	3613.5150344766894
-29543.02308437847	0.37014721219420993	0.6863758578160223	0.0025422964280459384	0.06580729704122751	0.22333771874130318	6830.671377330435
-19496.447233125236	2.003978484546584	3.061374615422528	0.020858709777853382	0.37036838103839903	0.24745834152797996	5197.30347735154
-18305.672801073324	2.7937068294254326	3.305915590185349	0.025696418330287803	0.853363132120031	0.24627935684431812	4842.576206545638
-19741.059374299217	2.0709023127703445	3.0399176711760556	0.02233633630300953	0.1352473851338846	0.2769757635393558	5154.492434769294
-15073.811920928147	6.54689257283222	7.971943675982137	0.041842516707389865	0.5767291999499837	0.2505807943088827	3788.9103725220216
-16226.416648390177	4.014511907527946	5.7054170827098565	0.03284804495587378	0.6450236922094719	0.2794743732337845	4305.510991237901
-11832.951552405739	11.103695832499284	10.84070862519496	0.168228304676654	2.2264472128445942	0.27329389941987975	1874.7081927344107
-24192.104092829755	1.861411286862853	1.2901193552860697	0.012987657517649654	0.2334286091377688	0.21854717041442173	5874.956782224077
-14404.114424930918	4.145350059464104	6.378569796526652	0.14844813977099297	2.0193681054575348	0.1714074520947314	2480.658655768065
-18028.70708693452	6.2476715058395005	3.3919205243696138	0.03002330563258554	0.06300546065341085	0.22638742545078508	4512.259962840354
-15576.097552915318	6.2565222002194885	5.932195420299938	0.04391757420207425	0.8080269753550774	0.24635795515126102	3795.084719856598
-15915.088088272529	5.398981174364823	6.108652238283823	0.03724060056527806	0.03965924778410057	0.2529655403254893	4140.723181027344
-15124.251148256699	4.053876631761455	8.003064033317642	0.039869913727463555	0.9291416300251777	0.2313397940407742	3970.176492879267
-27683.99221895104	0.5199481852339757	1.1397239910510042	0.005271223966726529	0.6646962471318796	0.18967993961870785	6602.969228994391
-23092.54186686939	1.1199211625919439	1.959943637695965	0.013128142754942722	0.009490325851531737	0.22915615069747336	5898.24804432056
-25627.32998616435	1.552712745671212	1.0523442092188025	0.009387130857447799	0.22611651949614356	0.2340262854841521	6164.882564538514
-22779.63844457875	0.8637866932616424	2.789658223165782	0.012232023741943931	0.58244904688664	0.2527383154258985	5922.085515311256
-15723.939917689157	2.979161458331468	5.735691123977673	0.06928646600455472	1.995492247374479	0.27501520422431946	3466.7201649211174
-15218.25281159699	3.5480461533853647	9.30008110366201	0.03783948745543909	1.3042899452256533	0.19369047386232838	4047.1520418233417
-15571.56063057753	3.176722290358324	10.751456121806845	0.034219861787448944	0.20046675996120253	0.25879310084164614	4211.692684907737
-14838.723836656804	6.789614177579821	8.701336969725567	0.04921797286331646	0.6182115467631384	0.2406044161448032	3534.401372984966
-16196.392595641404	7.324861307981888	5.221626828437542	0.03947300818519008	0.39661147364583876	0.24612731836831517	3943.416354219914
-10548.95355491249	7.7956407984744	20.08938770686484	0.28039041638117035	2.1242075359089676	0.14457640236936597	1405.8065783109848
-22093.554789710008	0.9974634685985018	2.8287710860994437	0.013874313746045306	0.5499327015373856	0.2306577051314399	5785.953776713995
-15503.002670328733	5.933147688743736	6.770079590489279	0.040573180892462216	0.2988976522260956	0.23891347386841374	3896.315633173619
-8076.3953585730205	14.676451855582686	14.987648565909277	0.5656650101615062	2.366250329576279	0.24509365864609456	931.692981708255
-30181.472671825133	0.5476669049492675	0.5025816536622341	0.0022278886810966534	0.308068346676945	0.21264568553031543	6811.836031253721
-19252.893827527143	1.5660707658106015	4.55306519851738	0.021492168018017524	0.001	0.27100902885698863	5167.316876902355
-15635.815990019564	9.283410916425106	5.399688457727267	0.045334459339981585	1.657994539390445	0.25670664050042996	3686.7488686877873
-31278.26782794402	1.0818014460907859	0.3557047663152389	0.0014246895580564732	0.37138501750824665	0.25375232647305396	6806.0024417083
-18870.167184261547	2.4776678849484846	3.1534957937190757	0.027036494871813792	0.6049006039973149	0.24882295750757336	4842.534667941375
-16766.014423989545	2.480934671336843	6.213009382770726	0.028963187405584685	0.5627189241012677	0.23843339201621958	4585.064803222175
-6752.847307089642	6.38991424532534	16.83368382795502	0.43517355617365916	3.438308525132307	0.26748441965692604	1231.5204396484057
-7237.760007452095	9.311401504961465	18.311128265190316	0.7335370471427569	2.177338524812252	0.2449278583327469	881.7256060118607
-22442.980463866563	1.1918993721171198	2.2326827784121233	0.013622642774889643	0.13139183388355236	0.20942309082713334	5820.282198138376
-29031.141858523995	0.410861108045445	0.7815338082488122	0.0033110668661147135	0.26422782324471605	0.232743563625675	6780.563044319481
-31041.014915318952	0.8095260289928272	0.37521560847563745	0.0015025371917795132	0.17892299207773485	0.2294067337986487	6817.7352394896425
-6894.195757589912	12.458699441655973	15.11411406676943	0.5257294777549033	5.0972989824617105	0.2507406602331229	997.5194854286749
-6070.587851293814	7.808053102546327	15.50614955133461	0.5552380284467374	5.451160512570582	0.23778903380699523	1082.2338991029494
-16645.49509354518	8.794521354617412	4.865760552643965	0.03578488107092957	0.018376793516919	0.2322467364319446	4137.604672310959
-6246.098319716514	4.472445743074558	19.792461615063083	0.46919197423870557	5.175444100569351	0.23383185123071687	1272.5995231533143
-15752.215167119637	4.513231897331983	6.3881344678312075	0.03751406131565307	0.3557045406588978	0.23964417104843463	4081.0571354681547
-15945.382588463228	4.509905861775764	6.3796161432420355	0.03517053103142466	0.2051609001593021	0.2713806795140222	4179.3585309931095
-14665.841069657215	4.789981032310755	11.773006726648171	0.047043993474050846	0.6556197606438899	0.21530710451914933	3626.3817787330127
-15256.802556963741	7.37631530621406	7.778741949207609	0.04416165922055838	0.17276164417337356	0.24036128873602644	3710.4490187872216
-29427.043573682386	0.47685717263479976	0.6708843682720306	0.0030487275223424017	0.4130192924474052	0.20206681887320763	6780.511332417292
-5800.741804212428	6.085540577219331	18.3933081441492	0.5223050899650702	6.017954991648073	0.24160497913706633	1146.3512318261821
-15698.107683736194	9.324652915949752	5.989331178933344	0.04743873677336097	0.8360678461807395	0.23198265328684678	3599.7693533772003
-20791.765264953225	7.4896885993691695	2.0181732377908728	0.020922033416968563	0.17077915762496274	0.22178774188104403	5021.817741006779
-7742.6065626825275	13.235096657486707	10.341534476126101	0.581104238394658	4.930028220787015	0.23580520206144626	1024.5711747078458
-14434.70727915232	5.717458891385899	13.961009291229603	0.04440054174199183	0.02266167587429486	0.24529759692764994	3721.048266267396
-23323.569280592077	0.9160507699273497	2.176701853384573	0.012154802587402671	0.35169070752221154	0.224981419499459	5972.532797076253
-7484.451353352148	19.662914349035038	27.02170943709068	0.8794710140842547	4.9314932103798785	0.24729247764229453	625.2499185122414
-21834.034255749124	2.8119773720493866	5.561211843378071	0.029651665353798023	0.5164406987003048	0.48206926094505914	4543.91003611819
-16568.14007343248	4.768877518857529	4.97301258722656	0.035170193461041596	0.07875948798445037	0.2316280225067398	4265.1412084307085
-22552.45229777253	1.3248615254247307	1.951911596343516	0.013690046844525267	0.3370941075944536	0.22390071737058062	5808.3043372477505
-15509.194699873578	4.48862640796419	7.549252363783887	0.03728001630038772	0.04063202571482809	0.23491918314521187	4129.622550869508
-19681.363161670597	1.4007846865285394	4.306817879040075	0.018669370642874262	0.11905920602987138	0.22607233199049553	5352.7845041762985
-16750.262704222638	2.803002749035492	5.453631635635607	0.03280596367744473	0.5999005243577754	0.231783470192263	4423.456171765176
-7739.735241351267	6.389833154434294	19.075507983662856	0.413797691790215	2.48059176287577	0.23605181980378662	1224.4580663619672
-30910.90921457818	0.46837011097286096	0.3954534942088543	0.0015818998687198724	0.40586835206425226	0.20824136314124583	6862.568908325611
-14433.182967067689	7.794629191129406	14.126776560257547	0.0529888608431851	0.057106128489637496	0.2366404347893191	3369.947200203906
-8051.255553446533	16.364347724691036	14.472472181006157	0.48871278241088845	3.4751579676272866	0.24412158831601044	984.3200932324129
-16185.060253601623	5.929724169036016	5.0786829865497936	0.03750263287273011	0.5374460100708836	0.24046960558926478	4063.0917556313
-31050.91255035264	0.6080110632167006	0.3654952164273952	0.0014630345162935856	0.10639663777138617	0.2323727259126028	6845.013569116217
-14506.933739532444	5.659804477840276	11.057367909399394	0.05054821602026828	0.7060967177740803	0.23658849520602312	3493.577794902731
-15428.266915260341	4.63501766204653	7.8816421862203265	0.04143050547242313	0.029393743208513387	0.2324625834904784	3963.254626221582
-14622.226260816042	5.647156726077071	12.854037977022507	0.046814836792195946	0.2856768663663419	0.23847436759581864	3586.1597747305914
-14606.435117141536	6.9747408672340265	10.8112983228479	0.04676294810723781	0.04260131585460247	0.2386995389616209	3647.8329620296668
-26594.145584883394	0.5216460209084399	1.50501711311224	0.006393207802148785	0.06296639169894647	0.22551323367892823	6501.620397116264
-18312.65421647186	2.755076393817907	3.9580823985919347	0.019820380554272363	0.4261868796018838	0.27096691819476554	5095.45237834199
-6825.275151172193	7.724320826197892	11.331031043125007	0.3855129328773414	4.573083798570185	0.23461029696100108	1347.6255555733078
-20194.12365179136	6.340981864871421	2.237836369087975	0.0229607893546741	0.0025573801769725375	0.22503275118936894	4930.214343430654
-14211.851199298859	6.963137505754156	16.741695685091063	0.05049159776648963	0.03590298451791622	0.2383361685456263	3466.4266731179373
-6358.023912883963	7.630923392057524	14.950985147923731	0.49648536532815757	3.99512636956438	0.23557724375128214	1146.0738406976266
-30920.409932602022	0.4800074458403874	0.40366830095140455	0.0016151353550244354	0.0915985374989924	0.2765973514355759	6857.589784704543
-16702.360346976708	3.768014506948001	4.97127261463605	0.03256040989477176	0.23015568942421852	0.22237622761679515	4384.039947482413
-16295.981340399434	3.3758827866302776	5.298719716092583	0.03631115912758571	0.9448294435412076	0.24936400800479475	4242.0613158051065
-14208.336157225043	6.875324460330348	17.005765921660785	0.050818213788036	0.03657909999322364	0.23868816576470575	3457.4889810921204
-30610.260733990992	0.42170665417663505	0.4344118117948907	0.001686632177857652	0.1092523591063383	0.22096924194815643	6864.531271843582
-6190.303698250575	7.374867716617876	15.713627877987436	0.6823042941289262	5.417421881772017	0.24242934202003433	1007.7973170296599
-27209.45506980862	0.9864533643259396	0.9122434697876854	0.007555632245775829	0.3109769952084005	0.28014593798093634	6399.907283905067
-18417.306457959497	1.9158221819868533	4.481866626986228	0.021640484658329323	0.35333814478562003	0.24876626274517818	5078.837077316303
-5867.263176085748	7.289971953074496	19.837663017584262	0.5746180808939692	4.66694051724324	0.23622387356567298	1031.4930418385782
-16348.470813456179	2.8205855447639183	7.254960113620635	0.031591657121675845	0.06004328926666469	0.23707194175315852	4457.1554830943105
-19141.9451245089	1.7328299652402905	4.121818153267642	0.022014148168313284	0.009792602151211041	0.2660830566600169	5139.135499585034
-24083.69563211875	1.0462817546623044	1.7759595754950777	0.008130264632777166	0.5029512534253492	0.2625837862280137	6197.624063475778
-14670.255243748985	6.949210420576109	11.705122888897048	0.04782781376264379	0.20801105537393605	0.2399946708892805	3529.11083329341
-19078.946248299653	2.2570309285433154	3.3497934546166044	0.02751161890554367	0.2002548265519716	0.2345042337101376	4859.072098884784
-27864.285500822938	1.0228014801416552	0.7757192197384671	0.005215226579827737	0.13180611397424946	0.23364551456252997	6535.265456751364
-7603.837155584811	19.927557875055733	19.103731153735588	0.8224752698405755	4.556718047748883	0.24471584551351122	693.3871553316366
-6491.465318963477	5.858336534954876	12.57954483464795	0.36160324531250443	4.937869706901248	0.2426364028567756	1442.1499348299892
-5821.144765838797	8.044045739120673	23.204669921106035	0.6225240322012042	4.494194849921386	0.2392170202495023	943.0428463468539
-5855.347981587428	4.710994118964727	19.024324783099058	0.4415032608235708	9.692761742045057	0.24135488076496323	1324.36518095781
-5732.468724534204	5.772815140898006	20.586438250280853	0.5161511186092687	7.248450530252589	0.23863442736684037	1151.091875480154
-30891.913876299102	0.29220916848122086	0.39140953473216383	0.001168662092445058	0.2131923054343211	0.23251184094438254	6907.908939800948
-18112.95728232275	2.5308811276479015	3.9911615802439253	0.025767978343732057	0.12723056141437608	0.23987886277853976	4861.62387558626
-31081.353157289202	0.7779641508665311	0.37064538131157937	0.0014838773849680858	0.13087836200683886	0.251414960560986	6822.503827479554
-21160.383890606332	1.4958374181095857	2.562262327668557	0.016637845908446445	0.009985790940449263	0.2236209282912475	5566.556448783593
-15366.51598860415	7.626660427391434	7.37951481371657	0.042620986703904296	0.18743963723139434	0.24073708265107063	3763.592999723838
-16040.771695908634	2.982598188456039	6.9282179181723285	0.03623447377921578	0.7061585851515241	0.2476592868803831	4219.710289803022
-14635.301373421511	4.823746905382312	16.821651661108863	0.04520701543000048	0.2656474331326065	0.23871247248952696	3638.3198437888827
-15152.757651956537	4.3025765625263706	9.548233447254022	0.03913389298328317	0.18825978146590994	0.24102196720276634	3966.2548809984587
-15274.420889573914	7.0548952564521095	8.488388106584424	0.051842164873702475	0.04400168288991357	0.2676341625718359	3535.951781459413
-23442.558414473355	1.070910871299261	2.048718467793237	0.012318891341185124	0.16356535034221054	0.3021494358273163	5939.594469064416
-20657.139608475853	1.7020819271465666	2.6692165398181658	0.02016359773309792	0.010630156332518284	0.23168872635250748	5351.985999937663
-30821.65947617328	0.5469106925022864	0.39768960237548356	0.0015917459534896938	0.21938786504101485	0.2491170957668445	6845.160888675079
-15626.233339116778	4.3146056891125175	6.8940624311857235	0.03649148859201779	0.36195076463429415	0.23691525011189554	4112.818841278591
-15363.406883951946	3.5910251914210947	10.112101124119945	0.04524216422663217	0.4136447389742081	0.24279063496634556	3792.926477454777
-20886.763965524555	1.7440280716955656	2.471668141888763	0.018171555992765216	0.0025836430161688836	0.23812970318792478	5457.629855200294
-12715.88059852576	10.878421435179376	40.042537219342655	0.13118092730776557	4.743871012352221	0.20395007521400363	1925.9201451174144
-14337.661542773352	7.349910618386312	13.400055066387862	0.0572126336614555	0.7093152592092234	0.2316512193396223	3224.656660430815
-14383.997134070898	7.66750987817392	12.977450865425428	0.048856176048111453	0.028053261008483234	0.24233861800293835	3536.7577289961173
-28444.625012735305	0.4568544783996437	0.8993022137675035	0.0037702180510811602	0.20513066917462866	0.2262838819804436	6724.5431389517935
-23550.800793678718	1.2106423897169254	1.6755658328740226	0.01269781427947586	0.23620824786990255	0.22207691576519656	5938.065604022034
-11149.132112545383	14.896670383969989	29.807989208375282	0.23186696861013498	2.992672828223541	0.2508863888149805	1349.219734212352
-20435.854811685243	2.632789622568146	2.3518215627625128	0.020010986333756167	0.7104108138007903	0.18270198579315322	5221.752030381649
-17158.17409432983	2.587420061878207	5.51790613000837	0.02733414671655554	0.056325510702030346	0.2401545539968411	4718.201850308691
-23246.449359565075	2.1224396771199134	1.44174866597367	0.014280287888495063	0.498541441754152	0.2523596723891414	5723.025110864963
-16707.841886689686	3.841620463270716	4.549633414367629	0.040514771506062204	0.9066192918924294	0.25252459983497444	4107.102826248775
-20239.21162920309	1.6748734723542547	2.784000890141513	0.018937843865813854	0.6977767111299716	0.2454211965144305	5363.454305829245
-18070.86257453594	2.960050596957677	3.624936046267201	0.025411338300705296	0.2999530504659393	0.23948654873965267	4827.798321669967
-20000.1500013242	3.173213680872845	2.63901093202083	0.0182900605374686	0.001	0.19858959214349006	5290.4486742057325
-18855.768809037196	2.5028891152859805	3.349267784192003	0.024207295757084808	0.13578881754447356	0.2114942180763868	4979.428799075081
-21223.40135613476	1.628512042917929	2.280100310687697	0.01774943999559487	0.5706617963340146	0.2532369201920105	5489.705045461614
-24668.04889578517	0.661048222123577	2.1555957854131766	0.009456781057031296	0.32061793913302805	0.22728871527812414	6212.509649073828
-21798.20357070817	1.815822967929665	1.8832325248307582	0.017079133843306275	1.1089221757894734	0.2565914735693327	5538.549460882151
-14687.395084165913	5.708844874528132	10.771030621936886	0.0432754195202168	0.04302886702689865	0.2431601314184305	3802.9468086034326
-31001.325810939892	0.6098495641962621	0.3724220856555095	0.0014901226123464062	0.06706040198972932	0.23221601280663925	6842.498128855382
-14661.808048541268	8.206208823612599	11.465962740937558	0.05145416136720772	0.42660156024814444	0.24580991741457398	3382.5427850773867
-21614.43592995371	2.227422724929255	1.9460243449464367	0.01769299024006679	0.07782620192425654	0.21933801719958176	5482.498792790308
-15161.189541407724	3.957682174627824	10.54575539426581	0.03810882351534663	0.001	0.23956410321836297	4050.626758471885
-17277.95315990519	7.869567599205671	4.077678366634655	0.033341756232343145	0.026236831837107656	0.23457961237196667	4292.915613786646
-17637.17188414222	4.046841522919733	3.693745183029876	0.028922813257394885	0.300744488223989	0.22725392221306473	4583.811566772232
-14459.108178420036	6.418085363849324	12.664239333181046	0.04863693969101523	0.01872255650650369	0.24181439798984994	3583.685394870464
-30774.328203710633	0.35811635830607585	0.40832913998676745	0.0014322481758283416	0.21684621467595158	0.24622405943143605	6887.9283206673435
-30947.991344773658	0.4725808657857987	0.3756324814828628	0.0015023340816255298	0.2440181221071834	0.2368909428058588	6867.045572758465
-14680.852087774765	7.292815171211173	10.811787514947845	0.05024068223398942	0.4054388822651766	0.2381307902714928	3451.8094898967515
-25987.442000212894	0.6342147760383494	1.4662750277049017	0.007083082644143246	0.49942319708518546	0.23118659065155975	6422.141879848024
-20991.724835065306	2.057394311095816	2.556653593207285	0.028636713326161575	0.06941090482491702	0.2500680027947602	4962.752655502814
-14978.781421032838	6.3351321390696445	8.747096039138796	0.04357443966530742	0.038173398251044405	0.24082492549384396	3811.9488465263244
-7925.052259695556	6.919155599226506	11.008879252089407	0.2662002829998981	3.6483367049702284	0.25745401860502193	1625.5341923603094
-14434.756927717144	5.703484164160451	13.561438365201683	0.045443650124609256	0.04076130549887342	0.23641650257606933	3694.264231574896
-19138.25595037388	2.7689012444279113	2.935148473148609	0.026526532363097554	0.8458356350762454	0.18895708922715698	4845.938025637549
-10577.513416955808	7.7731835155112785	8.412596617334039	0.297530898986262	2.22103364092062	0.20527412739946618	1593.0223424044339
-17552.67094838668	2.675106640574793	4.206142038242108	0.028491251327958753	0.6837693830536041	0.23084568285404058	4673.708990827277
-14963.706613262362	5.8807829069976325	9.269193042998301	0.04318509729980041	0.11937615621659416	0.2368094396074282	3769.8023891627126
-13373.47698750026	7.371125056241988	20.17528583415219	0.08051442002218112	1.6811929086730468	0.22759007208571688	2688.8920532589073
-15629.798332415789	5.519409555804508	6.199989171550085	0.03570534352681581	0.6857649835611225	0.2430907623272618	4097.194159732278
-30462.54373919877	0.4589837165247039	0.4512003454088701	0.001804658764871579	0.2879053436149221	0.23458969220427603	6849.753166637351
-15864.698636887275	3.819473848910488	7.115853339182307	0.03899063546645318	0.0708933916300048	0.2344987599762169	4107.038760948501
-12078.47178281206	4.191429340833601	6.88788392562846	0.1316158752175394	2.8078675379236926	0.22562349918460298	2561.7827255860457
-17121.735953445106	2.8297641615661195	4.995561154331128	0.029664946582804604	0.23295096523261483	0.23196238963262528	4582.812428844471
-31090.01762045937	0.7079953166153491	0.36964668608727286	0.0014796735313173759	0.1523092490147999	0.25734136435553673	6830.403151839046
-17902.345639056042	4.235652293884462	3.3699687249693264	0.030101525406262424	0.5603251570991702	0.22267011712189583	4538.85806751583
-26772.736192447624	0.4136972267704218	2.036268192093544	0.005056641195466407	0.004719337128641469	0.23523447032241504	6573.422237606871
-12209.23859336202	3.677732884831682	16.80362386923991	0.1677131542137182	2.177429137182237	0.20613397215627813	2088.0328656593465
-26005.52554119785	0.9492875037629191	1.203564494541997	0.009079247660299255	0.4612311784427852	0.18511479420132881	6264.449219792841
-14750.448271739688	5.688324380863205	8.057788597222645	0.052112265586827904	0.9747342610347448	0.23696349914593828	3512.8213236753413
-36639.92263591763	0.7761615533402236	0.32621632785331417	0.001305306164569259	0.3934333007276798	0.4854603612508938	6839.04035181151
-23828.68101854528	0.9037139033240245	1.889617447245454	0.011106011345156824	0.80333001215907	0.2530845653849787	6056.960102144927
-14443.033155135401	8.15400947393807	12.223256055683395	0.048406079336788324	0.030659448976710513	0.23506390345459466	3551.0259124358677
-24162.67864386458	1.1027292462072842	1.720530111202317	0.012275730708713453	0.14042423790722675	0.17485242223825562	5979.523663473632
-14812.793565280372	5.123208539873283	6.477978401144427	0.05087666620259513	1.6834148258284913	0.2636818276091146	3624.8399094948645
-21198.729714790927	2.0303035710956103	2.1759350803817386	0.02091045925812448	0.21648123651666384	0.21428686140592998	5306.7917133561405
-7853.80048766902	5.993006518815084	9.32745546878041	0.39822358391022566	3.5863634663656714	0.23956891000855182	1466.46261769709
-14567.022307307723	6.427925153950145	12.927331001179603	0.05013167100377379	0.3252639361621419	0.23597402462693176	3455.220726082154
-8958.497805309606	7.5166253970692765	6.033498682162791	0.24517163172793466	5.415349187497005	0.2497466948165619	1854.2752127179372
-6488.033999381771	5.253850958541381	16.749400800578197	0.7165615450871872	5.173502586362796	0.25866520965775563	1071.7593857358934
-20898.25544958911	1.8752083864632634	2.3897208457938555	0.018396012102318792	0.03897444112575969	0.25499694040585125	5436.560202289283
-30808.22696642594	0.4749337900134699	0.3967935718441608	0.0015873216146572169	0.1100910030401834	0.23231494229046634	6860.693720434328
-20164.61143957098	2.977844816640521	2.370482732051461	0.02135626855322813	0.0733663957039957	0.23185563462541806	5173.079286415849
-15252.982344596232	3.158722063210569	11.400896958954707	0.03675215512089841	0.8023090657275809	0.23047006006515613	4087.4389556607284
-17008.191966112263	5.290813001721114	6.984927753113339	0.04850811857554975	1.0398258866449164	0.38525349659064084	3662.217681477723
-14131.494414924771	7.920569115651461	19.001826942131995	0.073898832932575	0.9051419369978997	0.24369628888210995	2797.1125447883833
-15659.747729271892	3.622554488124981	7.874602503156585	0.03625087054920293	0.2814337578651838	0.25248363702448245	4145.869687483833
-25208.594719935616	0.6945638323011358	1.7069867583921066	0.008451500020030582	0.24980095027707086	0.256613376797533	6300.693412593356
-8559.503283082026	6.999339620815625	10.233682633837509	0.5132579770396363	2.575874832576848	0.2409153070354429	1253.6240643240521
-20043.630431695645	2.0118355289809253	2.80126064104411	0.021520267894958325	0.041220200660186605	0.25116437611168557	5225.204202941794
-14321.894885512082	8.590895558994976	13.854848720365249	0.04953460966525283	0.02910000352826691	0.23886644941925383	3487.8637974543904
-11278.585744539037	8.392613807746176	12.038292848533104	0.2700745401276838	2.3552669435797027	0.38458824095053795	1533.128673890627
-16514.38451454279	7.7984096433551535	4.675785597482264	0.04008509241748949	0.8416434609805302	0.27374606814656804	3930.2503857445886
-28573.423086900213	0.3854182619830786	0.9729682948051176	0.003277085768738166	0.6647501032795294	0.23956991322522128	6761.427838658789
-22324.000256782405	1.6329655118686557	1.9232730631995762	0.015540909047568132	0.01278353036009133	0.20546265078151132	5676.692902629427
-9376.878254411533	6.074181280787594	11.350411476716658	0.4472311857870322	2.092737972362533	0.251371638531148	1333.2908221929874
-9918.103052020546	14.493154340172406	11.276422487828818	0.5699344111755619	1.8359040902047572	0.2402772128128135	990.8505002093859
-5755.989588155942	6.675208147660914	20.71821426078644	0.5664935521808572	5.703605453170626	0.24911000102196906	1057.5063912707549
-7900.7445811938005	4.201568906808831	28.981540745823548	0.21637573213013395	6.2850349133412955	0.2707316588151417	1738.2771309187756
-7744.301979397675	13.369360335462803	14.521336635548266	0.40655846900432746	3.6660942634846267	0.24695242623106636	1118.9616869234108
-5749.268396917316	6.338875779378381	22.44687844416023	0.6288980258290146	5.476954232292673	0.23644998875100334	1011.1639372528278
-6576.979878158474	8.394022520934483	13.040897834291643	0.3660979383175762	7.040853967020739	0.24074146666259372	1319.2079734245654
-6228.994407735193	10.847266115173994	24.783695727026064	1.028347299700445	3.430955013088017	0.2564668822331705	690.4378614261468
-8170.38074491173	19.61021056097436	13.195317436651372	0.6457199390274787	5.0877213862273365	0.2293618870742469	849.0446855418859
-5988.1912319514	7.187448091419315	16.34726142661105	0.4687765754868028	5.388885512360906	0.2408846971962553	1173.929627562291
-5752.079222247521	6.499089859998832	43.28751279791039	0.7621239036660216	6.266417646998859	0.2410350763338097	844.0737073540223
-16205.695911960593	6.342054634356147	5.422754530503702	0.03501365897125542	0.054640465954776014	0.23723391150083198	4208.498645339015
-17842.210567507365	2.2577185926754764	4.546071726676727	0.025994604490986912	0.3786424918652322	0.23411231055493456	4820.988451861754
-14778.373229753766	6.730745197047534	11.402171158839097	0.04102243596215888	0.271239479875488	0.24151657410666802	3757.732121094483
-30778.498534749346	0.3425728452870621	0.4075888528697537	0.0013701462068626189	0.5711823400333301	0.23762794971766313	6891.830745436283
-20294.624987035648	1.4976464427797864	3.0885160162756975	0.01899163541148482	0.5138686724763838	0.25693418792188905	5373.1260329903325
-16003.733357763333	3.797427739333354	6.420892060370173	0.03421252969432211	0.2370349071971505	0.22502096097163402	4256.832567286022
-13168.173041121227	7.638235504227369	9.886068955256103	0.09267614464340142	1.9054446365916973	0.2573115360975229	2636.460187546913
-19829.563952096207	2.0154484879900325	2.860384901803891	0.01994928646242191	0.21071725812544764	0.23700909358689107	5272.338184607704
-14667.349367172781	7.852215912072039	10.41604455885863	0.04847628316263067	0.03436452547868786	0.24415196232869787	3581.532778086167
-18110.399975539858	2.244647231908419	4.327754961404425	0.025377133265901446	0.16545473347867845	0.22911465010881432	4884.679019380449
-16456.706168713827	6.31907257520916	4.815864097675226	0.035817404324769	0.3268866247793551	0.237593082968776	4130.283405089519
-15815.181356651377	10.025473070278396	6.534400346630028	0.04251384835192343	0.147475406495928	0.2526522538667648	3746.585527142648
-31186.285253872524	0.653410215158985	0.3489465890700271	0.001396289941631535	0.28058045560084843	0.23272389559430387	6844.184003740974
-14406.571335203496	6.086860310528204	15.211467156271087	0.04770644368898454	0.05942511955239049	0.23777198645600153	3564.2356748402367
-19919.040085006196	2.444696866775751	2.58816254853378	0.020767961408001197	0.28102768783029325	0.26459720363547434	5194.913725410917
-14805.476373914824	6.447602846123748	6.53562048328242	0.06202463540043221	1.468853074552299	0.23022836058817472	3297.9198253836835
-27394.56684129167	0.8452397274572044	0.9619568880340414	0.006750191351604679	0.194689233728283	0.18049064215567517	6461.92484120285
-16074.53588896511	4.26562492296864	5.313807507679898	0.036374515820250954	0.9917095102508107	0.2699968553433451	4170.63604969346
-28355.92667284152	0.3657667556311994	1.1456078189649805	0.00331817612473451	0.5368864259456156	0.2540779706337804	6748.825234463102
-15196.3297146149	3.965588529690074	9.93446735834232	0.038281336083213595	0.07311142534716837	0.2397483358386474	4049.294814618355
-14782.041328868318	5.21475887757467	9.307320923457429	0.04732526364423573	0.6570481825653709	0.24021115328065618	3639.3243932229284
-15055.044277886282	6.3687242486456555	8.583039775506109	0.044173399511721154	0.24919955897365015	0.2291972652622326	3715.118414531086
-22098.808557890585	1.8501975528961905	1.8282966754636005	0.015912663934649796	0.29613471102647737	0.23850251099595712	5616.688353205626
-14699.319388255137	2.0286670231505	12.743093962707517	0.10647332814801079	2.7758159948131746	0.2262043852885679	2858.3476474414956
-14880.967665449007	7.416352531664059	9.151026821730868	0.04443883051388886	0.01470415294682104	0.23845940829282603	3745.4880417833215
-10519.214446767164	13.546578667377798	10.01993129651952	0.290815545615299	2.425688595235083	0.220287111233277	1405.7341443580062
-26835.45870664464	0.780301774517302	1.0323182060556861	0.006904837636166278	0.016459647789306607	0.23236075309141738	6457.361038255921
-14356.420598382241	7.645499084477947	11.289852547892488	0.05445631720618408	0.9620955280037766	0.2544724700434615	3313.7861697106155
-17697.08022613256	5.759595435319569	3.4611600421584643	0.02843414399176527	0.5622154585158236	0.2312624205613948	4528.83136132172
-16262.049993220031	4.59857272778101	4.847641284350309	0.0399514328967595	0.896184967656006	0.24847102034598903	4053.0162326554764
-17768.752176175847	5.316775262770314	3.6053535806241466	0.030526640273521335	0.06827985538744669	0.2420958798786556	4518.38097724159
-15408.474433373103	7.5259299645644235	7.260990909684537	0.043057313591763395	0.08817345631316065	0.23058082575288083	3780.798003541957
-8574.431377114464	15.144992979026346	17.96296772563634	0.46891925907518506	2.107017979037484	0.23075823318329008	977.7470627736401
-13769.676603714672	4.968677502835107	4.471434085736096	0.21485461536906722	2.5736391821804085	0.24265773985008526	2242.5889622024456
-14997.27637159091	4.002843229735763	11.029757436638084	0.040789879819245804	0.43613411957915477	0.23896806466773046	3888.2087247505606
-14592.61699202043	8.688092283563076	11.11812300642045	0.054264956164890875	0.6565590741583892	0.2443596689069893	3296.8609841182556
-17823.156823337828	2.0699387740863737	4.643679483134006	0.026443096281712215	0.9084370559624224	0.2300746262280058	4814.100573756963
-15975.451143625822	4.293102806025907	6.250197588556328	0.03573445573034951	0.10578996095675242	0.22649808787337888	4199.744977087561
-14362.94521477915	11.1097286826423	13.552578266132603	0.049725152997946505	0.022502191743806785	0.2391198715790841	3468.6772779824755
-22534.905572609197	1.4683768907606274	1.8865221035458062	0.014938623990386124	0.0012054221953448603	0.233152316355897	5740.886407735899
-16796.412318272578	5.204894322724728	4.8652593658570815	0.039095385201972734	0.0013891119746955896	0.21718618925740163	4145.376577709668
-6066.757396397985	7.768205396441299	16.088401971447475	0.5148944641105366	4.869600170064907	0.2355287056791984	1109.0611157145117
-15248.257615580042	4.5214909128237295	7.6197085930008885	0.04096962086691002	0.6087705536907672	0.24107620699362758	3916.687373353667
-14354.226258680248	6.002512919732264	13.910393662886685	0.054400660604459986	0.66282601921629	0.238797997615433	3337.4092670620234
-15798.901791064012	5.290311807157789	5.8689013769879885	0.03814634859002845	0.5174408270116649	0.22938416477062074	4032.897699205101
-8613.628815685604	10.53993404090518	9.464177945595232	0.4225561076591592	2.9751833198749753	0.2347760672766036	1258.0772870982858
-14524.732724345005	5.735575214977496	12.24031558546105	0.04558532425957712	0.043869848414941646	0.23724635068305402	3706.568761198933
-14502.87795879306	6.754936057481564	15.600219162838757	0.05067450242588579	0.25675456526225165	0.23811322970706972	3404.3918651147405
-14488.567753474566	5.42607698979772	13.39040547312895	0.04367643709225375	0.04287610494370696	0.23796708652009757	3762.175097966761
-16985.91296591842	3.0632711454208392	5.116893130972051	0.028573220275710628	0.18937853404691463	0.21589519803273496	4604.468821423686
-17959.44806072179	3.3440681136344956	3.664905765281541	0.027186555197546484	0.12728587785392256	0.23469218741605577	4739.693691173686
-17860.996567538263	9.532306640582583	3.6479941832582528	0.02998243346889915	0.001	0.24944936151464014	4421.655441754271
-14820.84187030919	7.279577459652899	8.156778475691528	0.05283646737938553	0.8560829632085485	0.22807565128694174	3431.2470670331886
-29200.519692673894	0.31764357331462045	0.8762113698983224	0.002540688084223061	0.10007338579274547	0.22414683001305594	6826.556367830739
-13717.478053041537	8.420769027895869	14.605949213654037	0.09179353875054404	1.2507054837197198	0.24826847983460582	2541.0686965139007
-30920.24535319399	0.42589039916375565	0.3872227759263336	0.001548908086281415	0.22653872662800573	0.2163739926588799	6875.787901487437
-23834.367429329268	0.9927468566614878	1.7663648609445894	0.011174919870750909	0.48941533774067597	0.25695244780450366	6045.971897936351
-18626.155493348313	3.024658061920159	2.8133441126744256	0.027591308026923535	1.8755003688793546	0.2059499849423573	4783.660177338167
-7799.296696587784	10.391814378382788	9.45643597227652	0.3132958321600309	5.79036149399403	0.2581109450060478	1439.6973138502933
-20532.874279751355	1.160428459322569	4.476480142200558	0.015204709881930418	0.07609420433245723	0.2674734070482527	5585.423503691663
-17926.9918617458	4.544622049154954	3.5911954165290343	0.029103028364428164	0.1641904371208876	0.28037217060549974	4571.490668278412
-14332.234891462567	7.7479023230738395	13.65199145193772	0.049808842926604154	0.03222367219974777	0.2402224042181618	3498.239618507078
-30920.69834615398	0.5996019204116405	0.3862287846474015	0.0015455580790724659	0.13346934258382792	0.22263626544970466	6839.60994122771
-14492.637712114161	5.734088339755989	12.661983368342955	0.04470737954683314	0.044041213608133116	0.2382691146239046	3727.4246403687544
-8275.090946480908	7.025008831301882	23.75276139910343	0.33633579177472556	2.4667898924103744	0.2530590614252842	1277.6890079444495
-17768.544144295207	6.361283971858436	3.424708390193259	0.031000273963469195	0.5792390404102025	0.26098996782813155	4400.433305871929
-6857.920180458557	5.4791434642986045	10.65172687381028	0.46841970059448806	5.16885096369481	0.2659773753031689	1370.1998146565963
-15091.412061131705	8.70259929978094	8.784227526988227	0.04078884812458894	1.0898698477193787	0.2080074446234317	3747.9871450790956
-13875.451907223136	6.27298334303533	8.775564395363524	0.09163493391920609	1.5211365522766034	0.23716137392005338	2736.372933264372
-12288.386880297525	6.920494803847536	11.08149810355078	0.1178674177657176	2.1768725599358913	0.28561264945726794	2357.6414629286446
-19233.058918972805	2.4405363899291426	2.639111677865315	0.024030189209301032	1.7809283267613156	0.22648239265682052	5019.6800376942365
-9658.53390595085	6.968385168040546	16.040741540295706	0.19695376029933667	2.8703787471522797	0.2947664775180848	1762.9479419902084
-21055.75971759413	1.5143355971473258	2.2377760283185997	0.021688130167654446	2.36247375133059	0.24195523778384714	5340.979104279288
-17458.25017615112	3.0408599589531238	4.424498544297339	0.028668198790289277	0.08742542833997113	0.23415326182739388	4672.294994624706
-16232.30550369413	5.72425720358596	5.522729117681901	0.03898078959652024	1.1929596823262814	0.3170819326331203	3993.146263648055
-19086.92615350821	2.309914119314463	3.359253483086695	0.023174611805244383	0.0028081907628588385	0.21010006169608367	5059.777756658081
-27489.559141424954	0.6095988400581749	1.0260668607154966	0.006052231403397464	0.33068280959235996	0.26754055458293335	6555.679466612251
-22934.55942418519	2.488103651820582	1.5239054640510112	0.015706575755924462	0.23026485015247772	0.20253816709126404	5605.044284731551
-15345.137937226002	3.103459556879637	12.239721152364293	0.036364425709744394	0.5701431175588443	0.23330271127578336	4098.647764658337
-14581.510062978212	5.994647690641069	11.918217283822754	0.04826679248570151	0.011174027615211107	0.22899434834628812	3620.391717849344
-19496.82216151275	1.8636019335958816	3.146808307394705	0.022038747459849416	0.5837134294604851	0.2363681180874976	5151.495803881356
-6870.24709706144	11.396337937215154	17.15393597083842	0.6746364148226682	2.7201147319195313	0.24168115773391724	884.594409221336
-30821.73346659765	0.43726116524662895	0.3948459187636415	0.0015793159295878379	0.3653358136035638	0.2334035319050488	6870.685048047601
-20465.379794957025	2.0287233188836074	2.5200017922351665	0.01856709993599384	0.12915135107268733	0.22518483618960128	5390.670451549933
-14246.802647308892	9.370627707450234	15.526259650796826	0.05132439075652103	0.026676953443868123	0.23796274334576198	3405.518154779867
-6061.180968455349	10.497889055276598	27.566059879661218	0.6964537813367938	3.612234216943154	0.24780924165178367	809.2487222931459
-27959.533020383005	0.5103370816630406	0.9795744260839738	0.004333775403719115	0.01159472233411348	0.24932761940629403	6668.559714343697
-6784.714076038703	10.887339286979643	30.797590386223497	0.5074293048827136	3.6916331025468767	0.2290103916404344	918.8308569582216
-11941.335366009991	8.843910829193435	16.12771347707442	0.1283531361925894	2.2363679195563493	0.26826241372498494	2116.90838658273
-17515.812761544425	5.1196356784544035	3.6370143037380953	0.03088852237846217	0.4625514388676964	0.22586650939182665	4439.918206860524
-16208.471719033545	3.1867735979783323	6.655693934875938	0.0332528469493541	0.19535310638368875	0.23977120827143564	4340.480540786878
-13377.542638313349	6.047577970434115	19.32442251330947	0.08207035669647182	1.9462981354729905	0.29892180849930117	2718.9381657408667
-6510.064003434219	8.34881849799545	13.259428779282464	0.49895404175098096	4.3008620933481945	0.24022595975745256	1148.8103531059917
-5928.8853538259655	5.806478248544706	26.86870501190097	0.49370964630274744	5.327007994010298	0.2195713743684772	1111.3237652617856
-6064.047892505622	6.9104065778439	21.405398688173186	0.6224334553313284	4.203723442355319	0.2777139660697835	994.1332674433809
-5697.310308513255	6.44513950252579	23.086892701562387	0.5807403843217235	6.383355535757674	0.24157349676978263	1039.9599786280908
-5681.1772165235925	5.925082474310036	24.971965281725318	0.5733026913726568	6.8731594663942595	0.24072910940647219	1059.2904269127346
-5674.236243407914	6.378252073722232	26.84272805988116	0.6159954727945351	6.030217185986047	0.2398124984711692	990.9905367928392
-5884.381218745372	5.452320268156907	47.6215162860812	0.6838237589283424	9.60833234608771	0.23809330472939516	949.9495946957769
-5675.8824950934595	6.474928562810564	30.911321332407713	0.6574732007566284	6.207324253444193	0.24052405436924942	940.6995961225839
-14936.220194545047	6.4426970598993165	9.411010442560055	0.04567462703055932	0.1006255100861196	0.24912114834625854	3671.2027046641947
-21119.053718490126	2.1193181623015986	2.2082372913075803	0.01817482072808721	0.001	0.26524659798831607	5442.014323865827
-17406.49200422892	3.702915290657398	4.229487220479864	0.03294660807235051	0.18709203465808313	0.27031078837154915	4423.859469321646
-20260.278215334514	3.0417117253964348	3.0786392222426406	0.04060200263636161	0.001	0.26281030904024316	4380.358754316998
-18218.968510741674	2.77895005172632	3.7898910833249477	0.02565709082987034	0.001	0.25149419863868766	4869.579513084469
-15913.849787356181	3.572462916705347	7.575940246118189	0.0402235035422689	0.29803184738410265	0.2741587500389099	4018.670282256512
-20783.032617887802	2.6607032859282516	2.557659120303557	0.02686587867000458	0.1887223623560978	0.3263123834124226	4919.776982653167
-26149.80136253238	0.7765811057017047	1.212701934401844	0.008289834928333444	0.5405553929064867	0.24946172653430154	6355.156374742619
-14008.446503639856	6.134964194309361	17.743685679789547	0.07721127566364687	1.0307528330611337	0.2399668865812134	2808.8931080944635
-14613.737144958253	5.95831246816576	12.208332072776898	0.04583052256738496	0.08727139837693818	0.23552430226354396	3645.8672606221257
-16583.622238305383	3.920814020796736	5.022938175244545	0.030855373010453605	0.30020738103977895	0.23094772753045562	4432.959894438436
-15049.311336397952	5.903866191289189	8.12646361177022	0.044692740022983485	0.47148132758317596	0.23993951855019674	3718.268584199349
-13259.305365488917	8.881879804519102	17.30908276034813	0.09302349273520918	1.6607690774392134	0.24706866660415916	2482.380721438821
-15843.9817688412	3.636745959601767	4.86826530769873	0.051248543277652665	1.8492114157574362	0.22499024030331446	3809.0888463610972
-22702.330619549313	1.693512264385241	1.8759950863803485	0.021979797759598747	0.1180019507149604	0.23218763637703696	5393.28676889993
-11919.510541663558	10.84017922174033	28.285371686605192	0.15857641106092105	2.46990752768511	0.23080378138345062	1759.4720578860865
-27339.218009099095	0.5753427572109635	1.0986883028167924	0.005598746433192883	0.07967584079103929	0.21332135850569264	6572.59437329267
-24464.009943413832	0.7479550193545879	2.0211634298462355	0.010520387859023693	0.12321520796130966	0.2665835869718796	6137.217186641708
-24459.77191663174	0.7617240475436008	1.9213593498019328	0.009470103783393073	0.0851426208711593	0.2428223848516772	6197.094935057401
-20499.81545510667	1.3258739971897076	3.402050545963208	0.018466227360590594	0.1932628098356757	0.22731232292730785	5434.538859440583
-26458.28916089561	1.2400214519004726	0.9565287098713439	0.00896931217805861	0.4681143801273323	0.23130189454987451	6259.099405877212
-15252.378588313457	4.40522214842531	7.760289333870677	0.043988550557852425	0.6060684447877562	0.23779234201809152	3823.506486011732
-17404.152486145576	2.601567420589165	4.057220113045316	0.03633353935316118	1.5486473628571695	0.21781942038297855	4404.714849102152
-30814.006755006754	0.4778383032532545	0.3972901379619794	0.0015888038813648348	0.240708360772896	0.24751457195497456	6859.8357465878
-20948.829596226125	1.946220662134747	2.343759275760836	0.021260873968531994	0.11994653578359898	0.2229876284856531	5301.84161775456
-15109.598160306794	4.189085863153546	10.101428213548871	0.038191681151613116	0.03528985747135384	0.24056941564502135	4044.9973071104646
-31295.72531277884	0.6898104489929145	0.3357707744977973	0.0013437249006810125	0.13640921354926372	0.23765921727910136	6844.364425895257
-15347.31701098095	4.989043318444135	7.6950324750949886	0.04415568965279288	0.3188176916885921	0.22649226384455542	3793.890673586439
-15014.848883701026	4.925363713191376	9.15342786520319	0.041613349380509784	0.3572688739498146	0.23524316237607698	3842.0204208631126
-5935.577544364144	6.593978536050215	26.94308041298688	0.6431748317134334	4.117511174346508	0.25508148783171813	950.5179181686749
-19387.107347007834	2.57028679309351	2.842045347737798	0.02278870508170863	0.1800962991554737	0.23905059211354449	5072.514500235032
-15602.648025111892	6.93262865790007	6.47898231750568	0.043403362381804436	0.42976929615069775	0.26012445726622985	3772.1312901666374
-7971.372498622277	8.553747900849505	10.37308086229252	0.30338446429167837	3.6754596111450297	0.21943008695185665	1489.1132449733752
-28013.97582679607	0.5456493301796407	0.9251378387127047	0.004156428351477858	0.1153431186008625	0.23297443866081527	6669.850422764739
-14981.839879322972	4.937961322812589	9.886525134103698	0.0382713089464632	0.001	0.24870363425902772	4021.3587175537573
-14911.432213682128	5.056050773688775	9.805012270098693	0.0410015445974651	0.04653647671892446	0.23569517475128018	3921.894745319821
-18017.611787185688	1.8998550213557626	5.357033351713268	0.02495680179712636	0.2081665868138067	0.2449198292653188	4897.315314808853
-30956.838871657375	0.4976018447464635	0.37516111617693876	0.0015003858272404566	0.10969150243008959	0.23230846432875474	6861.68599970082
-17787.06425041883	5.400554290507384	6.832366864592277	0.03694238946137669	0.001	0.39264970632060314	4124.8457561722535
-6973.228585987622	10.497915363134856	14.228310413311833	0.4668924500545736	3.5326913432586124	0.24090495495362288	1106.0091085070778
-8209.5696615877	11.580754232725884	12.111117143138744	0.3412815672188107	3.3018429400971736	0.24724350927935568	1293.6989364258227
-15360.566225613144	4.689601127396436	7.958008570280581	0.038080982766273315	0.06000403569759609	0.22943723714657943	4066.6002465173246
-18103.96858031511	1.9780029044983862	4.900796918460105	0.024238320214646766	0.18808944617653423	0.2412893443414303	4940.407193577781
-10749.166560259466	7.707117284861273	16.982943904241573	0.20122641741017133	1.9350031299902215	0.24079591395346103	1702.9856801647281
-20036.626603950186	2.0042512952898197	2.801150418522403	0.02024374038574007	0.23497744707172627	0.27274939463424897	5262.3536550013105
-13554.823905492429	3.5312048148912494	7.20503679364946	0.08944745696009034	2.47129031855545	0.25049078378680034	3022.9356069367764
-20161.045500020486	2.5447454783144834	2.3767408994649326	0.02179192231950775	0.4247539729574079	0.22513350971294724	5151.552408685481
-5962.114313099819	4.615878855594613	16.272992269224783	0.3999078571260055	10.202518102332286	0.24435794948489248	1420.5383093677772
-15195.164897884157	5.9480953549009214	7.922427385860139	0.04089889498170108	0.04890040952510163	0.2378724685270106	3931.7303725308207
-25010.01759146696	1.2913516441793274	1.2224833521798446	0.009780397256082969	0.2708603214917581	0.2423278379250698	6147.759122345248
-15982.34604289105	3.366216640429724	7.005189384958931	0.033479284281335585	0.2568501234196239	0.24024028576357145	4297.953124082369
-29577.27715969091	1.0685475795098403	1.56619943329483	0.013873399720698511	0.001	0.48440044684287753	5944.029679484773
-31239.30295744315	0.5233580875867151	0.34125884911212995	0.001348010909079248	0.1714766743734915	0.25578084610466245	6866.217051568157
-22181.09923100098	1.4404127508968037	2.0513859725649963	0.01754750447077903	0.28114483172684557	0.22890111692307566	5586.562827060286
-16977.16403856412	2.9540752227114138	5.106769367062979	0.03054782666331077	0.2271593117377824	0.24023547210110183	4529.199007343507
-7107.5350436503295	6.636542856855764	9.042970218848668	0.43298865438075806	5.378749411959583	0.2527137892547518	1397.8633117516397
-19615.262289273545	2.1834219141151547	2.8018984814505665	0.02296026125362757	0.5198944918285084	0.231913669688126	5094.063150544756
-5981.999886695303	6.542314738146539	16.613802657235325	0.5101604953456234	4.952579452944307	0.2372918889177842	1154.1708576943706
-10175.90985648966	2.155572786889554	10.919291107407606	0.15393218072065595	5.572779253681512	0.2565728557616387	2528.3683850476104
-5767.891197347495	8.264079072541918	31.472921577663275	0.7244983395625523	4.502564919495227	0.24469718136273397	830.4832162048721
-9687.979617398008	5.958001784433068	8.468484073540676	0.29376165899678197	2.615583245738893	0.23958337002526214	1687.8973953822774
-14477.274749931665	6.661893914447797	12.367965468986556	0.04733437413710861	0.001	0.2401457236292475	3617.573818944145
-11356.454520101674	7.829922337724911	20.394184531443777	0.21981234168830835	1.582557071833728	0.23929080701238611	1586.1522218702517
-31027.792533892985	0.8998003027145265	0.38037253132463505	0.001524309565511346	0.4245611658023444	0.24576565481577092	6807.892722714182
-17906.93941155241	2.2855166106922598	5.085763086024669	0.03019839833891396	0.12487116772300892	0.28253817405116305	4646.934285817745
-14793.367570593504	9.429704475272947	10.3505184461521	0.05378491493304526	0.5274587161053236	0.23366778533262608	3307.763170165168
-5718.916617037827	5.441330312743102	22.515323589606727	0.5307988520135358	6.686902683831294	0.23851060023851386	1136.6639949444443
-17740.05129707425	2.668662006253542	4.441321010371478	0.027062156681711802	0.001	0.22568293175709023	4775.068546220094
-6009.6259503121855	6.948162265433463	15.07701345339341	0.5193079660775408	6.301083426092592	0.24337118419455298	1154.237049878931
-22264.577020085024	1.345842047231624	2.123732393256624	0.0145797929664934	0.005659948693856071	0.2162965443878995	5750.026483978205
-22324.64267931844	4.005357345538407	1.6075035297554097	0.017040411240539025	0.3308987836926541	0.2803532438864164	5397.203362614844
-7960.872498645163	6.397188615994807	6.828582049864812	0.33268775029542663	7.394626683623828	0.2987497606835602	1659.6942032097047
-22381.70565847103	1.7897651939134072	1.796366268283236	0.016483836855155098	0.06843970654053322	0.24432386103585357	5627.169818227528
-14608.36365920677	5.869381278293449	10.54361670639456	0.05050427740889511	0.6055295274196031	0.24347002945976726	3495.504939219636
-31102.685516353333	0.5477432347038576	0.35581306193362255	0.001423050662793663	0.03437533020703553	0.23526317441531233	6857.774630702102
-6729.6369522677705	7.215394254120394	11.6181288935243	0.34543046200458966	5.2036440743376895	0.21814554470201106	1426.724499691783
-14222.404105356067	8.053115356762266	15.925674084656396	0.05109799730316491	0.031043125124929433	0.23971134732810595	3429.1607719204267
-17291.432418737502	2.861593865184936	4.783363181696918	0.027549844671057512	0.12261453784690314	0.23902242243044686	4701.304303957317
-17297.553233769435	3.787348352188892	4.3448770932504495	0.030689474555218615	0.03817336464986118	0.22353970645450572	4557.45808179059
-20981.415882314177	1.2092949961313713	3.211283969439952	0.016281219907621842	0.2953868553046696	0.24360559773122514	5578.175191869601
-5981.729487951967	6.840798352304054	15.406656241736698	0.48122725319042886	7.095364745687762	0.24031053662616111	1192.5085675617115
-17011.157866086807	1.8509698379291823	12.601895785272461	0.028068280425019857	0.10674598231787034	0.23971266438770109	4621.752564861447
-14711.432377760879	5.63267403790384	10.598393230325417	0.04363455904916194	0.04583508831011212	0.23861103248317572	3797.8979141185114
-14675.256178119836	5.032444437304602	11.7953445244418	0.046014175354556	0.45863196066901385	0.23533134592393845	3647.298944694438
-15805.744578076257	4.483564799913137	6.7418060244014555	0.04086896171640261	0.07925441547269853	0.2393500698331297	4003.6177998325716
-20739.245443175638	1.3791090838338944	2.975270105524421	0.016038546435657424	0.426868310969826	0.2259626697466109	5560.443083397832
-14870.607620229855	7.416445163014172	9.172728063456791	0.04391891754541835	0.04553284193936143	0.2388120788149381	3752.8225736570807
-6751.493071733516	10.414593074175265	15.585862356795113	0.6519895022631268	3.1355459820528604	0.24010584331739881	937.7641423695699
-25050.767208986792	1.5016345513442637	1.1720560863216014	0.010655968305640284	0.10854046329283332	0.2522359541286841	6079.932499540163
-9922.39451211821	11.952217400167946	24.394227197576143	0.21427996929590334	7.852278257362846	0.23375778928634547	1488.3822505037429
-8710.265715082485	6.309906932510368	10.494936088098596	0.3564622778401728	2.6005557632286993	0.25329606582992464	1475.1850126463462
-5683.3729278084365	5.96898563884265	25.26706787271595	0.593069292775441	6.937989790693822	0.23998433420353246	1040.9004437573883
-7220.170773071106	6.488483686250439	9.717762646571863	0.5404982583845492	4.787756796838298	0.23812429622835918	1270.9048381463488
-6350.319229717415	9.05518307161158	17.080740029002182	0.6322087915281108	3.478006057887424	0.2433350223063827	963.9090808699275
-5747.1478135569305	7.960062966768993	34.36692856368777	0.7903615922948536	4.595378367992626	0.24535224213874146	796.8701902682463
-6023.456891940257	9.511117533477758	32.24399868100186	0.8115772113057834	6.494694278184833	0.24804955018115873	764.6873860618382
-7009.629001243355	14.619975249096399	17.349169942856207	0.6508645838053417	5.283136106460888	0.23964533920710762	847.3658879216165
-5740.607552708678	7.783510019524475	33.93754516072909	0.7806127626606678	4.618336502492279	0.23912423903329486	808.0324733578946
-6497.517116027851	5.658593598686544	10.026111696821262	0.3679204518338731	8.715004473139562	0.2388316314848249	1516.1099891250142
-5671.415766355922	6.283078331231382	27.200156185780006	0.6186990373843531	6.276814196125436	0.24061171815543508	992.7955715884997
-31192.27112716068	0.8305860555004055	0.355413944374455	0.0014230605563559041	0.06468411007934653	0.23161429925140684	6823.347180398413
-30697.424115551326	0.4789505139857301	0.4135326671696088	0.0016540389883226854	0.3003883890386685	0.24138382487468932	6855.031201505825
-14547.734679811214	6.221827630344477	12.335787084759358	0.04617033596529696	0.06497412038620569	0.23755368811672356	3638.7590069543903
-19049.59885726267	1.9660074405357288	4.417133583477727	0.017815902404161792	0.14360980673788346	0.288635294878106	5301.31120966638
-30884.49046576835	0.6041563604611913	0.3929420673675607	0.001572680949639675	0.34657216584740835	0.21977946703431317	6836.671377185836
-15562.874850763132	5.442318961953756	6.744187700000714	0.03988815455826074	0.25479737136397906	0.2305681280076168	3944.2198802982107
-30992.00451073805	0.2653917050243292	0.38681101537136975	0.001061567905274339	0.46395939043187384	0.2618823938396739	6914.95855270695
-17034.92825164346	7.248245868212081	4.353918182961695	0.03487380869782489	0.02378425297527361	0.22125841661609147	4238.903455676886
-14868.926528312622	4.727789482660468	9.801342439107252	0.04399497878792678	0.5301731131084509	0.23810381642469594	3757.6417862939265
-14847.966492522042	5.307751174821267	9.988917261314826	0.042982975806076164	0.043773120467405995	0.244629133581337	3842.4426667119938
-14826.753898522886	5.16086349955527	9.645986782920495	0.04651285213482222	0.5201068502078131	0.234748378072149	3660.743956817912
-14215.811070706997	5.807944118270489	12.005273488793636	0.05760062480863824	0.9767331209468377	0.23686670256131834	3288.507246282697
-14747.410094967254	6.653475891998076	9.95840319292011	0.04487151014038371	0.022524623057627754	0.23736294182081905	3734.1796335952367
-13976.021495018622	6.8509771406989275	14.185668926263029	0.07379980724650038	1.0691312135299236	0.22818573969168127	2879.066151284696
-17853.708026898104	1.9538951023305182	5.396208090836557	0.025380729583003858	0.3452778477641032	0.23776556489171485	4855.314666428411
-10888.55988014728	6.26714187286831	6.586305579537638	0.23684160067885737	2.7772020731134153	0.2688908116806835	1913.1810503623283
-14344.28308453622	3.9789396432333426	10.769981923197665	0.06628093216380282	1.4088209435328214	0.22696688500000292	3230.425670436582
-14337.332218005306	6.9958740217848945	13.761029986816046	0.048504500647476835	0.0353788867123365	0.24050367900750433	3554.3458632867923
-20454.505443515445	1.7073927868807632	2.9595790167471763	0.020167763453648156	0.13217209372309083	0.29012449955021125	5320.695324597239
-15201.279769398487	4.909114594846447	9.126659741659571	0.03580344869525183	0.1958304799586366	0.25769835595112234	4065.3634449896563
-17780.190732332878	2.8684298022276447	4.055957521617437	0.02906158306631447	0.3504221973713174	0.26632578496910014	4648.266835249381
-17036.459790142977	3.500877852407587	4.540842134338349	0.029793191888970682	0.26394699044664527	0.239101621294758	4535.814911238017
-30815.677106576095	0.5739775026683482	0.4013343707919619	0.0016067710788627882	0.1726855880388056	0.2538889008941018	6839.102057707942
-14631.794909257525	6.679599920889812	12.365623293456881	0.06254282547825157	0.4824576728606595	0.2451597534182567	3138.1947337334705
-17732.470494109362	2.6900755652072323	3.9839789633420017	0.027902205404227366	0.6916768199417012	0.25037089289047765	4710.7742740413705
-21419.92295500916	1.2641029357554852	2.64301934917041	0.016060742160833967	0.43879350005604695	0.2280196977107129	5617.2446358102725
-18668.05669288392	7.37277987507761	2.9276924556876267	0.029568783209703787	0.2088048015459114	0.2311865832372379	4493.496931306566
-9858.057173701292	7.842104071355768	9.26081693988292	0.4020991363533841	2.1144736714424464	0.24340025662776976	1376.1492197305993
-30924.548540180094	0.3397643278372873	0.3954585365634999	0.001359040527212583	0.47789929667343706	0.26470064946076294	6895.902455865664
-30738.657450355677	0.5007850189126682	0.40693660800599535	0.001627730721426782	0.4034466132432245	0.2374801864916552	6851.830637067335
-20184.72147679194	1.8112250062070467	2.9194181207036696	0.021634409288076344	0.001439098305527956	0.21868367177761885	5241.18110456912
-8327.59124440934	5.013916914866452	18.1207488293528	0.2409528290918392	3.361090026927231	0.2436746975048247	1666.880327885624
-10068.861147678235	9.478605448071171	15.70360174024048	0.15802693150079902	3.769000068399905	0.22507456208779844	1890.8058464870019
-16363.757342319663	3.6177494244327835	5.932238861824144	0.03260027677505302	0.011863590205913373	0.24234445324644233	4403.307371700821
-15424.588110702794	3.8336748874759468	8.689014771993296	0.03762523817394006	0.21096661575286527	0.2358246938546247	4067.026585543928
-15002.780056562706	12.374615160141676	9.548029311657034	0.046218297283304594	0.021919989941870298	0.23345163359549256	3603.3293496393144
-17898.499656268476	2.2703983221751014	4.369019433301816	0.025482292972974736	0.5007681819423515	0.24520901331410283	4847.14537350319
-24229.341281103298	0.8991298040546175	1.753017574442859	0.009936013233733273	0.014221423047360618	0.2331512524866034	6148.4146324617095
-23077.77293957312	3.039028082990625	1.4850254050751008	0.012514369364970251	0.001	0.2329585855719809	5759.4359528771165
-17161.44621631946	3.0205859781922375	4.982377239229982	0.029915835834258005	0.002968484585298483	0.2522249143361724	4594.647407779191
-30721.917215048667	0.43188396372644955	0.4109412191952558	0.0016435673419121154	0.5191094785471035	0.24298012455053178	6867.95417859557
-14495.055360406584	7.389959573795875	11.743691558932955	0.047494920797665464	0.02837397762955059	0.23563562287677944	3601.944619339009
-16273.086789629793	3.761515335244478	6.0664568679882	0.03177981497990514	0.001	0.24285263696656714	4426.509686253767
-30505.519599736457	0.4679900387158415	0.4439842575539953	0.0017762146438269801	0.07172042498096035	0.24086715229813077	6849.380788965293
-14508.980845841143	6.976415304745717	14.084422058208755	0.054630754128921814	0.36748866165527044	0.24064113593108447	3298.8811128953525
-20798.505873457514	1.3162596857556919	3.1518526777835794	0.017081677278332198	0.0027442226866670116	0.24016787449652155	5525.912746865006
-19561.98458501743	3.724766557159758	4.597719533097859	0.030518838172020165	0.12181521638018755	0.4070318041813939	4511.326247860949
-18273.750836711133	2.17516502464655	4.349060170730841	0.022812441552047095	0.024120913171571286	0.23565228441369748	5025.7166805539
-14980.933400854807	7.703084272076161	17.56469795401952	0.050219467700691967	0.02941267180685496	0.32899613804669087	3447.375915738164
-21323.36780368477	2.8983046003193804	1.9276144158747972	0.01917154929853503	0.015273543649460417	0.24419768479806037	5337.345605160392
-9648.890414448124	4.828592490133117	14.024607797372198	0.7588006044179674	2.2335842214188775	0.2357601344971903	1096.0021731347406
-17588.999508815265	3.300916696555244	4.440574524663348	0.031024688385969855	0.001	0.28258014316001095	4559.778385928373
-30640.602772639908	0.40593021344544783	0.42684473607796375	0.0016236379857835766	0.17027526883248847	0.24491359325914291	6870.7574738869425
-15442.465411980971	6.090358294837738	7.182971361442033	0.03921537051439733	0.005305555185277006	0.23203634774219253	4007.9968589601644
-26762.13480336391	0.6825516597501365	1.127137365792731	0.006722032243972497	0.02939855435605412	0.23666111088466144	6478.331761165307
-17950.12813731596	3.751014011884929	3.096749491121475	0.02939964340013738	1.5191908368883977	0.2364245430775061	4617.903992553942
-30855.648006165142	0.2895341563044425	0.4039380075628368	0.0011580556905891786	0.44857479369581754	0.22301351751469992	6905.312125293574
-15405.086432479897	12.942560487028214	7.655792820212091	0.060473778507256624	1.1416547180885548	0.2775937778090843	3141.5372484180866
-24244.33671101666	1.2878053384440469	1.4420077057097473	0.01155969243683801	0.39947020020277696	0.27844135741132314	6006.556855254128
-15651.220493892675	3.169449223843074	8.395785308608888	0.03545913225267882	0.5881301124033234	0.23206628793399284	4190.914653530553
-7760.49576610179	10.589538968899888	9.824338377455716	0.5479397686832038	4.274266939857075	0.20650235113972157	1118.1522973398562
-15072.746262661796	5.7434621597828155	8.49562934905506	0.041574275396949245	0.04956035529660614	0.23745108738399576	3897.912666813152
-15674.056878786523	3.1973288523766192	7.635596505690828	0.037377799750050504	0.7906115797754707	0.24940317505222678	4135.635220469388
-20576.14107230814	2.001208676702075	2.488118543874558	0.01618840678940935	0.6728888054079015	0.27580614741990095	5480.654124423902
-18335.328277969653	2.2870568441684687	4.088552141692938	0.023471970704181586	0.001	0.23812333882048634	4996.670767879152
-30984.99696833708	0.6486799608845144	0.3779919681769993	0.001512735221438913	0.5057617646129006	0.2249707445549797	6834.96843016218
-15827.525739377772	2.8102128930757546	10.58037831821233	0.03284192479548202	0.04804696338506193	0.23718918536235895	4336.112771531068
-20640.276765919003	2.357621069839767	2.37653410595347	0.02136090206822006	0.07285784392345288	0.2770396066361933	5240.197233778679
-23073.531028701327	1.250373586904642	3.0415237983605428	0.0276933712172674	0.1322547486872707	0.1598849214174283	5113.653910582604
-17892.58995561349	2.4772711468496893	4.451542566921524	0.024554951089574395	0.00391789391163032	0.24027498616446674	4904.985331031503
-7594.528152565695	4.3305717117232065	11.934088820556346	0.5265434788257797	4.044569960020989	0.23845959662432467	1352.3653928396134
-31051.973799616226	0.686551745482708	0.3728333939722832	0.0014928920260580511	0.07484249923978964	0.2196156493619469	6831.881864788622
-17063.3283751758	3.244980618359973	4.78236554550402	0.031860021797586485	0.1500944530614743	0.24060698733146077	4478.946046145109
-5921.818339775463	9.139085806252002	24.751315462020667	0.6513361069820907	4.01304859434553	0.23656403539197	882.488213166164
-30970.189098372015	0.6911872683737671	0.37937643465528686	0.0015191818887023733	0.652684565345478	0.23859345162994128	6828.905589186451
-17536.701223618096	5.390454480300298	3.7034054285758056	0.03313547686857882	0.2555640815924562	0.22981145331232647	4343.85969772664
-30710.87710130365	0.3461829570991374	0.4219887456292195	0.001384348663558486	0.17016864472723497	0.24565366216962123	6887.161092253718
-14289.352066070021	6.793372234531668	14.763013810202569	0.04901021403126348	0.03680029403803364	0.238978082582616	3533.9880881545805
-17039.039055075853	3.0062244381851433	4.9338727138262595	0.02936241668682073	0.22333221064006553	0.2379332493342617	4580.612297070505
-24978.368919827102	0.5797437701437647	2.403706420895936	0.008575325030038576	0.5206960657418528	0.24987690560466932	6273.164014596678
-10525.80474603963	4.506495178226167	5.291097978891066	0.3153762887873382	3.8829789150685503	0.25287532456567735	1939.3349078799404
-20814.246519614633	1.6823410668956431	2.569625232548765	0.018041390240973402	0.001	0.23125123182171392	5463.241127818385
-18685.30688298622	3.217512991352457	3.468341296537571	0.031406810294775794	0.6170831057080548	0.31871729353579814	4558.6324018056675
-32447.9536428013	0.675261003012143	0.3758620823716474	0.001504809136588967	0.1803363931107395	0.3626316519809228	6832.235052693942
-14707.305696445519	4.703477414181166	11.296036377797554	0.04564956140615483	0.5694718226050057	0.2380102269599278	3681.526325735961
-6666.475666875003	6.633811627450283	15.096785324882994	0.7091385545855463	3.8440027707103757	0.23985159554193022	1025.9338384505893
-5998.771561257394	8.121869045750538	20.94359825785161	0.6964099021317599	3.8167001276243084	0.24212581853885093	911.839855144132
-17664.53460703354	3.3197208626268995	3.9709313714355687	0.026779916708227252	0.15393892869996453	0.22703827556000106	4731.726955052901
-5844.649144783231	8.69840070088999	41.54319452046482	0.9196487918283999	3.9701697913611174	0.2396145445782546	701.6066618314977
-18291.050969651336	1.9482419608103378	4.126312821916867	0.02354384883534264	1.1806533760045388	0.2539140869887848	4989.416961762302
-14443.031768802051	7.280317611287449	9.64378793716017	0.05950707661511449	0.9721188791386235	0.2447092005947384	3230.9736684021073
-14773.391272420866	6.199169979560251	9.854487009121176	0.044074768766833645	0.044537086188916886	0.23768976173724032	3775.0868513978717
-6014.397706906298	6.843686620425372	15.210979274059863	0.5069738465084804	7.326809585654956	0.2372672400229249	1170.345342474676
-5960.418482089309	7.546533162121846	37.95250924334433	0.7669029672517341	3.8525552282377156	0.22385745282367525	800.4114130968269
-5786.8162721363005	5.341155577320919	18.602513256603444	0.4590215396895357	7.176757867480111	0.24200279102702874	1253.3758938139854
-6614.306121849894	11.361414310186888	16.825123317485172	0.6151370404537363	3.4353246513037923	0.24068008887412007	926.7850622289308
-5843.11635227515	7.802634670441903	20.897094154593894	0.6293701423004289	4.636544350745635	0.24013756218971388	965.4589895938348
-6530.221747383873	7.2041601600757454	11.664392402401651	0.4444200594155897	5.038746907274241	0.23567100679556238	1283.1553533508816
-6174.9287350038585	8.978379691597844	19.08522691088415	0.6502024924682058	3.5419868580526255	0.2392255599911371	932.2395392980501
-6102.079985363045	4.98770935885043	13.29984184395384	0.35955135591282433	9.185457353150873	0.2302806579433096	1497.9040982789904
