# /groups/rgutenk/lnt/software/anaconda3/envs/donni/bin/dadi-cli InferDM --fs input_fs/fs_059 --model split_mig --grids 178 196 214 --lbounds 1e-3 1e-3 1e-3 1e-3 0 --ubounds 1.1e2 1.1e2 3 12 0.5 --output inference/fs_059 --cpus 10 --force-convergence --delta-ll .001
# Log(likelihood)	nu1	nu2	T	m	misid	theta
-11054.9708240686	2.820848659247708	0.15433972844870944	0.06809734769451664	0.6103448604325772	0.23426638342812311	1787.4866722593638
-14520.537294715436	0.6337789524756714	0.006012349989601457	0.001	0.044324329351317075	0.11809821943920536	2583.1480172968018
-7589.6242975273035	10.131732149014091	0.4242283886552935	0.13210796907592695	0.7999507114644502	0.1411204363426308	1088.2759846983095
-7101.878640968263	10.880468428449898	0.34860110119316295	0.22435368754510698	2.3565350176349886	0.1326563710911008	932.685580699332
-14415.499403792599	0.7335669701982205	0.006033462176804007	0.001	0.046870792276309574	0.13501706923836868	2576.318893272092
-7532.3000649004425	13.041685967558479	0.4785087613954794	0.13993065568757926	0.4918970075317243	0.1407421693169031	1005.6934849418226
-15079.095823284071	0.3388973490149107	0.006213031613948423	0.001	0.1870142379276016	0.14114705499899527	2622.846778250793
-7251.772187496	15.63392249117527	0.37844134945802754	0.14187484674820738	0.8978018789355275	0.12305106704309834	994.8751247187134
-6728.865366874987	18.908953731450875	0.26617170920868716	0.18137598171374805	3.205195972360595	0.13363433263424854	949.0304811441678
-14603.840565418182	0.5777247095299949	0.005994973334631647	0.001	0.2735064792162384	0.16039531726685563	2588.024757480521
-7204.370436591134	9.026153002521724	0.2601828624051096	0.2195713366120767	3.3505592237487214	0.11800141399018824	1034.7481883525197
-7145.184520653493	9.33236152146246	0.2643599192016068	0.2150248015974439	3.3223562441065533	0.1371037438054425	1030.2537914844002
-7377.159442102227	11.372940757345244	0.4079026819015011	0.16002286511058625	1.023816214616059	0.14569167887953366	998.4179074316407
-9854.43912395564	3.680693031863318	0.2782132223408779	0.05892654218346839	0.06427397500458663	0.13552400071896495	1674.8497491457465
-9058.241547381791	4.8734686456131655	0.3386022823501652	0.08698008472903192	0.3398393331739755	0.12557214500709477	1439.36411980672
-7176.780603536269	11.106511111945473	0.42839113481773244	0.19618347141461917	1.844138807507671	0.13306842619525924	942.1745386203037
-7809.296612954521	7.928747351078255	0.44414419397925164	0.14159953905510425	1.062691469192746	0.12665091881445195	1113.7800482992661
-11625.042003777118	2.3505781593217416	0.19631097976735568	0.03677275326120103	0.3981163104373833	0.2639396693209557	1983.1573241273925
-6703.500383138064	16.62020743444718	0.24435995875565175	0.21594784132699896	3.880876900007467	0.1421999694108459	937.547813696409
-7390.693441747182	8.899913936115453	0.35725156438454053	0.19492096962976355	1.9522280289392102	0.13555543954299118	1011.4340312038926
-6970.173041077767	10.769133207550452	0.24719984511324486	0.19125531213046518	3.833377531986878	0.12793274226023352	1052.4703170407101
-14917.826234980854	0.42273521876395476	0.006002076267705468	0.001	0.13172092263164192	0.17694904843217055	2607.1379108449496
-7735.792752870363	10.600320105959897	0.3918397975669597	0.11007201867405839	0.495532724271065	0.1372476919551933	1157.401128794662
-14572.384245873523	0.601026526271253	0.006191533978241524	0.001	0.23983311221226497	0.1584186716637356	2584.7509808391505
-6790.458092152872	19.858105771420643	0.3772135853876744	0.20344625524507048	2.1007059876301124	0.1371190100588559	847.6565028861174
-6908.672302772486	12.773321753294574	0.2909458531619625	0.18139338594092877	2.7946621077609524	0.13856174347322303	994.7805628296431
-7649.376438211067	8.799091489505797	0.4436871581699862	0.16563817758115187	1.0817490848750464	0.1341396283004244	1034.0226787208812
-7285.509202521158	11.162903034396082	0.43425149002465685	0.21848106297207864	1.4263279730793241	0.14820509944365187	896.113384137819
-6740.775359521601	16.227870686101944	0.28645631595171217	0.23807380362019437	3.152071720147464	0.14035191192903107	876.7858352124857
-14465.565045734895	0.6750886019108203	0.006107949430383673	0.001	0.3695388674138298	0.13363803313264055	2579.623023938504
-7359.981614935775	11.784661525950769	0.47638435849793037	0.17608022699078804	0.97248979337491	0.14214423116405087	943.1393644327601
-6794.119354863473	13.553704917697225	0.24500647140538379	0.2318950677789054	3.7710648365506656	0.13152446146929042	948.4339386345085
-6775.613651277992	17.379211972302073	0.30327772565787375	0.19220015843830449	3.119912425477875	0.11345573906896435	928.792741156152
-14490.090262582078	0.6725297503644833	0.006018429223965464	0.001	0.02786760089920716	0.11408021072607093	2580.279595114307
-14583.9644784553	0.6375352017437991	0.006043310554261585	0.001	0.16649648119378932	0.09703466380491417	2582.6932852013365
-6690.648203660644	18.032103747550504	0.25570433432529605	0.22515575465657411	3.537900102513995	0.1308594643358341	897.7898363184519
-9520.146857764492	4.252417951314229	0.35778623821425304	0.06568563469859304	0.16508827514829658	0.11524565976536877	1568.3712308012548
-7901.395295503926	8.765188981731749	0.45444585607057697	0.14671767096401028	0.5921844148332137	0.13123573604388383	1069.994173946269
-8065.49396662148	11.528929544535197	0.41392649745092586	0.08949788769424633	0.02490935533064347	0.13877233447375575	1223.5870566850288
-6709.182420542795	26.669542880290884	0.2758448666739194	0.2832185791786636	3.014478657320775	0.1459087361064763	754.6282158632646
-7034.481849076733	23.12749433052496	0.591557865717376	0.32114021956872585	1.142588037665028	0.1398218966109741	629.1275873876423
-10143.009623843445	2.978805209061919	0.3104937473733524	0.07935079734292223	0.7035425449067947	0.14147039270296374	1637.3802489836728
-7020.989489051768	16.206480547868008	0.3755460003779494	0.2029041346670715	1.4114108911624739	0.13324225709670798	862.094290241744
-8700.923254173676	4.753161539737202	0.3584630932567819	0.19652230840806	1.8194965116066857	0.1069838625687251	1191.7619937136546
-6771.660919944213	22.825431177856885	0.4088530633330003	0.28750655130795705	2.1304217595198063	0.13956005245718886	713.9637706209085
-14837.179402643196	0.42300569547000566	0.006045778751406855	0.001	0.11983142250638693	0.14025369613991945	2606.8081342220103
-7015.768822208999	20.421008288974996	0.6295419240984426	0.24313288047426593	1.2744939293704276	0.1409576623966896	729.1087820774005
-14483.596194624393	0.6755077730192458	0.00580971504216468	0.001	0.11571264262412238	0.15226040385924686	2581.351071431748
-6647.10865981507	16.708236484265054	0.18202507244054772	0.30923371425158735	5.52740141337484	0.13045833716684446	935.098694089879
-6879.3471188038575	13.422685747021635	0.3321478128298482	0.2469285276462471	2.8275256750186544	0.13908106722936617	878.2737969121614
-14440.869836778424	0.7136196357344725	0.008082233934304663	0.0013521536531602262	0.053755089946640154	0.14724310140525368	2578.5986708338937
-8260.722641243183	5.376731007833088	0.2864120159195996	0.13595839363029646	1.8659315543908812	0.15612988119286403	1289.0869840172152
-8235.695023821308	7.020126287570668	0.4379137737469655	0.12075848375924592	0.5540883986441257	0.13668195808824374	1197.393138270524
-7345.21804183737	7.572914705699351	0.2219635441095007	0.2017514095025709	4.1028360060372195	0.1350174671197881	1140.9485395968811
-14544.688142933994	0.6020740128553287	0.006064692409435034	0.001	0.05767774118566378	0.12700841242078204	2585.401301874332
-14822.420948970519	0.42856081839078336	0.005934938854732325	0.001	0.21899737567877153	0.13198577036490935	2606.6294971704615
-14744.992388666711	0.507944896697121	0.006019839486909527	0.001	0.10484069159022028	0.17455984975614303	2595.1060859329
-8556.457906571735	6.05498810997134	0.4314676968336018	0.1186388943962625	0.48637042936720815	0.1304388393908679	1242.1102304855265
-9445.240418673353	4.673030715798216	0.22740898843142782	0.046526147285317544	0.03475984358309673	0.1267265002026587	1720.9929079934186
-6872.0266712152015	15.117915671760038	0.3526313760920795	0.20388320086350362	2.1573712710788757	0.13598674576625755	894.50937883924
-6605.353037188925	19.827963128801596	0.16518899825430733	0.37434024441363445	6.2336807727603025	0.13018725015725083	919.3871675910314
-7003.983985828813	11.893959041157725	0.36597730378413346	0.21472924274452573	2.792895531041993	0.14489704432164066	934.3319868859809
-14242.839086255499	0.8679174631453419	0.03249179989196264	0.006232895531963526	0.0010490814280460171	0.15620968753179143	2548.9683668882817
-13171.92805402162	1.5568962180257593	0.13263929471293998	0.032355151775630746	0.001	0.2708733643671527	2188.6238894360713
-8424.63556360931	6.0713273533205285	0.3687245764941267	0.10899557891484589	0.6584567893751734	0.13347540625946072	1290.9035562744039
-6672.893540421015	19.430053333782002	0.269157475888245	0.2590317749578349	3.4416805938674964	0.13553502954755767	838.5097365459105
-7667.646801784695	12.400993759955846	0.48396048674491315	0.11792842692361427	0.3715474524293886	0.13736570417473978	1082.094181951585
-14443.246251000826	0.7000203173955338	0.00599940457913131	0.001	0.4212110857920389	0.13738952698055018	2578.6396726208795
-7369.849318005875	15.494976609075533	0.5315842505884046	0.1506833262923445	0.5703955179728211	0.13869189541147464	941.5511617591782
-7043.818823486241	14.409490799413936	0.5018780867021565	0.210494717016856	1.6983507420698916	0.1238208267225802	854.4397559899699
-9954.825555913409	3.547750344939951	0.25595076173469355	0.06204096099345817	0.16195197672929948	0.10756498910488613	1679.0229934237666
-6731.24847143011	22.65807782379336	0.35837431359059535	0.2440904238573994	2.3902723766958114	0.1365891103009415	781.0472788670756
-14677.796305330348	0.5125752037660093	0.005520419719493857	0.001	0.09698263767059379	0.12758675909097245	2597.7270253826423
-14913.501996442179	0.3925403642365036	0.006020676320214105	0.001	0.15991209831692738	0.14202207606065548	2612.4013814561326
-14906.83014747704	0.3946859966997403	0.006029097787989304	0.001	0.14915821986732916	0.1271387483318254	2611.9367463089748
-7790.804895394019	9.06516823747676	0.3485024723210315	0.0958563971749653	0.813508859238503	0.1432263138478005	1258.4709513830383
-14307.405183561443	0.8143611745236592	0.015190335653944382	0.0026361912694885595	0.04526167549906231	0.12313891465799183	2568.8008365781325
-8439.847824355924	6.682811494419569	0.4191295427608685	0.11313559399875785	0.37345306409476686	0.13381747073480474	1236.5481784688063
-8128.7266493917805	4.671503821749477	0.16132037400417562	0.14951864981308557	5.290071034455104	0.12204523629687748	1439.5269984265449
-7614.850731229763	11.998125233151768	0.5957666756662613	0.22211793921162604	0.6337862609797639	0.1415350924081462	836.5820987939231
-7322.400521788216	15.355809485416577	0.5836586727124801	0.22546442074958978	0.7341999053124216	0.1351571356231102	790.4921243596259
-8888.351688077906	6.058183502870141	0.3114885880007463	0.06669689037631568	0.001	0.1407838255431126	1493.9865032058603
-9824.185503579667	3.607299154654269	0.26196003716839694	0.12035530268982014	0.7862430911220606	0.10969317856317314	1463.4077225493766
-12856.661487726258	1.3735634400225474	0.11219797301017226	0.02198213869518608	0.14057998656514023	0.15346268616685704	2297.7463563520864
-13858.642553613026	1.2708354222079525	0.07009186688898397	0.020400776242779188	0.16637172726052313	0.05272870615985305	2377.533203091323
-7203.711879246139	16.896979749444114	0.5805103444716186	0.2608836118151676	0.9532815860348546	0.16098493594614394	732.6133404732617
-8247.819352711851	7.335216887468407	0.29959896269042596	0.09980485173860285	0.5280207614909249	0.13106956567745492	1297.040459785348
-14371.037320808293	0.7733001789714337	0.011221044927331492	0.0018910336401577717	0.1524611789025739	0.1473737682218145	2573.723535759854
-7229.101305120813	12.0281612604922	0.4614663663932249	0.17904298584459127	1.2874606912339737	0.1306420511829448	941.2562292661934
-7068.920363007319	12.411401019003717	0.38392608906020714	0.18395736822976158	1.7733615789184254	0.13790050338168844	949.8943365686567
-6691.987266560794	21.632520131631413	0.28837874130384805	0.22758799721978465	2.9770512041216612	0.13857320092272382	842.1297851523808
-7913.446768435272	9.027434768241838	0.5609128327515261	0.18036051776950293	0.612054745356851	0.13794728114757654	970.761250102033
-14424.205688671744	0.7283795205996568	0.008052444739153602	0.0013643978808465713	0.5076559580218859	0.12093518599170604	2578.034959899357
-7219.898987445378	11.708609901747558	0.4227684801430578	0.20676011947989434	1.4253475292127427	0.13990618082585957	906.4539221974829
-6636.338475234603	16.299326575496295	0.1538963618169021	0.3873010619701287	6.479017665864953	0.1291705323675565	968.2167885558048
-6843.858209301431	15.24970766720551	0.3478978518317513	0.20708008133801412	2.346869440299112	0.1420937774624128	893.6227279500038
-6654.8098771539535	24.31971986649389	0.2724873255740498	0.28125828524575786	3.53010652962114	0.13569841944792133	787.718944466559
-6602.919616401634	20.712233444075604	0.16531454930640674	0.3917916502790487	6.2600441019599415	0.13070375922469038	908.0602032246152
-6804.833830715934	15.31855675253223	0.31395269413436294	0.22872867469309663	2.6722143226704898	0.13985094292988415	877.3431693896159
-6599.383487320501	19.391104811039007	0.140579673238298	0.4379789079617033	7.400701593430982	0.12561593802457263	989.0454705530561
-15171.14526633616	0.9635495015360657	0.10293439992441633	0.01813517109984956	0.001	0.3109806205509666	2430.7812045585533
-11691.98337756697	2.0335069570703745	0.11699095444414871	0.027093660368226642	0.06452928032146055	0.10846484266223959	2148.1343999597107
-14915.121487655817	0.395653524188692	0.005939547507785655	0.001	0.2881725866276365	0.15054651591105844	2612.3632688002845
-14595.624068294179	0.5815186937609705	0.00605268267973362	0.001	0.14048891884030695	0.1111688585336355	2587.298858432514
-14588.614770319658	0.6166398842052881	0.006020692637474617	0.001	0.1005611645953055	0.17141042677478963	2584.4664645711523
-14320.268142642102	0.8407865541212397	0.018170328272891462	0.0032010400870141537	0.07588489215014607	0.1722683060320064	2564.0701211411206
-7522.902751634016	8.832757906697921	0.3257331637696108	0.17191762695573612	1.535003555248864	0.13287243654904338	1054.7125473731946
-14715.967358413483	0.4793912901085089	0.005923252431725751	0.001	4.567694168026151	0.12381545500807012	2600.0487246924176
-14589.555688110984	0.5639640214617203	0.005991392963099164	0.001	0.20222049255955393	0.1310621194350209	2589.33175725024
-8525.53158117061	7.7379926942769375	0.3544144090894129	0.07129930571506582	0.001	0.1446391423135413	1404.6549957887084
-14528.208130757295	0.6425349712073029	0.005999188284527359	0.001	0.6452969268238812	0.15998401709406654	2582.667944071661
-14577.396628956749	0.5730266510506126	0.006017211962470501	0.001	0.24244501129839885	0.13559572706693607	2588.319199799077
-6886.096680986868	18.832795533162766	0.38537193825699434	0.17504795203448292	1.695445181570062	0.1364851211869319	898.6735743438622
-14495.926553146304	0.6476593694554617	0.0060383197130083905	0.001	0.15506419658852882	0.14239174288084955	2581.960143448674
-7882.365908668616	13.540909607135001	0.5553967257367908	0.12731381912664638	0.09385476478101897	0.14068730327513626	1021.3364249263911
-14476.887846669177	0.6664624664064863	0.006003314847039975	0.001	0.03533548601281192	0.12666379259402039	2580.7940220634723
-7549.486234976594	9.078833052924367	0.3977905497952645	0.17327327831066847	1.319551902346867	0.11579107667832149	1024.6128429735852
-6838.918759821358	17.695079862799986	0.38005368306783005	0.31677777713315175	2.2298017908723984	0.13934397525002287	732.0811663097038
-13610.170706090197	1.0936846768017705	0.09228215299633291	0.01690706164216009	0.19916228067063557	0.13629253404841074	2406.4009709499787
-8358.610551368285	9.053097064382419	0.4646467988230638	0.09531711111693571	0.007581186197768615	0.16415631787683813	1226.136675210178
-17621.22059441937	0.821981165927695	0.01711600407922542	0.0030890037187144377	0.10291170446180878	0.4760886983543129	2568.1239321244857
-14408.462803890148	0.7363827066245938	0.007740307312558463	0.001309661840428853	0.07945379202143053	0.13197264097778683	2577.207756116443
-7212.991961393932	13.857758140784167	0.44386773301831756	0.15956025123246922	1.0448042435279816	0.12241144590294893	957.6913025852273
-14758.750452476655	0.5141895989900157	0.005984658596816889	0.001	0.42779776548406884	0.09361669958679131	2594.656013549696
-14723.597699946844	0.47771849587231596	0.005897182558939194	0.001	0.37048017806275574	0.1372129897023305	2599.699085552741
-6654.719017531006	25.79643066492715	0.2662368640766367	0.30526081668958993	3.671605599581603	0.13552962925649054	766.2661601896099
-6922.800384637066	15.972620767097686	0.4135873202132123	0.19596219789333566	1.7158020392554447	0.13708859608464963	877.1069653513958
-8675.149095617637	5.653952087513007	0.4183437674753277	0.11066056120510621	0.4935512340809556	0.1298504557861206	1288.9692251072693
-7037.546856210158	18.27253417127685	0.47787429390479513	0.1945725994975598	1.0960628106164274	0.13903369641088756	835.9966699627493
-14210.576054914947	0.8910326695897485	0.02343696110583603	0.0041782775529922885	0.20651457112587435	0.16954466280087113	2552.6721394045
-7086.884703331531	14.29116716993069	0.4306913892706968	0.18516694201764855	1.3025197548291803	0.13571897364432725	903.8982341044805
-14772.911498437174	0.4514936572254849	0.005957349543392756	0.001	0.43376599513246994	0.13217487580779066	2602.978935743229
-14608.02130646587	0.5508949316630745	0.005898170668775811	0.001	0.2641924200221186	0.13007034730466624	2591.2128745195405
-12186.181229517357	1.6748697169602118	0.2378158592313583	0.0506625404922826	0.5605811617396773	0.10897582393373213	2003.609205739715
-14729.452103646401	0.4733816621637677	0.006046684922147373	0.001	0.9507958864590894	0.1330398458019482	2599.4269188228204
-6870.171441965384	18.613874360652353	0.4289077526396284	0.33482183733276216	2.020878254598392	0.1430588141812717	694.6325231281038
-6958.165236547729	18.85490104421399	0.4141853883297684	0.19081223663934704	1.3450465244101129	0.1380798764229497	853.5525447879236
-6968.205701923204	11.822183973716882	0.30658443991857587	0.21674507894100942	2.8445036821880425	0.12277593003467885	949.2077956143407
-6792.769769112418	21.036416134433754	0.38446490375930487	0.23475729168087126	1.990984584160358	0.12927216621116402	787.1532146754851
-7872.965045390607	7.72678263214059	0.33235336642696917	0.12871079341972871	1.01643258194215	0.14011458835529292	1181.9968524570531
-7278.95368275345	11.965644129608666	0.4395795273320476	0.16567109229308466	1.1279833422832197	0.13664674743633676	971.5846313788552
-14731.710050319734	0.4763412072091507	0.005995621482341262	0.001	0.1531223222238649	0.1450899161665089	2599.2167207500456
-6831.480554669188	13.225433331249985	0.2552844408506031	0.28570983808921574	3.661948449930951	0.13521039087070344	890.6738939433689
-14508.61686909031	0.6351935247478003	0.0060085032100853746	0.001	0.17064806588990555	0.12587603435579045	2583.0849325412705
-7150.985404884486	15.484195145472688	0.4362976190810405	0.15565231597906679	1.0215319789928223	0.13546505166411468	950.5538237355979
-14627.899771194687	0.5382958570759424	0.005990079443324272	0.001	0.026996276714937723	0.14149976062664785	2591.8977348562476
-7113.119687451773	11.870747233926853	0.38223516208953906	0.17499919008237383	1.7455675798063157	0.13842031267636887	975.8014726457592
-7417.872351376327	8.840217095397845	0.34853965019016625	0.2350135005194268	2.083924157064609	0.13768297109314068	960.6868343006058
-14720.825550199745	0.4836225917005341	0.006142878578584394	0.001	0.01585639484403115	0.14608795393844382	2597.3098377252945
-6874.30858870618	15.430041212496139	0.3749116366211934	0.29289909421563637	2.5109680562962655	0.11986857052541826	786.1217827370057
-6777.728043672071	22.723056897285364	0.41385570959748913	0.24399044443925935	2.034856813512841	0.1376609963853764	761.0075833667815
-9451.09669401357	4.572285535925976	0.43884601339895996	0.07379109103452595	0.08548822409362129	0.14879950609524367	1482.024216392715
-7094.026569265447	10.547685818316312	0.2710956584834788	0.1582366488463481	2.873505684579159	0.11771696794198976	1087.451798653338
-7798.516583024528	9.033249687099026	0.38908049247396964	0.1213492480292068	0.6844063476784388	0.1492690143205147	1151.43893028631
-6793.1923854280485	19.743314495748645	0.3639259160516325	0.19841056087119394	2.1025879215439565	0.13701775924941437	859.7873970780593
-14035.107618776246	0.9418819506273813	0.04428268685533686	0.008020410889656611	0.001	0.14506517938767471	2517.580204628911
-6625.167149541928	20.917384615323567	0.21454372190679147	0.30324161346581113	4.642580740930164	0.13381004897460655	851.5685367012737
-8430.512463661002	6.752035377496545	0.3451363612993627	0.08566978169137004	0.3499552372449385	0.13650995883760353	1362.039079703078
-6724.825727211381	23.877459787920056	0.35150513766377256	0.2309316206843987	2.4860445256137886	0.13770140252773572	796.4673903066578
-7166.707826422748	14.718505590892436	0.4662954642146357	0.18253167497729642	1.0230425024581533	0.13738520691451445	893.000800706729
-14510.984336142657	0.631881848234447	0.0060875508913966975	0.001	0.06070131251218151	0.1278896873328455	2582.837878220349
-14778.786429091857	0.4521688927806481	0.006014365066121352	0.001	0.10563250993195877	0.12264196611032994	2602.461462906385
-6970.020621079035	27.410730024538225	0.4818467150373299	0.2565924465073244	1.2355804963817119	0.1289336300287022	690.9285732821797
-14521.636735221206	0.6200441621391954	0.00600029698214752	0.001	0.12533006599273247	0.13346452910915088	2584.3191493906843
-6888.678991166742	16.319593039390533	0.38832533403752567	0.33345668716790183	2.2728595720506948	0.1434984890943114	732.2013835441151
-9515.703837214616	3.7363653862980284	0.44692957619059787	0.12170581442564804	1.4120131257357647	0.1865849621735555	1381.7610490641173
-6696.885050431351	19.88761337320574	0.3074449143728099	0.243500310837645	2.957366677157346	0.13488294329478515	827.4585740622538
-6721.506651916966	18.75864143021731	0.28665873582348395	0.3478708191708509	3.2550340171629895	0.13443954872372937	756.8822201742109
-6669.316860916358	21.256479792826855	0.2850186019091703	0.2818333716241584	3.2995950512365244	0.13572521726988057	793.1594844873026
-6898.043527529986	14.958559071051056	0.35158241452949934	0.1986347156993545	2.0587560881628293	0.12878423525033952	902.9804195494405
-14316.668268040612	0.811150802323326	0.017465789603354948	0.0029885526312447945	0.06067032554187268	0.14909347033821424	2567.3065311767664
-9507.27743713509	4.337325478091669	0.2647124247149552	0.06928584777056757	0.09757387145837995	0.13654742263131814	1579.3399006694606
-7055.22553718269	10.85525347915862	0.3214996648937945	0.2076570875338674	2.6390877553347227	0.13871955596793814	970.9924988859133
-7524.702715194178	8.255493072740498	0.26370959561253415	0.11752758099889972	2.0605086881565025	0.13863310691788	1237.327438058609
-14473.35137789262	0.6834633910920773	0.005984252013033726	0.001	0.23115048587214093	0.15195167010373006	2579.7783588071056
-7361.173941220413	11.779702108352486	0.42710237188584904	0.14169772268127467	0.9786160995337086	0.14190462885071933	1034.1454397606387
-7747.154288670111	11.906759849332394	0.5384639142050511	0.14507134299214855	0.3240634552198447	0.14017697527920922	995.1766268939601
-7542.64486364978	10.236262352139684	0.36235169344152535	0.1533796821192698	0.9729372144356095	0.12831926993607573	1044.1940914703562
-14187.060927772778	0.9398125028254485	0.012299097759537707	0.002286079363532024	0.11764333929139428	0.11500868513592037	2561.654679736004
-6609.609767799378	22.11281300661941	0.18716854054998683	0.34187650318257884	5.456897976204398	0.13225562628034024	867.5930558656723
-6708.238580316996	26.182248262074147	0.3466123756060439	0.28878398435712394	2.759884245068355	0.13082182196337924	727.2474457896166
-14484.614369188686	0.6808302502115388	0.006137656241334186	0.001	0.10233287133039848	0.11330580479643776	2579.009782622177
-14390.628814808006	0.7567080794913823	0.008143059035709173	0.001396400042153996	0.05306172756611759	0.12603075380867906	2576.214096927199
-8241.756544916307	9.044342838780164	0.44531233450870866	0.08423681033794002	0.10685641495764672	0.14026088039054865	1283.6178336078633
-6816.414769016062	14.685715042515664	0.3190064082880835	0.20497446476730272	2.9355035640943523	0.14542655844278296	925.3980088418551
-6660.3631930664	20.132808287516085	0.2658080343051252	0.2715246895311504	3.596917687076531	0.1362757339957125	826.7636659508474
-6674.502211605691	22.67950242538904	0.28864343239534745	0.33697519600573944	3.35270717560791	0.13648586412080976	739.9917734600713
-6652.889058714761	15.060677210693715	0.14611080600607537	0.45360951406723593	6.917588806016049	0.12926789230053115	998.414109028906
-6803.379396357881	28.136285348438886	0.408209661091831	0.2468045085607045	2.1002993703086146	0.15828727805688683	735.1010245182044
-7010.274675360889	24.134797371195784	0.44313982279397457	0.18684838439230925	1.0974909506973374	0.1373674446845781	820.2489574282615
-8759.571620351318	5.85191493945607	0.397773224773277	0.08480217847134666	0.2680386860504176	0.11788427535917964	1383.1469032607902
-8590.084819598289	5.8758405407238214	0.3600603876484422	0.07758822133848518	0.6031536406736934	0.129341009888143	1430.0108447947318
-7165.0176418446945	9.69188928002824	0.2797555329203661	0.16999650375685546	2.7181723436214384	0.1446461283501962	1074.8468247731346
-8815.28441026931	6.503345358077684	0.48764791517986017	0.09481093790296033	0.024707293502112846	0.12404894262032615	1291.069141728151
-6695.699551206427	24.63519027587367	0.32660480368083517	0.2932548386856386	2.834844675738924	0.13819159996156535	736.8816089759098
-6852.479260246121	13.932551110550712	0.28503714147040904	0.1820588355765896	2.981799052931355	0.15179584010437178	984.1831539364791
-6693.586645034582	18.92114681220712	0.29118759192643634	0.23808558144927994	3.2681993917689267	0.14585617410188023	855.2557193195245
-6668.890317046901	20.495672342511156	0.2779614545824123	0.28147645128574317	3.389965187043092	0.13654916733681685	803.7116656789784
-6903.3358335513685	11.746350097663028	0.1838792855612326	0.4888384725055531	5.071756976444182	0.13441512933550598	914.6878864324354
-6601.132577271252	19.32455541953706	0.13135068567455505	0.37272329233384144	8.005875085736838	0.1274795273900319	1044.4052637152297
