# /groups/rgutenk/lnt/software/anaconda3/envs/donni/bin/dadi-cli InferDM --fs input_fs/fs_013 --model split_mig --grids 178 196 214 --lbounds 1e-3 1e-3 1e-3 1e-3 0 --ubounds 1.1e2 1.1e2 3 12 0.5 --output inference/fs_013 --cpus 10 --force-convergence --delta-ll .001
# Log(likelihood)	nu1	nu2	T	m	misid	theta
-3020.7492484619756	0.7879460680826353	0.008806581788684601	0.00819358572143795	0.1298486386980535	0.29164616997972065	739.2248525692976
-2621.575757707049	2.9602469938196414	0.07658792686392935	0.1040861232939096	0.44954635913650737	0.2615236497535401	476.398953036866
-2617.1142792679084	2.683184131127387	0.09089591471594631	0.1320573479862094	0.36365674974810436	0.27072395954380457	467.8568873208412
-3053.213435924903	0.6769836593369747	0.003327656802306352	0.002991824472559254	0.04273739285212861	0.2476617007966253	739.2823786680628
-2584.5830901886584	2.657721843787269	0.11445107205586613	0.18549828126287085	0.404365028819389	0.26122974374135344	439.2976364617919
-2536.599423902174	2.339603304158507	0.07433071550757701	0.13464659042926547	0.8870895474327043	0.2750316069798325	495.3167713079112
-3051.3573092572146	0.7677733131744532	0.004911801200776938	0.004586026815569452	0.08613379876534183	0.32330782886067694	737.2379196794294
-3017.5955343828764	0.7834018536482482	0.007725023738245266	0.00713996957912927	0.14590187886085307	0.25821767662343803	738.7708656275639
-2422.8476643972194	2.7893661554818703	0.0875882312694842	0.35013900795776964	1.117755494786984	0.2874551443060137	402.1395026110595
-2967.6436650180813	1.1347076411886539	0.01537029888484437	0.015310056021937047	0.1994696693786565	0.19050012172826777	706.4592563606961
-3144.4342631503787	0.5095433778209707	0.0015552232029483878	0.0013813972872284731	0.021030229459409792	0.18571270818971067	740.3954745379243
-3099.6961350279894	0.42831967095825424	0.0012910228679250176	0.0011449156729304653	0.06556031409911105	0.2772958916550022	742.4968435242031
-3102.7488232550536	0.6430430576837508	0.003706648844401911	0.0034072775499362495	0.08947748049904125	0.19391195567504013	742.7394485744351
-2657.3160127500437	3.036106589093202	0.05828069903357174	0.0727972403759014	0.4494189400612342	0.27473843669264236	508.14628875962603
-3090.7825070592094	0.47101063028837925	0.0014629894150673902	0.0013037431226285816	0.2077759232883524	0.25974498598145723	741.735754352421
-2833.756924981708	1.5878610504570279	0.04309777689199499	0.043686086746936775	0.019810123008677762	0.24496813053047162	627.957960255901
-2985.186183997873	0.9562128010456241	0.013442245103705962	0.012500686726023714	0.0011806278081308915	0.3068727946215694	723.4642800303764
-3103.9249166101986	0.5031625180399109	0.0017885348688460023	0.001617886020892763	0.32730795927491546	0.2175813862506884	742.568115666191
-2563.24667662211	2.6105495824779275	0.10883341359434615	0.17678263378193423	0.5223268741798749	0.25337758754717515	447.536100562975
-2389.6769009361287	2.770538543665031	0.08814380246256429	0.49030975309329405	1.2665872676988585	0.2586586482145571	388.4088671958978
-3040.2107367631334	0.7117077213429647	0.007418104023884383	0.0067924663251650854	0.08761499236469864	0.25957074145833947	744.834383069364
-2792.023596972816	2.6874917252909225	0.03274621748101299	0.03115667404074513	0.0013762676092214	0.2588194846472176	595.5910744656289
-2482.1144924179907	2.2912725816919393	0.11319984966583424	0.29886994442362785	1.0851386185319092	0.30041883272385417	441.35318385745745
-2846.7101635432095	1.1719340090898	0.04244557207471468	0.04907486809923834	0.4399348853054957	0.29971779846601737	671.4147112127384
-3206.864072339608	0.48903864676037845	0.002059933280470004	0.0018278491333852437	0.12645269283420238	0.3966302212414255	744.9301970972463
-3194.5465453661013	0.45026329183919794	0.0028901124937871637	0.002745195971093125	0.20637937512114862	0.37684434527123634	755.744270199736
-2479.370022830479	3.636740014101754	0.11164851748166017	0.29176243120721357	0.8274114116900643	0.2556838357342292	361.23597441008303
-2741.48728368845	2.7430363490083076	0.07951240584250467	0.08017569972039273	0.08173845190119015	0.2742053039834322	505.9457745402567
-2774.8943926723373	2.311460832862843	0.056376832088220856	0.055056109580706995	0.019906755818803034	0.27463391839575013	562.0215474105053
-2902.9374767825875	1.1951830153318777	0.024674136200847945	0.024418373801291915	0.061748464333171466	0.28782829438447133	689.7153270793025
-3168.5613427099265	0.265340779062518	0.0011303274961834682	0.001	0.08891362498997095	0.3263412100808149	753.633666086039
-3000.8970213864864	0.8383932783710422	0.011981687825613718	0.011279590978274554	0.11973405961124438	0.26705623146763985	735.5345565572852
-2813.12092582274	2.0195515922777356	0.04720349966856178	0.04087546068979901	0.007111182908791987	0.30752729248979394	600.1034259989981
-3084.952278080835	0.5509437666157411	0.0023966217540225512	0.0021473977772190713	0.07909989274798751	0.23286060615861923	743.1321057735878
-2735.043774637584	2.739829936481944	0.05632540881562508	0.05487665579234765	0.15991854158330626	0.2552865278382636	543.1224323782027
-2778.1093462056724	1.5458276881553932	0.04834212685309891	0.05337030857543568	0.2495254305487539	0.25298156499595414	621.5557103566892
-2359.614783474939	2.845748832260882	0.06782532399481907	0.6689368005833969	1.7041680073159777	0.2652810941212042	387.9542207332317
-3010.868666023921	0.8567422448920642	0.013104135943911084	0.011622247521346442	0.20695479760329485	0.31600860333058606	733.1523257439144
-3048.32890083279	0.6796535638830722	0.003974076416705716	0.0035782438723269672	0.04363776357537859	0.27213811192157256	740.7290848625892
-2457.866114628071	3.66941225997473	0.16079022005905438	0.4529751653324926	0.7419334355107721	0.2610336468715932	322.92767675747723
-2751.4301037406176	1.6877683577310256	0.04750920233681579	0.05213551111699683	0.2776237861699614	0.2640353070376531	610.1631500879421
-2488.791420048466	2.3233456182262047	0.060206618567975934	0.15826795531056564	1.5921944361365148	0.22397538033538422	495.5795878639666
-2480.4442352224264	2.883736824012126	0.08682593468074028	0.23298816760225446	0.8932469284229632	0.28143149160943576	419.2714110174764
-2527.585826035338	2.689878789398831	0.09058226914095437	0.17604901404114756	0.7034152041905888	0.2640476735277668	448.1166104937235
-2463.2017882711866	2.984043173535602	0.11469698734081711	0.30888375148174096	0.799532041361369	0.2724777139999675	388.0232358796836
-3107.9369493135005	0.5843408560440205	0.0022968542357347218	0.0020562675428133616	0.17060473070622692	0.3393415663712432	740.760568934241
-2357.792427349833	3.3712494523815772	0.09150562833477724	1.126514687665811	1.2573269671960132	0.2691544103518628	319.9827001381049
-3008.8453834161314	0.8781473826956316	0.010444088423737589	0.00993724458239175	0.09873859767745762	0.22074209592937885	731.6120734356227
-2648.256701377138	2.8967413892065625	0.14472364538561344	0.22499547277056114	0.20736883464342967	0.27588490885606276	404.7241911951912
-2637.5734927152257	1.975963966646121	0.05546602187772244	0.07560432405093238	0.6467852824173074	0.27172558863636725	564.6302845750728
-2896.9996092744095	1.201126469139245	0.03506558264929419	0.035104606711497614	0.09289579309862046	0.240742350931418	677.2197402879724
-2778.406987008977	1.799229063229939	0.033794814242908804	0.03723261870033181	0.2747857586614747	0.22639717701859846	623.9602706189353
-3055.015461098765	0.6555113028865508	0.004527728237345145	0.0041458541475500165	0.21096445457844334	0.24255357793453758	744.1020422074358
-3106.2833390500004	0.3859180124128283	0.001126036158276041	0.001	0.16274862930623196	0.260733304551842	743.2755437138791
-2495.599788003072	4.061170993554565	0.08065147995162647	0.23678269465106175	1.3368445660500607	0.273675563894869	371.4223750073981
-3027.2812516805798	0.8225474679629983	0.020853481572986863	0.02037547316017202	0.05529605965889621	0.2665362840915075	738.5332049337347
-2612.186830972142	1.8448922625897428	0.09199641835303254	0.16576636018225288	0.6003960236602468	0.2635332477238217	519.2184323045303
-2903.6876709785843	1.1555029356325506	0.028410275639171007	0.029003984361727353	0.17554677969547494	0.3071017798066831	689.3515262806302
-2680.5707757363352	2.6215845991814226	0.08649635899966455	0.10605149542209014	0.20725377952148447	0.28464271560062077	488.58852615508664
-3119.6862925386495	0.3379204908116113	0.0011257932822429254	0.001	0.0725502998942592	0.24939185246064632	746.5689601020606
-2363.3340271577867	3.15094965247183	0.06821854952510956	0.6678900730723467	1.7891998800703188	0.2659096228253481	370.082239316951
-3147.1798645280523	0.4487223585096857	0.002765524773663098	0.002641182064518948	0.0914336138916535	0.2002710305587402	755.0624970904597
-3103.672111317197	0.4892813875686936	0.0017275271307233156	0.001557007995266447	0.17929814943372127	0.222190150283429	742.866414217273
-2930.434736082925	1.072977888176569	0.036853521547265435	0.037815410159552774	0.1423714693244096	0.29291648529782616	692.0388723856065
-2848.402545799265	1.3727498007103969	0.03394195833539682	0.03465184286009646	0.13091363201264977	0.29129085455439935	659.9515854568722
-3126.7597672599486	0.355519361101908	0.0011259415521071737	0.001	0.11848898426272603	0.2257685302003377	745.2651203587089
-2927.9318166401417	1.1049308849048582	0.02433302012819208	0.023855608148206236	0.059883296544856066	0.2926676377652963	699.5385800064483
-2364.793203785891	4.174107628152635	0.12231804167496034	1.477782287454751	0.9202157430252627	0.277352803550395	259.48391314573763
-2405.63867931643	2.34848394596861	0.06758336985112073	0.35802771102510816	1.56206227851199	0.25825131577599914	447.73391015664623
-2509.8536907724915	2.2264793799928397	0.08245459319128981	0.17266908195807015	0.9924899427119257	0.2689070244272872	486.3502569277313
-2966.739046739065	1.0025703919881181	0.01608125122193187	0.014734869393078321	0.03077532303394947	0.2335754970317609	717.5375670525121
-3111.5708976295973	0.3616681660463646	0.0011232013525751588	0.001	0.2291425080704739	0.27536501303550925	744.8512596558055
-2649.5904866951005	2.984683773142783	0.14512793013677375	0.21438133286298422	0.20381919912567656	0.2668487543020408	403.4940486609367
-2662.300107522066	2.319326629030001	0.11970700062692458	0.16586633251760907	0.24760714392668778	0.2899352042223554	468.008367319347
-2884.540095214731	1.245829943263799	0.03010119553033801	0.029228294648425173	0.07056782999527941	0.274955186861423	678.5116372589574
-2793.4184868346247	1.902965385865406	0.056734112339038134	0.057405307519617345	0.03479108957812778	0.29116438105016973	584.3563437519199
-3047.1277823636515	0.686889159353026	0.0048754986070765555	0.004429938038751128	0.03950763805874161	0.2800221113492907	742.3684841463509
-2361.7856043263896	2.73195534074078	0.0683026941246095	0.6343720051131154	1.7106707964297023	0.2690402220128494	397.8486497263957
-3107.4763386564823	0.43870151018178166	0.0013311085408853308	0.0011835835149704992	0.21113536871920743	0.2298586149190631	742.3400326280173
-3269.709520927105	0.731248297198755	0.005046422725552066	0.004666238880048648	0.05249010356465182	0.45209026430023924	739.7280653414712
-3107.216791707588	0.4474571443547494	0.0014848565396155776	0.0013225746404812377	0.03766605592908087	0.305502339190007	743.2064723885168
-2683.6161823967386	3.0673762993466176	0.1380751068952591	0.18882431535233385	0.16400407236879427	0.2403091808498552	409.9199058636318
-2421.842013250194	2.7207211920020926	0.10752777830401689	0.44744964429287987	0.9811578412540399	0.26333975297072426	386.666461122024
-2815.668580963671	1.1884164137992177	0.047678147583472746	0.06205057174881602	0.5466033035240271	0.24964853935224127	661.768870742246
-2579.078845061952	2.4823081104162785	0.0665950630403534	0.09805792682500386	0.7618950727865574	0.26371044296646673	509.85085568352486
-2364.363273830583	2.6936339080684366	0.06326373348673776	0.5382724806850615	1.8976835326671422	0.26196221556422183	412.31393057910714
-2361.7270427745484	2.820131898360235	0.06984396665798383	0.6241010998350681	1.70791838170811	0.2647994605781296	391.1607262566182
-2806.5247697493046	1.4785537355515241	0.029605186424979238	0.031564869800291634	0.30127945134235795	0.2719867780255293	655.9452161617335
-2569.7026482173274	3.06034697473115	0.14472064678564361	0.333110918676446	0.3524853195277269	0.2703701761617669	369.3663022674467
-3347.464848501818	0.4872539250132548	0.0012708075666727002	0.0011269736555216201	0.13804030716784033	0.461582570137869	739.415398538654
-3066.8147405556797	0.5950020940285083	0.003000515112775388	0.0027097274942960003	0.03128433921494585	0.2677551864266622	743.1954338797981
-2734.542338864665	2.216130985870438	0.06959621561544074	0.08098078146169665	0.14562550760820514	0.23234939435210075	537.0270391989097
-2677.0118918954017	3.0861797150720514	0.1101283634864057	0.14318407477947775	0.18186052316315812	0.27647045258588654	436.0719553798934
-2403.4898752873023	3.186063062984469	0.10073390890039281	0.44723305349001136	1.0765889508102104	0.2620611993775911	361.23701330948353
-2542.650136754238	3.5889522962816387	0.1477521872177302	0.2971194348035784	0.7251573204741375	0.34333509429934933	355.26880876156383
-2354.7166356301937	3.5215627197292547	0.09182359355144919	1.4048520789731886	1.2931399347096075	0.26647338467716336	308.25620615174125
-2360.577447855797	2.83670673337479	0.07721808764328855	0.8151369681894204	1.4907200770702573	0.2700965021460859	373.62080377548193
-2630.0585013304662	3.6298513915682653	0.15370968321367867	0.24324147369975113	0.24229084272334847	0.2708994364965375	363.8802332804339
-2372.331023899251	3.3805766364965026	0.1044592993867422	0.8646588960939082	1.0409268654044843	0.26993424675349675	318.7055120956842
-2356.654046495865	2.6769908648004486	0.05602400666475355	0.6421108904130302	2.210938206716448	0.26251225060280725	421.51097491126546
-2966.232097409419	0.9735604763752409	0.021259072119921014	0.020342348363601537	0.03079379653818268	0.26676859379702345	717.252411701099
-2792.042695257213	1.811186670648484	0.04103038415503842	0.041318174096871954	0.07369925954958305	0.26348739932008336	614.6287776045043
-2759.4222260283864	2.3062307012015064	0.05365047214111522	0.05445275861367156	0.06521101710673027	0.26961668337055217	564.0121785728827
-2941.371307733328	1.0173166293888547	0.020472330029790955	0.020039630933208277	0.13275770663200204	0.27008046352525	712.7362293019517
-2649.207924485655	2.7008894656199263	0.07782172135076001	0.09929057118928312	0.32151612085712117	0.26940029427570084	492.02464599768734
-2855.1687743998255	1.2707683308694253	0.04372239784968772	0.04706014486494129	0.1761830002639944	0.26854412184362353	658.0067514846559
-2822.691074511106	1.4620331754800708	0.040100395278924235	0.04034010866149675	0.13932831858906555	0.274668071681041	643.7767540066964
-3076.827606968484	0.6800463974075579	0.0042536271332042795	0.003856973156631984	0.05249869112999099	0.32943037680841936	741.4575268985508
-2643.173508274773	2.2264515196535317	0.06680186956865726	0.08885374843691361	0.4297424105155871	0.26350956502229533	531.6893663952688
-2649.49908521785	1.8255494667023646	0.054323461784143934	0.07573957013379184	0.6581597621578394	0.2655663432305564	577.3529887080832
-2709.7897945206787	2.2722773180009126	0.0662789008527808	0.06975498159133979	0.21544184580563788	0.2809377929391153	545.0807841174635
-2590.776685961653	2.0312079069969604	0.057289658076842845	0.0912684961336846	0.8748219770932959	0.26704403686805184	549.0658359132407
-2512.5465018130662	2.9348380757265793	0.07841153407121047	0.3323944450159072	1.173955908691615	0.3798347628246319	398.9803777994877
-3454.8603916266657	0.46037960007347506	0.0011274764766749685	0.001005065241734367	0.19350236090102477	0.49873212950465534	739.5118928299147
-2766.258393221365	1.8523207500313679	0.059387647997816574	0.06428526131901306	0.1249465432640669	0.24514644722175777	580.9955155790961
-3248.950368767556	0.48455981906988177	0.0015055884991335736	0.0013402958749553693	0.13093796784903555	0.41860848639528253	741.3312220497224
-2589.2521709424404	2.240457599119544	0.1378632287671323	0.25768413326405015	0.4616298865722063	0.26165972197548915	442.97894856140044
-2784.2588762351083	2.2093605562248566	0.0490114644790099	0.04798402448129581	0.00954804767471327	0.2544079491305803	579.1195898754514
-3080.468317274619	0.5362094552724715	0.0021916135651045368	0.0019639962552616	0.061456374629297934	0.2817171850290766	742.9314794734361
-2621.2562460733407	3.0235734853033196	0.11571708171937234	0.1855600464166014	0.2834603656186707	0.2763161890014602	417.92867446929586
-2389.9258174205083	3.2736806193273518	0.10520105416067045	0.6086992358606399	1.0225919823232337	0.28756822689106615	338.9338898156504
-3126.6369929083376	0.8357191895707209	0.009216331277010588	0.008721127436871843	0.1728560098494867	0.400789120526655	735.2549354889635
-2587.54201542478	3.2368471925228572	0.15563309900764746	0.2838338841313078	0.3075524213653643	0.2808538830368799	369.5130296147494
-2668.506119860268	2.833796369047869	0.07647804624131899	0.09476502377960346	0.269597102958677	0.2570962901255542	489.34686858305014
-3089.0565274020905	0.5075140808818303	0.0031843292906928904	0.0027318771336430855	0.19469997108587597	0.2569965551915815	749.6942199957464
-2940.8215658144395	1.009396471102389	0.019630189386636968	0.019138268167676577	0.1715543744594806	0.27312125209405536	714.2960632431056
-2374.6126232249194	4.781547048925902	0.15432498102237854	1.7879976928040735	0.6935344655550364	0.2739623824304407	222.9223538836372
-2633.38057668976	2.900360325312028	0.08643661364463745	0.1311340682536779	0.32172753652241387	0.2740209256700832	457.5671943516785
-2806.1122459025037	1.578986753589783	0.06544013664151191	0.07451344938179288	0.13635570829260502	0.2349697027252258	596.4848323395227
-2547.7237183735056	2.3835259833253124	0.12273948283959814	0.26564366810959134	0.5413113466959094	0.2767721126535003	433.4292395066701
-2961.6095891306513	0.9952582624906349	0.010140205082159107	0.009592217448133811	0.19728021637884205	0.2543743395846562	722.3767218756622
-2565.0763968348183	2.076943694134478	0.09689836511008423	0.22174372514227106	0.7321321135451776	0.32244175009764564	478.66311165789375
-2595.238173951869	2.1043215966040263	0.1291396590637984	0.22467876309632592	0.5091601337048113	0.27361074015009806	465.44979303001577
-2384.746561643294	2.692264037159973	0.07987515011255454	0.4663451460233099	1.4791589006696522	0.2518216698011972	402.6884537258152
-2361.2283310972607	3.428372676075881	0.08852670066977196	0.8804107262277497	1.328388531364019	0.2660403864310088	327.2131225264602
-2801.1759337470517	1.8715290248767236	0.03139824527936681	0.030706802700273508	0.07603203334342962	0.25961648175447033	629.9753557102945
-2532.533852359185	2.459531031291002	0.13419105337251042	0.31808734142949957	0.5607056579074634	0.2786280857712699	414.2282386158237
-2386.2754525556484	2.7199296811797504	0.07752757776601647	0.42778009187891414	1.4758135007342887	0.27193354025397554	405.15774083502
-2801.788984566746	1.5440531356207572	0.05950179666753	0.06137619897878051	0.14350654710855626	0.2604020824120429	611.1144679873729
-2392.6500193300267	3.42278282230086	0.10855828661356348	0.6695753587594891	0.9158141394561107	0.26232272263578993	323.9296095548233
-2898.7011335394504	1.1239117500891178	0.02929260446157758	0.029735894114058765	0.189464892166829	0.2722522656727566	692.2438809881618
-2369.7191439130775	2.6036208603221587	0.06379136744998008	0.4979556289232177	1.8272880374573404	0.27041065574209483	419.9664557583266
-2642.6734526863556	2.86797074502049	0.06018103129818445	0.07307796870360125	0.5243456905526727	0.26890431446173674	514.3678937995181
-2641.903380618842	3.2520247235209108	0.12051514132308874	0.17009454694699414	0.24928958267536439	0.26188904224808185	413.01634433911715
-2604.29893797976	2.9099353124285394	0.13133974873137874	0.17450143700869356	0.3711047375185481	0.2784543552278669	426.0835305251929
-2906.328580039889	1.196112223283178	0.023507090573862695	0.02296207221131573	0.019410383347902488	0.259110200786198	691.2012964551499
-2386.7883285126404	3.1390963020233134	0.06260417551337584	0.40832566637305856	1.9330371737949272	0.26458433570674494	393.50917774620024
-2644.6605362219843	1.9468957446719302	0.11039458296604814	0.19113398488004021	0.403720768533939	0.2788253479006445	494.16723648175275
-2609.815019426151	3.2690263008822136	0.12538828584691936	0.1856536010228703	0.32743989135130525	0.25569887542262204	404.83364523681513
-3114.6161555929543	0.4583275283362488	0.0025314066578664865	0.002352739026345741	0.09126132901528479	0.309497583634616	751.6511754860717
-3164.3379016082026	0.55768519590157	0.0022621244508136454	0.002035737162301742	0.08657632884371876	0.3789314669714702	742.1199228718672
-3118.7254880130668	0.3486269553407951	0.0011419178900224567	0.001	0.16547979414389782	0.2901994628577479	745.7270570112285
-2417.250193975465	3.3237863853210485	0.07944846714558906	0.363990756028234	1.219591044100912	0.2604096297931559	372.5157379282542
-2829.942027490148	1.6601911095272626	0.035894020385208746	0.03378871921972501	0.004997194375412363	0.25006593919924686	636.4775403900899
-2911.073885828945	1.2258644268176142	0.027766269456206392	0.02744825037133746	0.1970746500876677	0.3396300176225734	683.1441061778603
-2909.5318388777187	1.190242865280108	0.01911090965947687	0.018055413619487204	0.04509514145908631	0.2716705943290451	697.7531052672832
-2467.8836164613817	2.9484363388862715	0.10759866738500902	0.3108476575763361	0.7719228936380725	0.27967861535014527	390.7587197837587
-2373.0141956756247	3.230933290847837	0.08396461729540487	0.5833296989522825	1.3734583901473438	0.2704558993299371	355.38849470127644
-2710.1475294742822	2.4800345450837633	0.07951692553943117	0.09355515587566832	0.1439514885441547	0.269090310333873	507.6537798786553
-2722.5041862106586	2.020653853121333	0.03571902363506212	0.03755297976655014	0.5547441947184882	0.24360766273426712	610.2355073097916
-3109.821436801015	0.5344636967362677	0.0023709403348968518	0.0021006109567979518	0.152239077929725	0.20650837098042102	743.8540763442688
-2768.797889073792	2.551415438873355	0.053521466601497696	0.053508052394547756	0.038155770510222266	0.24716594618073007	553.4941015203045
-3012.858100761877	0.8616744427592737	0.01294381111353609	0.012089848827884568	0.10524111908407596	0.31636054743616815	733.0355409845097
-3085.840327170941	0.5268321420853662	0.0022745797787087378	0.0020497490143522664	0.17732893272006925	0.23897757198340447	744.0820253766263
-2729.826834326739	2.8736938942555232	0.11040511536586632	0.11701534014824608	0.09503871525970789	0.26313129401432644	462.1874875928979
-2451.3510127610234	3.3409335103406983	0.05498101718114343	0.21628193283446165	2.057432297185506	0.27811901555526336	421.17127688628335
-3039.625304208897	0.7364816380799957	0.0054144002288390464	0.005038953374107061	0.061366867007298286	0.2952577163431977	740.006294134229
-3113.424091859547	0.3531066312327728	0.001129855661969252	0.001	0.14287450091314388	0.26181595629372517	745.4294115964144
-2744.2784466544636	2.094744095693234	0.04915656941454766	0.04751611051347117	0.20016121398080874	0.2680022973150395	586.3973506231415
-2394.882324001948	3.1298947833304425	0.07611585392049407	0.3852660000794112	1.478306742272666	0.2673440253802629	384.6496837773626
-2788.867335555443	1.8716568327499192	0.05387528848441043	0.05474892373360858	0.044402795501764805	0.2643800265671352	590.3506991289618
-2939.7997369115274	1.1207078510365565	0.04985650719978895	0.05439924598806246	0.11656982685182184	0.3085035146284854	673.000710898383
-2691.662930169941	2.4809756361902613	0.07984666758676111	0.0914358624217835	0.2109794198053388	0.29151605636247785	509.465721252549
-2363.55661693857	2.967552602796055	0.07837833368876486	0.6641713788809626	1.50626619973205	0.2653511490602659	370.9973020225607
-2742.5650723440544	1.4379108929289954	0.054786323830255015	0.07153052254968459	0.4962130585974924	0.2538951964494204	619.5623899778925
-3000.474748079926	0.8645595705051397	0.008011065625255914	0.007554459487607312	0.03571929870126011	0.262953376704981	732.5042600743901
-2386.8505925757495	4.042994657266261	0.11731694956064323	0.7760219479889102	0.9450366876486206	0.26879233467577573	289.63081319453437
-2628.0940542882367	1.8744214028669504	0.07266272291974042	0.1244166842216883	0.5721393854956663	0.2539777350027292	538.2045206835949
-2461.8619799713833	3.925026191612957	0.11332849260186069	0.35635939592307647	0.8704362579988358	0.27123101865866217	336.53982402581613
-2741.9158716484526	2.0648953765573674	0.06495981235967506	0.08363193748862528	0.1344073159274553	0.2760718739861688	546.7967471047629
-2614.041956076442	2.2393563625841804	0.07414016473226702	0.1022029621158262	0.5337726034513253	0.2554549513268574	519.4954184059537
-2406.934704314868	3.71203252869476	0.1188466539292927	0.6316977664695002	0.8133022975114501	0.26775359160045664	309.793672670792
-2760.649554224295	1.9919472654253707	0.04936820086911014	0.052462564504749176	0.11175155085699424	0.270087000405248	586.2774643460372
-2389.450190094873	4.253847094285864	0.10816496248872094	0.7817235228891987	1.0399163110923473	0.26770267127573893	285.3259711093498
-2356.3006934934547	2.978430559922239	0.07360483327448628	0.8198736125568579	1.604445797974712	0.26547913110357063	368.3906599555352
-3103.970732504485	0.4629674060717559	0.001489688174057162	0.0013297844761303585	0.04463084923494468	0.22975269213501778	742.3931670800098
-3102.971006109259	0.5161322911679527	0.0019599445952009635	0.001762176245879922	0.07870486475908488	0.3186741827371741	742.8078366119568
-2952.6883216353	0.9880836554945869	0.021346943378953345	0.01961788959835126	0.12637097890773905	0.27048859021476046	715.5868459212791
-3047.8803070480344	0.7209396368979154	0.005331797664158577	0.004854378926922443	0.08006081095929896	0.2297570848267275	740.7320319049384
-2497.3462049262976	3.0670421538679618	0.09196875288062271	0.2047691970150292	0.8690433649356046	0.2504861835166047	416.9690146035112
-3044.917630226319	0.7008493712424181	0.004089719249057111	0.003643017904687413	0.024277791594196838	0.27658191972495183	739.5079719642131
-2557.145486592211	2.58865143227253	0.11701915667838718	0.22363656992517353	0.5003436100205712	0.24453295398856298	430.75321035242666
-3135.175099298886	0.2811108915372028	0.0011262824161442297	0.001	0.16078291562394925	0.2620980167208237	751.8242666290835
-2432.283332434757	3.084946214132707	0.12389256929823696	0.5211468840405067	0.7555243740161869	0.2735781095387162	348.87388822312414
-2473.2655143174084	2.8460569426770093	0.11106647189702554	0.2880652191754838	0.7881533386640338	0.28462445824316146	401.2001478685485
-2431.893147328789	3.2925291265616967	0.10853679537667742	0.3845540310057215	0.993198927644662	0.2402926889543173	361.49441560159556
-2825.085603591897	1.4816829378325347	0.04161371073071648	0.04358506088414684	0.14606210576249928	0.30373862999890977	638.4359257780458
-2372.140194075368	2.703753393895633	0.07147911849830073	0.5257743478207313	1.5859437132727432	0.2670336414107385	401.97243361208444
-3056.8704678272607	0.6904984652993326	0.0037742880798287397	0.0034322522996277772	0.06367104804591314	0.23054224367207118	739.7262880694599
-2557.486187301614	3.815261350409284	0.14388811660448708	0.29555877929499447	0.5351075280267694	0.2149756462172883	345.67893731930576
-2714.6483370237065	2.4778243256281716	0.10029991368237418	0.12178390373499308	0.12515016142619606	0.2563760045190227	483.0293334197659
-2429.267515051133	2.875556354641472	0.1085316354132126	0.43862558570058346	0.8764193690170122	0.2689568854996232	375.70163846588827
-3025.325439868018	0.7281258747321625	0.009162896039164599	0.008600814029633932	0.5529339685921353	0.2897010233375946	746.0315704256466
-3158.743370221907	0.23464223925960315	0.0011322036204453364	0.001	0.001	0.25287307174251783	757.8177709989641
-3054.9838221364944	0.6616762091897784	0.004460234233179254	0.004043083615197492	0.11172389362972672	0.290514162093939	743.273668887238
-2358.7802813059875	3.093154456310675	0.08067858527425939	0.8454668200948656	1.437926148444269	0.2711165714375188	352.79335816623313
-2378.3502259313436	4.039535187634606	0.1099413902267579	0.873110864568546	1.1133122922974437	0.28459059524396346	290.08478798354446
-2436.8263204240807	2.7701071788080864	0.07781661040216978	0.25828376922739577	1.2468877329755652	0.26781788510837945	425.45172968046876
-3077.3415049419136	0.6930111905826964	0.005763820129904109	0.005279734036671849	0.05117445441053872	0.3333626781504257	743.7836472137476
-2766.829618134245	2.0951757384255534	0.0668483441477531	0.07251291178948584	0.07024339290226286	0.29651482860672185	553.18388699476
-2804.7874226386493	1.3125367528157892	0.055670682900109215	0.0669084636937455	0.34703518822745777	0.2688726036702547	637.3923157245963
-3076.181394678111	0.5561005482572281	0.0024737156682220723	0.002233734413898406	0.10476437995057006	0.28222766642030717	743.3279665975639
-2598.632686575656	3.453958806661368	0.11734927144774762	0.20548734411991054	0.37220733559727903	0.30002848970426504	390.3917058840404
-2974.2439594560324	0.9442269768266235	0.017044089300864654	0.016091575069852728	0.0356544555483887	0.25585940797162876	722.9647274440264
-3404.2343198735434	0.6384534661548561	0.003501711784637738	0.0031549659379601974	0.017420296710517924	0.49385981390067235	742.1044956304006
-2358.873578936038	3.2883380074670425	0.08617222806652297	0.9549213179858258	1.332272557432557	0.26048413239801194	332.97429921071443
-2905.405132326019	1.2118689560497673	0.0214565520143011	0.020306684028222145	0.01779797287691634	0.2578976767822344	692.8675163189696
-2466.5335417831157	2.826939848298587	0.07569925322125556	0.19032879441989164	1.2741918404627675	0.2767731096226232	442.5783308440409
-2704.501733515272	2.623291004981218	0.10463256533735636	0.1290798562453832	0.13316748118258884	0.2762656273322362	469.0254661713093
-2704.0821835428815	2.619977757667986	0.08546838188155444	0.10063962258532176	0.15400957166294932	0.28788395580463716	492.80271601218965
-3124.5893644878606	0.4252177930846237	0.001187077794332997	0.0010539921444949988	0.3456418514661398	0.32598872907230236	741.7072155005962
-2529.7947042087603	3.810686043715756	0.07917349282892272	0.1811171392551078	1.1693175717667323	0.23359618925743555	399.6660296494701
-2656.446602360287	1.823487858880116	0.05784979370889022	0.081966665188386	0.5711115552313762	0.26083811070893465	571.6042821456106
-2754.442638927786	2.51450940227588	0.04464365993032132	0.045681504836486135	0.0998286754708322	0.2733979120850531	569.8552573801954
-2639.8808415196545	2.173295839532191	0.059442806321926465	0.07915982494766144	0.5314455090400506	0.25295300508209834	545.7192202726889
-2657.526038657877	2.7894441092698727	0.11738904603228445	0.1551882064561385	0.2141703218023684	0.27629524841782654	443.333277363719
-2495.6273434730206	4.11726496319444	0.14841983536965112	0.4142907276518111	0.5606142833340103	0.27675835438615515	311.2143180147829
-2476.4722371099506	2.9279608635866072	0.10140617419275004	0.23056344721207353	1.0645281697413023	0.2395809591430212	415.7664450688044
-2391.2616439957055	2.083716564737365	0.03674692764488226	0.2905570493669954	3.7958015488515624	0.26462373403782813	537.4730957891803
-2365.1349680259405	2.604912338054835	0.06675721762250811	0.589950575175163	1.7564189099189116	0.25840169247554157	411.76178720270616
-2366.2642516654987	2.5133654947179616	0.05161175152568751	0.46205849379467445	2.366737239050841	0.2597957322406298	447.78039933789137
-2540.866420076973	3.245650878128967	0.12161869719160781	0.22145141945059782	0.5274037961130815	0.26426736236665394	394.1639615654034
-2529.3439258690146	2.545578259076645	0.07260947213864985	0.1772502771278785	0.8053729134805073	0.26195365854918795	462.1267307947245
-3109.152626472612	0.3726955741272335	0.0011283111071020428	0.001	0.08581948046325	0.2699288952925023	744.093771883322
-2839.136417334502	1.2159653266504098	0.03441976633918277	0.03872836436775462	0.3873296456299429	0.27442485121271704	674.2546308404001
-3002.49573563011	0.8235297133993824	0.0064735416704467036	0.006146335878325526	0.4633834618970839	0.27888692201024695	735.1999416494152
-3058.6425442166637	0.7583089045182387	0.008543961506741504	0.007942506739410585	0.06872737227877962	0.2065954021831965	741.8277682728653
-2760.1786260610347	1.6706354196360536	0.04446259478358725	0.04911221748006916	0.25847492799027305	0.2679159719000573	615.6140436225871
-3023.7527812386083	2.616724303636201	0.1302152442074905	0.18642918174293968	0.20342179021364976	0.49997954594161303	437.2966220642626
-3296.830752144468	0.9456791667651953	0.009264943907577598	0.008493913098497117	0.13794402778460974	0.4847753050152643	726.2875764381565
-2544.786870238038	2.505931935618828	0.07892770650738248	0.1315299341490152	0.8006156979738032	0.261291160937511	483.9532587309118
-3101.298223248876	0.43127615464954805	0.0012427319763385737	0.0011145920135511272	0.13276460733098036	0.28710892523251963	742.0466213856186
-3011.534693275586	0.8123218526606399	0.009530410705991218	0.008873918252387439	0.14757716071840118	0.2883862748074495	737.3396024645488
-2690.2218689364627	2.3033014820135005	0.08255217188481527	0.10109958446040591	0.20321163995858696	0.2674359490395154	512.3512952316086
-2981.0603161539075	0.8661504603437151	0.01718418628297328	0.016917135723993032	0.33948644516759696	0.2861531725766541	732.8441973822323
-2762.7343454344073	2.229142580774988	0.06376995045136222	0.06602798637227375	0.05149354388599504	0.2667535140781994	551.778875836592
-2550.6296301896055	2.441677909699459	0.07410737486046598	0.12386077642530581	0.8053575659055675	0.2743356014456047	493.6830737778413
-2745.0134772855827	2.288152756629189	0.05137706794754751	0.05656544251791675	0.1142522640073406	0.2736884876262678	563.1279455680244
-2360.2343070830966	3.451008905694567	0.0882789464671768	0.9321883249844903	1.3139552230688676	0.2673203481679628	323.89468145023375
-3114.926765755886	0.48980919999026024	0.0019005757791517252	0.0017010813324383131	0.20422565772715875	0.20956469681256443	743.9433564085654
-2746.507149408424	2.026950066606321	0.05075586928478829	0.055080531475405786	0.16463270065040686	0.24720782731980448	580.6731066810884
-2806.6938663962737	1.7560226279523858	0.051915719743161955	0.05298352053237729	0.04080272615893462	0.2433567653103041	601.6097116766371
-2508.630961580218	2.2584581039231852	0.06775320469915552	0.15802961628606343	1.2761190307776296	0.22504742871354774	495.75164108441965
-2475.290521660816	2.999996713065445	0.12333499055746303	0.2933604020320497	0.7651797574555619	0.2775370591505105	388.49979552698875
-2846.4115395909753	1.3500000384717834	0.03459600294814261	0.03561395074494776	0.17146505344840904	0.2942381389540097	661.1192965731625
-3113.181300384088	0.5294519627776195	0.0020205402835125645	0.0018043500628229078	0.09021145198125356	0.3335506388608109	742.3062068753327
-2493.6065282865516	2.356313021425278	0.10783347721395117	0.3168662853383553	0.7808707628035021	0.25836305055153047	430.69276514279505
-3094.6509414544375	0.44481051304209235	0.0014203804125527465	0.001267032692289627	0.3691457168998706	0.2725940024046266	742.8542055946219
-2350.9322402410558	2.9478605582529003	0.07159008367696124	1.3570255862848788	1.6693950362465357	0.2628209573718495	365.6971034170451
-3019.7362152959195	0.7760297193640823	0.010928807614605586	0.01027356101288756	0.17178630934025815	0.27438964596172144	741.9982478932891
-2865.1088186808925	1.3998423494727623	0.0353521359297832	0.03358178078984131	0.04498393727981317	0.2345582525344175	657.6101479410556
-2542.9874949128493	3.684006330448221	0.1432366292179948	0.28954078375444897	0.45543154751689	0.27802030960889584	351.6169007760997
-2457.6493040211753	2.9232233353069073	0.09009250716473896	0.24782518841609077	1.0242668897342482	0.26779928834974726	413.36117575530676
-2920.3898515074156	1.1390578360953945	0.03326439231483191	0.030457094801567677	0.042592921280907886	0.25483811071243007	687.8211808099998
-2715.8163387109544	2.971119206743868	0.08926607846763872	0.10499248254517755	0.14467040331647613	0.3058302231494048	471.1439593961254
-3098.854228447912	0.44286720141363967	0.0013369707967282544	0.0011881698485959383	0.10478608065959955	0.24765457206068223	742.1466038705843
-2395.966860244388	2.943052479238901	0.07299941737290182	0.3546775832108922	1.5590966066993865	0.27325943698549116	402.1374694660266
-3081.645016217104	0.5636609074401774	0.0023682375615324	0.0021146921739631334	0.03797306992726773	0.2991019782384129	742.1776232369043
-2879.4814064219454	1.4222160480764234	0.03230509638524506	0.03395445513638804	0.11264772978003097	0.20083818046315857	656.7508539503008
-2751.9824833669645	2.1559159049086194	0.06900952312394144	0.0738744116896191	0.08337476254184992	0.26254075264621235	547.255202437705
-2446.726954853063	2.3704117144169254	0.0650974223957391	0.20313020347606772	1.5850554997938315	0.27607152260122464	475.6281009436909
-2757.6847712345784	1.6064860194310064	0.06929345535158599	0.08887379209955032	0.2393807200147584	0.2692934856733586	584.038570781521
-3135.454028496196	0.3011109220045112	0.0012248757878602285	0.001	0.16550976885584334	0.2900919195532595	749.5206891266137
-2357.2575463233525	3.334487955921437	0.08763617006650525	1.056366613972951	1.3168105826711074	0.26623718739146723	326.7202973190696
-2832.4665116861015	1.5956340148638943	0.04015530912195041	0.03869190456126332	0.014460430807352037	0.28466966098014684	633.6979230906622
-2764.3757396383508	1.298030247894243	0.04485254015358571	0.05716449627091191	0.6709182505349097	0.28162900312312916	649.7448235731691
-2433.8499744734972	2.565806910953616	0.0697511449737611	0.24872669657995378	1.395335574078344	0.26752231841419394	445.65422487796275
-3181.570307042296	0.49769147179773876	0.0017500511538029793	0.0015701758625657955	0.2527112719369957	0.16579000199857263	742.4848200290629
-3116.453326439112	0.3425408710130933	0.0011258125052818978	0.001	0.2668726165403809	0.25486451338229504	746.227543074532
-2388.7150494772272	3.27160153228733	0.07558823810686593	0.4353345627163249	1.527551846544654	0.26403347565050966	371.73051991633423
-2647.9827376001067	2.2092277184231324	0.10773426067394645	0.16008854931102515	0.2994500531148306	0.27640967251739307	481.8246292661055
-3221.899025100556	0.31693837795723023	0.0011322280256775084	0.001	0.08685199239148156	0.1647345588194861	748.2888555261743
-2397.571814074947	2.7871406633061704	0.08125694854022451	0.3814845930226481	1.361587917762534	0.26760582488702106	402.99066314213604
-2389.6695114102286	3.1405845723148222	0.071216593185112	0.4017911164701302	1.610665480967702	0.2623576826491917	385.55636831043955
-2350.3564364200524	2.9968714473459226	0.0716669257349017	2.1136205886878745	1.6690401447789753	0.2622483324668918	360.08966051273046
