# /groups/rgutenk/lnt/software/anaconda3/envs/donni/bin/dadi-cli InferDM --fs input_fs/fs_092 --model split_mig --grids 178 196 214 --lbounds 1e-3 1e-3 1e-3 1e-3 0 --ubounds 1.1e2 1.1e2 3 12 0.5 --output inference/fs_092 --cpus 10 --force-convergence --delta-ll .001
# Log(likelihood)	nu1	nu2	T	m	misid	theta
-8060.357207450044	4.9606094081823	0.40706446786586864	0.043675837994984326	0.45544130206120625	0.24168986964781425	1231.8434501576016
-9303.199112421673	1.1798403798968249	0.2939646071937908	0.022187623095392288	0.016390925601011457	0.2800658062159143	1624.3704401761079
-8434.056759945039	2.5636888677564205	0.25149589703773184	0.029539854436836734	0.1051524015619744	0.2557113207052634	1464.475723718261
-9915.784982253337	0.4695227515068278	0.011711057570792903	0.0010310197806079903	0.017949014975056646	0.21781121345601345	1899.808768717642
-8148.404579170462	4.385068196288946	0.3785024481029047	0.03876618352817016	0.11602070602149547	0.2523759948574401	1285.368512978089
-8193.990183140873	4.392489221076046	0.4869567034683097	0.04641211603848204	0.048959054128459835	0.2157436181386819	1213.844276151052
-8033.440737879394	6.9490816543611	0.40444833844468026	0.04473021682705288	0.5652199721218107	0.23819405407292135	1186.278050730126
-8069.467744976848	5.0631074139799574	0.41598588686361393	0.04402769298172269	0.3893381075417967	0.22766082980617933	1224.7969596108042
-7991.820142599292	3.6376013508206158	0.43104413970870914	0.0542997845409704	1.2782858423776304	0.23167125736198424	1219.5879806817275
-9492.492725157477	2.290932425809831	0.29340237926924934	0.028262909585947422	0.03996719999024167	0.4678458545875237	1475.0517656247612
-8115.732309609871	4.876959306537147	0.350374933447623	0.0358493746861427	0.13720257592936183	0.2274542902293379	1299.3198880511031
-9091.768973666976	1.2029053516465695	0.1620405989371045	0.015394093832068344	0.0467425014625315	0.24722758755130175	1711.5614045693803
-8233.635008585226	3.4287628337518146	0.3868676918617883	0.03727204985712158	0.0519683050355196	0.2328297565476969	1327.3652287116136
-7909.508790013377	6.911004708787775	0.5545396551275633	0.07097452405515431	1.367077164696951	0.23262083344349546	1022.7982334755267
-8855.05915997127	1.4929686129057536	0.1862389603917929	0.019185269706081826	0.13096644585190326	0.24465982385113633	1645.1581342912164
-7943.252665092456	7.706401447616589	0.47756117387777214	0.0629950480623323	1.2399698436626116	0.23372471838150502	1058.146892817387
-8081.5264180374725	3.968393379303667	0.4287129337015028	0.04868043611003327	0.6404338639529105	0.22434375233453666	1231.2669168168768
-9383.518747528655	0.9319871163303004	0.130649045930353	0.012255994946312534	0.18821853332551478	0.21914065345472386	1783.1102501013597
-9985.571407470934	0.3915550987634415	0.013418007758692056	0.0011673815203141846	0.15743236006778089	0.20802061125187363	1910.5601435683639
-10308.802072122098	0.5511451483641621	0.019924918337287233	0.0017967387953976477	0.09442629113565106	0.3874229050648799	1897.7939756119172
-7721.196531018775	6.04070612294706	0.6113169879048139	0.12820836846750377	2.1959378104645553	0.22662811053334486	878.2080070916237
-7857.579431529166	3.6853937830793444	0.5245630691323065	0.06653814671839209	2.9673388769875233	0.2351772601242645	1150.64750688393
-7739.1460136061	5.991233704202343	0.6267370207325076	0.1291748210764662	2.0927393001983683	0.23936082627089314	874.6699965967254
-7804.389409916238	5.803971407824981	0.6306119872201809	0.12134951719034016	1.7785489887807635	0.243759395455225	893.3874235634173
-8029.963070194389	4.115230857882409	0.5653625521740148	0.06975565527953309	0.9707992049472625	0.23967188422098762	1104.810188230886
-7849.393331387861	6.0121267433302386	0.5744727307606757	0.08757829106791057	1.5375364475304574	0.2323401882027683	980.9166848277905
-8487.326051787128	2.2554947266494767	0.3028156852900773	0.026836293007568665	0.04710167717195519	0.22529426586603912	1482.7757151521953
-8400.932291335768	2.4273532822263224	0.3159383054308104	0.031092941526108208	0.22123572772337838	0.24269593397099348	1441.1193288674597
-8074.024511373572	6.245411840221661	0.3917143184613923	0.03991744206295554	0.28158118213304395	0.2317362943702185	1232.6929508296564
-8338.839364854002	2.697435771744601	0.307353058727181	0.032323642650365046	0.16798555572285773	0.2333613128361316	1419.1212798395636
-8304.516314172864	2.7951831749108607	0.34126474844288407	0.034099437726943106	0.23303534751681357	0.23029175676490213	1391.8872289764067
-9968.56844802215	0.3900573474503529	0.011515849537735469	0.001	0.21846419986825025	0.23884035676790932	1907.6406612580568
-8506.548336483243	2.1444457541849813	0.2845295199599481	0.027105962054805654	0.11349405097386943	0.23260012271984515	1496.235798189971
-8308.29747090531	2.7801001356991546	0.2848532179863869	0.028761756721622282	0.2629429781499056	0.2300777187809099	1444.5483610997126
-8943.029602956456	3.8017383270358223	0.31658857624635267	0.034065629141814276	0.3282099854747641	0.43719632577283873	1353.504301855807
-7935.817070600664	5.575413100641447	0.5181553810114303	0.06933572000561668	1.1040108112164797	0.23264663653584325	1065.6717002481419
-8048.0499718679	5.063672504009156	0.5429123879113883	0.0566609804830426	0.6526790608459608	0.23290486124947554	1129.8898809726302
-8154.2664272186685	4.441691219319874	0.3373134079654603	0.033681443749148304	0.001	0.227753539493983	1329.5626567228858
-8036.06450785499	5.836449003885976	0.4065638459440161	0.04445177017218136	0.5173065030091637	0.23822582086584762	1207.0013882826704
-9651.588094784383	0.7237556280028898	0.04821615253737936	0.004591335847056113	0.08049783875148694	0.20647195711663485	1874.2838498186218
-8128.0538145340815	4.761767789088901	0.3908849424075068	0.038869897018303824	0.09019273827712856	0.23702460778934858	1270.9569271819262
-8005.523502505173	7.141589921328957	0.4239447459622997	0.04891203824950904	0.7676080086949887	0.23397821943611496	1152.78608149642
-9102.83947381928	1.5751661152312133	0.42970195183964577	0.03888414066946872	0.1380044504315451	0.16869396805877446	1451.7780722021953
-8211.99756297239	3.089013451188064	0.34611814706487043	0.03627541888268658	0.467447915236583	0.23773461693782544	1361.7891376251118
-8086.912733177132	4.094140410752416	0.5341733510684227	0.05720266008049537	0.6833703791118462	0.2401366832894526	1161.8002664736703
-9873.221924650163	0.5212934012560319	0.023774224708445885	0.0021225697160845167	0.07662443211049123	0.25707300795508503	1902.6000206825165
-8160.835534819199	3.8029812892279278	0.3579637902259327	0.037076539135995054	0.22576318973776632	0.22939220583225084	1321.5416423140182
-8433.215797872568	2.359330010797046	0.27070263236760767	0.025863312427060903	0.1392643789088939	0.23330390783357263	1493.5190447659647
-7973.843043460715	6.33507496248657	0.4281407337033527	0.05171738884288442	0.9025624255545784	0.23008954587866834	1149.4802803673522
-8352.409646363654	2.899168252410328	0.4527421351583626	0.047087865888339756	0.18858451829230946	0.23639974042811251	1286.3880301262147
-8286.944169698778	3.1122995582140454	0.31853955694944286	0.0306180084254078	0.00672820647049526	0.2537021499327949	1404.0111686708153
-8294.698194618797	2.9462285853674572	0.31777843818149293	0.030734519207404037	0.08466178480070181	0.23191618816646392	1411.6458038073438
-7883.418755327882	7.7981707514090655	0.39155483617091774	0.05108697509027657	1.8468658703441183	0.2390940312658661	1140.5576037275255
-8084.586449441923	5.88792766270812	0.41154372883141344	0.04208021744327945	0.23369709151666546	0.23141704547279107	1219.6236089504669
-8042.524033817195	7.4545713663749575	0.3918628677530492	0.04242700666040617	0.5452629169663109	0.2379207186007336	1197.6589421729107
-8122.67378068855	3.362308138419342	0.3327075440511446	0.03605660693300684	0.9126380782155087	0.21388873259886557	1354.4780864151487
-8042.69092145174	6.220058861901177	0.4089516974662623	0.04324464199674243	0.47911578195540405	0.237608655273799	1206.910032454336
-9597.81853207768	0.7718883805833586	0.07631924347905442	0.0072773102827435035	0.11485570552518373	0.2670258152365703	1851.7215400164332
-8362.023534697371	2.6160823159227706	0.2638285384547209	0.025246200660915517	0.34468242027651325	0.2514982985375674	1484.9460769528414
-7617.771947122584	4.974669555882796	0.44516986207922393	0.09042597566353841	3.115728884872521	0.2421224387600225	1039.460576263641
-8104.712062329322	5.183356243372725	0.37628080792686014	0.03840255486652798	0.14868163155226294	0.23304920383102135	1267.4945047009026
-8111.925599918958	5.878975601879923	0.3548681197874514	0.03545991718235963	0.03744860202848556	0.2338748572555303	1280.2446103112384
-10195.061666206682	0.2822475331005969	0.011517575752073782	0.001	0.2291238697074778	0.30059387992644065	1926.5893006112594
-8070.986701367063	5.04973175291663	0.42268749557386953	0.04415406053002638	0.38159234698243616	0.233012149460487	1222.84568394133
-8047.192708815825	5.021727591670374	0.4640198373370849	0.05015728507907642	0.5448492875265994	0.2364366636075797	1180.347759447686
-7956.200301527916	5.647468347111311	0.46754068174634555	0.0579555209011982	0.9797155002216242	0.23506090152913603	1123.722013967476
-8161.344282243359	3.5812507449190294	0.38590300370481556	0.04087685126206822	0.40557469170025445	0.21639650390256857	1300.2645372566722
-9499.955993337911	0.8282721912260987	0.08755155481355938	0.008036730068882472	0.003268201337989891	0.22922932632722748	1833.3035214276013
-8044.69134940658	5.111808472539591	0.40515117129671224	0.04403706026762619	0.5165103448318141	0.2378374099813897	1226.3274928363408
-8067.407346870774	6.469568554092582	0.34425349922096843	0.03616416463916557	0.3482681641891584	0.2278086441375949	1268.5322853105154
-8157.651539131777	4.379327739606036	0.34175329563864526	0.0345329372926377	0.0015949601410579872	0.2280366730376253	1323.902241847398
-8572.999179138675	2.027274886925274	0.4067868988597923	0.04140657435372708	0.5116200599082941	0.22100993918095155	1395.5278023345195
-7976.071445882613	6.802827822515287	0.4076940017575615	0.049330439513548804	0.9319508174227945	0.23579643287426383	1159.4762843614296
-8212.568366090414	3.3078766779251816	0.33384181328932844	0.03364527742327877	0.25099024913621165	0.23787019045429636	1370.811890515273
-8761.313005553857	1.6293931383285714	0.23653755925341044	0.023285359702352147	0.1062933672607641	0.22522933172395604	1584.9901866003356
-8386.95426670869	2.720550793397462	0.41755687497642063	0.038316103911895244	0.050948750345136504	0.21791077950304646	1350.3305554251576
-7728.382923934355	5.410528675628755	0.7456158745068555	0.21396294255403783	2.3739674787114127	0.25228525604136054	766.1674918008355
-8185.647019499058	3.5184809589353607	0.27579556549727	0.031903597520309065	0.5986684535073392	0.20401665191853474	1392.5623220931986
-9490.7227038415	0.8412835820916611	0.08475288438025248	0.007872647595824483	0.0054821562547988905	0.2146164346338163	1833.2672419010153
-8251.038756921056	3.4950690485827214	0.431001081215925	0.04035953826162516	0.0034484944753138173	0.22828639110385623	1294.7185190928592
-9944.621241342102	0.4652628572526788	0.019070499287595005	0.001678540673961884	0.01001375835120255	0.1955389464542777	1906.925663365602
-7733.364892968697	4.47935597649142	0.4606473991363823	0.07921243847450576	2.3258187431786173	0.23317338402589707	1084.6257615805414
-9341.128245079146	0.9718379828280193	0.13067498818112927	0.012161902732134845	0.0024457099099439873	0.25141953784075805	1775.8315018861601
-8084.565381109482	5.432712718686024	0.39244311110815544	0.040282267715210464	0.24655950545312647	0.2345795827117199	1245.407963104677
-9340.55431493184	0.988110519935231	0.11486758777325745	0.010743661045653581	0.0973729062641411	0.19615799732529624	1786.1178969262908
-10042.409958568893	0.31807103827027977	0.01136211300737112	0.001	0.1355166408385249	0.22662019607395278	1919.604425284106
-8160.104199505676	3.5764447351331334	0.3368312824271579	0.0368788141065918	0.4387988845247601	0.2520394858486403	1338.1473935485485
-7994.400864283082	7.294733928993775	0.41649150371013854	0.049856246320826865	0.8646242673636926	0.23871016752060217	1146.4960222663822
-8074.202323994983	7.74030330187059	0.37832542794697466	0.039188442940420995	0.35030684576885773	0.23148273020456545	1220.4006768645293
-7986.796711866718	8.40522474639581	0.3713888652824621	0.04367130396151194	1.121144667350051	0.22897721961673562	1183.4024177737474
-7799.811187725622	5.5126748771509035	0.5065007696791861	0.07719571529394582	1.8030373207667296	0.24220825480681724	1042.939649594191
-9776.0375106215	0.6168394555646096	0.03922341670573445	0.0035905660852996154	0.03925865219488121	0.20411477654590449	1891.4271917041353
-8758.948825755933	1.6590823072861918	0.20958579475245204	0.020518073120450914	0.001	0.254439931110139	1608.2771763879355
-8118.537416272071	4.929144121147221	0.35802435852144415	0.035589350433027835	0.10427115628209738	0.23693984406715915	1297.9382434579077
-8026.444659062325	5.558977687517124	0.4141899947694012	0.045535555063544016	0.5832363820033296	0.2286713247451152	1204.614972104997
-7910.345986436243	5.4852874977815365	0.4841118007232479	0.06334311060155211	1.2241619495867762	0.22722878038174382	1100.3330154162527
-7888.972700729203	4.308908428328837	0.515926835559832	0.07418860534059114	1.4922933150641327	0.23703627943168812	1092.6627253426618
-7769.099622810626	7.732362723236147	0.7112726059158189	0.2069984334339458	2.335368302612427	0.24275965274578606	709.8824966845758
-7612.074520282722	6.5555045503252405	0.5558623177294356	0.19419792036863937	3.0153068134819208	0.23873453943447828	783.7337855885372
-7678.876333723413	7.597905002719474	0.5414764662472248	0.15194060174822324	2.875197829930902	0.2289729803446501	813.7069834906591
-9722.811054161206	0.6977846202847325	0.07017985986294695	0.006386946199775556	0.22236976005353254	0.28237761255616517	1867.2286546151167
-9078.626536649746	1.2782450480644603	0.15223344516156107	0.014391150441023246	0.0020199242537399585	0.18700257411299978	1710.8776955573258
-8401.855423200044	3.186578796413303	0.6078680093080201	0.07351270257855659	0.49252687059849787	0.2726441688945583	1132.5422878633933
-9385.714065786757	0.9291496356951914	0.08668587845309446	0.00808086626921688	0.009789879690584789	0.2262542312868701	1818.124586907875
-8081.54773826533	4.110560700025328	0.4235662369973645	0.04501171769291152	0.55785026654401	0.23241094960158598	1246.6401613379178
-8500.00959274292	2.116839181178553	0.29043204179459126	0.02814280383167699	0.2884789447741709	0.22302646640148757	1490.557795393958
-8174.676310485129	3.803520017397413	0.3515541922221161	0.03601456345156101	0.1482721379223215	0.2248996771847473	1330.0021786981094
-9913.00696102723	0.4607047416536625	0.01565369072583433	0.0013775607867745213	0.09604666145419478	0.23294541478023698	1904.5472068267513
-9328.828584504901	0.9735406613513735	0.11194085412741905	0.010742334357659434	0.2381389021200847	0.25178953786026237	1790.8439472344562
-8339.991689202647	2.9012968552177254	0.25170337315679264	0.026899939501963198	0.05253639724924049	0.2110891725820664	1462.532336066937
-8602.261100140917	2.012708845547306	0.23613166748448433	0.023109932345857474	0.017451799889466667	0.1977933656732985	1549.5493625449437
-8476.03082896982	2.180163976725624	0.21250330978321932	0.022148551834301367	0.5827487764889522	0.24000873863688654	1553.9853425176832
-9070.71495952924	1.26258390400764	0.19909922600298088	0.018648686433578976	0.037268140019539736	0.2685409130901047	1670.4471105862806
-8139.250274557124	4.750222750745841	0.3347367370447824	0.033906901640567894	0.018523526458290022	0.22865300222326512	1320.6032208715185
-8006.161428497074	5.94640839084398	0.4243375224780001	0.048355531746047634	0.6945485281823458	0.2324327702984725	1177.137480401705
-7931.407003465113	6.693779060893701	0.45840656686146947	0.060818269268625526	1.1769029140090423	0.23867068515169756	1089.5137739664954
-8637.734925242892	1.8323654693926434	0.26062671419676786	0.025510393296930285	0.1860101322417069	0.22617439031197334	1541.9937886366529
-9908.051305531098	0.472714299979514	0.017112618164396066	0.0015061468797795128	0.17682598420802015	0.21725325890450767	1904.3012834099964
-8123.993181514358	5.306892401284664	0.3885934640921086	0.03925251199893391	0.07808028485446904	0.21481873276304653	1255.7210571501082
-8678.257424527175	1.8261634655870946	0.2429284889752119	0.021797030029358785	0.09747423141897521	0.2638526002983126	1570.154357688549
-8231.678951036782	3.691032048068644	0.629400289649676	0.06343206761425148	0.5068020920982048	0.21563578566193708	1134.8877909494495
-8019.514994029819	9.376354837255013	0.4081991723960103	0.04867818306250379	1.0063105261555427	0.23074620129851586	1131.2969895967335
-8220.542649552946	3.587049240280918	0.29133947116663234	0.030085311979835216	0.1684999903403892	0.2055360376098776	1396.926493106455
-8787.404298633073	1.6512923753505877	0.21779312204846624	0.02074884830417035	0.0014366256210957761	0.195534969229624	1603.9200358492747
-7866.015844066394	6.550496995128889	0.5426923604923217	0.07527294935175369	1.6173820708213205	0.20980436960207005	1016.2319237569492
-7758.604663948772	5.5336660604837675	0.6433897624615372	0.12176072963471851	1.9963829779105697	0.24036847126224095	900.4102089400259
-9872.562448152752	0.5168373573988563	0.018613867693689154	0.0016500758696619303	0.13166681284332657	0.21492321923369145	1900.2470743340768
-8109.522530049111	3.3355555276084434	0.38653310810171143	0.042983201928568124	0.863882332962451	0.2260013852897759	1300.4898321916332
-8441.034880777983	2.376663294538166	0.29576388893140226	0.02850639336427504	0.010839259798932957	0.24117348169900416	1466.6504267022142
-9866.090835633186	0.5142791187475758	0.020294773050515042	0.0018130541306514768	0.1155250563768799	0.230429320020896	1901.93393933137
-9836.627958366516	0.5462266080231895	0.02664039219839414	0.0023791207675475765	0.10247174622465069	0.22095055585461665	1900.0037150772441
-8457.58710580246	2.3971303411437423	0.23953134386459574	0.022728046664206275	0.18883904432879925	0.20369938522152672	1524.128375593833
-7973.376786689663	5.633750775330137	0.4253717714309759	0.053265717223927804	0.918715461484929	0.22279340722282132	1156.771045493791
-9940.50960665188	0.4656579575005124	0.011396504627158717	0.001	0.10839541453977831	0.19940663666669278	1899.6911977978546
-7876.639128761223	5.411789467701856	0.5643569151453409	0.0819833678763462	1.4005753282771447	0.22859809255706798	1017.0615507917769
-9186.765789873309	1.1030369699926459	0.13619215233923643	0.012755631837343104	0.004650170159624455	0.2284491158372438	1750.0061597920514
-8204.70835415513	3.341462110334048	0.33260291200562303	0.03346314403532545	0.2817790469297457	0.2266116815652429	1370.944207859668
-8640.219627002496	1.9185259122581464	0.3121456823995926	0.02902288678580573	0.17554307775986897	0.2704242225860004	1495.1934599486704
-8452.446859368896	2.315842152317109	0.3032310739332425	0.02938766660005232	0.10629988298852981	0.2194533455314896	1463.204116645299
-7539.615144135008	4.194776090981171	0.4301489193337529	0.11378809444663837	3.9389099098460765	0.2352426875456048	1029.4178974314336
-7898.548355466022	8.190039224277312	0.4528163054198017	0.0697512543055385	1.6501463700911336	0.23545552423672292	1026.3118020759728
-8101.585487903088	5.053686944662255	0.38199554513836687	0.038442396169883444	0.1874431016971539	0.23080008835372454	1268.9523513087038
-8540.436595204399	2.087966678199384	0.2600559236234008	0.025567844060893175	0.001	0.23687294765126551	1519.0423518554653
-8043.567101452989	5.158064230544778	0.3897420323423582	0.04198704781668519	0.5191431600092387	0.23554916975246087	1241.723241762143
-7848.69658980583	6.576028108470005	0.4901923561670593	0.0806389081787316	1.926435788371837	0.18806157292036368	1007.3120279157774
-8324.877049366773	2.958348884728968	0.3325471474747363	0.03704013663709582	0.16386893103034866	0.26428460157161093	1368.1012179240724
-9793.66635303333	0.5853641271315653	0.03112062062571476	0.0028097560357988323	0.016135872783146776	0.22539565045250856	1895.6596959433787
-7667.772986095424	4.933362801011676	0.6266649707896689	0.21891345142576188	2.611521197618757	0.2335018783412535	802.9380495738927
-11088.402675805866	0.43546190973225557	0.014750148172425159	0.0012983430101370288	0.13253097255749252	0.48220258118297543	1906.9135166487004
-7982.286232182803	5.009287065069007	0.5146881204995933	0.06770133683927089	0.9494083466482817	0.24201916041393448	1089.219843330777
-7874.059864258877	4.634629079816699	0.43970679361901693	0.05878723674411805	1.547960325803952	0.22782759180276244	1157.2185788852173
-7864.0810605378265	8.564345588654882	0.39245810633117084	0.06097256974453839	2.3434877001856225	0.26760484729498696	1078.2882833019773
-8258.678792748356	3.1564726041959523	0.37816487583799857	0.035863554994805626	0.15444056416337767	0.24554096506533396	1351.0490832193461
-7698.342494735233	7.317360632457881	0.5007774709032397	0.10797715844564883	2.727990350674512	0.2237702715430282	913.2014502118219
-8053.837435422917	4.47039750695664	0.4118205692260519	0.045320846111312325	0.5922067594655198	0.2406198449156523	1235.5315030596175
-8172.147267966383	3.578425886251867	0.28104020953091374	0.02968762049645578	0.45983151660078686	0.23265260491700812	1404.0124706641386
-8184.692470925204	4.119931487541684	0.42183145104355985	0.04250979725646832	0.035792176077561265	0.23245470374209032	1259.974205021248
-9779.408805906447	0.6003396312999775	0.03546713373351908	0.0032213568086148824	0.09417865872176699	0.21892187360153656	1893.8586619085522
-8056.524826013406	6.960231607682488	0.39756035205869783	0.041994286099157	0.41499386801669286	0.2313647673744114	1205.8545954489414
-11193.673452772951	0.4673026715365239	0.01694524145463826	0.0014925475919741354	0.02643358800778097	0.4968301347374257	1904.902282629781
-8102.455570621084	4.815825647852058	0.39459500389715346	0.03955073295609333	0.22875867311533887	0.23427939907547787	1264.4242863335846
-9874.229579062758	0.5261253878147814	0.018294231004341893	0.0016660025283257711	0.38155707559594665	0.25776928148150213	1900.5745484560264
-10575.935211720878	0.475683496680538	0.01159546159940662	0.0010205061395058943	0.08142353442380451	0.4190755018794713	1899.107333013
-8607.133985735236	1.9291687048342936	0.24534965909621906	0.02284608594086361	0.029028245012175265	0.23802497896978284	1554.0882129851293
-8000.071042016685	3.763219730662412	0.5547077967405281	0.06349776282137128	1.9087976663842714	0.1871007983356989	1148.352056134503
-9920.634433516701	0.4533701187900806	0.011965775555436837	0.0010531232721016533	0.09557219621927307	0.23012594784923218	1901.6679193807772
-8194.114961643598	3.6706558267609832	0.3596028100168502	0.03558056482132189	0.09232260918139058	0.23455938991570696	1335.529842400555
-8047.009019372833	4.552699609132361	0.3805453503233686	0.04283702497166	0.6405118550933568	0.2195765213203805	1255.3846217221392
-8460.690407737091	5.215069926508039	0.333645585313436	0.033662395897292446	0.061157431688895945	0.363446427741361	1312.3316313256692
-8033.454749960472	6.352796582679353	0.3937042886109769	0.042172963040185925	0.538577347287628	0.23735691924723715	1215.362716658092
-8066.073874364716	5.478634913765042	0.4450192973090283	0.048614816429399924	0.46781305289885555	0.2091217697187142	1181.1480472605683
-9967.249769613518	0.43919413223613313	0.013858020603152768	0.0012198739447925463	0.18095183265385908	0.1935056863980078	1905.4186462804826
-8285.20304527813	3.1761581874441562	0.2214926620604956	0.0240444511908144	0.3496793265473814	0.24401600059929493	1483.684161506622
-8483.42815644556	2.30589790025254	0.22104769579317607	0.022947296982084735	0.001	0.22472487886724643	1535.748460853316
-8570.786772145011	2.0278837421556934	0.2220102935680616	0.022014619051348643	0.004804479037392979	0.23178728207507363	1561.1279401559623
-9275.832718323785	1.015358154397657	0.12091887098434588	0.011615879036822844	0.16355501433866187	0.2391726466246491	1776.4575338447132
-8130.130757934601	4.2041449599378184	0.35322623354367505	0.03574515305406013	0.23589044545895502	0.23900307651176433	1317.9897724503792
-7990.4378672063685	6.231662661369206	0.4103404085852541	0.04553591321669545	0.8182078146719999	0.2321393459568684	1192.0780414821702
-8062.394008838436	7.535866614681153	0.38109922061470763	0.04050521315679652	0.41330481231259936	0.23243602520732393	1212.4898238443045
-8135.368039241269	3.962812294544857	0.3948690732596308	0.03909589319127789	0.3236839919187083	0.22568664214470066	1293.429890684202
-8065.159878022151	6.643879453251913	0.3822158851163569	0.039732287060741146	0.3424766009379286	0.23661973984985854	1229.9651685153813
-9252.091418457776	1.239088663799023	0.17165655685764752	0.014735940693774822	0.07736074084406754	0.15222190612061165	1702.9397692967598
-8854.740988082529	1.4815916776248725	0.19301549247118585	0.01879124693387106	0.16209289316195008	0.2451227088078464	1644.6566607783802
-8029.110123298792	5.56440780154603	0.3959953372233117	0.043385916486655046	0.5687186769718089	0.23671401606297132	1222.0650212372736
-9949.816299784387	0.41224414453435154	0.01137607020951483	0.001	0.08241380341897221	0.22816626642658352	1905.4035978859517
-9219.079598171	1.1254009754953502	0.09805546199559062	0.010039143139895804	0.12193411713168335	0.20115189160429706	1781.0453237141041
-8442.996037079607	2.3166862525379117	0.26487054924676645	0.026687994812179056	0.18313180949648944	0.2208328949422884	1493.5372205956346
-8035.746482038287	6.010517095555479	0.39703018812189494	0.0429483636985299	0.5148343679236728	0.230703704858827	1215.4977036819325
-8109.919583065787	5.818456483816047	0.34634364555481434	0.0348663766415209	0.06446692514505072	0.22648221893781456	1288.1058364762741
-8451.69815713954	2.312650171061511	0.35920302645735913	0.041646183194158866	0.6892227983789794	0.2839271436801024	1383.120972682903
-7464.843596937132	5.709577601135254	0.3999547009224947	0.17014575817781946	4.835210967605449	0.23734684800409728	893.2707771075842
-8470.004537781315	2.2433670088089714	0.3439515734139324	0.036204696231011906	0.41372188500637364	0.26404496908337555	1419.0334249187767
-9977.594742396257	0.38386305667913867	0.011362168408787215	0.001	0.19537052544745917	0.21702893844344112	1909.0521077715994
-8113.701742781531	4.800315792557708	0.4006357237191122	0.03963025707643246	0.18491072686329404	0.22380134918814626	1262.7479354746674
-8299.447908301323	3.0726685190948504	0.3469506501450308	0.03603405386100678	0.001	0.22551987433115356	1363.009887893281
-8986.957509906599	1.301078449008248	0.22840296414829095	0.022299618729179405	0.5758708785104637	0.21938118093774828	1636.6452695337566
-7492.874965962058	4.887604160724816	0.4526627755775878	0.20366236206282914	4.071719489701112	0.24830152399468464	870.6192357422641
-7556.442488344656	6.3203526045600436	0.5334366932260746	0.2682499948138904	3.672068133291438	0.22633629359721538	740.8219484453938
-7455.125953638216	5.1773742618878345	0.37889412314641346	0.3138773343469537	5.268390185251491	0.23398836127323028	825.9553019844617
-7482.980021639639	4.766449887673376	0.43907861319887087	0.22871618199321983	4.245264280616102	0.2345592702097316	861.5826769024665
-9931.725047153339	0.4435273383600747	0.01148059693353431	0.0010103560029723676	0.38539441648498407	0.21852278866541625	1902.1621974568516
-8098.9951693015155	4.778645505217356	0.36432721453106154	0.03661286802402445	0.26752784885055136	0.22713574121338753	1293.032380906649
-8417.575059782072	2.4614745967035874	0.267469203712394	0.026346279292907508	0.0035767049457931656	0.23136810017806644	1484.867339683749
-8068.931168468671	6.147805528843084	0.3954680092880385	0.041796716877355956	0.39867897186975093	0.2094691715749671	1220.7280654049864
-8050.751950968422	5.372145243881005	0.41096994624592403	0.04418267710004563	0.4535332822861945	0.23406752954959684	1217.6230235485841
-8982.98533166353	1.3076494539166572	0.19149091253125716	0.01776204892528225	0.43749617234996857	0.2520045265154913	1671.786984556307
-10036.3928226868	0.3283262619263687	0.011393488500884792	0.001	0.12438531165120151	0.2144250633941416	1917.5797458547606
-8058.9597160695575	7.621571015732179	0.38737060577941645	0.040732577509892356	0.44800142249979824	0.23342480184523404	1208.4873956212493
-9575.528602975515	0.8188694401662333	0.05868060656072769	0.005255895059511864	0.11219514299240713	0.27717161612655433	1853.0053307134938
-8173.52788696552	3.9076128457423716	0.35987896893605625	0.03499270008236328	0.10451203521492108	0.22418521613175957	1330.7674358039956
-9993.76247118373	0.37133338996970827	0.011362563649437982	0.001	0.24609853195361972	0.25283846741054344	1910.7991596881589
-8927.805125316609	1.394798986504915	0.19185496416871872	0.018529748100825742	0.0038382369892110612	0.22571027936128057	1656.8282046727302
-9155.383315820329	1.159444273961755	0.10791249960316611	0.010278771295107085	0.031123024297108275	0.22970673369364114	1768.5627474156988
-8124.9547012731855	4.9104603850001585	0.3467619802660635	0.033591716476690965	0.08562397478926083	0.23237601915932138	1316.1640810775716
-9149.455019209612	1.1644096440895824	0.13345284145150493	0.012807249911616731	0.013752738471512342	0.20333509956796095	1743.0871404432503
-8339.04600849567	2.6208310155431365	0.2943673368231015	0.031103678408239552	0.29598217081417255	0.2388558731518113	1435.8315762392376
-8211.51220463155	3.5274402380115655	0.3300315527715851	0.03299504067448129	0.09195729696330307	0.22291538753308643	1366.7560065544658
-7836.06235823604	4.9485090801459775	0.5194319967986193	0.07636641332310452	1.6229050996371408	0.2342131210134031	1060.439057811013
-8138.988284642899	4.212805967488279	0.3509893427089398	0.03521244630127097	0.17164198860286162	0.2317006871705615	1321.8915620964824
-8462.340394399696	2.338238820587576	0.2860826373848018	0.029999385901981545	0.3090956118699925	0.19113826257150202	1464.5355344807524
-8943.845529514992	1.4422207277281303	0.2797673006873988	0.02666645122146856	0.3154001856293637	0.19528787619913407	1574.635346490063
-9758.349396426574	0.6541459375925975	0.06112614669667898	0.005513194656384779	0.027455167369593362	0.2712116645774403	1878.9070514236464
-8926.648991810789	1.5501435307022264	0.17729148753272322	0.01986844321935737	0.29939244933322123	0.3024978602089687	1640.4664840239293
-7775.509339763783	4.817452609888412	0.6247466980812085	0.29869130474562877	2.3828756520090226	0.24134504334743792	750.4283348692101
-7731.771732659754	8.050222784035086	0.4252730543555456	0.08524040618647176	3.0231264263567295	0.21640574737127496	982.3129840709511
-8091.716479630203	4.219076527057523	0.38448137096857404	0.04084548089284695	0.4656352881683077	0.24470591369411654	1276.7111099855558
-8231.639241038356	3.5469140430052373	0.3865769094641316	0.03845005692911277	0.001	0.2317388580650641	1315.088074166199
-7927.171163477099	5.080826718281817	0.525512039459466	0.06812229838198865	1.17871343392227	0.22411102634871874	1083.7581168321153
-7850.129889612555	9.941429044582307	0.47399307536285	0.09038693461037689	2.659686912028643	0.215835682322483	926.5405095295602
-8097.98524674047	4.4085507183951504	0.401932677888167	0.04167190854205602	0.3580884222659619	0.22792224500660918	1260.971956023158
-8332.633598271997	2.752386134815623	0.26125256931483165	0.026888902060623644	0.1932270657826118	0.2418363644954549	1466.965259680346
-8115.341797910458	5.20639513062774	0.34779839305546273	0.034798128621477235	0.08501689122322059	0.23892931775544737	1300.1765562914572
-8029.467306483999	4.8050531582222655	0.4198323606961543	0.04692018135069671	0.6557681478004875	0.24056914265890658	1214.347566240093
-8141.547099242374	3.958286299872916	0.36467405921965146	0.03684435205595518	0.2618574981164581	0.23157008120902603	1315.6914214485023
-8491.363125688107	2.2753288289941556	0.22267262211952443	0.02262238942729722	0.2638821639441395	0.2673977286281921	1539.5560286537495
-9977.657324508247	0.3986491444824106	0.01136256512691129	0.001	0.11877209031726235	0.20509262261506883	1907.1162937654221
-8706.268431028073	1.913598834826773	0.45365299790147023	0.0436926063885322	0.6755235783566683	0.18467907488867422	1383.9764186828422
-7835.798328373082	7.265430442149907	0.412854678999049	0.05891793201247442	2.0037551033289422	0.22261307869731078	1101.4955834594348
-8531.074744085756	2.2770269258704183	0.44063805160308545	0.0376175204794977	0.18060904204091074	0.22029136682688152	1379.2125363274004
-8228.970762021807	3.18864030494093	0.3566970757474438	0.036258528357462336	0.26736797743070123	0.24271710522891224	1353.3787675343733
-8304.96165822883	2.9080696955463803	0.2944313509251669	0.02935412758251361	0.09417859883064733	0.24447763725807142	1430.3511957953265
-10068.887768830653	0.3011344334704228	0.011362737909191444	0.001	0.10065220817383873	0.2186246957078783	1922.994567801616
-7949.223406425104	8.432495627009574	0.44801493889495697	0.05795355490502212	1.3434696669563966	0.23816577031854758	1079.7896650494008
-7905.654167779229	6.137249043222958	0.5077272149909852	0.076145119780785	1.3569389571267378	0.20881336409969886	1027.8436557443335
-9054.537960256095	1.2970227710699416	0.14691987578737786	0.014437564720173428	0.03557233851561729	0.277238111575032	1711.7461812896343
-8023.917702222765	4.1640287247233685	0.3959877869085292	0.04718512370421672	0.8818740710525028	0.22232409061393163	1239.9210143727814
-10122.953522407495	0.4999151713742492	0.018475873677268037	0.0016689170530150086	0.15115639888231555	0.3411306168486912	1903.3980909722259
-7853.957319728472	4.102487273389891	0.4878875518657485	0.07301456459600111	1.745017210183585	0.23906513349918554	1112.830424996533
-7651.5425207954195	3.7067777850698533	0.4911821443466515	0.10389727372878224	3.3596523680287347	0.24447751410184848	1057.7489107184713
-8805.294653046481	1.5747220360403629	0.18638781530228116	0.018419563720545193	0.002534383053793061	0.2251845905201939	1639.5176850131365
-8513.748314296521	2.3136529494795	0.21312639276628928	0.020368932117027796	0.24437509324139486	0.19464110463672368	1556.787561347834
-7807.399042921434	4.754372959727703	0.5711097686196236	0.098358434367193	1.79189487262143	0.22802676540189804	993.5173081203176
-7969.382101865634	7.657749776428023	0.4349435202601555	0.05291200062059129	1.074086208754909	0.2395877387974157	1119.8622719302032
-8395.958612883524	2.5826078458621096	0.3789029341150445	0.036043693030746386	0.14460920553282097	0.210762636248545	1382.6680980537412
-8105.590551731641	3.776167175068777	0.41309316196092355	0.0466776168891478	0.7437339560804611	0.1991395324714957	1253.5094709318182
-8076.456119299734	6.4762872055429845	0.3617686057012997	0.03723140010983479	0.2670406538163269	0.23605904506434564	1255.7249959530318
-7875.65884050661	7.4148008428521734	0.5149806051523826	0.07702409815646837	1.5829659392295437	0.23573804132750015	997.3636702269117
-8260.637814410693	2.996565274062294	0.3039004321649453	0.032176773876531145	0.284392537515041	0.22870623030227824	1404.5716044053427
-8406.255884328793	2.5131847258890825	0.24821772323774938	0.024732026355444317	0.05266285498108587	0.22787451013556945	1499.8578224776904
-8001.229710957775	4.503136570609649	0.4339588832256398	0.05092292032721298	0.8712310111494495	0.23452597415293683	1199.0206699247528
-9279.217570158973	1.0799091788125113	0.0948063099810143	0.009006911450254864	0.2841598474757828	0.18970045874642227	1791.0214436974509
-8086.790839631836	6.2134130354530805	0.35199685623219706	0.035922202058802	0.20008382761119234	0.23417506818337613	1272.1273277756136
-7712.304803734676	5.479917108680542	0.5060243001194895	0.10000638195093565	2.3556307021335163	0.261991341451234	978.533319377734
-8153.121393679217	17.12328299954589	0.2810522573757409	0.03143735327188649	1.208015282801808	0.27207710396603413	1265.6456070837153
-8148.221710674928	4.471291876672287	0.34868483542650697	0.03542194109176153	0.03268117853879233	0.238378885542827	1313.1675379483556
-8477.896193666877	2.246193629162682	0.22021783516431417	0.02177965929121423	0.2735309354568945	0.2296808727533727	1548.1746123075645
-9610.997928127776	0.7387766699854726	0.05635445400625381	0.005200037026621771	0.1633439445304702	0.2338990984087867	1866.9454646072843
-8038.795603398667	7.170718881323919	0.3820970259038477	0.042687058191494896	0.5774154980417104	0.24755696252890935	1201.8969932587204
-8210.529831600754	3.7112954480846034	0.29413885190640593	0.0336540747684922	0.1575180146857012	0.22146429443144977	1366.1638749295487
-9877.901779443022	0.5022017074924453	0.0188817376122044	0.0016643850909995313	0.22464191614858767	0.22689164765605596	1901.8736299704192
-8081.078440299102	7.379070495857975	0.3680535826698712	0.038125128045038315	0.2698402543613246	0.23385596537801318	1234.9920699717659
-8082.15975642203	6.248675170151782	0.36880822161056376	0.038009343924226516	0.22780206886454088	0.23862897890952917	1251.6977079937076
-9692.127263762533	0.6984021293552315	0.06747115450467821	0.00600713257056353	0.19060501194765536	0.1992519253516377	1867.2570117754615
-7776.063244721623	6.232029368292076	0.7191335818966527	0.13073695642593997	2.7212599657380894	0.26768863608261845	854.3082252540241
-8084.521139404437	6.160613437876387	0.3555699791534045	0.036892795752391246	0.212280322641319	0.23330302336098965	1264.6888429710586
-7888.239672889408	4.744430087585039	0.42768228935330516	0.05768402770319574	1.4769922256683583	0.2485330710001396	1161.109164841518
-9380.632887344116	0.9457871301930793	0.12688354832973414	0.01057462298234438	0.15223188458482412	0.22051694759195856	1783.7865366076278
-9383.547050369367	0.9457229363060795	0.08079272480269477	0.007960509536560403	0.12428714873593645	0.21147905839829756	1821.1205642088087
-8086.908063349297	4.509948922940068	0.3609828596544754	0.037175445471199046	0.4084327399210774	0.2298124327401475	1297.4667235449829
-9976.695834155014	0.37907001412135666	0.011364357434123952	0.001	0.07424354641767596	0.23010771509888867	1909.6883877656685
-7419.606905166187	4.8465023320294955	0.34138763509037306	0.1919405536086679	5.910307009133295	0.231659532112655	939.6488641693654
-7708.217430966503	6.647104713737945	0.5499020061916036	0.10975515853386214	2.400812945245923	0.2352596023184801	913.0923284309565
-9572.384668657547	0.7937781251931982	0.05280103078969786	0.005122869202381927	0.17458734825728678	0.2555998486606964	1862.6045719351018
-7583.982212756091	6.782839660056053	0.4084767852574303	0.10583298704302711	3.9056295090862374	0.23547015015141307	958.9022381497363
-9921.135319040386	0.4535327726211958	0.011703030842184343	0.001030016848071914	0.03707479180871564	0.2284683513323044	1901.3594845988648
-9346.148788194658	0.9609480114066407	0.09436580357515545	0.009191162540121794	0.08860191787099593	0.23917757795481331	1807.4442111623805
-7426.208286614778	4.8756023528503265	0.3023922295984142	0.13957987197652247	6.638134651836689	0.23258388538573635	1019.1205189523725
-8215.281685911894	3.326697146147179	0.3035632228625607	0.031736202157253424	0.24901440506488	0.23304433396137672	1391.9594058691723
-8743.487517208161	1.7994531412580466	0.18186320846214432	0.01936675221261769	0.10694111371859488	0.18642780824630847	1615.1951824993066
-8455.025728081568	2.4689784896121227	0.34408101067671004	0.03257543326275722	0.13582234251566275	0.28101161526135826	1420.3350122680492
-9651.607213338417	0.7159200385386473	0.05056632015884833	0.004790211090860172	0.0034861713356741948	0.21226103998060866	1874.246086235997
-9178.995597907628	1.1196242518629	0.15397745817373729	0.014544020175783719	0.001	0.21490924669168124	1731.4443091712187
-10000.01113804196	0.36543009700141527	0.011361729458018425	0.001	0.046300975111704105	0.25344432973304193	1911.645476135102
-9154.242891334692	1.1643836442834654	0.11092008576444219	0.010845385996301079	0.0033897921930338346	0.2502219110025464	1764.3232721368993
-8192.352161993447	3.5834125775177688	0.3428107609008132	0.034621518157884126	0.16823861586907868	0.24162061232098922	1350.0801400704886
-8731.038162723107	1.678167274969943	0.23239862298682118	0.022202306111873953	0.06433277743249372	0.23024795367852233	1586.9152171267042
-9964.109160787157	0.3960942712269654	0.011362573639435377	0.001	0.11513027259049724	0.2225835158615131	1907.439490208319
-7589.281269270182	5.863313397590111	0.5400675649869086	0.12984080618338784	3.275093370797911	0.22670282475048362	900.8072767183261
-7734.946435923609	5.221585326005243	0.6313303771265146	0.16943342939384662	2.173157099952445	0.24318868967760754	838.582800194699
-7794.773706243551	4.092536808377496	0.5130919742524763	0.08000301877585193	2.0882861740472967	0.23643578224656675	1086.4581970705565
-9924.434101695744	0.4466314706622941	0.013425413980805085	0.0011815731267625802	0.12042183926120092	0.2352084629504553	1904.0135709213553
-9951.20821441404	0.4137421796045384	0.011361282564644182	0.001	0.06391550497170696	0.22091031261247887	1905.2810032217012
-9130.569687983572	1.2111026570467747	0.12914996625714825	0.011931343682240601	0.13785358116381025	0.27422609416687327	1742.5997977579843
-8773.013678118718	1.5878517076604317	0.2042340989484632	0.020118870077162274	0.2517233383324565	0.22786308059047866	1620.690517200002
-8097.237796581111	4.603204366745537	0.3933094544199467	0.04085017935362298	0.30642395683440254	0.2282427251527486	1262.2674740968778
-8317.740006820932	2.821383700803298	0.39413551391899204	0.03628726344983756	0.24398845909466282	0.2451790341682504	1362.1326558473918
-9126.336193672492	1.162616864730093	0.15790483682884715	0.014712445328833708	0.05056829125097518	0.2266801014400408	1722.009135213457
-8313.56377340292	2.9545036990092495	0.31599528647423836	0.029962469549598504	0.004817327886207065	0.2524375602674688	1416.7707868791472
-8798.903002629631	1.7173463664241457	0.35624571691314505	0.034681755612112286	0.0840372010641152	0.23978508009709737	1474.9412443306385
-8325.558327006687	3.090200933987583	0.22351196019108552	0.02316207595862809	0.02753908497207611	0.24470994525412612	1492.8872039759958
-8031.633994081162	7.931792511015274	0.39493954529144826	0.048014878441839735	0.7650335923116224	0.21634539546783257	1153.6231599321393
-9172.873251479254	1.3210265848487759	0.2167864036414895	0.01961288858084648	0.008768540413179371	0.32459619828208697	1649.0815825379452
-8239.533037565394	3.4166860457318626	0.2926284605504679	0.02964690346300717	0.012812944232042232	0.236014992191896	1405.9311243980708
-8055.090395300759	5.683439767974441	0.3557353636696003	0.03763491170226311	0.4536722972679391	0.22189788422912401	1268.2652993656736
-9986.811021372003	0.3833590129191332	0.01130082197680691	0.001	0.07518714826055824	0.2562799685984537	1909.362344984541
-8025.7043432077235	5.267249581275669	0.37304578475361994	0.04046578659927196	0.6378666756928019	0.23424238578952244	1253.4759475966127
-8071.502920421378	6.371341612414529	0.44855303501577753	0.04856387173868092	0.3674965699604339	0.2422793690057139	1161.9022303661538
-7914.256097331065	5.9545444599652955	0.42257288093956274	0.059986608200510286	1.3009124940667942	0.2495406772921712	1117.1763832641789
-8158.57156125215	4.288790109397941	0.4153636020448567	0.039800263227129144	0.07656736985934964	0.23910217344009346	1272.603217395334
-8073.4209357976015	5.477957689977842	0.3844730072131376	0.04015896545509057	0.3076129312562291	0.2322821281388684	1247.3120811086374
-9912.963884196115	0.5070117673946101	0.023475243687749368	0.0020959287904908056	0.09608989963824367	0.27427551354403995	1904.5780659336228
-8380.609824582394	2.4539735977043984	0.3480822666869935	0.03382169206970668	0.3505855067169271	0.24061291892854447	1413.4535871520777
-9986.203051521796	0.3721052934885891	0.011216019950120368	0.001	0.05300112644653559	0.24197546650662202	1911.2734427511914
-8167.956194140301	3.7417357518440078	0.32656782937611023	0.03388354563650009	0.22896241033074888	0.23370893371470322	1353.7952478704854
-9935.924874422777	0.43881008894073326	0.014051836925016286	0.0012369302928823135	0.09876720812419268	0.24714804569444376	1905.6793727021723
-8155.76837807066	3.5693917840991993	0.2909794475213587	0.0312195885297915	0.5933940734504884	0.24907654669831591	1390.3455432078267
-8054.597475161878	5.119741875586211	0.3877769408081484	0.042211040529527524	0.4599955542892616	0.23661326359548404	1241.5370560510573
-8063.706206602172	5.893920120366174	0.37461387300272425	0.03953661327034926	0.3509968202367305	0.22835645900882104	1245.7697773328853
-8523.672861977915	2.2183681604555834	0.21759082395415322	0.02249356869751544	0.001	0.20917353390310742	1546.103622699979
-8094.399311483428	4.585167963348854	0.4774709118862963	0.05016068490236469	0.41045705837947355	0.23723142077314324	1190.0942326336258
-7823.100186294043	5.385179587493567	0.5309455118454103	0.08837976216835881	1.6614496098140354	0.22735642693784477	1005.2783945612254
-8102.209294382396	4.306348643814196	0.7007622885505593	0.07541571253360936	0.9443806596351917	0.2617957462199966	1052.2943985018294
-8092.894490342496	5.477770004785436	0.37188104126224025	0.03784674418812523	0.1900042825879549	0.22950544149070276	1266.232452720034
-8480.056869266928	2.207895741589597	0.2526329873521958	0.027431136450155314	0.24256254244971978	0.2386574640447115	1502.063835007024
-10030.215785698156	0.3333815543018131	0.011361639907230584	0.001	0.10377405810531	0.21464022786385997	1916.8063426403996
-9392.0505429866	0.9283681753839924	0.12710022336791096	0.01141356830270302	0.007302819735003689	0.2470867943345341	1786.4815851368758
-8058.755280853762	5.300717475579906	0.39798866024526613	0.04294599938287399	0.4137982532109625	0.231325005746729	1229.9696292125932
-8379.146168072746	2.574145031145619	0.2730582267617081	0.027435620834376864	0.07794699071447077	0.2354185195985323	1468.930345070876
-9875.694354833184	0.5080063079389205	0.018212412569758675	0.0016234588850170288	0.05799697941905032	0.2422385498592726	1901.4067756346453
-8030.808522944208	5.259765681140655	0.40531391584639814	0.044525782362919736	0.577476226183263	0.23304081598055376	1219.7730168697121
-7900.583467697614	4.258972628354581	0.5134741711036732	0.07123314794079115	1.4532125586800921	0.2370544706775719	1105.4227926893575
-8328.101505899685	2.7472891853255015	0.35968930951545947	0.03487579957379514	0.17604143058611163	0.22973167633541616	1384.4891863773773
-7539.845730408407	4.37287494381398	0.484953841086643	0.15466890883890427	3.613397398948093	0.2309254264124946	938.1392782850363
-9856.918112802594	0.5368835396686966	0.032901802816022785	0.002914648039869729	0.0915645027920241	0.25010477735939485	1902.5792963696886
-9923.918261441806	0.44825414085979126	0.014510877962630092	0.0012770449179509082	0.10278853220537182	0.23817944427402593	1904.9810193266346
-7989.2135928359685	5.325165074396411	0.42072080810880397	0.04857590220053579	0.8156193552741304	0.23417259905193072	1190.8963741672908
-8371.575837629376	2.5853954650191366	0.3678256703908263	0.034866113147046046	0.2204081773352002	0.21841842652812424	1392.3582507868368
-8133.075645764906	4.766165518509291	0.3517248358418462	0.03522891817480433	0.04310309203102254	0.23057936657912317	1306.0244678997574
-7891.923683865406	5.0018799547102075	0.5213526978923956	0.07211619837297516	1.34111114385335	0.23170422965186616	1072.3799461812853
-9999.63491789371	0.362751029684526	0.011362343701034212	0.001	0.08269372897348971	0.21384652305790267	1912.044888051051
-8029.113484183084	5.365607856688218	0.4506919592943395	0.04860563841614552	0.5982497917366344	0.2381735930597307	1182.9402419924293
-10221.927919040687	0.4455198677257196	0.013370688584044407	0.0011767586330561177	0.0640215307112892	0.3533486425234491	1904.078547881452
-8789.374371595339	1.6178369629408778	0.17609686698029903	0.01687714374661103	0.001	0.24414956106332023	1648.6978911162676
-7810.296731836544	5.116417163559638	0.5573429986211007	0.09145256769851905	1.7235304936414786	0.23401156167046916	1000.6389473960548
-9902.758625510049	0.47723814935113645	0.01772033470148362	0.0015595206854757274	0.11235812354980126	0.2195136849607067	1904.1817576339838
-8726.17772298205	1.7292536230910254	0.30039109670455166	0.029370060126544723	0.12395381926218231	0.23082792931961355	1517.8043401663294
-8050.241781948001	4.462763917338229	0.3920659609940966	0.047773052268769135	0.6958278937910661	0.21680408333172865	1227.0400003465816
-8044.368714206364	4.737800033841812	0.4010609213004152	0.04438393452420909	0.5768460031793896	0.23423152970120267	1235.4183927587158
-8048.172162189172	5.441803012117264	0.3933728605644669	0.042763666970285635	0.462495163195162	0.23298646108240445	1229.1053606602213
-8007.509768671163	4.9565741356282755	0.4175172783537401	0.04905210130281849	0.7548089410717729	0.2352123068824437	1198.6981943784838
-8205.877909411403	3.2789343284100974	0.3452940873371914	0.03514588015269785	0.31350661928767837	0.2326786501234537	1359.2960049878632
-7633.589883503246	6.14840952061048	0.5731055011336202	0.17149530261552196	2.7352678828128583	0.2375321423711347	817.3438457908784
-7764.707067665681	9.933525553902227	0.3833472710475966	0.08337105567189798	3.89176315861214	0.22848861793570727	977.9746721256386
-8275.670771116474	3.1475482722011963	0.32646662722011394	0.031204038934949503	0.003973376539342748	0.24525043617285197	1395.9780527238136
-10041.777335791707	0.5195918584647644	0.046976750036029	0.0040445674560348945	0.2643103164292152	0.3096601995583323	1906.6283419006522
-8187.337245112845	3.5843766099256213	0.310247572985711	0.03183829050135734	0.22723333773360524	0.23513186095333047	1378.6881178273118
-8105.343756303724	4.7269519205833	0.4092842125103824	0.04130960718832203	0.24283949076891231	0.23896635985977271	1251.9095455857932
-8145.605582986621	3.80056383015211	0.4266459813024422	0.04662350990168866	0.4110084177675167	0.2477650342015019	1248.9622362593852
-7702.779065649136	6.455594494289737	0.544200645747324	0.09615671721227674	2.574232790522744	0.22949053903796104	954.9966793870428
-8079.731551281655	5.3323378988287615	0.41769902745569276	0.042569984667495016	0.3087627038742642	0.2420845501253608	1226.8834690740243
-9866.531540824193	0.5181632919915183	0.024350013356106984	0.002175742139595525	0.06956264999320182	0.24562576441735443	1903.3651596800726
-9657.660575298283	2.3855684875598717	0.2827625749729114	0.031358462766097696	0.33936029280818203	0.49314033457311	1454.6375396351589
-8187.709093965282	3.8656564439989296	0.423557730301826	0.044191483071991174	0.1873652556796776	0.21361690780021664	1259.724910338754
-8409.393993013495	2.434363504329026	0.310919726945124	0.02983237649345953	0.1290547715760419	0.23852338138193205	1449.6204007021618
-8132.97944841692	4.863515093615957	0.3576513495401905	0.03546515346393812	0.022888848429211198	0.230253562233347	1300.3298289429854
-8836.961921707136	1.9755276428077897	0.5499676599033981	0.040107492672729755	0.002030361816676894	0.2486362047501908	1365.1862902956884
-7679.541674788515	5.448776204541347	0.5998404808832544	0.1613303085324111	2.4033828971258506	0.22816659618948965	847.6357398537327
-8530.448966684287	2.069796566560797	0.24623451776883704	0.024560208089360568	0.211364605113703	0.22049034330462539	1532.3157435091632
-7541.417987095576	4.742530751459316	0.48923473472756324	0.13967169067615226	3.5104094803386814	0.2346780905209833	939.4950615685394
-8017.913010479532	5.738246794163082	0.42026317745188657	0.046564154035456815	0.6245944196310463	0.23194908684686136	1193.1265195411156
-7886.729969759735	5.954835903709847	0.4828257140737853	0.06510554376404652	1.3614313126384374	0.22478457571329236	1081.4100199255251
-9273.708268327404	3.797102617564775	0.3543546387895017	0.035281863794346856	0.1962723313947946	0.47708622979267246	1334.4087917329234
-7649.150326589111	4.932456049461384	0.5215673456227	0.11673000013243148	2.6190814414237304	0.23402421609656754	958.8966486743888
-10200.097092945955	0.24211959769754346	0.011361800891000598	0.001	0.06475875240638009	0.1975357903270826	1938.1321139211911
-7843.930868142328	7.285627417309915	0.4987659870735057	0.0751738677309159	1.7567712065517922	0.23202869485026678	1010.6122398900009
-8049.198951662289	5.744514476006152	0.3835730747658112	0.04121716999290332	0.44038245251054803	0.23444449470832987	1235.1484178232981
-10029.755047939543	0.44987805528522545	0.014590194415033552	0.0012842838209403474	0.03917688958757699	0.30311743331619956	1904.8670824867197
-7859.667289533772	6.55709501567402	0.6170421177780373	0.10305946769104411	1.5681955035179187	0.22424288926530425	916.0381611534872
-8235.140853418832	3.5747505364786	0.26691127740928544	0.027072981748174747	0.018989901630667782	0.22525077266876978	1427.9032120104102
-7464.525594852938	5.217696364974006	0.4183923589457648	0.17423936722994138	4.51796142219775	0.2389236295066772	899.4228934509273
-11123.828294492549	0.3971283923872438	0.01136176277195505	0.001	0.10717424177044257	0.4831096504107815	1907.3105917406076
-7983.686645779291	9.188316679146826	0.43122648132442903	0.05497998339501957	1.2524392389791803	0.23060157827006975	1090.6072639513338
-8683.8927052229	1.7743210281246273	0.2497962271157345	0.024498927949007675	0.06753010156928649	0.21894835916720792	1557.5151910637128
-9933.419699924925	0.43586936871130183	0.01149891926502884	0.0010120882237297454	0.1153934872105123	0.22610497497821588	1902.978446166982
-8632.32650033351	1.8203384531367264	0.20764347488931398	0.02153168253226926	0.40693604012116946	0.23084291777982424	1588.563900904845
-7532.639877606801	5.814224030526606	0.5163976939925159	0.2433758545870367	3.678244368135622	0.23394117863270797	779.3071408593203
-7654.686696217544	5.449580825406006	0.44637644146250655	0.1154766520612649	2.7467203727323555	0.23876023053215253	958.6948754358973
-7519.125009606016	5.00508960520004	0.4870060562253284	0.2601684763237922	3.8226157502264955	0.23135132326254776	810.2302853078041
-7458.224695157589	4.667861026189402	0.4088181936566721	0.25417367036397576	4.869729743979106	0.23138543922486016	866.5282235306624
-7420.218494664672	4.6409184837712	0.32254522168291705	0.25874063548636583	6.247314316797407	0.22903606005832414	917.6406542902665
-8022.176314724536	4.700632438998989	0.42920968354209005	0.04961010947093253	0.7155354101314183	0.23416917308712507	1200.4652671517777
-8110.0623601934185	3.5819045406580807	0.3579887934670876	0.039310375831786905	0.6742465588548143	0.23243185173900935	1317.5659537866854
-10028.432092442272	0.33013493076220635	0.011361524687802799	0.001	0.06844189353865139	0.23965110257270278	1917.3772561048493
-8120.655075529794	4.125840585211812	0.3751987127026761	0.03881904218797991	0.31376251398304805	0.23642958711028747	1294.562020276914
-9176.170692607055	1.1215462038544406	0.1675414424159163	0.015229417257603222	0.32460710651017227	0.2589164165400029	1720.9691027250037
-7990.231240846169	4.881450004730883	0.44630976281903617	0.051072532746979	0.8596559136841048	0.23399436398408277	1183.5060013691555
-7967.13708313689	6.769840283374458	0.43620478806298457	0.05111117946820332	0.9793410961448816	0.23588575704980014	1143.5279069165779
-9929.564170874623	0.4457155984708588	0.012850939628633883	0.0011311025290825566	0.16043671962111472	0.24583152098735309	1903.490217746822
-8121.754084288912	4.895271429473788	0.3552937688640989	0.036404089322865846	0.09148450188528914	0.23472408570023975	1293.5109359886123
-8095.825309627424	6.560857638317915	0.367509196529184	0.037344392975149125	0.13540054722720649	0.23333140595858565	1251.8926253070022
-9393.973905009176	0.922977321090595	0.08633124223877464	0.008544477850687605	0.0012772594576632257	0.2327493840210442	1819.9304698021679
-8085.614557628145	5.894986557420066	0.35950923528392725	0.03703038107764596	0.21064285742730748	0.2329643750127108	1267.2651047694073
-8183.330436921697	3.6152137809291647	0.3518158490766728	0.034462177009786266	0.20545698423529687	0.23051258650452872	1347.3988291168762
-8066.9703677392345	6.698682194130686	0.3710625914228884	0.039263911439353615	0.33369155553847674	0.22952706052320154	1235.0901061979987
-8930.272625520663	1.4048511493580913	0.1784016394570425	0.016286063286727177	0.002756577179124657	0.21581480546945653	1672.6024173420203
-8401.843897928444	3.4112462002779864	0.3315900594440401	0.031995106621707056	0.001	0.32209741851338775	1377.6433079252984
-7786.153719335543	6.580676907920969	0.5779745879506091	0.10581030011088234	1.9248810649694954	0.22374140507857135	916.6933621047826
-8029.855444050846	7.690672045300684	0.366067448069296	0.04226091695293076	0.6790025240761464	0.2264267362530715	1201.9834270756821
-8006.972344886127	5.279367764613152	0.3934228914562001	0.04341866472317549	0.7375855478230907	0.23267621087086696	1229.1663255891135
-8232.433293059388	4.185187438237117	0.49505950479733546	0.04076311004486394	0.001	0.23114830514656817	1251.993622406866
-7946.013106653343	7.1414952556420115	0.47233155723332637	0.0601408043063431	1.1363236772929273	0.23424770403472905	1081.8793386329999
-8042.539990827449	6.010229217530039	0.3962367169675518	0.043069152686300474	0.4764556433902157	0.23836813363552553	1214.767860492043
-7749.379882171095	6.458685330005499	0.5440185713857032	0.10684927561020366	2.1029862200592606	0.23544888374299322	924.0762562760005
-8020.149117552899	5.032273353986684	0.46309817127183417	0.056695587063103556	0.7786550329343991	0.25816845801456484	1146.9803784811954
-8117.791601044015	5.57026296641252	0.3681515121465934	0.036571568767374524	0.026158778331039436	0.2382762165767267	1274.2361936887012
-8180.591825204758	3.9112861510403487	0.36419521076067357	0.035570780507231815	0.044171521472428275	0.23147745929402994	1325.4636604759023
-8018.996960112709	6.444699589461602	0.4690185454156019	0.050988132643908106	0.6712271557288692	0.24082214187188725	1142.7290703797175
-10527.979758387659	0.4420600625820421	0.013397334088840024	0.0011791829931237022	0.05633198220524068	0.40868618436427717	1904.5230835673444
-7684.060963408297	5.0997278608316385	0.5464505569588793	0.12249764395066193	2.376077913661818	0.23237855413595665	934.201593139385
-8040.319331514845	5.115500957203704	0.4058141222004649	0.044717228797785474	0.5393788978017924	0.23314421716997033	1221.9677322273917
-8520.585076082758	2.007386395497881	0.3498065808543402	0.03529066541257004	0.8066662507093347	0.2658354062795502	1443.3499395187603
-7810.0157197510935	7.368552256932523	0.5555864781433381	0.11648684045517654	2.0276073485344166	0.21264919997519283	877.2412600305169
-8114.351413716741	6.349053245055603	0.345754757645407	0.0346453880194734	0.0080914434140381	0.23283255581444334	1281.2223532621988
-10891.072939634269	0.696896036367297	0.04707695033881365	0.004367232149867236	0.16225024705278954	0.49050847439189177	1877.6447847574234
-9580.464737662423	0.7659023812630863	0.07269374114175593	0.00657756740031973	0.07548466185941147	0.21944658941535683	1853.0328001233918
-8254.049122963865	2.735384637408797	0.31001388020131826	0.032715083975347475	0.7103899144215848	0.2381679721911276	1414.4621927793523
-7812.659152866891	5.025111223261208	0.46548961345257467	0.06987783807248155	1.793182175917439	0.24457535833801036	1093.3680227698771
-7546.574342963277	4.974242859304208	0.5197294695613766	0.20622042374228472	3.4263485804204015	0.24619791940844957	841.3865136320562
-8391.981750606767	2.568935092216859	0.2500367194017599	0.025715457668405925	0.09047196803172501	0.21947589072639698	1489.26300198414
-8156.4535147139495	4.055025481452486	0.3536279574117129	0.034109508402316545	0.1452276163039081	0.2363017032622326	1333.7712354770438
-9093.418019271909	1.4115614452671676	0.22289234048351753	0.025507100054480033	0.4761591759794288	0.3223649994090875	1611.2025064088261
-10016.053957806058	0.33983282062660497	0.011365782669749849	0.001	0.17577541462570126	0.22816514448636346	1915.686920298879
-8090.539736898585	3.3870647211295766	0.4208616100108789	0.04803051849184578	0.9212715283029047	0.2313366796038687	1263.0964969767356
-8624.555621544067	1.8445658758930497	0.25986469591837447	0.024938279412510006	0.3496093389915753	0.2538865251208819	1544.3015440823506
-8097.775755301553	4.702887185637546	0.42452517986895305	0.04453875346239138	0.3045669065474756	0.23452804617827935	1229.359261375799
-8148.91927690146	4.69821749561803	0.3189236924034186	0.03279686571234684	0.013217711387520937	0.21976172538662794	1334.6094678945185
-7643.619239175321	5.337059889474733	0.5951705871734783	0.19691734969141797	2.701013424151177	0.2547433932506341	812.8808633459057
-7762.856032840888	5.530303566762643	0.42399064593622265	0.06865663417064628	2.1715617607211346	0.22265284106051034	1093.6108502708992
-7947.012161505064	4.265827735150089	0.41107711194877294	0.053887256901910305	1.2537807451801948	0.23797661123453978	1199.2778815492873
-8657.627542646193	1.8346131354586213	0.29925138814824387	0.029331708596599698	0.13713078636658657	0.23184208192399022	1506.9546195733424
-8090.326687379293	4.561194840301426	0.3211130017198086	0.03766830814228391	0.53433110046045	0.2124528300765969	1303.747552152736
-8402.252172297016	2.84220291142565	0.2803556994170583	0.024236525989729817	0.22520111518587593	0.28060128705912085	1474.7789597520145
-8506.262443092495	2.348582254271039	0.28522237341814755	0.027442726183524915	0.001	0.2842876716161538	1478.8405195909213
-8113.415957800364	4.550374238757538	0.4137875072563754	0.04163968252036621	0.2937066938741388	0.21369238027839577	1253.9137091089294
-8718.99919919445	1.7261770397271845	0.3021371178996461	0.028868495845925934	0.22849564174161532	0.2514108692277596	1519.840187106539
-8093.513400407788	5.387633042031461	0.3982369051743396	0.03968801877128792	0.20693972739050143	0.22838896161971686	1249.0225208816507
-8830.496783094919	1.5618597604319102	0.1872815159011425	0.018026057807823435	0.001	0.2618098057783121	1642.3706692517762
-8206.472067963223	3.567945820606684	0.3516439061635288	0.03462810950637077	0.0825934914318822	0.22829437441652323	1347.986113617715
-8258.240449869998	3.2633495050127137	0.30969457736938477	0.03194821038547062	0.008692590113835467	0.23404646146468128	1390.9400865548835
-8097.034949838064	5.64001083049765	0.3909300376886428	0.03723688708403834	0.20023052512794945	0.23687999917664723	1262.993052729436
-7628.838286901867	7.037877764123905	0.48314853484604753	0.12597813293056886	3.200034339789135	0.2439465434633429	886.3878213327449
-8107.632926222738	6.03295997935088	0.3563510466685207	0.035547875129707675	0.06042715101350343	0.23514202042555538	1276.6165160323726
-7882.129439440037	6.164528899521427	0.4904602063961645	0.07043344644714555	1.3860977760770992	0.23320903942232013	1052.6862442351216
-9869.607049675575	0.5158463936133666	0.018310694889952135	0.0016602982436125808	0.1983993910253315	0.24241331011254477	1901.5362090317751
-8002.279264185018	4.932193559380315	0.37345333001575387	0.051945625092429414	0.9625623315747412	0.2357201665102377	1195.0285442703992
-7643.403481069652	7.344206784212371	0.5444174894446199	0.15674754831701637	3.07771964702604	0.2351056516737043	813.447430692132
-7520.767620391928	5.829781822816617	0.4917340889854035	0.23036044857355037	3.8029384584826125	0.23984780904322597	795.5716139281894
-8129.502564249285	5.628099135717243	0.4311472566726355	0.05161927594966623	0.31107065829054237	0.26195296592475936	1163.2198388028776
-10983.950019576012	0.536745399311692	0.026164944398029202	0.0023780007067349617	0.13408667467018595	0.48061054284896615	1902.3628224627314
-8043.210674950033	5.674287773000706	0.39790187155811485	0.04389505821092823	0.4808361945979716	0.23318029901048964	1215.7678221510653
-8173.886576809566	3.62527046388772	0.4776468808117509	0.05039746021804305	0.446791841853943	0.21597554244908787	1225.7751263151738
-7767.31444123095	7.31031499928271	0.6114419540583951	0.1375575721826948	2.1602686170226364	0.2304017835953173	827.4759828302277
-9928.191619518106	0.44307721797115146	0.012026185863999414	0.001058435304107767	0.13491518648791778	0.23769854920340772	1902.8322366197813
-9507.658043804306	0.8215607819271927	0.07768730230351432	0.007270498809369201	0.0952621159029844	0.2388913804473236	1841.5752377988688
-8214.428480558463	3.5480530924837796	0.354256217472868	0.03504651759482738	0.05418606544240551	0.24126557329017712	1345.264615684271
-8056.389713459771	5.325601321883723	0.36106430674323986	0.03941353198990623	0.4863152070036008	0.25093373835286525	1261.8538182126151
-8090.311029613278	5.361449180132604	0.36228648662856533	0.03720268999903364	0.22028442581711816	0.2378011415643595	1275.7197351389752
-7979.718318823294	5.649294944771441	0.43718481970046963	0.05343218747885889	0.8588478242241306	0.235564718227615	1152.7892108318217
-8063.481451866945	3.6416427330730334	0.41438398276746224	0.06515885479504088	1.163722714302828	0.22537885475153144	1179.829424718579
-8209.958174175592	3.4604800440509664	0.2938357466782347	0.03152415224043924	0.2138342017606932	0.2389179768961762	1390.8559422929932
-9976.434057639688	0.4587391554880188	0.01352321168119031	0.0011901158904035352	0.166472551099598	0.18325907624864793	1902.7225775272912
-7702.869351054416	7.896188995794375	0.5055904145669807	0.10753807331240653	3.014914407193692	0.22384833093352313	904.0218910916391
-9953.606895870898	0.4287838609899391	0.015012887707567467	0.0013208645363435325	0.14746838822487948	0.25596657550871865	1908.1051699724478
-8720.091705792414	1.6955738651933747	0.22295794778575304	0.021444778252172607	0.0699054217819108	0.23323893473822857	1593.430359533481
-9491.00035496088	0.8688222022842531	0.058448881410468834	0.006010192377747288	0.29651600797313415	0.2469408984393977	1850.28092084741
-8093.893707221838	4.461642482671747	0.5982262173521697	0.06817915127929666	0.6727098049495608	0.22142335334210478	1089.8318542607396
-8132.584956424494	4.9039477723068625	0.329516588005792	0.0334356176136147	0.03082611655124127	0.23453384942862862	1321.9414672169858
-8063.706130315726	6.239255281343173	0.3690357932311251	0.0388096845367818	0.3464245907849835	0.2299750533101925	1246.2028713762877
-7601.645757798773	3.9994770812242355	0.3849256920742931	0.08885873261460872	3.7185113289965215	0.22436659714704435	1106.7639212226056
-7982.336806223425	6.188537296112667	0.4783121125957806	0.05805755353931372	0.8568275185639622	0.23299733386311414	1108.3722917342545
-8162.865231037503	4.282356010377377	0.37255083268543143	0.037130386703066356	0.04481776003073781	0.25064176312526754	1300.7198591060478
-8703.145736770064	1.743775441575365	0.2431911144602548	0.022057212478025185	0.0078122298846965725	0.2302234826189894	1576.1750976031583
-8079.0378003127025	4.557656359092147	0.3765088573433314	0.03998696225066829	0.4220160292277286	0.2310838786375927	1273.515332293904
-8162.716862104795	3.600523652618649	0.297526753123571	0.03240814922695231	0.43466192821244826	0.22869761769074162	1378.4554022835455
-9509.825985614532	0.8227251799662657	0.08715917911708265	0.008120586528105088	0.3714528886551368	0.21285164504061915	1835.0772158104685
-8128.521034165967	4.818701207733212	0.35262898097732315	0.035392907824954474	0.0599984616829858	0.23486247885995834	1303.3286904975757
-9206.230569291938	1.104358903914814	0.10525480975511062	0.010267565752969847	0.02924532726011512	0.2190268457580425	1777.5044307914086
-7575.370825849038	5.496617996516536	0.5505370864294512	0.2599323360671337	3.235322999958776	0.23472140959679477	767.5311439617071
-7582.844676863967	4.233027100028958	0.5149252925245288	0.1927913753074443	3.324804309847517	0.23230716218899944	892.9221913279945
-7450.782251632687	5.1226946500171735	0.3716097140900289	0.3107130315898513	5.3707430437859065	0.23382882188613882	834.2257187104432
