# /groups/rgutenk/lnt/software/anaconda3/envs/donni/bin/dadi-cli InferDM --fs input_fs/fs_027 --model split_mig --grids 178 196 214 --lbounds 1e-3 1e-3 1e-3 1e-3 0 --ubounds 1.1e2 1.1e2 3 12 0.5 --output inference/fs_027 --cpus 10 --force-convergence --delta-ll .001
# Log(likelihood)	nu1	nu2	T	m	misid	theta
-20448.86577994313	1.7171973337388833	2.7736285662906113	0.017428118595204965	0.021084965216635446	0.08263026741630325	7331.613924003084
-19370.46426472997	3.340650644635452	3.769721617205413	0.02475525193754163	0.0807918689512046	0.07971435792887571	6538.564632061981
-20688.22750166826	2.009265263298081	2.2420148842469603	0.019589478710077476	0.1908178406253481	0.08723146541256191	7194.915014555336
-23300.121636194748	0.922387053893124	1.29651756889317	0.008902676470979528	0.17497955540910262	0.07515924825865662	8404.715201488689
-21621.817882698328	1.5273187370160397	1.7097942412695182	0.012528687114719933	0.17473683897745967	0.08557961283837524	7886.368974863348
-24942.888011835275	0.6097183700710305	1.1766359976616514	0.00638546433531093	0.001	0.049422223554223446	8733.32922563869
-19423.54719376242	2.7631645118703743	4.758186317588966	0.025380377852480575	0.09699578562828925	0.07816928272117586	6465.6342776990405
-25528.497299437564	0.6132594672299192	0.8012488868777504	0.005425421966607821	0.18946349471893603	0.09887697511048485	8894.752264345567
-19805.034752233583	2.5028782224806454	3.2601860925251165	0.02125343187504402	0.18534142388405359	0.0687906133393217	6859.685593371507
-33260.07316833215	1.118476408558	1.7878221424760248	0.011178939929202629	0.27041186395944594	0.35747457594603277	8070.440742166032
-19843.927779804042	2.5177120444692314	2.9847006802168083	0.021871339658071844	0.9224028392910163	0.07868710788619604	6805.802247537548
-26758.35642401013	0.5418474561848874	0.5453021412260777	0.0038016838647927506	0.08673703967356516	0.1008713224712895	9096.977822117253
-19589.671379772793	3.398244858176877	4.224523018596273	0.026170092191127075	0.4169416405804199	0.07911867601403594	6316.773113501097
-21853.836963186557	1.0553298290156838	2.2852370552715735	0.012127197702239072	0.5954001553448421	0.0788365153333265	7927.285447827381
-19364.024485856935	3.5383169075947243	3.8470128935673795	0.025989260401460153	0.00676486116357726	0.0796975564500575	6439.429112674391
-19256.24548957948	3.346196005337221	4.560526541167459	0.026721449075227433	0.07484526600328667	0.07960806613523269	6359.075128328406
-23577.900853285875	0.8666273659896315	1.2882569390748886	0.008421117781669188	0.05785929802843363	0.09751423004316263	8459.51360034721
-20937.811903838596	2.137269084105596	1.9594713683491451	0.017265781916831292	0.5547310024668658	0.10027726269585094	7341.750754327051
-23861.231799977446	1.5672773946930534	0.9295864776492084	0.009119436941696372	0.3783502420897435	0.05562299727189967	8318.590287005312
-19403.45826392175	2.817406877200275	4.1639071836260895	0.02391134841184453	0.07162253554399906	0.07994380962183945	6606.59843777813
-22774.38271353216	0.927279465015079	1.6277028265980267	0.009968312005114043	0.41120482045959345	0.08077847389677333	8248.801435256055
-20876.993809205764	1.3448567862622833	3.0715581092876447	0.014962634719396588	0.015107388991755115	0.07759527070464367	7560.7929679837935
-23445.039067687292	1.0528210602959114	1.1327003424614448	0.009242548839415804	0.20850297535662488	0.09141603480332328	8385.412429222979
-19656.879222976186	3.1257138539454368	3.4929037257529196	0.024388470496682326	0.23138648968979364	0.07498937591856598	6538.828666815788
-19306.424782748258	3.08131671391245	5.196789772853833	0.024675470237952492	0.0012241944467238858	0.07838835364470138	6469.106784025501
-19844.815119879546	1.9759167267998776	6.178625002803793	0.021632393838580108	0.07939335111533949	0.08000635669806441	6752.196946023464
-28244.61062547569	0.6427960082819062	0.31429660426084893	0.0025150501600854076	0.2134983332701922	0.08544705684722398	9216.400059581474
-19248.987475152535	3.514488616366494	4.607094277338445	0.027195254938622793	0.07217620704009385	0.0791853280599944	6310.844815812263
-26537.892157437327	0.45446270623209933	0.6208046163004344	0.0036998258029478917	0.3589162814434821	0.07546361962887399	9114.587323248377
-20493.238289726192	1.651401031110201	2.791922682140591	0.01685548791480307	0.11443610043062778	0.08053641837076927	7382.611933871249
-19780.67731073031	2.902322078485575	3.137361855770599	0.022427260562296932	0.4423556229447256	0.07983352383734568	6710.087270399615
-19569.780073445574	3.1952386417785505	3.1720876280056554	0.02317909710669409	0.08628430157352433	0.07973267838571785	6710.063675511872
-19627.014029455924	3.0914424010420114	5.913376357846493	0.026779860915622133	0.28573675374897184	0.07993048739928875	6221.7406307824285
-24790.259501215154	0.6560698567631685	0.9813829632339047	0.006629695785492206	0.0387605119999069	0.07550194005659983	8751.811873807777
-19266.201852330923	3.1752299012287835	4.817317429662211	0.0254022251518342	0.0751638138562599	0.0783510289561684	6437.559293171866
-28583.944993331002	0.16319316410825957	0.4331550984928855	0.0013055199937260487	0.25689716002463336	0.0750025479650806	9393.856583112272
-19505.17011250157	2.8411994798995117	3.605564666828038	0.023480454608845163	0.001	0.08037943232490687	6683.001523357265
-19262.950389661215	3.336176810569891	4.765291382526308	0.02668283374161571	0.006311843345847391	0.07949254620155037	6347.864465150165
-23672.8092114592	1.0208771549137694	1.056060912058679	0.009090222275676497	0.2558729210237269	0.07809244477906847	8429.992093093495
-19583.8237404811	3.609771216264394	3.755342085065988	0.02515819465398944	0.19874224873637264	0.07986886466564619	6422.502585534023
-20702.748954006925	1.4594248351620376	3.0744910131988807	0.017448695316445235	0.5263593388118865	0.08254751630065274	7320.368385322558
-19644.353472365605	3.4411202089444237	3.6929978418938965	0.024990297312310315	0.4106779984347773	0.07900958202551212	6430.235184104186
-19242.17969957245	3.7485396766034302	5.350700283578383	0.028843149332459146	0.05478796136763523	0.07886081890617068	6146.9100364976475
-19571.61533524907	3.1237219665376785	4.58494985037378	0.026150406486229145	0.5738603056922416	0.07936658278237241	6316.3140022536745
-19539.05444035506	2.9685624617636774	3.3884240560647516	0.023854158357591186	0.001	0.08221758316172242	6672.182700537794
-20511.449549433128	2.9294935732090748	2.0971245002251653	0.01860237401021786	0.39929933915627397	0.08558618931913256	7114.933458506052
-21008.843566485855	1.6291317822996487	2.0873112803868765	0.01588207642477203	0.19149149419284492	0.08009589688285311	7553.035843527573
-23937.51654699822	1.1640761668159607	1.0818841820532676	0.009592323283931087	0.6285381360858053	0.1256491257070911	8327.521485736026
-27566.245198147495	0.6224232196353405	0.3912599052383491	0.003127761942055356	0.22778615528504512	0.09095733117615694	9163.302376050131
-20405.189429729442	1.6581608189972716	3.135423509686379	0.01898802993941177	0.08212891809042212	0.0744965352290323	7199.58990238598
-19587.89231547651	3.4858559593651353	3.1423239549593855	0.024218951475283235	0.024593102281434367	0.07873524347019994	6620.321983194938
-19258.02925216911	3.635509245172133	4.574058913655535	0.027583039888423554	0.04595921600446849	0.07984390735037203	6279.276571502275
-19754.89616481422	2.408401996704943	3.3925696963369045	0.02123564017890186	0.16483423167241418	0.0789038706222698	6864.721925818293
-20415.15897886201	2.567403140855454	2.202262858197083	0.019446075505288877	0.20118327639469102	0.08164228701417617	7111.534299521783
-19646.497318208374	3.574018017425784	3.0042435803847614	0.02312438150627762	0.08615747269471251	0.08197553205163903	6693.445821340373
-19975.47595255114	2.4462057443757868	2.7967424301503687	0.020774402036423643	0.15736779024481568	0.08165130854369036	6961.425588213274
-20825.080979300834	2.1748469679051574	1.9562399458783932	0.017074178240886962	0.24603061648038227	0.08719944369631483	7370.773061153938
-19533.034084318835	3.1063301398108876	4.413886954649405	0.025375453157257817	0.23644881159828252	0.07948401760027875	6401.624762838197
-25895.194529545293	0.4379762046717688	0.9406939909894202	0.004546610094135759	0.16679625498413544	0.08584980585969698	8994.937351583329
-19532.9549556324	3.038059967171635	4.52811397324593	0.025249252356111	0.23764781325023995	0.0790579966445656	6409.4305695885105
-19482.694252413145	3.679515738991337	3.373511317393888	0.02499490824049738	0.07983522170041592	0.08045704876405067	6529.370402374179
-21327.12807675052	4.76141105412904	1.6919997298992593	0.018508722296073043	1.171877620264794	0.09517535646239125	7043.609074077263
-20747.81164771887	1.5930038725595888	2.4638987866805224	0.016063420558101133	0.38842049581718074	0.08034117667408243	7462.235733101233
-19553.672121985055	2.656471643667914	3.601192044102322	0.02178501416669527	0.012659760520223499	0.07997038624544577	6814.0285568558475
-19529.50487088915	3.225128341419749	3.5425104642886676	0.023948530850616843	0.1252674832123118	0.07915111768119801	6586.118602566545
-22589.757689078117	1.067103318488875	1.5092842335480674	0.010360583458930246	0.22698064225694373	0.08079932746198001	8204.500321877307
-23953.638652545218	1.348310271752136	0.9672754488156646	0.00899702862031506	0.07022972472801625	0.11371660853775922	8368.788169592824
-26046.315570959767	0.7534963642427793	0.6108684992538688	0.004146364013462223	0.001	0.07892593270468974	8964.473246968371
-27841.753412585527	0.26810006908098266	0.4708565297806713	0.002144750176901839	0.15223724452146098	0.08566003357503409	9316.785218721505
-19702.319994819092	5.068498072607807	3.2046971125736463	0.025637513822732466	0.07507561201859857	0.07856560200024822	6404.2872385952505
-25506.01356381349	0.5729900534229059	0.8199307464971314	0.005163310917055725	0.3451632288340621	0.08690090404939713	8920.757596200372
-19279.548841752454	4.021531537138876	4.567547386719862	0.02773069234372281	0.02082965741296819	0.08137408838492599	6237.837170823192
-19682.69858199535	2.4482946954581566	5.005242642666199	0.028121465578625385	1.0871133440881222	0.0843653471387265	6261.281776677563
-24631.323152321303	1.0849704010905945	0.8050850379896575	0.007345969397546184	0.4236749880041525	0.09665341602030021	8604.753294730881
-20385.380551570153	2.1648303320043265	2.334859116161438	0.01758607461520523	0.027952734646300968	0.07569138533322	7314.248180824623
-22221.98575008474	1.4371679842874052	1.4071614317364227	0.01210433352180832	0.14411069609658056	0.07989310855463656	8010.3113997801
-20576.68327306117	1.7047351419675876	2.582244380438825	0.01582919655452299	0.001	0.07547524330235425	7471.136309230429
-22018.485893468605	1.352907645675447	1.6001310961892317	0.011268719790802828	0.06342706803301228	0.08282595739470429	8043.642114262782
-21525.099048080883	1.450358278262366	1.9608040489985303	0.016193499913836718	1.047111537933624	0.05792487553901309	7566.285304165984
-20038.903252110973	4.588934613524832	2.601146969454496	0.023047276923223826	0.08949160118249884	0.08150519536349682	6652.534091766268
-19207.941081995406	3.772986624712907	4.352233522389429	0.041713882447300336	2.4592301640762946	0.07831445060137086	5480.070228379442
-19473.443367173884	2.881399607857658	4.177270342589803	0.02715175426021688	1.3187930285060985	0.07927709959555411	6308.751699137662
-25301.462671796682	0.8986355136748629	0.7033918643290433	0.006107406591611743	0.0011567732250015185	0.09279589462139401	8781.809765220638
-21409.44169194125	1.5590916650609685	1.8233269935480532	0.013767567624525997	0.001	0.0840386411373704	7771.586655951809
-20206.728349109704	2.3931985230618653	2.488459999225798	0.019036534985284913	0.43220690888311497	0.07770048618985148	7091.633169096301
-26060.36594243122	0.5191861503238038	0.7267401246502391	0.004435440238973102	0.22106336874999943	0.06148601345221339	9013.273476803535
-27964.062712419105	0.6874023693865917	0.34152520697534744	0.002777207419540522	0.19455068545035473	0.07743077895558562	9180.792323807733
-20277.478244487273	2.2473072721758265	2.477200131040629	0.018613147111788367	0.17317579844288786	0.06932538040659378	7178.454303373249
-19662.712425521684	3.8340811684454668	3.881710529210518	0.026156091905636673	0.5137303733315894	0.07880908224976013	6299.27553171224
-19522.311351993903	4.28783793829481	3.4078003566140804	0.025942718036222882	0.04448892566808263	0.08074177264982073	6417.974541875879
-19581.87918080177	2.4012832817096155	5.959986848735348	0.023370831905676136	0.12124173338286885	0.07819922940051617	6572.098432649238
-19571.056111208673	3.851806527829941	3.4553737661743202	0.025410252976239327	0.11681285537081787	0.07940898775070315	6444.393371088717
-26631.325500849325	0.5213563553759554	0.566615953713571	0.0033919079559217337	0.11641747096153011	0.08478265964082927	9104.07492313607
-28473.027325527455	0.7007735863694211	0.2945893565781136	0.0023583492102332874	0.20336167204152628	0.07110824175968736	9215.438677421906
-19801.903264540375	3.161392421923407	2.807632176227525	0.02268819418222317	0.02754428688950638	0.07205832109279826	6786.66440404517
-19923.982681658897	3.7962612249558716	2.8766154637610066	0.02334857170128998	0.4367755272328316	0.07990470192491426	6588.335615208311
-19574.9472038237	3.100477900172687	4.552355536062984	0.026077763057860713	0.49863716706223654	0.07940720226527584	6328.223634752369
-38710.96142073782	4.997685700575358	6.025986267247341	0.032073640763627974	0.0020933409842244593	0.4681279690841271	5842.295379971378
-19713.65199708064	2.1707176529101635	4.800849333919852	0.023603519291777467	1.137729772805941	0.08067192472675126	6594.043549028907
-20253.495560403782	3.736269395187317	2.3962380032765402	0.01984239071086575	0.32226090600667356	0.07909249977996105	6904.8487203143795
-20915.98651947284	1.6345026795784903	2.128954953288559	0.015613629928921822	0.8548756913211804	0.07527801757234008	7522.2691777100235
-20583.716218224323	1.9996772456411598	2.2248452479408876	0.017047495522132104	0.4475601257768492	0.08123441750881992	7337.396515911852
-24489.53126118383	0.9825278533558602	0.8556904675815196	0.007101571302924845	0.004161193980350644	0.06653555263933054	8634.847979929302
-22971.321604604294	0.8344570735635133	1.743482399685437	0.009378647457136109	0.24891968640140258	0.07395279343250814	8313.160130148099
-19410.437396278932	4.2824801227685985	3.7620153067076174	0.02709080029038549	0.06438025564512755	0.0794651625447062	6317.887093139106
-19581.463929437356	3.2234312066129536	4.240215271286346	0.0254173924491324	0.43302026569795665	0.07913494087086193	6380.347884895049
-20176.824411090856	2.233020954710978	2.6259410445937275	0.018465632440764414	0.3047671845868837	0.08077505901843184	7146.423282361423
-19949.921502341967	3.416847136121029	2.7337895199247146	0.02228478383489902	0.262720829165681	0.07999815534901511	6726.475374996204
-20947.939447028282	1.7601405541760333	2.030234623459381	0.016776276140972424	0.6608760538749503	0.08342314159382085	7435.978978509072
-19417.91518355778	2.8668327828190243	6.215526677163962	0.02560019232418029	0.06772972279688605	0.0772515301505851	6369.401788646556
-19707.535354734362	2.6205724255448266	3.5264882664277915	0.022403533281901776	0.31150849132409747	0.07823832677183824	6718.720002934377
-27245.896620033607	0.35374432661516036	0.5342297690385535	0.002829871002956787	0.21629698728993363	0.08603084256855478	9229.190823216346
-21105.767893029264	1.2052982252290396	3.496153568309482	0.015554529519693707	0.734018011937556	0.08371965216406921	7489.012908910005
-22265.490414485877	1.2460827743231482	1.4879286560951512	0.011515960030217041	0.7105024484595902	0.07654418714106152	8050.74674995122
-33557.14747399469	2.493374215184609	1.4504670566908473	0.016444025097925814	0.13050223710642464	0.3680872588465128	7500.3915767231565
-28687.95522473915	0.6359610408359434	0.27153699053223523	0.0021727958144319042	0.1554760025991511	0.07863947943253088	9252.388889170328
-25483.292923607507	0.6717299115503798	0.7320360898788684	0.0054518177447759105	0.26295193349187534	0.07390522783515871	8891.740723205134
-27821.52466004623	0.27114854769862223	0.46795537968545176	0.002168722574951729	0.18153384715064008	0.08222005853687735	9316.24891978666
-19405.386891190257	3.043144312261329	4.732345641918581	0.029503954411553006	1.571628159604474	0.07806543164912459	6111.069383348683
-25358.86418559585	0.9167364724770511	0.6804060546161689	0.005866527419822317	0.04879977706403581	0.08585634870678245	8798.468948306538
-25188.134063903624	0.5704039348607453	0.9482156678333917	0.005508671582061279	0.692098089092061	0.07750256484733481	8864.44881517123
-28500.977251529024	0.6637746287707172	0.28920061795923385	0.002314670411427058	0.1675348243579514	0.0779244248335425	9230.145931781155
-19987.905595048207	1.952674411984213	6.204221486495239	0.01833884680244593	0.10867517988137378	0.07780178602356733	6996.243393086611
-26532.476463791114	0.47993055927385336	0.6190541629797786	0.0037580970762851372	0.8386693880307232	0.06726210317536033	9102.823848009173
-23498.035065171873	0.906371429284068	1.2525229200660364	0.00930890713723216	0.001	0.06683516313401253	8398.300701446866
-19726.3994032675	2.475276544510969	8.768088527654811	0.032609570434215716	2.8197168704150033	0.08777538380972294	5848.868363541012
-19888.113016719315	2.989375040072411	2.837993132798151	0.021854337320994104	0.7422617702230548	0.08503094259970678	6763.443267068237
-19968.971534232394	2.1620637835131147	3.3138976306028827	0.022408637477464508	0.5638559340118007	0.07542618858055329	6802.562240152097
-21140.22229097748	2.317224842936228	1.726563715672701	0.014841808912654868	0.044948394700409205	0.073576638881911	7577.720590053312
-21319.669859563062	1.6504908089031431	1.8327494779183895	0.014229075834862786	0.023883948110140232	0.070310682442051	7719.4952853371005
-19846.71151566451	1.9500792299373224	4.662569465776511	0.020508163553924673	0.02595377870236386	0.08001695791597357	6909.371527680113
-19914.542730357884	3.2482995358103444	2.8208750067619306	0.021581752376330494	0.46344368386082735	0.07962243380306815	6762.9172367417705
-24659.328122694937	0.9083119995621186	0.8240078755304902	0.006810634015029	0.24588048962951098	0.07740702269678627	8689.37623629999
-23270.45170444899	7.190753122548371	14.461072753115772	0.04250609709704257	1.2674448314281719	0.13306240535210534	4891.701099535166
-10262.0952610645	2.986266525249216	4.587267690182464	0.2702024447082805	6.334335730032801	0.08436769258723728	3108.4235209992903
