# /groups/rgutenk/lnt/software/anaconda3/envs/donni/bin/dadi-cli InferDM --fs input_fs/fs_044 --model split_mig --grids 178 196 214 --lbounds 1e-3 1e-3 1e-3 1e-3 0 --ubounds 1.1e2 1.1e2 3 12 0.5 --output inference/fs_044 --cpus 10 --force-convergence --delta-ll .001
# Log(likelihood)	nu1	nu2	T	m	misid	theta
-9327.867046426965	0.30203015434004343	2.488436909911712	0.14260010871781847	0.6294651227438549	0.18271770876145416	1298.686918785821
-8884.479838666024	0.378978472058734	2.3321525126267066	0.3377959239574872	1.0711385033421728	0.20088902925886126	1137.8621640203212
-9701.898065819254	0.23646694036056562	1.5397002514440266	0.08123063058927785	0.18219235057647679	0.20344048109413193	1632.7133100771437
-8743.493914435949	0.3393078548620786	2.103940150550624	0.8176796303578484	1.475358900626457	0.20224830970957727	1094.8326738329863
-8745.685291559408	0.33119068313979805	2.050098366721894	0.7132777977678155	1.4868550884015477	0.2034394150815328	1129.16280866954
-8758.807587816758	0.30686678253915	1.9166396532450032	0.5108481034359328	1.5800291545075063	0.20116511446423951	1222.9907818208192
-8747.355094434399	0.3317608162947265	2.052411274014204	0.668903523839407	1.4830838163625706	0.20084940429866194	1135.6197864383241
-8930.692488739749	0.48701032773908315	2.2160976126941767	0.5120706599217865	0.8436789067406864	0.1885685975357383	1050.9704202172938
-8968.009029584067	0.44229080471928217	2.502977278090882	0.3863998132789489	0.852953026100067	0.22564369964690478	1057.042124778911
-9605.610454891783	0.2604927098736902	1.7053155451985051	0.09188356520234667	0.26068241820155263	0.20414957087732857	1555.8098466365268
-8891.19602323914	0.4655183223609164	2.358092951003148	0.48165074679233666	0.920592738804227	0.18512172861824366	1041.0688296224296
-8861.275769105689	0.3986423840071239	2.7348102079720262	0.5082265821958594	1.19598818523869	0.1900832578588427	996.0276881393718
-8808.08013545824	0.30082186904819647	1.8324770016961929	0.31229435066772154	1.5295665209466085	0.21148311033614242	1315.541879369946
-9009.013301145947	0.3534261294149207	2.0193657312704265	0.21890581322906014	0.9163661410410292	0.21366264478632874	1287.3472361656077
-9658.655155079337	0.17692003896480463	1.1030633703423114	0.0693240422270835	0.49932858787245454	0.17265740917011163	1850.4861519948965
-8780.86593759703	0.28957217948958575	1.8504509141028447	0.37363339343232543	1.6287730991652338	0.20175607201564372	1294.4120864171734
-9093.701771299455	0.3629892468410697	1.9588550559841038	0.18194201562288664	0.859248272862768	0.20390301099219127	1328.112131056603
-8993.705053944477	0.29683497309463747	1.587057091557609	0.19791137124678418	1.0784144781650815	0.2002703169941301	1454.5302816152011
-8747.400873805636	0.3512542694146795	2.063366237711701	0.7107206014280595	1.3869164317389264	0.19889514601857117	1112.1096822626314
-8738.435808552247	0.39928003790462807	2.41247655018758	1.1424545079192858	1.2310890682754851	0.2049443023549745	950.5348643561753
-9561.5968007247	0.27953640160949267	1.8026484428018315	0.09972216733893673	0.29855929075306376	0.19758181941316721	1508.213168746745
-8764.293923498237	0.3050692169315875	1.8974316088212577	0.4642802717146902	1.5737019265112027	0.20061715886662274	1241.53230660724
-8778.540786821637	0.26704553208335063	1.7326014278631645	0.4336609490413789	1.8534447806735863	0.20267595302588925	1334.1014479529315
-9007.807041301576	0.3114757882007013	1.8820035293855033	0.1943368594692682	0.9753754151095563	0.21551870626099529	1362.2535695926297
-9070.767855750008	0.6030864430557471	2.6016764687811387	0.738069254322262	0.6051339786609603	0.21560123381259894	888.5850707982668
-8798.792961928477	0.2474346099180993	1.7528589252801705	0.39367349782327066	2.047721382268615	0.1997707666442371	1357.6941514289028
-9885.410603856883	0.19007365961693518	1.3353029891605857	0.0567333613294796	0.01694902695315988	0.1825749979928759	1770.5710681639162
-8912.56827935342	0.5314834850196427	2.821296665664722	0.578268015647091	0.8565821836328203	0.20719938980282365	915.159183741823
-8929.502774012271	0.2960909260244021	1.8826018244900795	0.2209975522973674	1.1258176977557959	0.2006657492350725	1351.0819856126811
-9627.413113302378	0.2959125492376983	2.2131073031683934	0.11502755795134909	0.2558632964435001	0.19884616733826718	1389.6253865664814
-10786.237472003308	0.338585923567184	3.224473234292019	0.13280762085409065	0.3509081101816208	0.4201358775785916	1203.3319541251387
-8752.736299758957	0.31809315864219295	1.9751992070941709	0.5771505296991455	1.5351385883676618	0.20198876685256695	1183.5606627220427
-8800.84720431654	0.2634641927589664	1.7628503647342728	0.3141386289982009	1.794189998633193	0.19399591115835021	1364.6921537834892
-8790.922538882343	0.3205744075605123	1.9871078725615225	0.3714436680383762	1.4338742876428487	0.20582995565785953	1235.083832904262
-8771.156543582758	0.2973087409773472	1.9321787303195759	0.426485929879912	1.5819089957755061	0.20183261489416093	1247.4132911140741
-9320.108111549114	0.35681748183298745	1.847802914476804	0.17174146272569213	0.5125541378659855	0.20357356494598722	1365.130742912645
-8788.641385438854	0.25713980914370693	1.6757251215726974	0.4042476223582631	1.9385933428325455	0.19925197239144946	1371.533998346376
-9687.56106448779	0.3364305401460865	2.31081076938006	0.12451426294730913	0.21579726334882346	0.20143471852804012	1338.5690703736807
-8821.419038200876	0.45182486188524923	2.481404968905955	0.5925583025297252	1.0049650412055602	0.19948863328731678	993.7002932328048
-9204.909268178955	0.2927577048237555	1.8925110049129827	0.1429295341441009	0.6886965717704883	0.20002459068988207	1419.5712781796024
-9605.79183919092	0.2025633107608403	1.7187419167517135	0.0771987538265936	0.3065815247287402	0.21373686082826002	1616.926536060292
-8778.438912913804	0.29457803857309495	1.9132794555996049	0.40679271181039234	1.5453122380970659	0.20931386112071015	1259.919052482255
-9291.7500227515	0.23332698129327112	1.2923716700430041	0.11213094429602719	0.9210689490004189	0.23847962767268327	1679.3893382487379
-8754.761504781703	0.39042500532789703	2.2446570962426766	0.7707981177177599	1.1954396889389909	0.20136709487403784	1034.3624088386073
-8766.121303463102	0.4214614972248024	2.478825866390635	0.7676878433669225	1.1241572044786037	0.20446083909531018	972.6038429973717
-8775.665668746886	0.27920034903290647	1.8228648107125107	0.40875366795970425	1.7415658695745908	0.1995309656997897	1300.4518981262863
-9747.946379499777	0.22900267234027732	1.3476595669378046	0.08386229036070371	0.20331058263054824	0.21304482076963538	1692.8460950546523
-10030.881125534344	0.14573435560566866	0.9937896435866777	0.04305319594729241	0.007578532628016414	0.17836877056941905	1953.1529462893318
-8771.75115950002	0.27867220370223594	1.8438890021345693	0.4789189541519524	1.8175221448892858	0.20212615901229278	1277.0448044044801
-8829.301858084807	0.2820938990338955	1.8567121845728825	0.2655002156990099	1.5008320569044633	0.19769379739787404	1342.850719117335
-9214.622989461162	0.3224319297373438	1.7742367808351942	0.18242991173372747	0.8246288993661952	0.2698061438278425	1393.8957148806842
-9411.043742782731	0.24466410973963823	1.7240331723160562	0.09423440944224996	0.5022350884373414	0.19512615502089775	1557.6423140250588
-8756.474046128431	0.33240002377998235	2.0324786793301635	0.5439434054446359	1.4602988028915604	0.20317175192746148	1165.4351620034654
-8740.189039984636	0.37475604630955195	2.267363383663671	0.9358212641220378	1.3180473327151172	0.20447103456027185	1017.3456910546029
-9266.159865128388	0.34875543420402644	1.8911745112518386	0.18066637825312185	0.571968396806711	0.21731813580400047	1350.175679842761
-8931.097529989687	0.27297033170048873	1.6571590314355515	0.1821122761491897	1.3176095815204083	0.1985346580887209	1461.4928105138688
-8987.810984994749	0.4642412122648038	2.0319378532561996	0.45456178699580607	0.810394398041087	0.21575514805338933	1117.5003965118472
-8741.572164900477	0.35265397258373904	2.1614649738943137	0.8474974161122271	1.3980868781009788	0.20320691943310673	1066.790916926544
-8802.137258241422	0.256861226412366	1.7516437249206727	0.3234979085066591	1.8969189190442954	0.1949433347218315	1371.1665431717422
-8792.035275323542	0.25444697622989404	1.8374777151804842	0.39100515209846315	1.8409021120170113	0.21046760685450466	1320.7613106848255
-8833.40599882487	0.32368740446924493	2.0200321004525232	0.297139208128281	1.364999705712697	0.19379213120476818	1257.1593301141784
-9694.48822813889	0.2908706341999442	1.7026594687709131	0.09165882654495781	0.19759909805121464	0.18696850522351474	1539.3457384203746
-8744.443765830449	0.338270656846388	2.102816264734084	0.7426517568148167	1.455374312435555	0.20330808315788676	1105.9520322017702
-8766.627700843243	0.28869190439705567	1.8546854582158978	0.4579658348780244	1.6774830639305445	0.20193590564113512	1268.7998320292108
-8857.246019380576	0.35757112803447305	2.0626102575722522	0.36307126419932534	1.0836278806796815	0.20034263505293504	1194.8359156636457
-9203.963027513626	0.35430220829333453	2.776184384062289	0.19695000087460898	0.8167437469381357	0.18867464900514183	1169.1632644928675
-8750.45392073935	0.32542446005981646	2.03618925280753	0.6158000073577694	1.5140678746078355	0.2011984592812244	1154.295201876236
-8768.607644661897	0.35177856876280167	2.074441035146462	0.49754252046007214	1.3570330150904988	0.20113645711624142	1153.9719898826456
-8765.546059814678	0.292178401658814	1.808052107630207	0.47511819098670094	1.6607592220101175	0.20118343265002003	1276.144577298777
-8764.217616159289	0.41049932774975023	2.400711465591128	0.75568023650692	1.130476997893404	0.20402139183792672	994.0396713988675
-8743.51698798971	0.34894178046184415	2.1268288992961604	0.7651223644874298	1.405010803573653	0.20376998869061172	1089.201208573344
-9656.209630808507	0.21143636070478555	1.3588252802942622	0.07047044530820559	0.28585381601477294	0.1890892793587812	1723.1667901028702
-8762.909121375953	0.28388694061075176	1.8657857000094948	0.5655927448841701	1.7707607645652654	0.19849266096374438	1246.4865586498433
-8753.333500617457	0.31159965603808765	1.9509405481081554	0.5829778453117076	1.5874514794717316	0.20175440281640372	1194.4575873195597
-8824.673185569078	0.33611591481433745	1.9308635010298947	0.34095447103658366	1.246374730094719	0.2022611714605932	1251.025796474096
-9054.247289032475	0.397674691912219	2.226481932127625	0.28359479018563266	0.7504353162519466	0.2013161877125444	1177.1111602153858
-8833.993915660478	0.3368821618383462	1.838126999914152	0.35297555885988735	1.2311280130297455	0.1918818722503377	1271.0547874230258
-8780.491898255596	0.25643228194628276	1.7395374694326526	0.4674561687867705	1.9319421750392731	0.20023248635053456	1333.4460998644806
-8746.29079088893	0.3302800129777803	2.059168379497767	0.7087306957356715	1.5056264030474793	0.20183797675000095	1128.5914087348383
-8743.554626548663	0.3376406251699787	2.104844508743555	0.7924235935428813	1.4679909390418986	0.2020822900574315	1098.7776888898748
-8740.667585907395	0.3590459019015462	2.20035156714308	0.8956690453717051	1.3716348078205456	0.20360013235385246	1047.1253174412104
-8739.796135222568	0.3673496048068403	2.24446257787517	0.9595453733089753	1.343857970710464	0.20304424005181462	1024.171007978376
-9546.291058614126	0.26427192267247845	1.596522565831494	0.09838471400312437	0.33174317752526467	0.19165092989546637	1571.443938180868
-9386.365548853622	0.23864601122745538	1.9295786935558032	0.09415473986576517	0.5659477625014215	0.20373506285166185	1514.4527914525142
-8769.139901372204	0.3843379483294666	2.29865035050057	0.7226863745166617	1.1521933775368198	0.1979361287139762	1032.2749809102493
-8745.999530617384	0.3284011092833434	2.057149879547238	0.7169369173628706	1.5074628567967867	0.20225120399155952	1128.9528537248134
-8871.684368003996	0.36042998015823957	1.8414125608027598	0.3731251589005429	1.2403203036559782	0.164754465536366	1249.5549828563874
-8856.520333641474	0.34415994402076316	2.0561961500187693	0.32177185277774434	1.1409731233822067	0.20050472350713314	1222.3992257618174
-8894.35383197354	0.3654137546641144	2.3866050729415873	0.327422846056866	1.0881692726532182	0.2013967621776223	1138.281470939656
-9537.749435298927	0.32781157541265077	1.8537767490917856	0.13347280238122683	0.3167268635620204	0.19430088542124532	1420.434493601145
-9144.535700848484	0.4474625342865918	2.3643312261229306	0.2954804332417084	0.6383633836806624	0.1858885892639972	1123.484989588502
-8793.057218149905	0.3007560374417869	1.8464195794508498	0.34716906247494433	1.5487945585835672	0.21063362120192902	1297.0873761989003
-8758.253992642944	0.3179442167535364	1.910353157143162	0.5276404239625534	1.514690869937723	0.19914541941796943	1212.4856451578278
-8758.116314901037	0.3136731184637197	1.95886345039848	0.5156250711574727	1.54670680547562	0.201484895975791	1204.9121396620208
-8754.35367253386	0.32084083699493654	1.9508484955144534	0.5641377812933654	1.5179384407656196	0.20558186210743612	1191.0388659164207
-9808.97360180646	0.19895557410390335	1.5484777427462912	0.06214209040216818	0.06192897764923425	0.19612628588300338	1693.314045630341
-8737.755556572376	0.40480881446397354	2.4772239859369583	1.297859297472745	1.2217177751382784	0.2048796757127127	921.7342030383631
-8738.508884266199	0.386080238641875	2.341831171986576	1.1120258531054135	1.273503108292796	0.20399930992540838	975.3447046572878
-8753.113802405984	0.3207556352438435	1.9743098783900919	0.579057888668419	1.5472456030436361	0.20119725640024233	1182.1366731128176
-8740.893749474859	0.3615811112371771	2.201847101258316	0.9015110315628403	1.3611972369140315	0.20701698265579124	1044.3799236712707
-8744.754477031076	0.3595841624417773	2.160462890417041	0.7525983477010443	1.3519327803751005	0.20333663261851792	1075.8439164611157
-8744.642127825113	0.3480170892438275	2.1235403618467985	0.736195035375952	1.3960029817736996	0.2027651418975689	1094.726263106688
-8769.836100019565	0.3117543646703992	1.925909063062802	0.43415785301414384	1.515588364715848	0.2018221376370752	1236.8276341928026
-8743.377235615244	0.362054507939747	2.1703548850100356	0.7886391137738165	1.3702583520403777	0.20330950898259678	1067.2597647657512
-8777.478628440778	0.40098029636257626	2.19898099701952	0.6422841107089321	1.1348076741695508	0.20055277974535413	1061.956417365876
-9922.415472492337	0.32682404971269824	2.0296982345783787	0.4053991029184597	1.5486250015987102	0.4295234090803165	1210.447997289949
-8743.69260264383	0.34641219764107756	2.083565139149201	0.7748976051863099	1.4252641534178878	0.20313219952117606	1100.546612887056
