# /groups/rgutenk/lnt/software/anaconda3/envs/donni/bin/dadi-cli InferDM --fs input_fs/fs_021 --model split_mig --grids 178 196 214 --lbounds 1e-3 1e-3 1e-3 1e-3 0 --ubounds 1.1e2 1.1e2 3 12 0.5 --output inference/fs_021 --cpus 10 --force-convergence --delta-ll .001
# Log(likelihood)	nu1	nu2	T	m	misid	theta
-8314.16218769822	0.900440350822881	0.5271976192120901	0.3858227082781655	0.9395656314074337	0.06320937090888609	1131.6916237042328
-8306.848945932092	0.9422449730468432	0.5617904084931208	0.45817840889202444	0.9306374311799878	0.06424774133329862	1081.9636756449822
-8304.155876117087	0.9407199389803982	0.556472871048052	0.5135064330965337	0.9441469944053865	0.06460263147857626	1076.3352130113055
-8305.394875601629	0.9351435906458888	0.5540330538912716	0.47933793559459303	0.9304598103948661	0.06388087094322145	1085.4052912983923
-8320.032762022964	0.8703474696776164	0.5076220183526677	0.3553820753457106	0.9504710160033609	0.0628268317568967	1162.5007458163477
-8306.914753481842	0.9321864688282585	0.5485626960373946	0.45441897384829494	0.9270399859837449	0.06326992133692341	1093.7057965939875
-8303.126651543515	0.9882405103380774	0.5994642975063725	0.5660042402352339	0.8735761654423821	0.06550004651171643	1027.058700277098
-8302.95690513193	0.9808349577122418	0.5833654190280211	0.5396132934544325	0.900525220391102	0.06507490192305256	1041.8032002867296
-8302.121839751107	0.9879831720254145	0.5886564968769296	0.5822779092585976	0.9084334673125999	0.06516888358975491	1030.056061231407
-8309.999194567212	0.9073131279473046	0.5356094606095599	0.41928661413972224	0.9518627863374893	0.06380829431394434	1117.8919662294413
-8323.528078692394	0.8283885872487191	0.4819173884141354	0.36002232499632314	1.0568535850614396	0.0644060649105387	1198.2230951544661
-8301.809613443931	0.9955752503353501	0.5970354689539513	0.6272933173031913	0.8922582970089317	0.06629517867453795	1016.655398001096
-8304.42571227595	0.9490146972936898	0.560043724634019	0.49857942020126583	0.9271564064290267	0.0636438331116932	1073.1895653803285
-8304.889327553987	0.960463459417951	0.5693446703572238	0.49066208716012794	0.9121479355225155	0.06662687340396187	1064.9082148531495
-8302.230781104412	0.9930634950100198	0.5906208304051332	0.574019554277699	0.8972074630497925	0.06556077970824634	1028.2208672014385
-8414.843613667204	0.6903538467866269	0.37734746096198907	0.20826501233510214	1.1982004524017291	0.0561952246809116	1377.9284451837113
-8304.929129478005	0.9407073444851588	0.5618236008842425	0.4950833754711095	0.9400658888052994	0.06663324174327298	1076.4878367166966
-8307.382327678095	0.9241443264370938	0.5471663831319545	0.44775180723016567	0.9433178434607856	0.06337068156903036	1099.193485011566
-8301.82648895946	1.0169678767159709	0.6080486405086847	0.6221639218676465	0.8777059227865959	0.06664247422472744	1003.7764248005635
-8324.007038588288	0.9114874020443835	0.5412002145732494	0.35145935363290376	0.8627544745383533	0.062434101515136016	1126.0760292467603
-8303.261546088834	0.9647235314820835	0.5748267572287442	0.5273571050301257	0.9156554970306454	0.06495472610431126	1054.5604223732666
-8301.621675169015	1.0265567999419445	0.6164093879804681	0.6652690497189504	0.8741301319294077	0.06734144452635356	990.5093800200146
-8301.576800100476	1.0147147583935385	0.6044573507602246	0.642497464505027	0.8878525040638654	0.06610180240553724	1003.5803514250796
-8302.339784821155	0.9787508771051792	0.5811983748760022	0.5765662099392636	0.9219042954281185	0.06528247954770114	1038.3096664383745
-8301.957402625796	1.0588842258577615	0.634787026952872	0.7990680237641168	0.8639048957421064	0.06742983538591411	954.2059806763139
-8304.268417137228	0.9576893943952349	0.5698746506631372	0.49982925689244706	0.9112132024657851	0.06477619553949009	1064.3019036644348
-8305.831812136157	0.9552740898307741	0.5586297547997444	0.4750152423042902	0.9306795768023576	0.06570068726800216	1075.1297715160608
-8305.558442685953	0.9346186637818107	0.564592826721981	0.4794753062796718	0.9209986973789684	0.06448966398133472	1080.1730050317663
-8304.35860932625	0.9403271706958368	0.5563134808717513	0.5238985443070071	0.9611843731567139	0.06484891660086482	1075.088110153078
-8301.515351833934	1.0308606551652835	0.6164041784745357	0.6934043973797832	0.8761371567989817	0.0665769617539484	985.2805349319979
-8308.363654245733	0.9391982078790544	0.5550170434228116	0.4369055701721319	0.9099214470127724	0.06335308503989556	1090.368507943903
-8301.709708411769	1.005614862855224	0.6004814561347667	0.6191174302203505	0.8890661638804463	0.06594870497491881	1012.1602631144558
-8303.478381583602	1.12913234687944	0.6767873392055733	1.0010763623119336	0.8179165063711727	0.06899434998621937	891.9820100328928
-8313.182475477133	0.8800647749723292	0.5180214417592142	0.4011831399561522	0.9929335777803924	0.06277486172558557	1143.6047015834995
-8301.505104414355	1.0209006656739796	0.6105546983400685	0.668223169098952	0.8836654669959911	0.06633365297896092	994.989799997951
-8303.209733662312	0.9606750373056676	0.5705061047979559	0.5322529326605503	0.9253029602739932	0.06549089740474887	1057.6904664971726
-8797.761213082042	0.7235487252964333	0.43937758079274447	0.1449761327173545	0.3133644430984244	0.0729066546116417	1325.6432588869052
-8319.599357636536	0.8535280347953667	0.4972996081040723	0.36216118944803233	0.9988704175582203	0.061701779270523914	1175.5366929389895
-8306.914193930415	0.9190644054654098	0.5430736686340684	0.46195118013545056	0.9636912908190575	0.06304183426835362	1101.294808800196
-8312.624083247709	0.8671310565975565	0.5285418312700457	0.4227916514338377	1.0017639046437639	0.06172561949779474	1140.1526342341144
-8302.153633985958	0.9990826933996944	0.5962989425892765	0.5833495434903287	0.8874660423998079	0.06565394490709907	1021.7419575711001
-8305.059356969568	0.9390387275652782	0.5603093341534165	0.5008336038990118	0.9517251990874811	0.06679561596646544	1077.1212729186489
-8306.128782486932	1.0116103831308902	0.6022577858792815	0.5178523876530019	0.8419431144377788	0.06529834525801372	1024.0468167272522
-8307.284355519947	0.9555325511954695	0.5659030171446507	0.4683912104171482	0.901986682390367	0.06949215135278404	1072.3912163905848
-8301.602633485078	1.0127154895506858	0.6055606861185787	0.6365465905458928	0.8881201507825587	0.06614372426874032	1004.6543580084964
-8347.035590543079	0.7912514731597993	0.47094001163349264	0.2795834360127172	0.994771216170724	0.06410867477033912	1239.5891990507578
-8304.27027188712	0.9674674420473877	0.5752347185273153	0.5023027339008661	0.9004996211174273	0.06436674032876807	1057.1387321786926
-8310.722938300003	0.9029521880967017	0.5433971574626254	0.4159391894671006	0.9297977837765653	0.06441617714539608	1116.2291493795863
-8301.561565907217	1.0145700204324302	0.6064016209737774	0.6450154274008233	0.8860848198731766	0.06614173615367074	1002.3985149663642
-8309.515778824578	0.9214325651407475	0.5458732264695303	0.42307305142482793	0.925166425841756	0.06400260657386235	1105.3658876483926
-8301.715095932579	1.012226655756161	0.6092555873422354	0.6336936120186669	0.8810915341462184	0.06551577942144161	1003.4998090759854
-8323.83811932083	0.8815642357525882	0.5045242564789699	0.3402458066517	0.9698341386181197	0.06258718494084367	1162.034135864991
-8302.135815812067	0.9925042421463429	0.5886197609457382	0.5978397592806369	0.9159091647711707	0.06633959553449005	1026.0768327071212
-8301.78861418698	1.03847437771676	0.6226652456041123	0.6745106927509694	0.8595102936081029	0.06646320280322587	981.9429550702113
-8302.918624795559	0.9731835811970833	0.5806341428780624	0.5395030578744278	0.9077353681686717	0.06520798642876299	1046.3062394849073
-8337.426066559681	0.8487251012316016	0.49166661642875015	0.29902179425180037	0.9228692277759849	0.06261231586361175	1193.605927015841
-8301.97724791691	1.000547805917338	0.5988181240695991	0.5978130435750186	0.8856571211746118	0.06576344235246216	1017.8977659217907
-8305.558366540889	0.9827890101035656	0.6087935457762695	0.5429360951565875	0.8562520742332191	0.06379672152358647	1028.3351744843835
-8306.432130372847	0.9270231899265958	0.5481556275609818	0.46328604555978864	0.9493403400315621	0.06453187964615302	1094.783794224685
-8308.401483567222	0.9551990194575446	0.5663447353157346	0.44664983446124984	0.881208704250883	0.06414383532147641	1076.0586090542856
-8301.662264199651	1.0093013296253874	0.6029660517461242	0.6258815336509712	0.8877287603471684	0.06596493444889842	1008.6271760042632
-8316.192559049097	0.8927919743595484	0.5181887483099707	0.3740863488550217	0.9530951538074518	0.06220152739899421	1142.4211495106117
-8325.288308428824	0.8372366728738979	0.48382495226149824	0.35395475574363905	1.067156443684043	0.06046284456271886	1193.58824286716
-8316.816945026228	0.920745428117114	0.5403910808312216	0.3758286396614841	0.8951806550401669	0.0635056612808966	1117.4738985276506
-8302.194030937671	0.9801977132383847	0.5844574868702508	0.5765757700874006	0.9111438020460958	0.06536408401217636	1036.077434603064
-8306.560080552828	0.9183688724485577	0.5404370859001678	0.47227480743700434	0.9700421912904502	0.06380508270088682	1101.345416175578
-8309.274902481211	0.9462918771026156	0.5526456582052731	0.43227166766945496	0.9028065013019504	0.06598845611463754	1089.349212981086
-8302.51632922674	0.9980422391305253	0.5975012353721978	0.5808348402063386	0.8814502043739175	0.06359354745091199	1021.9251760092084
-8301.669051511986	1.0149549015899484	0.605454592849718	0.6323932574587741	0.8821421793406479	0.06632310381391421	1004.3572194999914
-8302.028860561357	0.9988120855347558	0.5959382397917397	0.5892082954132054	0.8905058182418376	0.06562725964677675	1021.1864680925853
-8328.340815366842	0.8011797828280179	0.46041626821225007	0.4736623670314957	1.1422719260489471	0.06384180663401058	1210.8134390311552
-8301.905343051805	1.007853782829136	0.6040066738265091	0.6096675380687915	0.8801223053589214	0.06570517188682362	1010.9190118036892
-8304.708790207134	1.187867078343661	0.7188146535345656	1.1469080164671004	0.7751207935988407	0.07008629920912607	845.1077499700355
-8302.278642837535	0.9792250777504777	0.5827691892166718	0.5713390862424197	0.9127701755156877	0.06526760294230281	1038.0603404541628
-8302.133858803745	0.985200052470373	0.5869752699932537	0.5789424076520154	0.9074660964758234	0.06536887349902658	1032.4654553801997
-8302.066768955538	0.9850359442377927	0.5878141214828486	0.5839804840457418	0.9066968064637989	0.06544815061443937	1031.4007148186413
-8302.797244765117	0.9832142609033389	0.5847717236706201	0.5487463271208747	0.9099332241943527	0.06480485225654299	1038.81572077269
-8301.738599044702	1.0014024774295796	0.5979110171008664	0.6131241593413611	0.894621816425875	0.06580243408748039	1015.8814611695364
-8302.437989126063	0.9920988847958423	0.5914997629175015	0.5652211565513424	0.8913112009379099	0.065397283163641	1029.4623896066466
-8301.538628396185	1.023120009509757	0.6104409268257358	0.6858515576978588	0.888596559686116	0.06669501901919259	991.9640692530223
-8308.374754237022	0.9459426622399862	0.5791595158957078	0.46362147051767505	0.918527429197577	0.06152025639803344	1070.7778116967363
-8335.845496164808	0.844363240360305	0.502003208539317	0.30285956417028564	0.9473984344912096	0.06304688912851732	1189.0092136440558
-8315.719783946886	0.8926637095498884	0.5156799681696225	0.37776102584078997	0.9581873133063893	0.06292461587879963	1143.1736663783329
-8346.910648651388	0.8584963437197773	0.5142924260384198	0.29085798945187463	0.8547109851763389	0.05770179747615532	1177.882579460603
-8306.697243406543	0.9149811284837169	0.548130833798844	0.5811427241899771	1.0043102843415082	0.06514097236369744	1082.917016537859
-8324.067078769493	0.9344794931956697	0.5383692296518738	0.3654056570990477	0.8409594305302729	0.060243807514999484	1114.550863914233
-8301.87500412714	0.9970952071679946	0.5952001051367807	0.5987175960787914	0.8961772849805185	0.0656103571889001	1020.8896528104164
-8305.173189177609	0.9525143770133859	0.576354206742486	0.48884816033437806	0.9096500124560292	0.06503998967248611	1065.0728620740751
-8314.922125003608	0.8758395579187975	0.5167860947771676	0.3960709899322899	1.011581006697853	0.06286481476063059	1147.303171972328
-8301.7135127593	0.9979684086143432	0.595052879142496	0.6278374414456083	0.9051610590746237	0.06600365159773215	1016.6365961219576
-8584.909365362382	0.9862797534568344	0.48447201421382935	0.18340220466607568	0.4810834059728841	0.05895946293435497	1172.560208709003
-8302.736331561251	0.960757193531636	0.5741175218020135	0.5776172536166904	0.9376888326954872	0.06565749734264792	1049.2457065482427
-8302.69021723908	0.9695286452795847	0.5769307804000051	0.5511259170352074	0.9192671414234046	0.06511514999602942	1047.9251127703292
-8305.306975903466	0.9524564310837127	0.5615278027101285	0.47823260996297196	0.9191767485551906	0.06441032686301092	1074.275084115037
-8330.883973914732	0.8292231785381502	0.49319972548284124	0.3176147532959421	0.9607179597769002	0.06018033031993576	1198.5724178253968
-8315.296174956327	0.8568605058049445	0.5025890684572958	0.4157753795687292	1.0493134905094201	0.06211989970654901	1161.5951811830334
-8305.245829052943	0.9460104416780015	0.557842823438064	0.4803657028305269	0.9306611695449684	0.06503851915953704	1078.5854302563039
-8312.166729081124	0.8951411157865051	0.5397089029151082	0.41244183316697186	0.9320969283937198	0.06769964991126354	1122.3914653282036
-8301.533943076709	1.0181087171459915	0.6086618864131838	0.6544798600276182	0.883980647153121	0.06624808793709724	998.7260431209122
-8320.697504130105	0.8226965749400734	0.5158545590821383	0.5023313787198691	1.0932540364554042	0.059305550841487406	1158.5409242402968
-8304.850656152876	0.9904885254492678	0.590606198043231	0.5056708099222913	0.8790281643345124	0.06510023020773183	1039.832134396921
-8304.234448702586	0.9480820352888908	0.5715569512334931	0.5079546931928122	0.9116424639269477	0.06509396276810972	1066.224343056924
-8301.859383427445	1.0341387857274085	0.6153854711839026	0.7465897295420437	0.8807452855578992	0.0663225563851533	978.0732815847588
-8302.586978607516	0.9884772957050499	0.5965202273134408	0.7068802693407499	0.9160385561309684	0.06641396417840564	1009.7879659796022
