# /groups/rgutenk/lnt/software/anaconda3/envs/donni/bin/dadi-cli InferDM --fs input_fs/fs_004 --model split_mig --grids 178 196 214 --lbounds 1e-3 1e-3 1e-3 1e-3 0 --ubounds 1.1e2 1.1e2 3 12 0.5 --output inference/fs_004 --cpus 10 --force-convergence --delta-ll .001
# Log(likelihood)	nu1	nu2	T	m	misid	theta
-1084.773767658905	0.10392113916224575	1.441611284652458	0.18993963722007975	0.30069990451325446	0.0	102.44987038899716
-1053.830511765642	0.07901154713883937	0.8696574116838187	0.1657607628988793	0.9904330362060149	0.0	130.12886860451388
-1088.9111112904527	0.07245997500753745	0.8737131922716671	0.11437386312979202	0.2490768428518834	0.010445662563634365	129.90599133781106
-1061.0519889952302	0.14386878217949328	0.9514485329642303	0.32413601403672854	0.46301293559294604	0.0	116.62634454039072
-1047.1188801891024	0.06904746195080669	0.7618282817804156	0.1782435556888506	0.9374813274725161	0.0	139.10324056299768
-1043.0319599681275	0.08116392579838579	0.7752124332623216	0.39465292292277265	0.9488916557846785	0.0	138.00695217439468
-1043.5050955370652	0.08377455255139958	0.8140364927429713	0.3225925262753664	0.8877703596809863	0.0	133.80324267026705
-1043.011644371506	0.08358235197740557	0.7953288252305455	0.4130994957141902	0.9136368406984049	0.0	135.68880447223665
-1061.7291542291837	0.06935442868906722	0.7364645248597735	0.13445230526765392	0.5511673650398415	5.389133111433621e-15	139.66213316723142
-1062.9258671118516	0.0566576387450767	0.9005383654669648	0.1070767934317614	0.7167527388010885	0.0	130.55666625292602
-1146.5608752644066	0.02053043850181533	0.468982547670204	0.025616510931993703	0.10615498311417505	0.0	153.7658856130136
-1068.8528587255687	0.11813650390080357	0.9185052468563355	0.26137759648993836	0.33584980031909445	0.0	121.54959964450326
-1046.311794973615	0.088894810946438	0.8661022643967695	0.2696420851826525	0.7166808066512732	0.0	128.76003295504907
-1049.6538469380482	0.059565902071631475	0.7266526054528196	0.1482747292187298	0.9952314322368133	0.0	142.72116382802142
-1062.3426723652365	0.09171837955140838	0.9446812939022274	0.2080630648453782	0.4202706535508981	0.0	123.35195394892627
-1052.6483049301269	0.09789595340131033	0.9043762199072689	0.25604524247592164	0.5505913192418267	0.0032039875306892384	124.90595672551737
-1043.443464867516	0.09074946251740562	0.7961704596677196	0.450381102249318	0.8427176564826441	0.0	134.2658581581795
-1044.105686239613	0.08767655144814486	0.8240732779972827	0.3070134435794583	0.8185894229981848	0.0	132.2511647772193
-1096.6022206122655	0.06974534250107839	0.6958161424685412	0.10553640522642961	0.20188283575555252	0.0	141.45807865227485
-1060.2659583581526	0.07914164484625934	0.9236530001843481	0.15806382379384853	0.5075727128307705	0.0	126.42813616586365
-1101.050759170217	0.07482378157756836	0.9616588887599679	0.11521994480304414	0.15416320663854835	0.005813588855977035	125.07971536263267
-1045.009577950206	0.06999689700206617	0.7451007457277938	0.22198397694274197	1.0535631127396945	0.0	141.31187604287013
-1046.2100725688276	0.06952056949046366	0.7944946627263099	0.19657333162949184	0.9626901430943275	0.0	136.79160868369723
-1044.9885637446403	0.08489740596117075	0.7991698015824165	0.2943678668891892	0.7805508784675356	0.0	134.52937837416482
-1046.590992729581	0.10849963046054482	0.9559772967947547	0.557198265507291	0.6402695329493389	0.0	118.19927616275736
-1055.9298431746624	0.04844325513616529	0.5442077479060374	0.27225010950783773	1.8263885131402529	0.0	174.25312922275242
-1085.7717810318827	0.08558175791381221	0.8750914752769727	0.13824880139492848	0.23168608433954274	0.0	128.36757728659927
-1059.465589524443	0.09485312566542226	0.8231759635065093	0.16717397230109438	0.6276116651888988	0.001264966678003744	130.84783543222517
-1046.244257773154	0.10211173082872713	0.8840578465637149	0.3262936301685713	0.6931303737866122	0.0	125.64036480894103
-1045.2961680521955	0.0801905834094455	0.7903351824411564	0.23355815482137776	0.8360203977044216	0.0	135.73709490684638
-1115.1840588842501	0.0580900364716843	0.4365344228573399	0.08388578233766614	0.2661190896558066	0.0	167.33702547084886
-1117.159761824798	0.05698880855894413	0.9513653650752464	0.07590786375949679	0.08350821471835505	0.0	127.81698870076951
-1121.424300577992	0.05338876122985262	0.9752223650117318	0.06737627326524565	0.07308295590002084	0.0	127.3094937485821
-1179.785960535315	0.04741090367885951	0.6365031142673108	0.0692948823201152	0.2527253995425369	0.188064837696941	146.63582197584813
-1082.2019135498163	0.08904256973182914	0.6792054450154412	0.15775582040450772	0.30012797680279296	0.0	141.97241569949185
-1067.4003047147364	0.11508453328786726	1.415032160807062	0.27015341689335554	0.4671609004307457	0.0	100.02805543302712
-1048.754149657609	0.0859812013267553	0.832024692148451	0.20612959752101503	0.7082851627431942	0.0	131.52765974815276
-1043.3115512561526	0.08444966528118722	0.806204071143369	0.3479337334541219	0.8866263814729958	1.7503976039020002e-06	134.40954425266182
-1110.350244612806	0.06012333635625462	0.6904030597798622	0.08707470146482614	0.12414809234398495	0.0	142.19118060254434
-1063.5958023982919	0.0747900958360875	0.7789694903983586	0.1354725315110035	0.5026407870851466	0.0	135.85108107595315
-1073.9700717266433	0.18369605902628042	1.3536840800999193	0.3970845022210657	0.35538768962044903	0.0	94.75186709865015
-1086.4322042306833	0.06900225409290792	0.7806406255504247	0.1170918730035699	0.2681244017441813	0.005716762805310125	135.97168098245382
-1043.5459362607248	0.0781695825761256	0.7614337432809952	0.3024740516631081	0.9912374538658334	0.0	139.37752172707633
-1180.8330515671748	0.0855757062057472	1.3298138421918821	0.12179472027963939	0.5427392558901099	0.2197829021842048	110.36959275291827
-1116.033621207707	0.1418609459680668	1.2281297931391701	0.2663221330597237	0.2642465041161867	0.11221737510217755	104.60259176643169
-1042.959399469497	0.08282104046363463	0.789294500774858	0.4346468997828567	0.9255548814752197	0.0	136.44179252653706
-1101.2684611760592	0.09680662375296101	1.0297682230440575	0.15365640883264106	0.13607107312633562	0.0	119.08811841206885
-1065.790275917526	0.09903728372747402	0.7451606944296897	0.2282000487634502	0.41849816129288675	0.0	136.17886318630502
-1078.1831609437563	0.1296897148702682	1.1913190562772211	0.2752642830493177	0.26306820726607366	0.0	106.70720422344891
-1043.054828724981	0.08052055458897507	0.7697296800762742	0.38699075585396436	0.9528762248297248	0.0	138.6110242293958
-1070.24992755738	0.05258514056228774	0.706764885127945	0.09110023374796679	0.5993134738066175	0.0	142.55383803320967
-1045.0677787463678	0.0883157867440626	0.8307696295249023	0.273271753379005	0.7797537408137221	0.0	131.53909057014553
-1046.589316831928	0.0680642455457343	0.7289917945835346	0.18348390693849223	0.9844210117741603	0.0	142.1413349949441
-1137.2341336218528	0.0510852492167397	1.3917491440237946	0.0665034706699047	0.03783709912582477	0.0	115.00050464411588
-1098.989209525527	0.040389937612813384	0.557971885190286	0.06118426444748872	0.37628551455499454	0.0	153.14489336002248
-1119.3385461242615	0.08404679321830989	0.7156045994793354	0.12108162615398504	0.07771238647524865	0.0	138.59872385439112
-1052.9108236691918	0.11050399483348138	0.9878435284370437	0.2984436147511294	0.519523946379647	0.0	118.09529980515971
-1043.3651076162223	0.0858862466132447	0.8153988416629939	0.3574474023742624	0.865713727850001	0.0	133.3726757672193
-1043.3284013069072	0.07983719395628144	0.7756729255756659	0.3316904504181805	0.9736857556797882	0.0	137.97663666970558
-1044.001230716814	0.07865387136244326	0.7711462940275968	0.2647669914252263	0.9210399826000392	0.0	137.95926257205002
-1064.175026714417	0.0687575956602381	0.8311960983826001	0.12561054669409574	0.5178211968181872	0.0	133.06558242788827
-1055.7611246066951	0.11888969482244373	1.086862477964598	0.341824369998788	0.4730690631026266	0.0	111.38019967225299
-1221.2532783900006	0.00914708104281557	0.33667112672655913	0.011225703144254794	0.1017822986495097	0.11973094629370305	155.11958029316912
-1046.0863030758169	0.10409438625582179	0.9442956857281026	0.4038911937651865	0.6749827040829576	0.0	120.77864663079184
-1062.1859245261521	0.10431235001554814	1.0534534566863094	0.21239136588019356	0.4240000670504988	0.0	116.3697772728341
-1352.6853599310964	0.08023234167388123	0.8287706736444067	0.17204118095040954	0.5980575987498569	0.48885103848330247	132.2105858155205
-1045.942500505375	0.08961094754035523	0.9138020771913242	0.2829685681664541	0.7454495210248613	0.0	125.42815262734929
-1341.790772358113	0.06603871288596362	0.7414066329513718	0.19407638858171108	1.1183380803523268	0.4858945270353302	141.84500963144814
-1043.2060879765666	0.07851470945461235	0.7733534257412278	0.38378160138614126	0.9974980004904885	0.0	138.75230489653927
-1055.3374288330435	0.06714205435546092	1.010167682425587	0.15241741823370517	0.8767842166522483	0.0	123.61092471674442
-1056.6617806025395	0.10372446849815994	0.9677942585828473	0.24219421361003898	0.473290078314023	0.0	120.49879154805525
-1088.6198602175457	0.1099007426619947	1.3915110609272565	0.18761829381526365	0.25080825849670085	0.0	103.60040524730907
-1072.6720050412189	0.0430738239170887	0.7431118192077626	0.0756456938509302	0.730919044844442	0.0	140.62596001765846
-1045.1464527648582	0.07054867401494187	0.7449893387427637	0.21416915821377755	1.0185049569972833	0.0	141.03602826155353
-1042.9679916335454	0.08049977963603806	0.7701828451874175	0.44049541148598204	0.9623207270621407	0.0	138.79983053884675
-1043.3357742592502	0.08251320439171243	0.7885740839366341	0.3305602430263814	0.9066449279192217	0.0	136.21877398946378
-1085.522371465126	0.09919068147883217	0.9888883756097386	0.15588856790994052	0.22756322326621975	0.0	120.8185859624933
-1117.2139180046365	0.09086661062652043	0.7185111907235285	0.1451612888413508	0.12607753698047333	0.03005201928286884	138.11885463477168
-1058.3184947820387	0.09882426747449306	0.833529640827264	0.22067053416161156	0.47116874233425454	0.0	129.57070888408808
-1044.3535062025753	0.0724707706805906	0.7395986273726316	0.24721534048127405	1.0399547430968443	0.0	141.77874338182545
-1044.4058599444743	0.09944014528933023	0.9095012346362178	0.5948553778870627	0.72923161715964	0.0	122.72421972333512
-1044.455335722038	0.08109076285832811	0.7573354574807446	0.2594281272036699	0.8778787489228487	0.0	138.6519966357171
-1082.945595498324	0.10503010583424667	1.359439134168179	0.19225476449798934	0.28751894852908844	0.0	104.78038990886394
-1046.4102954274276	0.0683007574310173	0.7486838649425952	0.18679317492258002	0.9754438207721429	0.0	140.49815984875116
-1100.583657237984	0.04777866884053312	0.7338247735359613	0.06473515920893239	0.2676175485804549	0.0	139.65113755120862
-1097.1671715938585	0.08869283051121549	1.093043559058802	0.12876228770175385	0.17577955321453628	0.0	117.74804741946107
-1043.7319222233039	0.0899126529877011	0.8382071485444034	0.4587713211160557	0.7956286403972573	0.0	130.5317852965963
-1043.2350195389633	0.07910788785530848	0.7695996015556066	0.3457909007935782	0.9406259076594092	0.0	138.6146573420275
-1043.1182916991697	0.08515608984089024	0.7976544961809849	0.4008597063502814	0.8850621122629182	0.0	135.1166350171329
-1043.0598288584613	0.08939829309943581	0.8433897552990995	0.6539250807973874	0.8515396574658339	0.0	129.90425511695415
-1050.3183569160383	0.055686810236615134	0.6352254077026326	0.14437910786931446	1.1671029465524039	0.0	151.71455347826256
-1045.3379932645807	0.08977033805437361	0.7942654660929126	0.29455839201565287	0.7591435188182691	0.0	134.2101028628544
-1112.6985187711193	0.06673783442900329	0.6181102413988537	0.2785247539085357	1.3737505725726873	0.15845205897122486	157.5477032452193
-1085.3256006149486	0.07731298553402458	1.3003058149882774	0.12924848122964333	0.33649361509435	0.0	111.3744684961357
-1098.4832381874483	0.04532324563656062	0.6149520780512221	0.07347637449567637	0.28987130903819336	0.0	149.13416131667222
-1103.9719550936038	0.06834434553377125	1.0425823454665097	0.10294497065320128	0.1472252834065338	0.0	122.35339992680879
-1252.5702936306147	0.10445689042662673	1.600061924128857	0.24920680427849112	0.5713195084595307	0.3496204222429157	96.10221097347244
-1132.984930057046	0.03234646300896703	0.4843638568892713	0.041380529796528516	0.11854678789204501	0.0	156.5147846848546
-1043.571128841548	0.07808668372498268	0.7659571960439049	0.29276736010331333	0.9585751073956794	0.0	138.81629524337242
-1054.4367281026152	0.12383109438700425	1.1042248079297718	0.3403241062853692	0.5072002867158315	0.0	110.19016120061775
-1044.766178133831	0.07949927310717134	0.7799526714343281	0.23911193557790275	0.8805156805942032	0.0	136.80023039358318
-1050.1836343250486	0.05477642011238016	0.6349576364174087	0.16807014400858858	1.4242194953275547	0.0	153.59972550930914
-1122.3532139862339	0.0533764576000957	0.5225182053254152	0.07538409590861786	0.1193472346192518	0.0	156.46846120976195
-1043.3069098911735	0.08739946628102592	0.8023688862758235	0.4519286002100802	0.8450497038034034	0.0	134.2127891406457
-1044.8924783284135	0.0698684080216559	0.709679490944025	0.23490549188103402	0.9911994948812812	0.0	144.69677156581014
-1067.7811674105938	0.06475653714540718	0.6555390663793341	0.12427589242862747	0.6374036630685233	0.022873466291506536	146.64029270408793
-1050.5468552658501	0.11206472028917146	1.037267898516079	0.36289144154444897	0.5639688994620139	0.0	114.49809438605965
-1042.8842870439908	0.08280358969214674	0.7880770999582056	0.5278142902859767	0.9324979743230152	0.0	136.6827466414558
