# /groups/rgutenk/lnt/software/anaconda3/envs/donni/bin/dadi-cli InferDM --fs input_fs/fs_062 --model split_mig --grids 178 196 214 --lbounds 1e-3 1e-3 1e-3 1e-3 0 --ubounds 1.1e2 1.1e2 3 12 0.5 --output inference/fs_062 --cpus 10 --force-convergence --delta-ll .001
# Log(likelihood)	nu1	nu2	T	m	misid	theta
-10956.626313226587	0.7701010836612269	2.009586264270156	0.044327371156331126	0.06078063929958684	0.05757265670525669	2575.7504450313872
-10858.841853639242	0.8024900332508806	2.3469881661290493	0.0516596018135779	0.26889668127596594	0.062046213654513745	2447.8477232048376
-10672.438379363824	0.8996598808783177	2.164968585534492	0.06072172502166276	0.6343105201624374	0.056604518757184245	2375.637399813689
-10608.6919006138	0.8472125851980614	1.678472545119132	0.060188358165550564	1.0395810072161984	0.049618334819234	2502.227040860139
-10902.482047445512	0.7344070319755893	2.1521250583069196	0.046407213514111936	0.17239554054356773	0.05320243650869378	2547.074279146151
-10965.166437420587	0.7458646776569443	1.6992087602765364	0.042785208784441864	0.1849787438500973	0.0510262514695279	2659.7340753951053
-10920.58949797285	0.8578409206476373	2.268490591773786	0.051367827349838954	0.12208119807821222	0.05525818236400597	2443.4039793184243
-10765.346906388888	0.8958388130654008	2.425329255322727	0.05932015291486858	0.45100776990464403	0.05673538111741238	2344.3823993159235
-10895.463586557487	0.8224369460713994	2.1587382601853946	0.049606048434904446	0.16925992267339168	0.054463356308969056	2487.458000018852
-10822.45853700563	0.8098495500363218	2.26508509495258	0.05055253788428581	0.337105719553275	0.057375786954254424	2466.517473055286
-10927.669888232916	0.7990502957702281	2.2670840404166377	0.04833369232005014	0.10062421424750571	0.054579072178151423	2488.448063268016
-9979.192358642056	0.9557924615793121	2.2917323287751334	0.09727982338042124	1.8166912603481984	0.05329077600002775	2145.8935010622254
-9222.670777185933	1.2438723426926273	2.737187148731568	0.2782250981278126	2.577208902782127	0.04375139600785042	1597.123088007664
-9382.529832838913	1.4093433762665657	2.9153254850585424	0.25569970837021916	1.9279029178101155	0.060125374432298526	1551.2400926396372
-10872.392846029723	0.8508163103394809	2.133880220511535	0.05214209771902255	0.22609299999201418	0.051936265455610045	2461.973703065993
-9987.382225322928	1.30907037014736	2.8909489319457533	0.1337291231437736	1.6432425677151707	0.0738845371544656	1816.691031799554
-10874.904659230533	0.8148946542427195	2.31327574925168	0.05120580582048858	0.21427757370447942	0.05317892379165944	2452.2754362014075
-10908.696949878504	0.7862096419740533	2.076820520750175	0.04744404858550987	0.1478169857044379	0.05372184055483583	2531.9951756359746
-10746.215216541203	1.2711974385970333	2.592056351957861	0.07486839590223167	0.7246502898046616	0.050882139158585804	2113.3424835737574
-10612.708717995678	0.9213999511594375	1.5152309576593475	0.06132768852430469	1.358055196776725	0.05077033350600018	2509.506767517158
-9281.796417339738	0.8829917113887097	2.094402060020672	0.20606987600286153	3.4192142498215095	0.06396812897332341	1961.5197827894226
-10935.244727725454	0.7788091687173351	2.1408256226110187	0.04666352742974906	0.0840560074899742	0.052936256570668506	2530.1697251847613
-9277.979379111817	1.2375518872339784	2.4393225166362456	0.2910517655013004	2.0872936343891695	0.05846650360796456	1638.6582485683175
-10949.276337268035	0.8314630971273501	2.2878640932968506	0.04940935017992682	0.05962480978004251	0.05520243349597604	2465.0553680312955
-10084.841835307758	1.1812685095245519	1.7891749146986933	0.11241290954190854	1.9106136400590017	0.06168447174683384	2127.356259742266
-10596.11457165244	0.7770846097730054	2.0214104706711984	0.05844758530054213	0.8702141368898016	0.05431102074400037	2463.5064721037425
-10928.76282085032	0.7921981658748737	1.9594104601280165	0.04774507781943441	0.13344649802573058	0.05687046514396767	2548.7911083022327
-11051.749004938245	0.6269351194109101	1.6075245457857559	0.03787052151178863	0.08330156213489831	0.04763033693053667	2772.8687851999766
-9808.997158994407	1.1843618927116197	2.5996712882097084	0.15840050585680523	1.6272303218006725	0.06230066479315778	1829.4799994762689
-11085.262510344972	0.818275198232004	1.4878831463023305	0.043665869630694853	0.1778929243138639	0.05625802315658641	2674.2942916957036
-10900.591981551232	0.8911718182056586	2.415331814607168	0.05431144012245384	0.17808978534319062	0.05419340228730385	2386.9955834878924
-9844.533915707692	1.192295114615675	2.948860229025618	0.15869554168376118	1.58391338566559	0.059657832662362284	1770.434520965783
-10913.351615421672	0.7799270096921863	2.36266386117914	0.04881722953380745	0.14557421038947535	0.05568770124570161	2476.5186719775784
-10903.402613417176	0.7702345782827743	1.8153369846897727	0.04668051438435511	0.24868805228445123	0.05741086849938921	2594.432809496508
-10859.947451387085	0.8146497861828886	1.721250691831021	0.05051932546070859	0.4347922484015078	0.057030781223040276	2568.0397921393896
-10910.965091331555	0.909064139494997	2.5256944636372087	0.05495014095778966	0.17898280374206607	0.056542619526456596	2360.7649432001476
-9031.705627480713	1.2861534173991895	3.5183442687198268	0.47800505281093236	2.1253927500684653	0.06299699395237678	1307.7898517217563
-10685.459294306625	0.9398629957616017	1.914549813372794	0.06251664403821124	0.7003273811049944	0.05836530441782271	2398.7727558442593
-10994.716733675285	0.6931064559592173	1.6535866855200367	0.040620831889649676	0.14417212628954928	0.052571729981322805	2709.6370878190473
-11467.806528226742	0.4641041293563256	1.1073532192558202	0.027266008020923847	0.002347749771206731	0.05252380804868191	3089.3998388605955
-10690.764473252266	0.7701973803345736	2.2327120411840844	0.05689573306006629	0.6913391620381363	0.06662738342568075	2436.9080848479707
-9516.510687125978	0.7988169937305556	1.7535358727403978	0.15494058851051964	3.367551091147177	0.05009151202440185	2192.351484383136
-10646.338677824191	1.075408488708482	2.4659269173503606	0.08127673774819325	0.6744447195337114	0.05416483461273796	2148.5210048589024
-10963.71917169735	0.6899230924148178	1.7757039074729553	0.04170546532131921	0.15164857893795636	0.04802522428014545	2675.330302971852
-9112.702492805096	1.0102198518433958	2.2182741638294963	0.3044527858665797	3.0970966130480098	0.05807215806586846	1756.3178052363203
-9285.790658835205	1.080388301517884	2.5606556800389337	0.2313426184629527	2.364035738373235	0.06031233850763917	1737.7932829468336
-8969.54477285927	1.1701494087878348	2.6333791676203684	0.48558147601995166	2.708097837359292	0.06926806915516466	1477.3264633237193
-10795.7369614172	0.9114091057348843	2.3388390482972325	0.05910973646102655	0.3868404239866326	0.05329304873183187	2354.8370502880603
-10952.883827050551	0.7511506391900512	2.231886622058144	0.045703748568412944	0.0524771120213184	0.05188849105577726	2533.58693624612
-17021.442120851243	0.6330114264367366	0.8598942016989428	0.029986041560359816	0.246732287714505	0.377745762032997	3069.275436048036
-10888.817403203422	0.8452666852139792	2.4391542794128607	0.05209165998163241	0.19917876911081125	0.0541833792480024	2416.006325627203
-10222.091580806893	1.1232674382132277	2.254320524732279	0.09870884888915588	1.3058080506188074	0.06237490779567331	2092.0032753297774
-10939.410216704018	0.7387638036916628	2.0812147129268	0.04433208932548597	0.08675152785187208	0.05303083193414056	2575.163840640848
-10427.330391207572	1.0427516244555588	2.2747962998668867	0.08234756366602566	1.014775998004931	0.049103307812330785	2185.320425519402
-10945.867023648845	0.7778246439757686	2.01714602920861	0.04457302141818709	0.0874791649582418	0.05698815754007446	2569.484632380265
-10951.82675576078	0.7629417977778312	1.983327839775121	0.04590585582645582	0.09012569027526435	0.04675496365367528	2570.080923144831
-9615.153746432783	1.2727433086586688	2.5849408742534385	0.16184697438050638	2.197668470219799	0.05351718166004012	1800.7218864303225
-10890.861744732269	0.7456803483716106	1.9272039247400177	0.04602599602605513	0.2288232142153964	0.05418285179252129	2586.600765443161
-10980.35848362276	0.7116995971288218	1.9125952425002728	0.04291839494592991	0.035021855477961654	0.04969003732089017	2628.394663981007
-11001.928692517013	0.763202352544826	1.6958791142282925	0.043424673849050945	0.09127202087789217	0.053515080004779746	2648.317422053551
-11226.986763061985	0.657200913524197	1.3176560383556122	0.03630323893971639	0.001	0.057710970673295794	2847.1314965080082
-9060.438724649617	0.9774278727467011	2.332686892561679	0.3657097180949893	3.2657937990952957	0.059971480534380936	1690.277983609595
-10875.579018448778	0.7563784427693802	1.9069914885214778	0.04661332044717796	0.2691660736859599	0.05467506204078418	2581.7263023836485
-11106.287120143721	0.6622689165042012	1.4959659467609254	0.03786940942345238	0.017783831907418227	0.05327272125970007	2783.629179999326
-10971.884871043376	0.7711129006047758	2.136495620769132	0.045374190672802704	0.0038094684438447035	0.05252601113454558	2544.5038531948526
-9288.071834873379	1.1451777519976238	2.4235875084687613	0.24647547470162345	2.2642692203368497	0.05765416303734856	1723.4259499692878
-10807.35380755109	0.9029552131959536	2.2324668273992225	0.05647574726253675	0.36423736706323756	0.0561959480231186	2394.0110011372462
-10962.429235366097	0.8581096660746885	3.2464279733560337	0.05802635968923637	0.31778841986247386	0.05383824368158564	2266.083113162282
-9097.834512291745	0.9911897769872369	2.3572719977903356	0.30439131377797557	3.157513170991506	0.06042860617843645	1730.9306197401324
-10485.678939281808	1.0213044074564066	2.600657356351247	0.07876494340228063	0.9188954579158476	0.05683952154609016	2156.655451461735
-11080.68735277441	0.7702918358791002	1.3835416222355403	0.04393538485587065	0.3434964182345022	0.05239129435160129	2720.6857997656325
-10669.046280539973	1.009168539035997	2.3280369108263086	0.06712034331901481	0.6333752660793376	0.05426747393257541	2270.9797184250438
-10839.068697672403	0.7489440795653044	2.089679419044752	0.04918755571410017	0.3248532521419997	0.059519008295514174	2530.005585566637
-10832.460226738896	0.8649774304618596	2.0684231459600997	0.05289364734574397	0.32367029279373566	0.05345454214289839	2462.433587315088
-8950.203262235878	1.1865844424135936	2.7822814776862423	0.48133988623376284	2.598486247292619	0.061296929671520874	1446.3546702436709
-10289.382889100503	0.9698352596096886	2.3605553493182367	0.0834945894949403	1.2581239454225501	0.047876299061524144	2188.0139187692635
-10729.446662470202	0.9715218500167908	2.3391342861377575	0.06386819183869341	0.5197923378989721	0.05503557477950621	2302.0784925159355
-9978.345566368607	1.0175655417655	2.8398199212349278	0.12651419145086976	3.091971338436373	0.09653899284036543	1930.4502791242717
-10957.252308308398	0.7952604293686341	1.8580075685756183	0.04562645568426394	0.10608733231462907	0.05235536133751124	2584.1835842684886
-10451.10986871523	0.8543780471598723	2.8716761942321924	0.0795725241939083	1.15621616075615	0.04822601636264571	2166.3942459640607
-10936.83500023951	0.7715511304825138	2.122407570103947	0.04621789513791486	0.08333349051042252	0.05196178427443901	2539.6777417330372
-9012.529350756384	1.069156027642702	2.5687314001289714	0.38446561541680624	2.888262117025225	0.05991052679634474	1587.8079258798741
-9358.075265902047	1.6456449973563352	2.79698298321015	0.3729238461673709	1.6806681939157093	0.06348011047579251	1398.3351712410963
-11022.275304053992	0.6908348043925019	1.7362372093039642	0.04060819275721417	0.006422093513516561	0.055430327919392376	2692.264312583304
-9240.996043273653	1.4296815141627492	2.4614340116647324	0.3177835412067712	2.41470935706788	0.07034582341772777	1555.0303144392926
-10816.186426178967	0.8180510084534655	2.375797104928814	0.055754944985970965	0.3598123141867532	0.05791823249325484	2405.5150163074345
-9032.216422962832	1.1759037711755473	2.720657567682072	0.3622842407364164	2.634691773987823	0.06312732674427819	1539.7352598275827
-10866.021239310545	0.7689204849909634	2.13764024289738	0.04742072362258495	0.2559830348414997	0.060221631756016365	2528.1591745416054
-9147.867497969502	1.0378398004446252	2.3136683444412642	0.28046904808992695	2.7302350705867093	0.05665044265699544	1745.713743695058
-11037.477695657673	0.7795320090518254	1.647595421288733	0.043542694461098604	0.06111251356561497	0.050280003967357094	2651.810904592012
-10968.247961850882	0.7339158180611938	2.06391119107618	0.043912061832208936	0.019666673587875928	0.053812741485168125	2583.48458719761
-10954.244090630264	0.7722258006843316	2.074176382351682	0.04525581174939	0.0480046826215309	0.05457241192562639	2555.7008257926723
-11105.79730735617	0.7463410476908758	1.4539063420300453	0.04189134673288351	0.12096330687461994	0.05716189386942381	2726.23378389897
-9891.64163069802	1.3355108846325527	2.7455248622406114	0.18015488685940206	1.4344025750378775	0.04811463241409732	1716.913753656213
-10044.921065168493	1.0160978847996414	2.4115289954028345	0.09257598978430422	1.7825820801976253	0.06165215608584691	2122.9539347209375
-8874.969621869557	1.5605114322266291	3.700652885985368	0.9354054330175228	1.9630258788636479	0.06399814073117997	1067.5129645090256
-8890.919528696835	1.4157837181217083	3.442591865267669	0.7058661153623508	2.156571274452164	0.06338998158103287	1190.5692433734205
-8990.329841652365	1.2017578700369131	3.1782322395960443	0.4493695541845036	2.4595724971372133	0.06028721238134411	1395.141460003129
-8903.069403443636	1.2790164016169352	3.0371371054949394	0.6391353955692529	2.386491428843606	0.0623935125352133	1304.879345369341
-8885.126595228438	1.432148682102099	3.407605255151122	0.7369811761157028	2.1259644201108396	0.062447702556911476	1181.2099018469075
-10936.366776498746	0.7920414057744177	2.203237090632658	0.047512957222595846	0.07936238841462785	0.05476867502506783	2507.9987760764725
-10829.168036208537	0.833130528933401	2.2120194453588096	0.05265957032979042	0.30338454708152146	0.054744903030162904	2450.9761566719108
-10725.028943185345	0.8560956079778956	2.133117334239969	0.05715895453114938	0.5386235142919491	0.05376103216019514	2421.228534337896
-10927.76149416383	0.7410307906281974	2.0525854508460055	0.04552437230231601	0.11625040013255748	0.053992413276123835	2569.059988852736
-10850.642053217989	0.9481693572463168	2.476196635253896	0.059788369439853696	0.2959884965931955	0.05679644758827064	2318.760625610052
-10498.609092933197	0.8920554809151913	2.0515609251013758	0.06618757059978644	0.9961989643096434	0.049981465940844794	2365.5107252352623
-10973.482700900797	0.9078486908203572	2.398669100863381	0.05505324968660734	0.06292401348035696	0.05180367033700578	2378.3133488642106
-9718.259623444528	1.1660722332949207	2.7607331805377604	0.1501031579587139	1.875549497661866	0.055840021603887825	1828.6326264563825
-10780.779951124	0.8509699769201183	1.8674112110617667	0.05229867889138372	0.5355256400928758	0.06015917427596177	2508.8078454287306
-11324.100691476284	0.8266492032352692	1.2025743051003017	0.04026341527719692	0.3237619891498179	0.06010995651803718	2777.294755690129
-10689.783560120444	1.0408610504946785	2.2798277750603444	0.07091473513410405	0.6092722779266344	0.058966231924840455	2246.590827960918
-13324.812180415911	0.8973586613951756	2.989238802570742	0.06856509183105627	0.6494591288429308	0.2615141371334533	2202.891777800113
-10822.884974658751	0.8864264394596356	2.6086540066694397	0.059354595939556026	0.3663035285664703	0.0550123172990518	2321.4500181145927
-10574.384152672344	0.9414803788002828	2.5812026810422495	0.07656623520262383	0.7971274932058672	0.05289775783690854	2196.400517767007
-10949.668651706303	0.7806831099960392	1.7957379792760026	0.045856261401905296	0.1547324086797276	0.05106773259807635	2600.7332963316967
-9331.689087300021	0.877661918879197	2.386775877005933	0.2173971615748769	3.632998320015567	0.07922022373253756	1876.0914088462648
-11452.025875285204	0.5712881570860198	1.046946700372432	0.03256843104458313	0.2848818479708363	0.06430966660894159	3011.118376917669
-9771.98378905752	1.333209050451931	2.2702011318287787	0.17976681848061696	1.7409683006270589	0.06762927665597013	1803.8568376595454
-10964.491852385909	0.7619229737369969	1.9557650611252853	0.04453749346764903	0.04641637313027705	0.05571790623462097	2586.8398498963866
-9879.969882661528	1.0304652239266905	2.2491248158283077	0.10675102633242853	2.110744207634456	0.043588671061460756	2093.255350940294
-9461.382215124519	1.7255688903098854	2.5616852844750597	0.3253533965744141	1.8799300439385545	0.05775763372278851	1460.4907256263357
-10406.926980152159	1.16430490138451	2.8735758650542507	0.10469804368500066	0.9907018734614079	0.052180126264759895	1955.8962518300402
-10916.740846058414	0.8135887082425346	2.234974389601212	0.04895958279052887	0.12277470282971639	0.0555953170005609	2483.26476432034
-10145.09164339944	0.9913379311438674	3.778078054557815	0.1258256265107753	1.8590668370764063	0.0573890032266709	1816.6043488450568
-10956.713992921217	0.7648472454500596	2.2119189335781053	0.04558221664894367	0.03775635059966439	0.053872028727324564	2532.827760697152
-10919.741149850499	0.7750974146536529	2.1046220205223607	0.04712873812607195	0.12379165462064474	0.05168928865340126	2533.7863502617165
-10892.228254046295	0.7771139996785501	2.1208379588358097	0.04710042722450513	0.1855070976954318	0.05712631910183498	2530.5895445724786
-10971.135935016226	0.7798153793951701	2.186684378393677	0.046145598155157536	0.003928455275345307	0.05497777922603018	2526.5072262506797
-10896.778920843995	1.0217512046475181	2.589943661052236	0.06664716326542086	0.2792008536982461	0.05878104050726446	2233.6328414210207
-11065.943300335191	0.6375600336102806	1.4768473077879227	0.03756210502310879	0.18484638889027133	0.057713669239773044	2802.8588316722225
-10935.408563347059	0.9329218221713839	2.5489038711173144	0.055539799748042205	0.1468783333112208	0.05203903317365391	2345.740881306495
-10870.413677819708	0.88364940276309	2.162413802960828	0.05583281446041836	0.2501239809893896	0.049998144440627224	2418.457958835836
-9308.974931287605	1.2867030619029025	3.321440032436068	0.28882016652629444	2.060080565235353	0.07165148941987248	1482.9778727913404
-9527.348796415847	1.4157975511059657	4.014285097868119	0.31143959944490207	1.7694500266716098	0.07897739172250483	1348.660539445108
-11107.442907995297	0.6150905224413339	1.4795710134747397	0.036917959818657774	0.06793602574735927	0.05153504138317339	2818.1886452680606
-10681.797541693517	1.0397413976655037	2.3006336228732884	0.07065632480977102	0.6421140813592657	0.04529073294722018	2244.819808949862
-10831.173405831127	0.8404826787453502	2.0603462695417347	0.05326226492487069	0.32470791147563544	0.05555885491340673	2469.918364862985
-10499.752063484548	0.868023509490968	1.9114440559114887	0.06864627446834137	1.0955724233861344	0.06926037619315775	2390.636248086502
-10997.09011760994	0.787902832522031	1.8591760096657735	0.044246030038808004	0.010977676829276748	0.05601319401636335	2597.9273748001806
-9558.494855894942	1.4246812475347772	2.3508071649954556	0.2129041758404214	2.0067255863434275	0.05581019646446504	1705.3165536717188
-9773.48423783804	1.6051710424947372	3.993998336615016	0.2529832828648244	1.5131799682595621	0.0587425488773591	1385.2243904763864
-10480.120107417566	1.3406006330150053	3.754771093665712	0.12460500834562638	1.153093975648827	0.07758868718013805	1738.0120622127356
-10603.786387961714	0.9300158643357643	2.0316185815343912	0.0663303327514981	0.7906043346379851	0.05221388289475059	2355.210252927364
-10793.902851626743	0.8609498140734473	2.0675248228958063	0.05436047573275779	0.4083841808692309	0.05554409714944043	2452.164654750534
-9578.959740288215	1.8400054550777267	3.7224836572636475	0.45085132819600826	1.2257408760247042	0.050904209563154716	1191.5292584892807
-10998.469979357675	0.6908472208660211	1.7442159781126694	0.041020187516426915	0.06461196891845748	0.05197072756731952	2687.210934008014
-9292.033142078957	2.0750947889760742	4.467504886819788	0.6348779371884308	1.2802239427563946	0.057140504943933544	1004.2080114137492
-10421.0920270779	1.1600177589837832	2.759217628403989	0.09688631748858759	1.033722646072553	0.07308294190887793	2006.0417079333572
-9118.82153809129	1.5520652064111324	3.2681150537493333	0.43059913047824644	1.8533028038711894	0.05616161528189842	1310.064198205002
-9282.82430073936	1.6116407623895581	3.6730018691123623	0.47289613371435113	1.4792626815591718	0.06333428614399264	1222.2290683062095
-11363.929060401792	0.5392533587304991	1.1325991618924465	0.03079771071862068	0.16187601925801715	0.05644052425273586	3009.7484711279035
-10937.411574679465	0.7655382855715352	2.2205893905107543	0.04635358283221655	0.08217174863532187	0.05256955372333615	2524.5470020021844
-9327.355365612328	1.5878325495147418	3.059108742519366	0.3073323805267123	1.9285335434912332	0.05536130241112413	1431.8222414310364
-10476.686697952022	1.4088062299077837	2.9102809602687354	0.13270012685191265	0.8976409150523194	0.05701359599082358	1793.078530861498
-15978.763194609952	1.992499357815994	3.06761510808562	0.11094920290995298	0.21343872170728131	0.345438503347368	1748.945173479633
-10801.596780358961	0.7551409721129254	1.8661941218347782	0.04653403247535576	0.5162419159935757	0.05872193576189589	2589.313649735517
-9934.737178006297	1.3737415318348694	2.4789820530581737	0.15981982101386674	1.4911259766838107	0.06436383154153798	1796.103752058602
-8889.048815328444	1.8320297777921417	4.291127965714878	1.0855187772008075	1.6575532336852525	0.06332092996296915	935.4001628383852
-11038.477893483012	0.5991972858246949	1.6928788655943725	0.03652897027668184	0.07485508778005048	0.053223926230546684	2777.9660030910027
-11106.555229671305	0.5463413053858497	1.5417848055375676	0.033524549274873486	0.16187855560458136	0.0632240013904292	2865.431252017467
-10574.246237406991	0.8446190717455846	1.8873563267452709	0.06383778870377572	0.9261730230127873	0.0536091510719736	2432.1560506704536
-9945.856116613837	1.4054639760330618	2.986730537948688	0.17312787023701054	1.377640085874613	0.06357046009905848	1679.2347727650483
-9051.344966618588	0.9926962027483224	2.394265131367547	0.3605822214195754	3.1740253997980252	0.05962310770559614	1673.2459160266249
-17674.78610091888	2.7587219083056764	2.638211436288037	0.26928979626729654	1.267974789921817	0.44481707344553645	1346.0918670271844
-9056.24354974029	1.1844896823787203	2.8559914765989225	0.3561060764770967	2.446388865640257	0.06589649181448243	1517.326333395531
-8978.60315965218	1.1370792410444475	2.7573554064887156	0.43724623778287397	2.800845100124412	0.061404136408222725	1493.0801835911864
-11241.741893596167	0.7665516743842885	1.2944117515890625	0.03983649764443106	0.12135617206250017	0.05802293432118942	2777.7812712059426
-11454.333313886895	0.4319334853625639	1.1408090176299786	0.026466455958341985	0.09821210241581368	0.05505532789147835	3104.9266608316943
-10859.771429505754	0.8204597934338455	2.1407090553884935	0.050743976743467964	0.24539209205895232	0.0543705798425711	2482.2324475050923
-10292.238605726654	0.905950428096703	1.7362695324847637	0.09115706566597402	1.5523250425513155	0.06214792436469452	2317.942493762604
-10617.884694539302	1.017997068252745	2.245938528583506	0.07343545002424205	0.7185581796642266	0.053973253543826635	2244.982464008336
-10954.883842501793	0.8243584609488809	2.269686398730918	0.04871134812540006	0.0457667102094449	0.05424197330426828	2476.058157544543
-10538.30400478643	1.0415409444297936	2.4217787847018672	0.07493354386206327	0.8774398177782988	0.06779505198154219	2199.470669434356
-11663.650768599258	0.6807194176602972	0.9577656013919279	0.033507337811636916	0.19279141988778403	0.061116027149657554	2980.000449715107
-10093.007050051137	1.549154511617477	2.3172536210436574	0.1532873693521739	1.5774178575282796	0.07822684884486583	1797.785612415146
-8909.27012745679	1.3365338799144708	3.014845430074354	0.612318353653679	2.2916016806785646	0.06327639439923288	1303.4529651545083
-9011.03405048812	1.7487318981039741	3.7586421195258217	0.6880093069119109	1.594568250698534	0.06057653567451975	1094.9603647343117
-11238.653036931115	0.4807836379176661	1.4075893759540736	0.029681943616008812	0.05575981662124331	0.05426444233872892	2968.6343466766234
-12005.58672028749	0.35437742758295926	0.8344160859110983	0.019047846279602997	0.0013967552650467558	0.06606258713550649	3323.547148568118
-10808.498458902244	0.8025400303606167	2.276056036940381	0.05334815545420458	0.3629626973076163	0.05300301259526997	2445.130415796233
-9254.156535182581	1.1038136891913657	3.5047697100448763	0.3142850687848459	2.580787650068844	0.06336421251269558	1481.5877398391074
-10189.519523717168	1.9306367309338546	4.109046903468717	0.2172241530001957	1.3417278163423316	0.066432016887458	1379.149109127718
-9314.27116348837	1.0240043180101486	2.921086337359739	0.22371241980114204	2.9627910287108503	0.061972060460448286	1705.3870984205537
-9007.37431206202	1.2079151879147663	2.9975242969800555	0.4051579933366736	2.5060708946811934	0.06384784978516189	1450.506401078416
-10973.468450794011	0.7823831823513507	2.1147612010306576	0.045674760939180645	0.0010726179639569766	0.05470334320151439	2541.4388056991716
-9315.896425495752	1.2062376249899776	2.917189517849394	0.2361293690123813	2.278796423599382	0.06479324811195628	1630.2903730579678
-9575.361309195327	1.1112846531135496	2.9197613294508327	0.2184665972459215	1.8261511179685717	0.0666063694419339	1681.232765286863
-10488.965501000013	1.0515024806970905	2.368225927448772	0.07994298949975547	0.9012155665017476	0.055284810988212675	2178.3485576787593
-9472.921035321573	1.4331769622616966	2.416472453301194	0.24374617966695397	1.9751665397248133	0.05471605236695474	1645.3978655011385
-8905.01993224139	1.3120052956295647	3.0697379111086422	0.6269803102756736	2.362457986115754	0.05859552418553414	1295.9569008213412
-10766.490869955313	0.8497814012167628	2.2003857963739604	0.05820165983607046	0.5249574259708497	0.04015038094208488	2404.356627894217
-9357.58707411909	1.250491911923161	3.686134504073148	0.28806394005651587	2.2888429674100363	0.06324056494200744	1448.1011950335687
-10989.201437794298	0.7241680969526026	1.7055179871090076	0.04311970035466215	0.11235125799159	0.055778346438758085	2664.6500821471413
-10099.38293177527	1.7264976461884916	2.4800461984487816	0.16137254507411197	1.5958534106717486	0.054270430929037	1712.7446527224045
-9037.618815214058	1.0178259274974075	2.972148503092357	0.5936721907968624	3.2164695349573917	0.06513013409819356	1419.3145609673902
-8943.611663348944	2.384109157499239	5.7177787512137765	2.1016770268551483	1.2391856470374245	0.07167335191487138	672.2715567644791
-8899.553967265547	1.3047995972671678	3.1776472320930966	0.6498807171156105	2.3639978788179103	0.06125935086530202	1273.16173735853
-8901.01874208596	1.2872803823857324	3.0654522040296106	0.6605474421664602	2.417175052409861	0.0618990257457973	1290.7342445512634
-9020.954140033178	1.008306938588974	2.503337429325887	0.4029723791147333	3.12041998128783	0.060909650343237066	1611.935816808508
-8875.781494103425	1.5223634355738362	3.6480383939799266	0.8972608223704366	2.0183246615704693	0.06422058006604167	1089.7774444110823
-10829.298097977104	0.8612220716455847	2.208547910758422	0.0529526060112807	0.311020017459203	0.05625619359107263	2439.236280668276
-10778.79842212624	0.7241261367850504	2.2934257485779908	0.05246393287712196	0.5142630085716504	0.05939298755801343	2477.6809810231803
-10937.44080196745	0.7919201398452148	1.747103884650335	0.04598999894173644	0.21554403748361445	0.05324614860253569	2605.756030050497
-10900.64413501589	0.8445739672415615	2.2248471196805473	0.050863512687293486	0.15903576727749336	0.055426401445469016	2458.851103907871
-10962.996694659785	0.7811424707203845	2.1080514949664293	0.04594898456620808	0.02475603595793124	0.053496644396589826	2540.7282317061977
-10438.760685598476	1.04411007466266	2.3482200515959355	0.07899669234621615	0.9948185193929914	0.05633432396808445	2188.9153182948453
-10799.467270492147	0.87942136807692	2.26916701158966	0.05670701661238242	0.3737655321393991	0.053819910427507646	2394.0991742722786
-11033.522717347952	0.7741426512156382	1.763383452613373	0.04344785156686048	0.001	0.06396891002847742	2629.177171499609
-10952.571261065465	0.6726055892844613	2.0981030029016026	0.04263674709216001	0.09916459142752174	0.05547627003158929	2613.20507307297
-10178.616195237948	1.2061137924327519	2.85597541211231	0.12907461654589114	1.2153949307998215	0.05499395296606503	1861.1056509730208
-10583.51834864074	1.041311087932807	1.7381484636091007	0.09507071163831508	1.153428235531609	0.0426175174833377	2249.299360926041
-11094.191315468775	0.5877961158112214	1.7351210808168605	0.03401575640149542	0.057369274143274473	0.06903824138525792	2797.0400363911963
-10606.3478309405	1.0634039478188453	2.5298808581899355	0.07689427998174343	0.7658956641998307	0.06933609709481418	2165.314801585658
-10534.224440915332	1.287009814579484	3.608376357786904	0.11697558228743789	0.9635838680289869	0.05185294655041691	1791.36732185886
-10868.386422582473	0.8522366120247507	2.7031795201724456	0.05643814380107664	0.29471444383546586	0.05533519307332695	2343.1406829334906
-9224.165835211892	0.9111928621470431	2.2334293812266317	0.2273701079851159	3.156585766807343	0.05475704679566685	1881.5379517135639
-10907.945293379085	0.7654947004702191	2.3168840885822948	0.04750230804859421	0.15709758740553545	0.052846889576454774	2499.768829607743
-11115.05416679012	0.5849700296837836	1.2443153354997611	0.03686941885391001	0.6305589151304981	0.052118202541245266	2903.8324589046565
-9554.203419472804	1.0780674767467415	2.588677143286615	0.14961357930713948	2.536125319778648	0.05753273140635303	1886.868177161051
-9679.364991116161	1.022244055709398	2.4976138151416007	0.14166639930582545	2.041553921568227	0.056230090295116525	1940.5569272176303
-10742.56993225529	0.7860561663100942	1.9618239242728377	0.05246846993866372	0.5658064850087149	0.05108698561317244	2513.1588019448304
-10967.697377428782	0.8002307676031148	2.1586990084008133	0.04707904350016636	0.01477952156083386	0.055885393021385406	2515.8459777224366
-10882.130882453854	0.8300286114841777	1.957786905042634	0.049982561916738145	0.23827315348997236	0.05322640809173759	2517.934569248097
-11278.689234688029	0.5623351674512833	1.2416149247434225	0.031680203837791056	0.05989076942350028	0.05451642751962361	2954.084600164059
-10212.873195967582	1.992222152122464	2.9187708485884167	0.18495591688856058	1.4817864819749205	0.07073927221679224	1551.592315204277
-11167.299840605267	0.6593274065798492	1.3823399645912398	0.03549014347142866	0.056455742403161924	0.055985301863715455	2833.9420772388535
-11212.693195870415	0.6862429610350258	1.3316904157865563	0.03676567096384906	0.02448020469082551	0.057010950213951306	2825.6593933403683
-10591.172708300184	1.1732386506179902	3.80496693544656	0.1043770999831621	1.0225059283066709	0.051746774202111344	1849.047341605768
-10786.222310689638	0.8220747722280677	2.159701509796768	0.053622291777190634	0.42094176938912353	0.04901966829367792	2454.962138778964
-10846.904324637024	0.8737298259294703	2.1914961972620155	0.05377711778844684	0.27269195115592526	0.05545475375460752	2431.999116142062
-9807.25939052313	1.1046138957159202	3.8843569807499287	0.1833906233713675	2.1559934501570495	0.05642170409304965	1621.9981190652643
-9131.009086734537	1.3559210169131863	3.452569952456849	0.4129184409611073	1.934592186611742	0.0677697832110805	1339.8403314998873
-10668.295470641238	1.0224726291515343	1.655393492005701	0.06846570442695843	1.036505312694329	0.04505565208540065	2395.481782229517
-11143.555803227098	0.6489696977539235	1.3681918231656152	0.037223004374769046	0.13598594476270792	0.05489816109060014	2829.6344777109944
-9463.173900875885	1.5340411169872366	2.234667458796881	0.3198555674287706	2.1055098237963707	0.0769080831249655	1570.2339534571295
-10260.388385835213	1.1967071403872542	2.127447715071768	0.11180363086873388	1.2992561167634744	0.04402536630566344	2046.5881663594992
-10084.329269215728	1.3678241854099495	2.8827250300130007	0.17205392086204507	1.2237488172051671	0.06239237525383472	1704.8290541585766
-10825.25359239655	0.9605311947554976	1.819661233809634	0.05499956171013428	0.5362841300399039	0.05191380138081742	2460.769979528717
-10865.198154047572	0.8213430476682806	2.3708078447978975	0.05152439317810641	0.23883732214700043	0.055362214466364364	2438.7308838428808
-10955.010560554718	0.8214474313156436	2.178180131469227	0.04756488164479242	0.04600015654931607	0.05301322424886618	2501.179373596239
-10965.924106146798	0.9006260587317846	2.938297708801929	0.05544319834054712	0.20566850291679237	0.0473287101909078	2308.0074789789987
-8912.82849908084	1.3613545442604058	3.038188583175995	0.6109862318961589	2.2181455395058616	0.06284546645583965	1293.8344201713585
-10702.009163083185	0.8866695799054238	2.2647127888622247	0.06128271225702785	0.5670263084821136	0.05429404166161165	2359.1984338635843
-11051.786323817227	0.628118064983853	1.5887603827029522	0.037335691976880546	0.08269285645640496	0.054060896173364945	2781.164241168657
-9732.39352777593	1.1076379056094166	2.8034713868194214	0.13840060689695333	2.050675878878035	0.05102265314480925	1870.3751659035831
-10961.9972897556	0.7553556389056922	2.1595792965661826	0.04528918215397254	0.025311351250155975	0.05371678418871922	2547.3252988775134
-9038.631791515767	1.2675254059332408	2.963898683689156	0.4316733020818908	2.8076068486094217	0.05625633685921096	1423.8900273284355
-10299.001973209084	1.2572097126827728	2.761435148093517	0.12247150311490089	1.0779010857277544	0.05588222386734361	1883.056138340826
-11069.35047567044	0.9682252488175289	1.799712961326192	0.05252572955369907	0.07667447884229092	0.04542541021437344	2483.037918192576
-10863.760170985694	0.8366787051095785	2.3664707402413296	0.052980032531828355	0.24200685100036345	0.05777519557497293	2422.6217272387094
-8973.954012552598	1.2706549013008728	2.970848299890938	0.4491335679349646	2.36386838603052	0.06061673732546864	1408.2724810574184
-10984.681320289345	0.8100546225381025	1.9944274102416426	0.045555668953751266	0.0026471518246141824	0.052366181891823335	2553.479952698974
-10934.541134196468	0.812736241436375	2.086082024426299	0.04780332324328168	0.0943774682640327	0.05240775136888636	2517.769156043735
-11060.706541773337	0.8007965639200397	1.6605157167997524	0.04364796769381349	0.0024685142712272162	0.0548203882166288	2639.5969536292537
-9028.125227686318	1.0739063432639415	2.441361578476558	0.37968271755749217	2.920912377886347	0.06522807926763342	1616.6918662860242
-10745.821119791051	1.1645790294132161	2.8208044865223294	0.08017673711379822	0.573665038225648	0.05676458985459835	2079.2839714167853
-10779.31272297447	0.8671749195101355	2.437357360747654	0.0576859948369141	0.42688951108020046	0.052851333240340484	2364.0772326795827
-10951.646079002327	0.7816304586633942	2.139183109851544	0.04649653646269237	0.04752716563358285	0.05473876344840767	2530.7435517896924
-9647.41959902599	0.9964094381689004	2.383487793252748	0.23000555582473423	2.116290493130378	0.0991984271593822	1804.4744972089504
-10808.833068203172	0.8250322765252474	2.243148247902691	0.052971497185587905	0.3536233855054749	0.05542343943281587	2445.4154318457877
-10843.587726188434	0.7665704275432043	2.135046835331958	0.048805318431067043	0.29233574754482466	0.056484959126584584	2518.327481802074
-10688.860095096219	0.9441491851496524	2.1858346494814063	0.06386440892247568	0.5993879718565013	0.054343641038437786	2336.615333025164
-10944.780397406636	0.7536262882136686	1.946376805785099	0.044687334131487205	0.09436722738716219	0.055102735293475216	2590.6214310646105
-8896.754009531602	1.314682965343388	3.1693277851141124	0.6858660985928026	2.386467619710869	0.06348507718298584	1259.275494697075
-9007.214475977045	1.1962333835943084	2.866629604482462	0.3948315958291563	2.621977255843186	0.06198140201229602	1483.3744281840188
-9851.019968796458	1.2512848953068234	2.64708379103811	0.15582507952121308	1.5723503463399953	0.05106521526702549	1808.9819998704877
-10193.112664281278	1.2953212389634265	3.121322124280101	0.14131816841224393	1.1852130528355567	0.05463307128630311	1765.7409454261756
-12204.039000337445	0.4043849389247655	0.7021482128124606	0.02296272465307379	0.3378960329458058	0.03880666746159488	3339.5622554854626
-10462.64834709275	0.9053950267473396	2.8219376415960364	0.07313365898417913	1.1142343856204169	0.06139004824924961	2193.0778959874465
-9436.808722915232	0.8262222066671859	1.946703959301295	0.16110456963886918	3.8599162598020915	0.058977743530439386	2108.544932824016
-10271.59138237651	1.016339332935679	3.3026302131927148	0.10026381719966714	1.4356451322687458	0.05932892585785716	1960.583144618167
-10600.352632774742	1.14756587158731	2.619582586289297	0.08693958299556788	0.7404575211813649	0.05417139943630903	2075.9363688596654
-9197.22380196825	1.376155708770422	2.9489174174699637	0.3427687746047936	1.943943238345856	0.05377979219207818	1460.904492597437
-8890.551102327636	1.3895847323743167	3.226882691815917	0.7033142417386599	2.2607140561478274	0.06283798846582106	1226.4366152052228
-11277.265665964132	0.5842391872590227	1.207128723452261	0.0335004159733187	0.15589001529875002	0.05147314221346123	2939.936562342841
-10874.662404060857	0.8668749993968347	2.4190514130583547	0.05447826226406419	0.2264788584477797	0.05749618960920412	2392.9847966615157
-10926.622893651489	0.8056373387581746	2.2383582696181894	0.048347560964630824	0.10112872551622647	0.05486672250932513	2490.6670552239098
-10955.416178627289	0.7309047268335979	2.112152858071487	0.0431706261897293	0.05774510195677142	0.05202550492169694	2582.9389596023643
-10704.687569407346	1.106192197640369	3.010973480929004	0.08226702180393682	0.6495729445608571	0.05526950963531076	2058.7093817392993
-9359.235361186591	1.0638837450898644	3.7695978242869814	0.3511080028275023	2.3005991669148287	0.07451472554655633	1421.7130340841431
-10164.160517581791	1.1507583797531047	4.331241362282623	0.173602072518525	1.6369531559726096	0.05274128373326774	1586.0566966236697
-8892.604747766367	1.6676580227804558	3.972312066898427	0.997761859266172	1.7033685533483434	0.06581514732558942	1005.5937163175038
-10918.71715341187	0.8217712522130992	2.2205277238696235	0.04809550600270398	0.12609341790641473	0.055475320340205754	2489.9146723544886
-10949.067712027743	0.7165664121625591	1.8827352418710654	0.04297171671153667	0.11174507376202844	0.054078178587300234	2631.904642964023
-10915.996625887854	0.7914475226281952	2.2884262667711237	0.04923631138084461	0.13066245635960308	0.05274891377202743	2480.254423192109
-10818.186180197024	0.7978353762671241	2.2787630011251103	0.051515457602549684	0.3388108526252271	0.054744585801283926	2460.951498046749
-10961.967747345876	0.7637603704906222	2.0870386046604676	0.04536534415575511	0.02818939345769985	0.054196556312943976	2555.701837222471
-10926.768833652504	0.7683540639741294	2.1976905940892784	0.04616538695911876	0.10518736108043919	0.05501499537651605	2528.829306925878
-12002.62868464424	0.5115516379885109	0.9052597115934389	0.03093824635428171	0.025666896238448315	0.022566843494684224	3119.6820683875617
-10262.736120764703	1.988154509242025	3.2277111287343883	0.2701188706213754	1.0019686422667269	0.0553662334917848	1379.7556709632113
-10868.754978219642	0.7830933932893058	2.2246912279652147	0.04928390769224784	0.22839778811779918	0.053968370448363924	2493.193199935734
-10917.472421629884	0.8530262237075491	2.0870571833715554	0.050874511401982805	0.14079820232910983	0.054196862735533945	2479.121103225483
-10764.883884281488	0.8329024901626942	2.1089238169956412	0.05374533691317168	0.4656905638585067	0.05702440660225458	2458.7169610545375
-9206.982266813655	1.0170488868231515	2.4274726237365294	0.24457614067136096	2.6943079028298196	0.05335165942706315	1770.285630414638
-9076.960798273622	0.9684585739803562	2.460950632940546	0.34890245732844793	3.3506450640660836	0.06194037119853457	1678.186460190362
-8990.837605384655	1.5816168675093476	4.104760089543384	0.7650215985728496	1.6383887955872256	0.06494659195207131	1063.435468635012
-8953.164287741589	1.1964949404144494	2.6541062073721253	0.5185499502266436	2.681070289485902	0.06398812777342831	1447.967068227572
-8951.904013576868	1.1318289113122895	2.728909543428709	0.5186336690982462	2.8061103669693237	0.0618469677816366	1454.896357449733
-9044.416826224899	0.9730052001360673	2.3930785392278477	0.3766986732628113	3.165169135734444	0.059352228868546575	1669.002965564913
-8930.282745751561	1.1994700425425995	3.0169389891289384	0.543129177351027	2.5637688090371227	0.06181307754665172	1371.395986226086
-10766.08451467239	0.9907675130178177	2.2846039779044016	0.06315109173612996	0.46526272909848776	0.05630015534088503	2309.9980773319285
-10860.722049208427	0.9479462388853981	2.2986840088713274	0.058189775648463726	0.26543833564354063	0.055087104747354954	2358.0427810728474
-10971.571949099427	0.7561413366976399	2.136366513271154	0.044804197445253754	0.004032851918687855	0.054446036973012396	2554.99036571504
-10734.506293019258	0.868599466286112	3.010526465061384	0.06288855164993268	0.7025940542582869	0.060805927323073085	2248.424865383114
-10801.286773535514	0.7620308568414601	2.0740100701119952	0.04924966866539324	0.41012812965351586	0.05187338211405942	2526.2898384510345
-11490.345339067133	1.08955003080104	1.355401230002303	0.04541107794230625	0.001	0.048336779643785965	2601.377498739264
-11179.370048439067	0.5790879645137673	1.4284142985102162	0.03939756336091577	0.1421203742507118	0.05061006003606933	2832.749743707183
-13385.799763613028	0.21569553225135651	0.43782936198391736	0.011608937002830116	0.08424464013002748	0.02967533836206921	3695.698482254302
-10895.678692275442	0.8444222902547045	2.2061675523580906	0.049976978836821666	0.17305156523088733	0.05540193382819813	2469.068473215166
-11586.579808799075	0.7642753969068762	5.143076242749129	0.05000142625289362	0.03218940460072834	0.06124997551294284	2237.7785533308343
-10836.89383090482	0.8023940774905514	2.165307239732072	0.05104503267583917	0.29288202377746436	0.054515533511608705	2482.2527356082373
-10954.697748833147	0.8319065171656448	2.072288047765301	0.04797500734405103	0.05795231921706025	0.055128491739111336	2511.9594217869526
-10804.621481393866	0.8529103673484917	2.4015842276447126	0.05512126933041969	0.3729195293470608	0.052230770086671416	2394.0147891806205
-10880.593046679323	0.8874494652305124	2.2694243930149125	0.05381777459588081	0.21213116599308396	0.058763933609264817	2414.387890234651
-10556.161617656464	1.03934582601569	2.36621940645952	0.07790711087314191	0.7982769875801211	0.055240563482171344	2193.1355258673098
-10923.792791149273	0.7207100762527843	2.0766753243257274	0.045116491329316326	0.1460815702487447	0.060601425216040276	2576.189722902169
-10734.345201256496	0.7156974402177685	2.1243505407304495	0.05070060538037001	0.6247770539396453	0.04870240442840317	2523.38816959415
-10939.537183891407	0.8354189435404231	2.268096620252618	0.04918119532610294	0.07987833937182533	0.05454330084549159	2468.6733002094993
-11035.430758254319	0.6790258748280628	1.6227091637451112	0.039615195350844803	0.06393829357630618	0.053468710308953206	2731.051331420668
-10797.788367505787	0.8699678298923128	2.3740571582309964	0.05699993533127814	0.3802657712281309	0.05433588683690761	2378.3332017539797
-10483.497458334365	0.9235963670394538	2.463634005035101	0.06941322142295094	0.9853282339595696	0.0499956206543323	2261.8783314557186
-10928.620251681314	0.8117179360408099	2.462383539445292	0.049889127375444535	0.12390020103417061	0.054050469949417465	2441.9960349041353
-9665.68121378143	1.9142957490754404	3.2208534125008836	0.27703393672494114	1.7059581984250896	0.0602847366523691	1384.882778917603
-10737.2665659547	0.8690680888461444	2.1020656598013487	0.05723597314675197	0.5322377843050451	0.048289085246640176	2421.73666541088
-10877.745492082773	0.8042985496769203	1.949744528416256	0.04866705256872358	0.24635058524907968	0.055917889871529784	2539.0298670152224
-10898.304915253157	0.790175979092245	2.2588863710546967	0.04907883808434966	0.16488815952426283	0.055389723710737936	2486.711448017065
-9115.584381990104	0.9816893366435128	2.5010685045353394	0.2886394724412644	3.1155416159629805	0.058825275964240566	1718.302038544257
-9305.86888802402	2.180652069787561	4.450092481497721	0.6165895583195866	1.666704129183782	0.08201937710847479	1002.1614568198289
-10771.217806811568	0.8612435449143209	2.3687956886627948	0.057490916608383694	0.43688115865164884	0.05650155028207784	2377.9754621416387
-11002.753196934285	0.7181051059260821	1.825164302002805	0.04157208871734306	0.0016885798019915176	0.05470914288603025	2654.284091616696
-9344.354231814477	1.6393281409781841	3.0770110893423848	0.33578084290718196	1.7832011367698315	0.07277733696289743	1391.0804899009943
-9383.955663296701	1.1720696267083575	2.49176865562554	0.2133458613662895	2.178179661634761	0.05758783389715345	1748.731502589017
-10895.137745576614	0.8217192116384039	2.2454189813085548	0.05114835028604485	0.17205598241617695	0.0524912026334946	2461.050910112699
-10956.18444719078	0.6911927156542869	1.8665223177701264	0.042183044409192204	0.12259323173427161	0.05929968040516868	2652.146003120845
-9339.015682617399	1.3501533619994426	3.11527798273867	0.25583970709047554	2.1084014337441803	0.058100788979639564	1536.4607419542544
-11121.59038258073	0.8297982766855357	1.4321785329281087	0.04360168855340015	0.199481294940767	0.052787213367057134	2684.8944301112683
-10838.707139496495	0.750423266759251	1.852503898488869	0.046901036572136956	0.39531101025945203	0.051368864424957104	2592.1731320431677
-10513.168968058058	1.2424771266902146	2.693588503550291	0.09540571055033684	0.8687577722747026	0.056445662441781494	2000.6943598614528
-10787.37236135844	0.7162413443371999	2.500818214694023	0.04888895573139283	0.569907755386317	0.05629047701545095	2477.5002130082626
-9103.715249083685	1.6208751095559477	2.987254701944653	0.44532405745166576	2.1635238454594483	0.05790549339443292	1326.1299599832498
-11033.5952864282	0.6507492184010345	1.7268739261977484	0.03865201648936801	0.0021899934221188727	0.05626540927153121	2728.354240747561
-11169.442380964694	0.5567237665259394	2.2926826422190176	0.03317601282625218	0.32422327335455936	0.03322433169940346	2727.4231193262076
-12022.526230445586	0.4477473493463854	0.7717595318519491	0.022636127484591487	0.036979137710624985	0.048557039683317545	3267.0247232921656
-10943.955010741967	0.7918499998534857	2.1658392711761447	0.047337831579193565	0.06376571009482708	0.05519417785180052	2515.604137283529
-10721.20204326712	0.8385322912731535	2.0722129765117314	0.054371650381319546	0.5714751278460811	0.05298436912709333	2458.223628572261
-10978.348853503865	0.7798621500121494	2.3935511983484132	0.04679671132781476	0.0078813715218161	0.05359085966352348	2489.459590017405
-10927.03161241562	0.7596466188592086	2.2051285091827135	0.046600089462955366	0.1056163248393664	0.05401547779139729	2527.073726705304
-9374.900073467245	0.949859419008573	2.29678492410644	0.1735663388124979	2.86723014599624	0.05654740820361477	1938.11833206984
-10957.262228925456	0.7785780882974049	1.9098072208531953	0.045192626637093655	0.07880496331225788	0.0542389241653493	2583.8193478918633
-10976.316088362264	0.7264067979268359	2.1541336539316753	0.04402885452155105	0.001	0.05518293153989563	2570.0191114233285
-10557.28405260614	1.1339158375330387	2.830377605113972	0.1119838718357221	0.8721924476457459	0.07063631186123094	1941.8356786432166
-9037.825369276155	0.9915803051566682	2.5378004174083904	0.3938651533772187	3.228948773527317	0.0581652151229781	1617.9134485230743
-11478.690014272182	0.6504001148043868	4.18018721114741	0.04513963670001379	0.10625084594295046	0.08614931492271963	2379.4614039710978
-10879.518560075345	0.8115662353807145	2.1618242063872204	0.04965357678914893	0.20268653811913542	0.05529299728156104	2490.3863170680506
-9522.330591534257	1.0290774420297806	2.9485600143129833	0.1884482431272199	2.180915456256862	0.05204227613205092	1755.2837527334948
-10750.460156244915	0.9861434897718552	2.683205872488087	0.06480810854780808	0.5389193855903838	0.06122348860704777	2240.731909272867
-9275.912753785671	1.2236060348654432	3.4130836836193232	0.30599203389763285	2.0808338128282973	0.05812398307564171	1467.55746552505
-9009.071048623851	1.0402389216648154	2.4279012256210066	0.44025773284279995	3.070547929851849	0.06159123323359826	1592.3904437669446
-9017.056784110655	1.1077799522441603	2.6477956546996886	0.3757129254544497	2.8062492632950415	0.06336433390456157	1565.1880950193074
-8918.020696028205	1.458158900104325	3.50722906093753	0.6346818581703028	2.131283356064282	0.06617308376351298	1198.873908293691
-10410.536844290671	0.9620100055911064	2.437102799283745	0.08076279753556646	1.0325436806620167	0.05605802218187726	2190.7585269373485
-9125.269394852376	0.9341139874042611	2.3529150496919597	0.2960505515684637	3.362788873171347	0.06457741812017112	1764.0962290901582
-9475.760473984406	1.3131374276274606	2.4013394706582667	0.2205280112822489	1.9952061125182545	0.0595998731584861	1713.6485230485096
-10130.1530362002	0.9388685547300364	2.62035820088883	0.124087770357071	1.5540535643372368	0.035903893354249976	1995.2700069086995
-11004.936385536423	0.659615332650214	1.775980683795679	0.03940040175700227	0.046774735222129264	0.056178312407335215	2707.706648201095
-10859.83677238495	0.959090725353638	2.4538411853301705	0.05951787934482539	0.2956752139876407	0.04751922726606751	2320.618115310849
-10836.506265488868	0.743709861498575	2.4783861566803975	0.04888544931753244	0.37806937313543537	0.054738357194944014	2471.7990507603845
-8946.758969076596	1.1801667866636318	2.692944365204562	0.5129671389032247	2.6458496424235136	0.060734881352281105	1448.2125931274677
-11132.467644794158	0.6678348570049967	1.385091455130865	0.03686977772685716	0.1536570709246595	0.049911727351093844	2818.4706813730854
-10954.574489782211	0.8382936221021132	2.366369577150535	0.05028639993855951	0.05722522446516363	0.055623888711364165	2443.6730923836576
-9043.548486543557	1.0725286813283545	2.5326190134153634	0.3544565163404105	2.991509773012561	0.056241111829785494	1617.735693468456
-10704.326446708594	1.0088543160121648	2.6615263338125987	0.06890050836512827	0.5917701062235414	0.056305976901764386	2209.8777990807334
-10942.87526909106	0.8048862991885994	2.482671718302784	0.05011625661866844	0.10006110904798862	0.05481845192256415	2439.476701783135
-11037.767197522933	0.6615884734150196	1.6093872146140324	0.03935999500035084	0.07926670272572788	0.05216814325234099	2744.169857910381
-10825.1051415238	0.8168000676535653	2.3687765663767237	0.051549139723383854	0.33546487146552956	0.052286833342924485	2439.9674078212174
-9283.158315518938	1.2041758524049035	2.7747396185568625	0.2686438377679492	2.0713197489422206	0.057320554889175104	1610.8391228929706
-10924.460509237935	0.9734210386712007	2.398875173449547	0.05751899921322481	0.17247427906023924	0.05995891478845334	2339.884182091397
-11017.067046497694	0.7338909453458828	1.654563945740107	0.04250503044275892	0.08982141465040588	0.05865993554275718	2676.9059787811593
-10961.497640378597	0.783088084951918	2.181404295453076	0.04704348678911374	0.026418821063825756	0.053796109966237814	2518.556170826062
-10094.456406829693	1.1661965935899112	3.243466402600284	0.12448550629607616	1.4853005826283994	0.058773231586569524	1834.7423438874628
-10846.181242682665	0.8299230541580254	2.2876380623121357	0.05277250709017969	0.28034239776675324	0.06084101523795257	2438.898876564728
-9255.110974776922	1.0164209171331742	2.4847627270603057	0.21482480346574068	2.8969707145168746	0.057992596715169833	1801.4989649801753
-10962.525975710483	0.7422039469103678	2.1763516534311753	0.04454687255383351	0.02746356331800828	0.05487498155679768	2555.987196539998
-10976.927701276578	0.7661291166118056	1.7454433138332413	0.04376897912924497	0.12324777770941646	0.049972416337729676	2633.603798379336
-10945.129793158765	0.7485362742978127	2.0264262822791443	0.0449120170799029	0.0756138594666776	0.05416832909907401	2576.0289627763586
-10034.84112549876	1.214345330416229	1.9717972495324516	0.13196772740860968	1.6688914398865207	0.06498101919784795	2014.1498646916812
-10929.999376053118	0.9588601594451344	2.599891389047514	0.0585415265467968	0.17320986114978726	0.05621712245325265	2308.1159413406194
-10983.416415481963	0.8200913166844798	2.556096895174314	0.04930422895673907	0.030530954006395203	0.05431438149157039	2431.3318660718082
-8983.523659984356	1.2192849283180858	2.8675318036121116	0.43477849752647385	2.644909407653028	0.06552401929532506	1449.9029849509104
-10236.080552788424	1.015578909671738	1.9355103352723515	0.08866606818648587	1.4524539771289031	0.05451073340188859	2235.1369993533026
-9304.672200432557	1.5328385212235143	2.5705324364309377	0.37371173470506364	1.8469366520632176	0.05446554440574469	1460.1211390315457
-10815.832883713407	0.8172085208574567	2.4264945808801124	0.05560717274593561	0.3616636968536768	0.05369211484969595	2399.091110275365
-10922.315244546991	0.7825053731620729	2.384127788217509	0.0490481910998638	0.12897233508987133	0.05378921055577585	2470.4453865158807
-10075.923798313012	1.355423055452766	3.4207046660167744	0.1394830207598877	1.5669446801848284	0.061217598394513406	1722.3137808998001
-10947.128497384107	0.7726883103765949	2.293356348768761	0.047380294662910855	0.06667585111719038	0.05192374366921983	2501.6989196132427
-10890.716432341711	0.7640042679276339	2.3227406725064084	0.04865739637570339	0.1947903094234871	0.05334661606093451	2489.752663520949
-9212.432945217492	1.5638117374192824	3.9630239330448807	0.4293927784243547	1.8092215186514764	0.06511394878481298	1229.0400577261985
-9051.159111327415	1.5685470042138014	3.1459948065004957	0.5403145403238625	1.7783074740464695	0.0623884853226702	1261.1890992690774
-8930.290874557542	1.203129663827049	2.931554799185506	0.5404232746389526	2.600231800106356	0.06220193741491093	1385.8093309492572
-8875.059004720377	1.5897653531011393	3.792556747221626	0.9561915732063229	1.928271936814138	0.06415204888298594	1047.5834223491051
-10904.626770090661	0.8293134682187202	2.215501956620583	0.05093499510119599	0.15299729691854416	0.056852911725179596	2464.963909548421
-10975.037611983546	0.7509804748876157	2.0906267489719323	0.04386274607195373	0.001	0.05323636058347527	2572.7600877161817
-11011.68282268847	0.7568303858805934	1.4693134579514908	0.042127806019717384	0.36749095260673126	0.053554425937032996	2715.474584949707
-10528.083663189289	0.8124302628237873	1.848311453977905	0.07087427904033573	1.09557519405477	0.050691397128609705	2416.5372611415505
-10820.305298018406	0.8372308188818124	2.292128812109381	0.05319159028004346	0.3265596680770184	0.05388521950351482	2431.88227572038
-10927.805353524449	0.8209147292057752	2.220946846261831	0.048941902540525974	0.10007630408158581	0.053426457698518844	2483.1199229629538
-10378.421806272472	1.4175588397610344	3.276172906863266	0.12712119439950031	1.1858222673441192	0.08185511698488822	1763.7368141636823
-10480.449086777548	1.1967580755250515	2.2732048500410906	0.10580919709122688	0.9502668401081119	0.05330287187221732	2039.2461001902534
-10891.221767394547	0.8730261058219706	2.4016755243148045	0.054033499600293855	0.1932380400949212	0.05213427108632676	2396.966234519136
-10827.766353124272	0.8655535343630695	2.0048751161238485	0.05229678944945246	0.36322363297520216	0.05902489645663409	2477.811168398389
-11019.774985834729	0.9962061738882875	2.031774044778496	0.05180165889691985	0.07036136555451794	0.06077901691176512	2435.700186996457
-10848.787396325733	0.8402523026505174	2.3410341728557045	0.052349486984668916	0.2680642177532118	0.05417284426243489	2430.2836798282206
-10814.423333302828	0.7597501492086569	2.224795032700006	0.050105924723914674	0.3646318978237893	0.054220183008799994	2494.7767217599016
-10970.202065103751	0.8175719194170287	2.1707422024573684	0.04742170329707015	0.011682278693106257	0.05457609224716102	2504.890634582867
-10366.421182663775	1.3759611966950156	3.2360090620171307	0.1213610653352278	1.0867697425438938	0.057575350354184866	1796.7954167323005
-10865.090091749376	0.7577384478960578	1.7482483533439497	0.047618573754742544	0.3886213540362797	0.05509945968722596	2606.310073508351
-10902.14915003502	0.8038393583959574	2.055736153709983	0.04820417293343285	0.16545212369114226	0.0540332680294441	2523.2057979227507
-11961.738495238975	0.3370351871291076	0.8403884074126223	0.01913357147050104	0.36004042388405716	0.046091107801457594	3335.63408664258
-10056.92891285804	1.7387858395437628	3.3358515677059635	0.19664432546676044	1.2818122954837985	0.057911440784415846	1521.3517714877557
-10677.489017722712	0.8683036569987299	2.5792424975135058	0.06141230345382495	0.7064851274599494	0.0434320554913999	2314.873115750825
-10984.91502073475	0.7089096490603678	1.787034587640942	0.04198248981444309	0.09839677602044448	0.06346328667920195	2662.574329288945
-10509.758516733014	0.8836241066343138	1.9069963917745358	0.06594503567789262	1.0338512757872649	0.05913974675925528	2400.53116054693
-10576.138284536384	1.313374031881251	3.1563021287727517	0.10180217723047717	0.8567058908955946	0.05296597217916853	1896.0906999355298
-11035.766634345518	0.9080907532314653	1.847364236241483	0.04871119269864417	0.030041287653716338	0.06146296198896453	2521.785345796506
-10906.32533118485	0.8250190372823197	2.238063447887185	0.04978023495544008	0.1450219416669589	0.05377884453427518	2472.1246724357457
-10967.672701954225	0.7648315170425265	2.210293688764878	0.045760069802462014	0.012497420011162445	0.055205902179295344	2531.5268180791004
-10006.924945693283	0.8593226818994281	1.5560816601137146	0.11712064105705704	2.388904941338098	0.06915805048820561	2313.7978916211428
-12107.003927974605	0.34267184772201115	0.751136594219422	0.020423141003682314	0.1791874998970332	0.0519350063669725	3371.7103063341274
-10707.8207523527	0.6557647893454259	1.5744552624342572	0.0467770474207708	1.10088724044576	0.053427874571038016	2699.850466485
-10829.028362203815	0.9453503146665244	2.1156429080348205	0.05479497396816251	0.37839593487875	0.056631810464077226	2412.0065395696656
-10933.024988538318	0.779540686958655	2.1257303694256984	0.04637018889596165	0.09047050998594491	0.05336268046880194	2534.8824875966156
-10889.311631674822	0.7508967464499083	1.9910806351570345	0.047382244055268134	0.2170893545015787	0.055713353193592156	2561.523734564998
-10977.789834515268	0.7475476077271332	1.868761890155251	0.0434450918560658	0.04376012567293466	0.05268881581824739	2618.156715309185
-9839.112725333029	1.6284831413517935	2.1771832556755863	0.23553296038894375	1.7259202279590469	0.05735940663838445	1654.7104788710594
-9583.710381078246	1.374596081267558	4.167681099612643	0.2785698479795784	2.223956820780508	0.06707641155772599	1381.490164314954
-11733.70829405198	0.44797090800971207	0.895908379372404	0.026317502935991475	0.19414625479615572	0.0588271698974568	3191.6244596271395
-10733.493138299928	1.150693773562407	2.2898011623783785	0.07164928575502244	0.599460484948173	0.05246429983221646	2208.8798639722672
-11286.484165123755	0.48819728451559496	1.2454662876492135	0.03206796315016445	0.24401517435196604	0.05105766169594643	2994.3386456166877
-9839.292794008192	1.0084923843934317	2.3458583726259534	0.12135034232926174	1.8670465604024677	0.05158483349961343	2032.2987523252807
-12374.320423120671	1.2663079092326797	3.5432796180464865	0.8022933705903662	2.8250927299754327	0.302915533981742	1189.9093633748123
-10705.151424391057	0.9840110566281782	2.489777772760014	0.06428900532706847	0.5818453022660119	0.05546403909272579	2271.8784637165095
-10791.867882341334	0.9342643605407992	2.1596843196120394	0.057279837164198114	0.41753263801333695	0.054530569319407224	2389.65272093885
-10659.51404187057	0.8764253368875977	2.1783471912680032	0.06197500817762307	0.6567733286470008	0.05351279947683891	2373.1530003913836
-9120.827762436547	1.6864904148878472	2.9973150605829053	0.4727345214399928	2.1874110924390675	0.059124697624408966	1295.305344271995
-10946.936915742206	0.8208508646664522	2.3556604146533267	0.04928810612161319	0.0683511732774217	0.05392423964092797	2459.4020049240885
-10013.885784949145	0.9221108810871674	1.9174153869908785	0.08823245226684572	2.080782721496517	0.06478483381677033	2276.5966528084
-11429.318666091578	0.4726158805624664	1.1623152541056543	0.029375294922700065	0.001	0.06204204259044853	3050.536334044262
-10911.392864988005	0.8168881550303488	2.3034517713140246	0.04985083786112851	0.137248976126501	0.05441664135137212	2464.02304946011
-9880.18753750032	1.5892658386178364	3.2957946737687323	0.20222179037970156	1.576901108449563	0.0836520657043728	1543.433787135774
-9906.894529035919	1.4654218674076596	2.401514755403527	0.16752385863522562	2.3637990900255796	0.09596417600809742	1770.5857061690733
-9562.54104094666	1.2370992679883615	3.198515396800722	0.24422582968608977	1.696185818529275	0.06229799993827742	1566.102699652967
-10931.957017902812	0.6877852681657999	1.954321642741286	0.043245821785414196	0.15805712263270114	0.05798947938541755	2627.646259276612
-11277.080969502402	0.5645270237524159	1.2617492208284065	0.039399839389570854	0.31842117400185926	0.04383156070687166	2894.0134579367486
-10182.360440043105	1.4451059212241373	2.472216752724907	0.14106508771835702	1.272307981576376	0.0674912692767458	1826.8001215095153
-8988.427598109725	1.632117443344811	3.265272428116698	0.6269946084484722	1.798030600808826	0.05957896395440959	1195.4778561134378
-11044.98579052302	0.7719061924776329	1.5898297970495465	0.042746745616748204	0.0939372396214718	0.05496853829974989	2674.5820911438504
-8997.7364122852	1.1746538297430027	2.698060802670601	0.4143911925411188	2.4715905682164827	0.06208817269142305	1505.0834660356177
-10812.004361326864	0.8263081840593062	2.149067443232199	0.05073499587530163	0.3654487313238105	0.05373511915933966	2477.869491544583
-9656.60052619302	0.9417096390006781	3.7282949143682935	0.20905562649590215	2.7857385703817714	0.05817420490639174	1639.4654620688286
-10790.308490110672	0.8447396245829393	2.140815914337151	0.05408435815624863	0.40128061305299767	0.055615546317859914	2446.860273578781
-10908.031297395712	0.7512065866611761	2.1381936790217653	0.0469803723089064	0.15272440024472758	0.055032706098520436	2538.1988049158776
-10954.725722863715	0.7628792219707512	2.0973061980494445	0.04554808646009105	0.04427137924126459	0.05568891424024982	2552.7588071516457
-10822.080509621928	0.8894438510759692	2.2179371806503365	0.05726699809519556	0.33420719048951664	0.05477734427932322	2395.766555127083
-8937.436955854746	1.9327936938984676	4.437824038579206	0.9535793254905659	1.6456897258169743	0.058012406845351645	935.9734655927249
-9155.90689333287	0.9002260115672057	2.109679806929255	0.3059628783694847	3.6318098983288634	0.05824166828244774	1832.7612370660436
-10783.924505040104	0.807570145066703	1.9698107795876059	0.04978849940465624	0.4802045452413834	0.05546213956553135	2523.4696035385264
-10142.609231941298	1.0571350653413916	2.427693633198609	0.1011720290578756	1.3835816451411775	0.05551355000905913	2070.9256544869286
-11019.975719739137	0.6959867563793228	1.6975539285599477	0.040897618392059965	0.041374099219668066	0.05110141600482066	2696.142960362177
-10004.972990244465	1.4862058300687173	4.513954145982979	0.21995633528617461	1.631440527001837	0.06099549048010541	1411.412197000216
-10938.142112324475	0.8314853685247795	2.32017999584064	0.04974670464957862	0.08437493658017198	0.05331879562707288	2457.3736127756697
-10746.752825774774	0.8098968997184868	2.3566853297242103	0.05351726642798281	0.5207387384842316	0.05694577997579294	2426.9548346384872
-8915.930298080812	1.3843190739550988	3.372523735520821	0.6066479485182665	2.1800553332926356	0.06420359506099148	1243.0779062703846
-9812.859724713406	1.7697905948879071	3.818760757493397	0.2948636703688602	1.2698325431043418	0.0644527158944271	1322.082779691868
-10767.22927137681	0.9678416655325216	2.313868665729415	0.06123260931992497	0.46429094471497795	0.06030493833668012	2325.262631804211
-11135.529004858514	0.8222227571453177	1.43628557309611	0.04770392397511073	0.22733021468230571	0.04482569002179012	2658.082498572288
-10696.109836956975	0.9831147797045982	2.445753646002203	0.06724245897427326	0.5777840751629302	0.05671300465845277	2259.696160228879
-10508.695396638033	1.3601319975854769	3.3178526641499486	0.11206744698400964	0.9566192370166053	0.05979991370060417	1825.2906089108326
-9098.035653681023	1.1942087347524912	3.0376407461545245	0.33587386535739094	2.6211300686395513	0.06234851024529646	1503.5215781099078
-10939.402941468015	0.7285268266546132	1.8510286276676273	0.04264311653789115	0.15523320166914525	0.055871574499428645	2636.0406995174703
-10933.66648502163	0.8047836628647205	1.974646270002454	0.047031080415306015	0.1169826564821236	0.05591500972449453	2546.913885519377
-10957.214200565115	0.757145298350286	1.726663880683555	0.043409054771978636	0.18186089810985306	0.05656548673872321	2644.1570018645257
-10531.47003136723	1.2418828129424184	3.0679360928654607	0.10704628727635007	0.8596705840368649	0.05907507443844098	1901.295269975565
-10807.228581886115	0.7458045950302088	2.1363071177016044	0.04892933973417193	0.3953671388264589	0.054811959523068096	2524.2344094875384
-10690.167652117743	1.0908136097740082	2.545604952077561	0.08105592629923308	0.6167584413975762	0.056002297889970604	2132.90145245775
-10830.54957205516	0.808216980385363	2.120361197486647	0.05051371775558454	0.3107611999267702	0.053886370339053545	2492.003619574146
-10884.95660242695	0.7569370332509081	1.8019174081552582	0.04557752495932157	0.3004144021209179	0.055140751483300665	2611.148761098603
-10189.06821328588	1.2944730332576477	2.072299703644016	0.1501772295826552	1.3844741334325146	0.06821989544740378	1920.2084708190894
-10826.039511620285	0.7985771015562948	2.1677770240222833	0.05070920754496365	0.31785698140116436	0.05385835868278292	2485.754142265263
-10944.759072144325	0.8073639187121162	2.265589715657898	0.04810592393619018	0.06669973523457717	0.05172835962441519	2487.6860718295097
-10929.484081494154	0.8325771110622086	2.239730971360445	0.04971046694743207	0.09947419462662199	0.05239611774962464	2469.8120038519346
-9394.188980761988	0.9665925718081406	3.4455884190114	0.2602002900901197	2.8416209316834635	0.05893781260769806	1592.6446516649464
-10881.122096094194	0.7995431595347618	2.2171922684109506	0.049838857251216825	0.19949304675611354	0.052870865612885294	2483.958171848763
-10132.33772097673	1.7590630557738756	3.5755526580203743	0.19857317653518816	1.2169555412204112	0.05983689205630286	1488.2961986934215
-8963.928864818256	1.128303581690551	3.0099199278476076	0.5481574501744119	2.833505183312039	0.05700667279288732	1393.182408256478
-10742.712611051033	0.9751421476251967	2.41940630027722	0.06510486392006608	0.4970412135371237	0.05406953713952383	2280.3070088426252
-9109.040287937116	1.133839942370299	2.507090645278017	0.30107483181855654	2.6191006799685885	0.05734661076877946	1648.7594564403887
-9014.926846480092	1.2203424852340061	2.905421883802202	0.39940006441046494	2.3647445435463625	0.06136142147221035	1465.2188738651992
-8981.744525833577	1.0690210429667506	2.7729630370730907	0.478766332947949	2.976715005114229	0.0625367970875054	1489.2744424157156
-9079.92714512596	0.9260698517518564	2.443628985793301	0.4354609575512312	3.5764341701688798	0.06082482128147047	1640.7952051933694
-8874.880696559769	1.5780989525428366	3.7369772461727693	0.9485609930463735	1.93895544073681	0.06414934492054733	1057.2694380551377
