# /groups/rgutenk/lnt/software/anaconda3/envs/donni/bin/dadi-cli InferDM --fs input_fs/fs_039 --model split_mig --grids 178 196 214 --lbounds 1e-3 1e-3 1e-3 1e-3 0 --ubounds 1.1e2 1.1e2 3 12 0.5 --output inference/fs_039 --cpus 10 --force-convergence --delta-ll .001
# Log(likelihood)	nu1	nu2	T	m	misid	theta
-2234.108811196179	0.19441343660573437	0.02099829509016759	0.05143353648633354	0.08615621711959448	0.024038355060794773	948.79226658668
-2244.6274723658007	0.17429101446655976	0.01769905276453975	0.042339259797209886	0.06888740705032666	0.02008095793165619	955.4064270248402
-2222.2428685267023	0.18765714292871713	0.01986526530123451	0.049981032252968884	0.12126452843707847	0.01262927583639326	958.2602843803555
-2168.6468771295404	0.1762693778313324	0.018709126545591245	0.05298028395004247	0.37874704470187903	0.02009998506930275	996.8597477756506
-2514.5208020106184	0.1498217266617471	0.01397171467114742	0.032669218699503004	0.06019718860263475	0.2806117261321108	960.8659947725967
-2167.325345039856	0.2072428092821747	0.021964273030578563	0.060769741222893324	0.34601818130055617	0.027462006251205137	956.4679479866209
-2150.509868302127	0.20747495818632283	0.023319105770306964	0.07080673150229386	0.6076526028164775	0.014438320715430605	983.8553813209272
-2165.0197369902894	0.2258915577982054	0.024536924792566164	0.07024619025425252	0.35984390565984836	0.025658598739990438	945.881544581731
-2227.391351130648	0.21407280908233678	0.02258883907956618	0.056252628053959836	0.10122761055729577	0.024270487734468923	928.5695769244871
-2202.0725131008494	0.2188028428555571	0.02268887560129946	0.05949804968778924	0.17357552034982468	0.027908284728629447	930.9326216757131
-2207.8930265912904	0.20278168727494397	0.021447095778973482	0.05452575792622927	0.15707546274175155	0.01841532836705772	944.3218620459248
-2330.9957371117616	0.16130149367413266	0.014864901000724871	0.037022822543796366	0.18446014999302496	0.17910352675506594	960.9466371463091
-2238.7060635249977	0.22378135255021964	0.024095177217293488	0.059704498712955086	0.07816263075710009	0.028841439856221413	920.6129045744609
-2162.607777174002	0.22264637960801018	0.023868684992446567	0.07034762969324104	0.37991845320792794	0.024421305517958628	953.0527788751009
-2150.3106083992984	0.2090165536990537	0.022427849115537937	0.06998346969102748	0.550344225884916	0.023643827426042804	980.359954578652
-2186.8379188825893	0.23274495741851262	0.026140385420146857	0.07181183594590325	0.24339990454129712	0.04116860505996858	934.9947095044915
-2176.7690867970364	0.2014341217951699	0.021873818252587454	0.05946828156128519	0.2848349960954084	0.0244711239251375	962.8074382239705
-2179.869883603236	0.20493436125225203	0.02341712524956229	0.06458099958702246	0.27084888275947705	0.017882085405173522	968.9597007808462
-2181.7693398931106	0.20138446504372262	0.021172511197378997	0.05619576483336308	0.27373363924964284	0.010430562475036433	953.4480260739473
-2208.9247725146406	0.23614053380513506	0.02724196045384332	0.07249426203687392	0.1617294336231985	0.016128178681899003	928.8522910780398
-2159.2928195577188	0.2096996495858653	0.022640762809111058	0.06581471130926432	0.42048808090917383	0.013350534225117549	966.1233301101536
-2192.13807250733	0.21762454349124138	0.023103257302604596	0.0609605750402507	0.20886983504350468	0.025621918806102928	936.4625416147625
-2240.429904794389	0.16155980786377908	0.014989650292090317	0.03691930626057858	0.10894674897976099	0.043443809120741333	959.376296184007
-2206.4459728894303	0.21241170556957223	0.02440969212797485	0.06398910326487658	0.16515848317302775	0.035442969168683204	951.3040154129654
-2329.7367340826495	0.1483049826239913	0.013091352540563313	0.030481408087277433	0.03986478496016181	0.13062150743235515	951.6753743117854
-2174.2399672990505	0.23553794310027903	0.026519505790939212	0.0767256754926301	0.34491903941158386	0.05253150618963991	941.6371156319383
-2270.116908579255	0.1813544531668801	0.018449149600544893	0.043259640742612605	0.01565521537077223	0.029446480506142046	944.4339660162772
-2237.6361913498804	0.21229094436081938	0.020905946663357843	0.051147101046540834	0.08240691723313065	0.019245468558243495	917.842480731474
-2220.840292314397	0.30961857879285376	0.03849412837667569	0.1180096848483494	0.22788906094569808	0.03220268988396101	880.4132691691573
-2256.9874851708564	0.17924920848257272	0.018057500628949747	0.042799997140177626	0.040590992706627194	0.01849761713570242	947.1956960501576
-2176.971142593069	0.1834584449469754	0.018637677650275873	0.04939051639366333	0.3206483349869	0.019965695549747205	967.2764151088268
-2188.837708521994	0.197906692393029	0.02149233118574213	0.06489749038846088	0.3208273095314704	0.06361447385917535	987.9280672734267
-2190.303913711959	0.2099728171899926	0.02180039046396603	0.05736816983745393	0.22292348326944655	0.03336243344909971	940.8871849751356
-2476.8499627831643	0.17751547168617218	0.017181146529839226	0.040219906907092595	0.055669450546150905	0.26161366785705764	940.184319175063
-2913.1788918590923	0.2150463706519879	0.023487325490649424	0.06048453083615065	0.1455530800784779	0.49386702947172123	938.3368553159476
-2150.0913143310745	0.20490673972152637	0.021203192946915767	0.06459155539733936	0.5524086131932816	0.022621660635776464	975.0228668914264
-2168.5492473262266	0.1785669428423526	0.01795402189919429	0.048482334969375145	0.40860133748089567	0.03163828297880497	975.0455590451659
-2201.992658484205	0.19455341020717098	0.020963880008896787	0.05362523751263633	0.17827242533563392	0.023767967040350835	956.9688910781572
-2171.3845094378103	0.20982348304733095	0.02290579004711044	0.06389944366628293	0.3138550250241961	0.018654051559743635	959.2916689624308
-2174.471396112935	0.21449333965961329	0.023622436510713343	0.06825306002820819	0.30115555612164635	0.017213907222045993	961.8616235851823
-2157.7907270533633	0.22434770222791714	0.02453150836149356	0.0744994097740866	0.442376236929409	0.017673558794211428	959.5177626093376
-2186.3498333885864	0.24379154906669567	0.02659702920234568	0.07488360260744939	0.24412349368925793	0.03530996919379368	924.0869096161514
-2171.8371574527177	0.18612476160771738	0.018871268721023734	0.0513624701307099	0.3510001484209437	0.030433194167004057	969.5983145640732
-2317.1278097690392	0.1704253800726071	0.016479559255875763	0.04229373232942272	0.21736493334994825	0.17958575165599633	966.1555381942522
-2224.908228323804	0.19130520578235743	0.019574686126004832	0.048389289079955065	0.11192213476473642	0.027306075710864647	945.8103415772183
-2168.5799134823164	0.1958300916076231	0.020630136251613345	0.05700091280754746	0.3486935484211296	0.015468123532124196	967.8944334231247
-2195.1243645863383	0.25290713850479596	0.027729267865491857	0.07377419403422684	0.21205931024279978	0.03561572590164378	906.1820069964923
-2241.1297596115755	0.1695468389427482	0.01734530483648827	0.04155675878995604	0.08079792919377667	0.015367898334459252	961.8612219903453
-2225.1284042748325	0.2303542798024759	0.024079156086871258	0.06139068820838933	0.11107075898729919	0.03627108638754703	915.4549187019288
-2182.337424830424	0.23689079800881194	0.02654442627062145	0.07362976385214032	0.257509297412442	0.021830224942032184	932.0128293661977
-2204.7588048156576	0.19458344410115058	0.020080272482142992	0.05074295431311828	0.17602231847364047	0.033484329725642165	948.1232074116332
-2150.4273996959605	0.21493186317704124	0.02266510235370261	0.07166704908165528	0.5578078559752763	0.02548166405589491	973.4884515643098
-2256.234173226664	0.22215948070815916	0.022913319975141816	0.06606021558163204	0.25704698021932926	0.1433065484656261	943.9666281721372
-2179.168059899581	0.22904672615162594	0.025615380583900654	0.07093340451169898	0.2701711747277714	0.02086991512552242	939.9249155588482
-2261.1412669648917	0.229521773270109	0.023561393127220446	0.056754946395646225	0.03882318087660912	0.027746912784522734	904.3255652666649
-2182.841749976704	0.2470007964012035	0.02646057268050947	0.07390948483098297	0.25977617422916094	0.03255507266586056	917.4653205446654
-2232.4468049185716	0.1633513877937545	0.015960737660429568	0.03866307388550205	0.11519667667260848	0.018161092225027427	962.9319549781981
-2186.004183519032	0.19880338404541212	0.020478044347156922	0.05396490414012391	0.24615367981476918	0.024270850336020673	951.7276261091245
-2148.6486127664843	0.1968814761867856	0.02081357341219184	0.07194714824694796	0.8094125098163495	0.018683933016437136	1015.4377418935635
-2151.149589040154	0.20644869417112818	0.02192085280553895	0.06639040082278913	0.5249745481052072	0.02060582869469254	975.8315943764421
-2185.3029717301215	0.22366222812470168	0.02439740287736754	0.06680930931646206	0.2399450241376933	0.017026142127878188	940.4413516045024
-2180.0384951094056	0.2877677875413466	0.0301409286599844	0.0958449816134476	0.3925413088088441	0.011825087833569625	894.6487601356446
-2254.2293476762657	0.18364333620993473	0.01912255339999573	0.045543507889196436	0.04451356906944875	0.021544395958645202	948.8520600864251
-2258.9285606014873	0.17209064760981457	0.016133567939696995	0.03810649198964912	0.04349873951518874	0.01945056058302542	942.0871255910532
-2228.0388179950564	0.2124540654479825	0.022367854281019152	0.0558613731818306	0.10654733107706951	0.04426422769930613	930.4128916611041
-2211.6383478894536	0.21014043496275261	0.022825730513014477	0.05876764233901773	0.14275607154839576	0.021111004331282292	942.6819145870126
-2178.149143614582	0.23118260554085776	0.025650034113014895	0.07494896031518224	0.3118578848667753	0.05082404055503233	946.223778989948
-2566.5493949623096	0.17103361818449092	0.01691844661798319	0.040087717163474534	0.11532496556775697	0.3267654901587173	952.5928941796897
-2248.9976760105233	0.18430606665359012	0.018727383992342864	0.0449059804110141	0.05560795058091797	0.025194089907005272	945.7764843838632
-2158.0906774499877	0.22691591528584037	0.02494827319696684	0.0759881776558115	0.43881575866355693	0.025046097720643992	957.8301555671944
-2225.772612380648	0.2881593612932757	0.03250498845980178	0.08980122490080054	0.15314033451200984	0.04981417320843713	880.1591486779521
-2275.7511379087346	0.18238263108251618	0.01833100634863838	0.04566975427315757	0.16200681351698626	0.13400872699182223	953.8437424366872
-2149.366518860853	0.1906558178147835	0.01989050885541623	0.06063263101569399	0.5924495087918829	0.02660156664300983	993.3051447440582
-2147.412448285043	0.1957181458810858	0.02074645685331069	0.06444850343595664	0.6425392627542119	0.018501779403192697	993.9323439997129
-2207.6801481128327	0.2538106499609562	0.025324969588483084	0.06622018606125124	0.17077246088460418	0.02402919925736633	892.2176968316928
-2160.7535918203375	0.21519352446678053	0.02383681610127083	0.0701897922379608	0.3982903839370377	0.021535472745310306	965.818066174039
-2220.5805330334942	0.17503459867596644	0.01849387461432417	0.04627619507267896	0.13135045311517132	0.0168674749490999	970.4781328861372
-2176.8004283559744	0.25239617641870427	0.026705446553035896	0.08001218580857036	0.3156642937566709	0.042344546101172276	922.1201761400048
-2187.633888800316	0.19161477157787551	0.02109572614435135	0.05439631346583145	0.24148432768149244	0.01689974968925873	965.1589459785837
-2661.6491666568336	0.27403780259568816	0.03362386378579432	0.09173548772122662	0.13411472451334563	0.3764374847730816	899.5488795492167
-2187.037873971239	0.23741778007258565	0.025873268162280843	0.07103538831216659	0.23459023244498328	0.032279174574558527	926.318774996591
-2235.220956801618	0.19993678148796987	0.020878578249669984	0.05127439999481394	0.08349439934259208	0.020416367648660075	938.7193449204415
-2153.0738556678816	0.20923126530769567	0.021966923890329393	0.06551382864471027	0.4943691340832325	0.018863036971752397	967.8502392640273
-2206.5701158808847	0.19664486139529694	0.01945964204880575	0.04966807186607258	0.17680575989325328	0.0391235447763807	941.7223230494187
-2164.0381762883585	0.23414682651327942	0.026524088122340746	0.07674966001095215	0.384541456376537	0.02536880697734113	944.1021504005838
-2338.3552047611943	0.24986469671365213	0.023296031977947808	0.06768296827471376	0.28758676894090707	0.21564972113962638	905.0419027394204
-2398.7129004414855	0.19592356160925148	0.020920405716196723	0.04910715619809785	0.03956380046591769	0.20272208027001581	937.3329132338523
-2208.0537140352017	0.22857709475285132	0.027548984476663187	0.07143886636091751	0.16409170453556	0.028974791407600314	937.7086663513147
-2509.4720908155878	0.3450963472549385	0.03906140546870768	0.11301536940906047	0.31302960352490966	0.30786880304768305	835.144220054501
-2186.720607415291	0.21106144963427287	0.023277944197597683	0.062482939295058264	0.23130009304027926	0.022529534413991237	951.8109088413822
-2159.668713613439	0.21702251445958937	0.02347858376276941	0.06795369949220446	0.4070752632617173	0.020751098692184684	957.287752534467
-2648.7935213542264	0.1727358551467687	0.018867609658977495	0.04562292149379561	0.08289762082122698	0.3651776378676064	971.1531433161163
-2812.426711350977	0.18489073631310662	0.01889817595014791	0.051673404694248776	0.4187162931911589	0.4722717188745435	973.3867384231291
-2198.9847953929843	0.20910664456108038	0.02206624457890083	0.05730301694570307	0.19189049212200585	0.03987722250020657	941.5025524336392
-2493.6638870725064	0.20425125579230566	0.020686071004717727	0.04874409931059685	0.0168040373054666	0.2607129681545799	922.4144343134392
-2191.676903423395	0.2519737207330215	0.028025234576394966	0.07844508062561964	0.22678915059287974	0.019497818071044747	916.7877731647493
-2336.911447278617	0.2018279208356577	0.021105067928009084	0.052046433251366264	0.1286704521615952	0.18478313210890993	937.8878972215199
-2192.254169489636	0.23666844112200225	0.025035181460142563	0.0666572819459303	0.21197610803795935	0.027730972000959038	918.2818029495926
-2170.726822267196	0.23222232978812932	0.02588984864562215	0.07369746033958892	0.32349461802383017	0.02057181059338256	941.1378903940586
-2240.719684041179	0.1848842274524778	0.018874203565761787	0.045639819695728466	0.07450711564191999	0.029301377509475403	947.6009056992921
-2162.714232243647	0.22650949559003342	0.025327701432258244	0.07420806179880263	0.38818923457352533	0.02975767512611155	953.2250814231794
-2253.1803775028616	0.2769122170698972	0.031125397084002	0.07762059131901623	0.0759987083884958	0.033513224030390726	875.8112888496789
-2163.959450323281	0.23837864368929	0.02724144121699275	0.08195937463006098	0.4005899802904087	0.022473301315508756	947.2989699098758
-2885.734826384278	0.22419466225982626	0.025776597355077077	0.06661597482912493	0.14406188178446608	0.48251423649373815	935.9721921153896
-2208.46966567121	0.21607912289150857	0.023891384932073247	0.061786362513948395	0.1531118461229507	0.018557661572161113	939.6740424502597
-2218.88537955561	0.245348511685545	0.027781834282096258	0.07067509178310455	0.1343855472274774	0.0377423940426712	909.7653754216491
-2184.685515674279	0.21371844143380606	0.022099760292521465	0.05970956923956178	0.24624169409969068	0.01690827361237704	941.3690712149065
-2690.7378382292936	0.22293678492522656	0.022687959602632375	0.05391805586108625	0.024708196950755944	0.37277151600980307	907.0434453222399
-2148.868673184538	0.1770033988868596	0.01805659404817144	0.06031104605618766	0.9238321760908302	0.018110667437738294	1027.9252358215665
-2172.7921947185723	0.22486411166993148	0.024826613546367608	0.07113917402705272	0.305729694686109	0.024980962865203803	949.0721758827038
-2163.194037790559	0.2075074869502274	0.022440833669621827	0.0640882832446063	0.3746201068705524	0.026377854952440244	965.2582331442471
-2211.278188441884	0.20804898178668468	0.022481186194231284	0.05754897284543557	0.14369422290795994	0.025820156188188184	943.0953294372545
-2470.6917182772527	0.37814079117035954	0.05509190448199122	0.216919687648553	0.2839404517644464	0.2264916927124587	840.6798448617204
-2149.8398923823133	0.2062547162752926	0.02145053922768529	0.06549042542376997	0.5598908963699223	0.02518722742653458	974.6965462759249
-2170.669131706178	0.21081541068108026	0.021769382862126027	0.061403165424458894	0.32493796147664356	0.03173919592940346	952.4795531427807
-2236.075673250395	0.15116608802190254	0.016994492415723296	0.04160664838816546	0.16967625953542306	0.07003365852890578	1003.722770708157
-2542.5625822916872	0.21754219268502167	0.02088221505192581	0.05325896486933103	0.18064126959645405	0.32919922641040533	917.0169902261609
-2168.826864546801	0.22025072091441183	0.02729133057833834	0.08076454060181107	0.42095763253024576	0.005122265436601966	975.9003976191368
-2226.491385448955	0.21218212178208837	0.02280529985951333	0.05684293974774236	0.10325087712051165	0.02746613761911296	933.1021994995117
-2222.910351890326	0.2098904901629516	0.02257126800123927	0.05675982377454311	0.11561258894437251	0.013047126789930107	937.1610545969456
-2148.5991206283015	0.20827715949950182	0.021981713353455213	0.06971248610470304	0.6043445502597402	0.01946861657889998	982.2364162094021
-2190.88230115653	0.17247537097013094	0.017933410880181203	0.04658717450900954	0.25292969917602803	0.02481445685745798	978.8197193241397
-2862.0836099311	0.2028919834119564	0.022775416327218658	0.061740588291286175	0.4025886608179872	0.4924179359638029	965.8145976139859
-2209.3173597709315	0.21389957642128954	0.023099999885160736	0.05956058965739753	0.14914221257057778	0.02282098555968398	938.2560351428297
-2147.054353139627	0.18425264818244919	0.01900474019943643	0.06222114783751521	0.8218393955509696	0.01956326224550772	1015.6438423299909
-2180.6250974618483	0.18903031452885022	0.02024705735259362	0.05434456530530813	0.27775853831698993	0.01588033077365071	972.0085829874065
-2234.688379467667	0.1400733090966845	0.013860843203206468	0.03395018135212578	0.1432835384886464	0.01049469164222642	992.499008740989
-2162.5813352336213	0.22717719305661424	0.024541868482307185	0.07231225627364637	0.3827213482068634	0.025479209785752754	949.020466424564
-2185.4916223741066	0.2187549477475562	0.023722485610784383	0.06396088545034868	0.23753634736090978	0.03128649634409226	942.0942993409275
-2157.54633330473	0.23613095136048307	0.026292673399174352	0.0864265107555293	0.5182435400587608	0.021812692307198848	962.8877585802603
-2147.5942529374865	0.18440453272542146	0.01909406143851384	0.058665322906245064	0.6732111840032462	0.020954509145042027	1001.5796857436463
-2191.5267487814954	0.20630345220262664	0.022768587564440793	0.060467376330170755	0.21226415602321946	0.023955722334165454	955.0294318972851
-2254.9317922759055	0.1094711105798282	0.009501934461930853	0.02269548885890795	0.22760269932678803	0.02833684208845499	992.9023001927754
-2161.1167084130225	0.1937642830659559	0.020675240471750053	0.058224859058275735	0.40791579282044305	0.024363739208553805	976.2155455257812
-2202.530521147939	0.28608823010416684	0.02990016167581904	0.08421144749743145	0.209438208819265	0.029916538745231872	878.2807141652196
-2229.0203395149388	0.18769096484593495	0.019090570958479446	0.04729592532645325	0.10888816873999647	0.04154434074141943	949.0170012992357
