# /groups/rgutenk/lnt/software/anaconda3/envs/donni/bin/dadi-cli InferDM --fs input_fs/fs_028 --model split_mig --grids 178 196 214 --lbounds 1e-3 1e-3 1e-3 1e-3 0 --ubounds 1.1e2 1.1e2 3 12 0.5 --output inference/fs_028 --cpus 10 --force-convergence --delta-ll .001
# Log(likelihood)	nu1	nu2	T	m	misid	theta
-1204.9266491138546	0.12866416631622554	0.14196108512393815	0.20915059804773387	0.9235519018554647	0.03561667599812909	178.6648906509877
-1204.4282032931305	0.18088426910272085	0.19633783138628777	0.2911760672059425	0.5597360518903929	0.04441665572430546	150.60949469852392
-1219.4620180388129	0.27546322552537095	0.3060607564514548	0.4126278620383266	0.30028198166095316	0.03404497065855205	115.55214690066599
-1195.402899325556	0.1761570849824435	0.1951542158226077	0.5506558166996866	0.7836299658407012	0.04538760089947659	162.08342925680623
-1195.2376455920523	0.17255351265884733	0.1912267037609081	0.7138647277600575	0.8184168987340475	0.044601105845515736	167.16135225797015
-1195.7233098146905	0.1597513171459836	0.17293434056636298	0.4577523643890496	0.8821282282534776	0.03902251784752888	173.4449686292981
-1212.3477436030219	0.11686882386694278	0.12750781367956723	0.1734860718501299	1.004449677373367	0.0012058537436026762	183.8100596085177
-1208.3900466754965	0.14763738551588176	0.15055442685330364	0.21329511103243276	0.8068286287648524	0.005599451475392406	168.20725766572127
-1209.7848330771765	0.2667976886980827	0.28000026720128207	0.45110782407407857	0.37126988855118753	0.049758138361131986	120.99877985699143
-1198.294807022575	0.22782039892676625	0.24699453886700354	0.5341683138922457	0.5561367174976489	0.048520370001274606	134.84131817157134
-1201.5482877000982	0.13699486572945055	0.14814303972125553	0.2440065926297115	0.8869315251344693	0.034198054504854525	177.42432514597752
-1199.318689108367	0.13219575442717973	0.14548377733868284	0.2818163372758622	1.0150369042532088	0.035881585894020414	185.37485130991664
-1203.7912526332423	0.14140505332945838	0.15530002763337675	0.2540629836727211	0.8698739466486074	0.07631965658646891	173.93062179114645
-1211.8846837297006	0.12112792638500466	0.1328372761186288	0.17371374766928138	0.8748473789657841	0.009937907338662238	179.2999226093479
-1195.47459261566	0.17340073305365744	0.18997996808100343	0.5070180372344695	0.7961725221496951	0.04209094346039026	163.76949791958663
-1195.4507663216914	0.17385564038310697	0.18932837463210364	0.5161099979648549	0.7978442267902242	0.043452943748111504	164.04984973597476
-1195.7609230681783	0.15952837974633846	0.1791053752566885	0.4504834695839582	0.8530444398772773	0.03986954428046744	170.85715161363038
-1195.4857903640245	0.18951674113545594	0.2089085031107803	0.6695245314722652	0.7229581192366891	0.04477900356232379	155.05241757258528
-1209.657150229134	0.0894531374908194	0.09684607039746033	0.23388739137201198	1.7436173940518314	0.03122239096701423	238.18867895889264
-1196.6918337164711	0.16837533034107227	0.18343949241892102	0.3771886532462241	0.7927437520538889	0.04672450016590349	163.16695807534478
-1195.2435560778015	0.174192148770734	0.19236924070131559	0.7023478457504928	0.8058026247883168	0.044485580283335706	165.94290699922493
-1195.618180084887	0.18853300579417503	0.210756764389466	0.6106870375262218	0.7127226052857607	0.04792767360087118	154.18116508625906
-1195.3615072649422	0.16575820046438097	0.1804938406801968	0.5655506495604713	0.8560882020946309	0.039909247476079726	171.3119131678181
-1260.6798168900941	0.15666954742659575	0.16659950776329813	0.1910985771423606	0.6264712882041245	0.2706910069920231	156.72033288115992
-1203.5232708056958	0.2212833000651528	0.24808509463091633	0.3988709482344398	0.48530761515092297	0.061747798056620076	133.71031500486652
-1211.9456855697906	0.09443279750532699	0.10283733919280329	0.1734569981388126	1.47012746873732	0.012571051004560813	211.81383062879826
-1203.2802849914622	0.23322029555853066	0.2520500313916313	0.4639823591127556	0.46107001765713657	0.03709627773151897	131.73135480572273
-1195.7647771609668	0.15016512421719685	0.1648682238917093	0.505760950104389	0.9585524583002015	0.039441229020516985	182.63034697910578
-1196.925201915984	0.14291232304543952	0.16007941421221228	0.36649254060168257	0.969850190928633	0.034694479629161445	181.22367359163374
-1197.2657975376617	0.1519617569564596	0.163731033074928	0.33453319127426956	0.8830002256057978	0.03534429728039541	173.6940178435456
-1236.7561475220516	0.22707086686563605	0.3581713032256612	0.7166708194937276	0.44577696531330413	0.219116604341175	116.51095245237285
-1195.762698089417	0.17921533914071713	0.19710790979332607	0.4759747107095477	0.7483235090056124	0.04359729885875159	158.75534135192643
-1195.2286325742143	0.16896974228597728	0.18651583869960917	0.7056214781555625	0.835972870516456	0.043674890939796755	170.1250320718499
-1196.2871294976824	0.16020670216009325	0.175018418655246	0.3885598598998262	0.8430620193515587	0.04230043156642891	169.47979385179985
-1196.5114247900788	0.17671059837542874	0.19368094501157018	0.4115803887965443	0.7289599336002016	0.046835683308121774	158.55177888470556
-1203.430547584445	0.14724597754456226	0.16803813165700718	0.24099403227889674	0.7483593576929286	0.02803691718446768	165.48589257892272
-1218.6194155155185	0.1560356885876282	0.16991917437773815	0.19695158099138219	0.503520261794034	0.04419079688612058	156.58891239645394
-1198.6279888577994	0.2054329429982228	0.22957990999329017	0.43990660013509886	0.5789947678038166	0.04938520014644899	142.03596471285422
-1200.199942507199	0.16643863964852085	0.18368751764028657	0.2974082599603109	0.6897890271878835	0.03984282831675066	158.9477153375507
-1196.6125599621405	0.15654827677885155	0.17163047231017112	0.365423085500518	0.8631407823990334	0.036721463286518	170.8976338226718
-1195.2532560289264	0.17053714033647818	0.18917063959806013	0.6549746425760714	0.8215591815517364	0.042883031975904755	167.8351613301749
-1196.8364091418614	0.2019885357008615	0.23087627756101986	0.561661065144108	0.6213091690775102	0.04586832040535192	144.51696520959356
-1210.842108409572	0.14171878925385026	0.16115858598626365	0.19590958779284848	0.7988668952404079	0.05480712306766374	164.11573095159912
-1253.1617928980918	0.12032717834662397	0.13277934708302633	0.3135272837156516	1.2138962044181982	0.292804979874224	202.01953172521294
-1220.2992592951139	0.12073149697198071	0.13439891669361373	0.154379536764363	0.7427741928463916	0.05869341824559285	174.35663111350647
-1197.8454875549596	0.19107401602362073	0.21220652848665778	0.4022325128795943	0.6527809916177131	0.053627703004979724	148.92509796501722
-1215.7429261865714	0.20886250422984406	0.2486283022907279	0.30832800828067997	0.39801997986635557	0.08130957223899572	133.22553713802802
-1220.6625554054126	0.16696535713038332	0.18846182587591245	0.21025366162709708	0.4369358307169131	0.04350110694795155	149.7976204508383
-1195.7390110349402	0.182512278939771	0.20172789441841668	0.4947513151893076	0.737575984740807	0.04465041989254162	156.813856815131
-1197.4891309613695	0.22012400023309142	0.242879103818612	0.6038395786521091	0.571878443076034	0.050183037753979656	137.83611161991666
-1223.2886549413795	0.1380737545537875	0.15597342137447803	0.16649094812550005	0.6019827313675049	0.07359673702752596	162.19480934939162
-1195.8677080553605	0.16251513786666089	0.17798863137580387	0.4263617205306095	0.8453851294070444	0.03946275780864798	169.26052852461618
-1196.4962548340716	0.15359440264983296	0.1640045367567874	0.38194798684986725	0.9113538330035018	0.04051861719229126	175.96168594040992
-1195.3707210333046	0.16582782755182776	0.18207965961655181	0.5439218378643396	0.8491819043705898	0.04230207058612292	170.1938388823362
-1195.9226609682762	0.1593684868362136	0.1734815802959797	0.4242382640814165	0.8681418911747962	0.04225772067489989	172.02193288945642
-1195.420394975226	0.1792614971596483	0.19679203684329377	0.5541957155391224	0.7683925916425767	0.044024053964440965	160.56780005436534
-1207.1837276656586	0.2548220582260403	0.28601271468069184	0.45659051784593335	0.3994128627116182	0.0444845737027436	122.04091451170261
-1195.578451941281	0.1395927973552724	0.1543251074511319	0.7012946961710133	1.0385236333742613	0.04187017758525999	199.10645906867327
-1196.9266642137845	0.14931065731140816	0.160246371443168	0.3558642097658817	0.932549895966421	0.03867139033644129	177.68097997031236
-1300.6263690828082	0.126729646676061	0.15981352348735095	0.10578220381235764	0.11309591346857534	0.008391304418687904	151.23620582032322
-1218.2705184132005	0.14797813720641614	0.16034249861221084	0.18251366710434705	0.5600348180983371	0.03457708719133076	160.09278528594865
-1198.0998167643245	0.14941673925440116	0.16228397318723858	0.30656091622618054	0.8740596805571608	0.03345028054961753	173.12167309232524
-1238.8539379680496	0.13353686154495323	0.1577879214101322	0.14472544836402207	0.41709938980172084	0.02543446209390672	158.87147326379548
-1213.6760695698472	0.14499355508239736	0.14653556079409724	0.1878237625259662	0.6676046990642862	0.018640312156772712	166.69028443507423
-1207.0501749588439	0.22979517848581346	0.24471145394266378	0.36915751854539186	0.43558760495138127	0.03986306055691965	131.91777969551333
-1240.6056574583063	0.3430936493206504	0.3416966993806681	0.42450865113278746	0.195912970340803	0.035018451432323704	103.51501620069534
-1195.333034902952	0.16835267472518292	0.18525907959015314	0.5602511786532204	0.8333273812183476	0.042869975741276344	168.43656764955975
-1203.1692607396485	0.1362640469861519	0.1490625093522284	0.2271263506155544	0.8644345967326157	0.031276476032580415	175.11757235184365
-1235.3211986604695	0.10819428891195611	0.1090567114692792	0.12572496205936487	0.6796553565140041	0.057659041932326294	183.4295076247664
-1196.4694494976843	0.21802493175566934	0.23555796070014626	0.9042032436797326	0.6200710277458202	0.039300093813291415	140.71110560472647
-1259.8791103104372	0.3132009870714298	0.3584730219561212	1.8442915166678095	0.4236807643647399	0.33199258533127907	99.83555535467177
-1208.2742730546368	0.3103980890449902	0.3402035645839297	0.6836453576236757	0.34823409021145435	0.0537344365206136	107.5928225680355
-1211.6645965918103	0.1979581043912274	0.22687498382826354	0.2868284391782453	0.4400481032041694	0.053555668701381676	138.9078805174147
-1209.1910892317974	0.18980363479902101	0.21960867911917323	0.2824806210006766	0.4910877364243099	0.05872811448183644	142.14015121855348
-1195.3889366951166	0.16494692500451333	0.1814268679771076	0.536410614290998	0.8525699177704336	0.042137891266764656	170.58734876930967
-1195.687458065205	0.1574995831414454	0.1724668313292755	0.4678722869090791	0.8921581725461433	0.03871312062165385	174.88424110273453
-1196.6250616790244	0.182967667755558	0.19858066730865456	0.4188561489951137	0.7047642400825426	0.0463569067631314	155.45438901583466
-1195.3626680907537	0.164576432579288	0.18070493776495528	0.554041526113503	0.8577630474688859	0.04162428348791284	171.4242025761575
-1195.2986598549144	0.1650018226643717	0.18138199956858117	0.6091272648597511	0.8625493264254023	0.04279339070524151	172.1993276675721
-1195.5856850430332	0.18556041213229113	0.20399855351635304	0.5573737187320591	0.7281810655618778	0.044488894778159746	156.34815816366856
-1205.815860841959	0.17285337499460118	0.1935854957379166	0.2627550016140968	0.5848161089530923	0.0269276846154889	151.61913292251492
-1201.8137373068303	0.27992576210574227	0.33482544142413884	0.8907929893883317	0.4755643155013083	0.07791767075789298	111.86941207083255
-1199.5151068117464	0.14052819047786602	0.1535635862607684	0.29810472478768035	0.9579522948137141	0.05830697938761065	179.66075431983262
-1198.6591533789706	0.14898144968571658	0.1634436177381083	0.29536192754962143	0.8397269714090512	0.034208740484091164	171.84561353179456
-1214.5522745786602	0.13210929865698512	0.1424345687599122	0.18051775884033996	0.6714382777286998	0.023180161604819623	171.83033960509022
-1201.3962954208043	0.12585543128400864	0.13741869871653395	0.24544793303340776	1.0552742213452444	0.030571723768270696	187.72741502774508
-1195.5368825944925	0.1633981769223723	0.17919154269823956	0.48562529916598896	0.8550371887660922	0.041111188549683	170.5951667577979
-1195.2604500805937	0.1686498745595612	0.18596195764086948	0.6315609264963468	0.8358124749949722	0.04341464969201801	169.39058328281433
-1197.0119698557803	0.15158388572403556	0.16463159484217024	0.34618137724382436	0.9025721761046028	0.03619896406847769	174.34210569710157
-1197.0864318439146	0.21625011759666427	0.2333947685167232	0.5456755648806246	0.6120465928114406	0.05361755599476327	140.472691096527
-1198.2791764870394	0.18637057578788413	0.20833919549547059	0.373076098632988	0.6492463479022655	0.04032040194908256	150.13992323018414
-1195.5178237827085	0.17066184307358565	0.1880515568450332	0.4935294730533201	0.8172462047213322	0.0424945183176016	165.09003585475892
-1227.518568100123	0.1542120558990156	0.17077782479748918	0.17742275236818814	0.4334455513154462	0.028977574737288805	154.19932426505542
-1231.1805291007488	0.28797050230504284	0.23997521272705535	0.3730749849123072	0.27977876658314466	0.0394418112788783	122.71140420337721
-1196.4280925805103	0.15193860111769347	0.16603728571798013	0.38290044013984265	0.9143283269505453	0.03890546986362708	175.88785731188204
-1196.578755489285	0.15131194619258295	0.16038603587157496	0.3947983133822886	0.8966810574316568	0.03592922525878335	178.88021910421855
-1195.7013360808876	0.17668444318678456	0.19392708138931644	0.4743706497817347	0.763490040844195	0.04182441691828709	160.51651586340438
-1202.0481741491003	0.11777737289803279	0.13031757120616194	0.25106617210284393	1.1964069704792761	0.03171578769387717	196.65357886053025
-1196.054443648792	0.20265877593544926	0.22218514673315248	0.6051796433942257	0.6585551956105334	0.04561871939940991	147.0685305825251
-1195.3177819448733	0.18289781676191258	0.20253484434350746	0.7597801702742326	0.7626415625726138	0.04494647122610168	159.95739258223136
-1198.7412348243586	0.20460524463478552	0.22709186000030424	0.4152955604949472	0.6099783199526565	0.033424026686472944	142.31572316598675
-1198.3954933015498	0.20331805865342994	0.2239902503283539	0.4426114405507332	0.6317353664641049	0.02607589330297391	144.03537218212693
-1195.7601909123136	0.17046589093489997	0.18805856147280964	0.45838085231035053	0.7878867937336621	0.04602145806963772	163.99771389785883
-1294.7979171314294	0.10070898925034966	0.11557717564684059	2.734350336990718	1.3564146652953335	0.4229652017006374	292.04787590027934
-1202.4666826249	0.1285505042898578	0.14370205020434096	1.7443686689760511	1.083473244664502	0.11955272781892529	228.41566438373718
-1198.7388709426425	0.14463447821550282	0.16702717001295145	2.1366011305727826	0.9336827717775127	0.09297310016076876	200.73049821240772
