# /groups/rgutenk/lnt/software/anaconda3/envs/donni/bin/dadi-cli InferDM --fs input_fs/fs_056 --model split_mig --grids 178 196 214 --lbounds 1e-3 1e-3 1e-3 1e-3 0 --ubounds 1.1e2 1.1e2 3 12 0.5 --output inference/fs_056 --cpus 10 --force-convergence --delta-ll .001
# Log(likelihood)	nu1	nu2	T	m	misid	theta
-26276.771881151803	0.6877146844102653	0.029770525410559655	0.0015686653759102453	0.13608441628405546	0.11281046784145549	5892.473995517142
-12546.079786352473	9.846528404371512	1.0015167814268597	0.094825868460168	0.7896616950705365	0.16332211059775942	2653.900648355693
-11679.56107861085	24.674617584364782	1.8307760707392364	0.14099784264142265	1.2435496881129757	0.10767290919459406	1896.928788039215
-13760.696823073498	6.136446544020838	0.7892870591667684	0.0673104544739705	0.8686391713559514	0.14573045998868872	3224.208256070654
-11527.786226168599	17.534468790778206	1.7105603998889622	0.36538084773628754	1.1912987092185965	0.17843667792670634	1311.6709036828927
-12287.627788808477	10.898416936707454	1.049277192305208	0.0894696428416636	0.7991001442487068	0.15924496137830646	2663.0632779925018
-26438.26720565826	0.581848719959156	0.019224513217194143	0.001	0.05027113792335415	0.1322510458862394	5917.042606935484
-11803.490773657646	20.000415339970758	1.286855420433093	0.10210462074738136	0.6893149098486556	0.15324909997955072	2324.556923960349
-15533.29809579398	4.330328620653181	0.6693960762858115	0.04319079623633597	0.4079752718688417	0.1462983811131643	3809.8391342816476
-11463.499177198597	13.649897833425644	0.7675714761422932	0.07959544347991515	1.777588903520576	0.13325987568729675	2817.511471700879
-10537.534543337604	19.878372017094563	1.3522606009362272	0.24180543225282017	1.7284841383287115	0.1263284469450072	1595.305465795366
-13994.663327007223	6.793872795612201	1.6020468942783468	0.12724170194409923	0.7839198437118756	0.15282469235003074	2392.0597471249025
-10716.475091353155	20.688551048492606	0.9204442179005126	0.15410297422847166	1.8385502979628856	0.138360899444147	2029.2711061135403
-15332.725770466259	4.8398918458339395	0.6959409968202247	0.04507739644135318	0.03486690667891173	0.13973319752254987	3716.552679865998
-14555.18951011122	7.358332574738941	1.7246323806456265	0.07827431713402515	0.09138636881987076	0.14135599356560635	2767.2682963066554
-28824.283504562627	0.5749994370793748	0.019186471592855303	0.001	0.01132767607887559	0.31504268592255913	5918.637457934754
-9758.22810768017	12.823149538923188	0.8231880452712935	0.2906450944695204	4.1424352354598595	0.1366737783067825	1829.4754698355396
-11095.55915158118	12.168006352127941	1.2895759768003876	0.1765376737374737	1.637286163232929	0.1477678594234644	1985.7453443016866
-10424.550875452253	24.954060044511856	1.3851506240640685	0.24928103827078765	1.8109453610534991	0.13113147726847602	1515.9595325725227
-9626.5144377421	17.523226800910734	1.0472986700135647	0.34282831980555334	3.3876877431642582	0.14514388508268775	1536.0425719991586
-23596.04378643382	1.1660856890078828	0.1695226251659275	0.010326061384142882	0.09786057396310213	0.15212490605555387	5478.985919827334
-26555.60969493667	0.5405352282729334	0.01931952547828948	0.001	0.07942297225241889	0.13333044411304906	5924.12099449289
-12102.17700580793	23.662324313673967	1.1242197777072684	0.08689212252918288	0.4399263816949691	0.14389050058368233	2494.0687254106683
-11214.937013344972	7.617563708855936	0.8633173230110345	0.19905235252585285	3.1217972550699393	0.14574219834588945	2248.281831229316
-26716.991009073598	0.49016625403147557	0.019271709802197844	0.001	0.0027576311682752713	0.1447734228920114	5935.81874935777
-18201.1673918739	2.7138290023504057	0.5885688005491617	0.029556237428935237	0.001	0.1311998507007579	4325.8629887002535
-24501.17520510396	1.023980678304436	0.10805940374184494	0.006680137894160988	0.1384666799852706	0.14201515708274245	5671.061023108931
-16167.970638339462	4.266551555294564	0.732695574117416	0.043990485566003254	0.02522245747615289	0.2026119463155377	3769.103343759645
-10096.117559647864	11.008560934469564	0.8162201750840339	0.20385971599986807	3.7079014454226127	0.14397361804413542	2098.359048003905
-23437.58636854849	1.5356312176472708	0.1235321526605902	0.00539126094062364	0.12423738557313078	0.15363075093700082	5544.582851543871
-25416.788110533686	0.8594089477416547	0.10822490222973623	0.006203815496991789	0.14106293911228726	0.1203087667382357	5725.960742552458
-10049.99429840074	13.678855977041614	1.0129119533080249	0.4689903681997934	3.242927557110529	0.145294593698595	1471.4511195378002
-11729.737265354463	22.23963350510805	2.076146914767021	0.3399162961741199	1.1057247689755518	0.20871657228997953	1248.0431249790634
-12870.666981394224	6.59962017334517	0.8144671622875054	0.09667768517765485	1.5639339012888696	0.1428754338334973	2868.2486668405772
-9085.74144113901	32.84100891424582	0.7582731926937807	1.1768139375689806	4.622350857677966	0.1430141663736074	1130.908548159954
-13612.295525591404	7.334456006111125	0.9617114275103598	0.0651440637441708	0.3945966910436892	0.14469899763957417	3122.8984293402814
-26342.848800277163	0.6140425031362408	0.019227577130502427	0.001	0.03922990868602198	0.14051185997186352	5911.550744035472
-9688.103234233968	12.197851520744164	0.6669847417234279	0.36060674006598964	5.36844853056494	0.1434337978605323	1860.1358607321351
-12823.882744167771	9.570759706118718	1.3429913870957269	0.08664444599716228	0.6135745363817047	0.14321208909260574	2658.0535238437365
-26954.701129298923	0.4573354010645012	0.019227708514111597	0.001	0.0010640807271924914	0.1144687144971994	5944.810216226648
-26353.556764163943	0.6116148879508757	0.01922651598270658	0.001	0.02556935848665069	0.13615090984912573	5911.95088677814
-11870.674549291616	9.282565137061873	0.9643771513062971	0.09385260283307852	1.5786599179583831	0.13758149767943578	2703.6708370834663
-24154.500993304377	1.098188336089532	0.1308017210548608	0.007741663043384096	0.06943756718803944	0.17332326762990274	5594.815336211708
-17141.714950343336	3.1713318372299493	0.7366479622925048	0.04259760014513377	0.3197224263916788	0.13002595965195898	3920.828286198092
-13328.98084125947	9.506797155892427	0.9010845212452061	0.05788841900808925	0.08177663731578903	0.14415408161884463	3180.8814004413484
-26666.43744838961	0.5099688403808817	0.018830907740350133	0.001	0.17801837433995163	0.1560209009295808	5935.344924746816
-11577.595484732743	36.66699814943121	2.1454433433880524	0.2435786780564553	1.1068135947946658	0.15168894153937437	1354.9785121512657
-26707.428557259285	0.49595999994366385	0.019232544662809815	0.001	0.36822936611633944	0.15323584081917008	5934.818241232021
-12583.668137364093	12.668597273208249	1.032517657908141	0.08821610727341478	0.4102585097493216	0.14503276592206357	2635.9843902089797
-12186.244952641871	15.973153619718511	1.1398287261506246	0.08484125499393273	0.47253642101744336	0.14781769487107577	2591.330659470261
-10521.776336283945	19.593008699285736	1.2470186583085296	0.1769916510799219	1.7783034543755494	0.1456809988118714	1853.5837853297605
-14560.368023713812	6.042774504892625	0.6964944950511409	0.046231244174184276	0.06799985185152321	0.13829846687729497	3614.032850669443
-26376.068084263927	0.6076498319436628	0.0192274846218575	0.001	0.15936502455707924	0.1554970100980432	5912.614821450471
-26677.420821788466	0.5007914507752856	0.01914753334658871	0.001	0.06207662743755138	0.143574416329921	5934.436093790572
-16319.526367757366	3.6662869925207873	0.7422358113499536	0.0463291025401378	0.35558201912385823	0.14349277536773317	3787.532293297787
-12729.249908933827	12.245566074751634	1.2191863011657411	0.09342206778774537	0.3675458354613791	0.17253367258409272	2542.284412409095
-12910.949461580592	10.686762210804824	1.177625070957933	0.07510485594130074	0.3596603767673684	0.12052277375955339	2805.6370406086285
-9414.80918896765	33.12695620676877	0.7978486760129241	0.34052104733900407	4.627825236697496	0.14601942216262395	1513.4315852147436
-14076.840728563482	7.500603832414679	1.3341627893497876	0.06736286070987567	0.11944313962211969	0.13212075907464327	2983.274267715504
-13307.81921203954	9.43205628507358	0.967511429869398	0.05977391396685479	0.12372137956471387	0.13491994946430755	3129.992164752926
-9235.274860508602	22.249585394744138	0.7847381912539273	0.45762077867139533	4.63940860329178	0.1493565766508902	1471.0977247487915
-26719.767374750696	0.5567111528659032	0.019012727097255357	0.001	0.05408694337471944	0.18948257961263304	5923.735138837545
-14933.74906862051	5.430974019449215	0.7662066065398836	0.05145928733508217	0.02347334154856678	0.14766995746924683	3524.6590817911947
-12848.644107309916	11.026309417477414	1.1485854173624643	0.07319357364719441	0.28461428511920145	0.1452080934937924	2831.755145210734
-12501.863144152137	14.6633963724153	1.029267113644291	0.07026258539924958	0.2734299187951905	0.14768544444386697	2836.9578622867725
-10024.937426706843	15.636908251058575	1.0692076693411299	0.6528797283399289	3.1830133398602034	0.1575728282686944	1280.023534406079
-9230.184337878221	18.687642486219033	0.5515538935331624	0.6447473411977019	6.569540424254001	0.14511082251779236	1647.1752229652748
-11204.31782945873	11.075110054141094	1.481371860559606	0.15816179159768254	2.1314930886075256	0.15989399841303908	2072.180907344926
-12271.803234038141	12.283754166598264	1.1852103066919517	0.09800043219569085	0.635002548987298	0.15401784648497754	2503.7585948558076
-10832.206179750105	11.438159021858928	1.3511906150816348	0.23187239990222389	2.1445387879631377	0.1483738244072975	1811.0125824687022
-10173.953075217882	10.26894019925206	0.8520716588017035	0.23299827186667738	4.014858163717638	0.13494556663084636	2035.867251728843
-26561.40864926566	0.5355044107693695	0.019227181382176113	0.001	0.0010715768843236107	0.1466822068807421	5925.9462442277145
-9204.278326960293	41.7201797901662	0.8823274299573596	0.8608220395096329	4.14398910442524	0.1466118988432521	1075.8387182949307
-26311.488008502223	0.6453030834108126	0.022912759282503595	0.0011917232598266717	0.1207489490180449	0.1616422471378621	5904.177310523587
-17701.968224343116	2.8856441257707743	0.5557820999309555	0.03365293392233659	0.13044033618978496	0.15735129133732476	4235.331664897017
-9803.743231265234	21.217856800643464	1.0743975914009458	0.2582525888968874	2.7201640177943185	0.14824231632888601	1617.6867237378972
-15017.190195900619	4.707754996900095	0.954699223205702	0.06485657212067734	0.6822545294367566	0.12460695909404662	3301.602166278004
-25894.750226683063	1.6250784446760944	0.6202802748177547	0.045457380355451826	0.35758490133286047	0.3650902702273288	4332.900305060805
-11607.801212917264	15.85583160847549	1.2636200245011153	0.10772647682998326	0.9448757169767643	0.14870773974217694	2330.7066756077797
-12672.152403209104	13.000601743242186	0.8261378135498179	0.0630870987231074	0.3469642710388229	0.1395446868393999	3038.4785498723804
-9920.50322250623	14.435036698494288	0.9249132667514239	0.1893096416981863	3.2001329499264703	0.15190890180632446	2002.2231734378306
-26531.864942253076	0.5446869444441855	0.019042479986567596	0.001	0.07780954584412822	0.1427131438647403	5925.842644738247
-12685.05817867164	11.376179929992142	0.8239340188846856	0.0788690994230906	0.5706718882033964	0.15037614543579975	2842.5448043396964
-16102.325218304844	4.0379697522682845	0.6792440411934213	0.03903995305059808	0.012181861548242245	0.1529953055841882	3913.777838440835
-13676.933145179364	7.704636458482185	0.7993735960998012	0.05303233707797125	0.2507947019501147	0.14464514431252892	3364.9410669653407
-26440.136332070168	0.5762356782335122	0.019238187308663276	0.0010001894105719311	0.055035673038696394	0.141084547516798	5917.966108207959
-9935.74798292737	11.792184710176677	0.8338578091702996	0.302218828009002	3.990766897729828	0.13464300662512518	1830.748981047438
-26622.875587248825	0.5232557285052319	0.019264253110945456	0.001	0.07031999075495218	0.1291823138254274	5928.245662695816
-10832.218469084448	15.15347565267796	0.9457030519236961	0.10982310539648181	1.9791521356461292	0.14751276397420723	2417.448718613546
-9573.119683307905	23.220042790282577	1.0506094703501199	0.49578655878657035	3.0767366098975457	0.1489413478898406	1265.437125647061
-13915.847749274171	6.7946606081377166	0.867904195534828	0.057545485452155126	0.31532514251903515	0.14601142355012608	3301.452394772883
-9592.652314037186	13.790411815916743	0.7040061121719985	0.4411340848593347	4.975066003619385	0.1489531113771969	1687.8241798472645
-10594.890234117876	20.114838914679307	1.4708542709351404	0.27713414139392867	1.6198685750548079	0.13643388898783193	1479.942145640168
-9199.85167260894	25.628446378478927	0.7152916732857867	1.2524731187705729	4.825479854450339	0.14840451808346336	1205.1824062947726
-9064.961867236612	32.83968907055934	0.7715375145009805	1.1640072539633934	5.198439384245753	0.15466538238065647	1171.0148092040063
-9683.792791278167	17.910343661308787	0.7261738610635338	0.9394515869176214	4.285864077015566	0.1264360646852418	1310.6730747465801
-9201.658713029032	25.239921218348613	0.6455196990954105	0.5061788509666837	5.1187189198057315	0.1579270843008507	1486.5437787181868
-9091.789483093238	24.480188966229647	0.5785471139597247	0.6166749750340856	6.439329435129016	0.14323861978021116	1560.0335274143747
-9074.395459737323	29.360547562053377	0.6184625973683932	0.6249177537326916	6.329368014953409	0.14827178921093936	1484.7889748992206
-9150.916671547335	21.472657383698472	0.5264335088604211	0.6647755472615473	7.197064836865664	0.14613308511832607	1663.4726797205262
-26534.69813141819	0.5436501969896069	0.019224948948671567	0.001	0.03783223936801344	0.14471391574124184	5924.299897252127
-12452.901036288038	15.816916766384624	1.2599466401934867	0.07873619153648996	0.2768496523821687	0.15102697612811303	2644.7081267859367
-13794.286314022787	7.674582246596185	0.7413544093647157	0.05142197760169067	0.18325663889766533	0.15421521709100466	3418.437389317431
-12750.026429468548	10.3342549279493	1.5647244263791193	0.11138956426074831	0.6268479540105942	0.1373491177748132	2356.4739697636796
-25706.938071389777	0.8190058622557854	0.043239814972988434	0.0024396146314558742	0.2246056606219105	0.15132358623294903	5856.361813488374
-15767.144228502219	4.2784769252384525	0.859153872055985	0.05178306970150735	0.2795452173837415	0.17268942188431766	3577.1089181668535
-21484.381498316747	1.5708598804366534	0.3659311668874094	0.022333600395328987	0.21713598664403844	0.1308364216325449	4900.89015644346
-11172.369516617608	16.17767912119771	1.6435449451539192	0.21233741100703538	1.317469489275698	0.12736232039763182	1690.301258497062
-12790.246106590117	7.699250489967817	1.4855376045670166	0.15850613447544729	1.3131298196310812	0.15570653016132502	2198.683077317418
-11531.332221221866	11.196749351447409	1.0616655079553459	0.11452315046809393	1.4570927725586211	0.16468815560307337	2427.829026386875
-16969.27398150765	3.326606691020691	0.7232821012572328	0.04195772289289018	0.1095637525491158	0.1447715538338172	3916.8022551093522
-26461.473785203998	0.5696811277001363	0.01920865950686888	0.001	0.16749554972001932	0.13749539889298243	5919.432176562522
-10986.785923904547	12.012109171275572	1.0551855517891553	0.1681641629775529	1.829875078108857	0.13355816210587512	2085.7915538423345
-21379.87043662485	1.6957996812671363	0.21029699301013982	0.014578939158936124	0.02308696595661776	0.14711558837389638	5197.347005491931
-25506.233226447406	0.8598718279947618	0.05318915758880916	0.003166565032195426	0.001	0.13819104931182954	5834.800862807962
-23369.264509328823	1.2001376171895761	0.25686378122178294	0.014416605807420815	0.043050070938361974	0.12588842886084653	5283.600918714477
-26647.84737288386	0.5474229490506629	0.019224756747555246	0.001	0.28666360402413177	0.11228507901801392	5923.586932701352
-26917.64551473979	0.4526430415027052	0.019525668441241532	0.001	0.1328810339661003	0.12381164608521901	5943.5019993476935
-12113.45897433416	15.234504888415179	2.6351512923160185	0.257471831693661	1.201623085404544	0.16109992877128854	1463.2812991231278
-26800.19338624293	0.4722613245918663	0.01978538533626129	0.001	0.2862156525479053	0.1509717210112842	5935.852574865075
-13498.697671085902	9.035789850639071	0.8992730888723435	0.05432991934427278	0.016730897790262645	0.14617265009146885	3258.674566011699
-12691.562224654892	14.525510731190009	1.017475320739032	0.06524155575580752	0.10786900075795416	0.14357512223736338	2920.6676971237707
-10533.71041599838	17.578072462777495	1.312763335917014	0.2417003329359185	1.7905719949776049	0.12831977536346126	1638.2226481162866
-10249.986739765953	17.25866927215752	1.1397362112764413	0.2745927997146053	2.4931475563764467	0.19821259850688033	1614.5110535465888
-17560.301850850963	2.929235302965588	0.6443988739544179	0.04487367329000877	0.4118124234322399	0.16405789149905498	3973.347944563995
-26443.17163708996	0.5780624131398127	0.01922699988486943	0.001	0.04033955729974153	0.13450392836435177	5917.697103690387
-11721.025296236048	17.71822845208491	1.1912731920391602	0.10185796134224902	0.7977974199767578	0.13778490746939928	2373.5530820354443
-19208.505290090714	2.27223281892167	0.48234289462559904	0.02786617312919157	0.12170240838754973	0.17920707311463338	4512.656192689352
-9884.877483471862	21.566829755073712	1.0921372667795808	0.24421053657667624	2.581668643598165	0.14844826054110352	1642.3000597402245
-9852.354813502056	18.980020327156005	1.0828058765237742	0.2579329446079228	2.6663178291535963	0.14351001049919943	1644.9674951434079
-10155.227716774305	11.952720514349041	0.9103870342736855	0.21431342695561975	3.0787081934040392	0.14772443443831768	1980.8409167448688
-12243.620817208066	10.47967806405298	0.9462476304760227	0.18158488685445442	1.2765161103796183	0.1499811444378545	2094.735866196072
-20054.266824850427	1.9654696122489044	0.47793621019247423	0.027794065928654185	0.04330321437092786	0.16025785317687546	4587.032946670886
-26700.410659044763	0.49876123336900574	0.01920292353625066	0.001	0.09568836466225894	0.13149230896416442	5934.385319841002
-26013.967340926356	0.7967818520320921	0.019606540067809073	0.001	0.1462696251659878	0.15320510327013112	5885.383179856926
-12303.67796093755	10.018419327416794	1.3815258502961039	0.14829378512497046	1.0051764176022997	0.1344516095811821	2163.9331161522878
-12307.389820947876	15.944322071828804	1.1546418682033264	0.08055056807375706	0.3770545477765238	0.13935327917374904	2642.1074710484304
-9718.807139966762	12.86866227290162	0.8158924247780317	0.24377866565613962	4.326204821872326	0.1464533679533048	1941.8894185903562
-9840.417174502385	19.887174626346294	1.1998589341820602	0.3320966145458213	2.5948934828877555	0.14635082454535459	1451.9602022286838
-9809.879895741773	19.18225937269403	1.0820359727028055	0.43006399651138477	2.753050969371186	0.1405075862332474	1358.369826550999
-14700.81398085246	5.551502303214931	0.633599213853079	0.04785408918993858	0.336987674909157	0.15362689239105223	3644.683576989133
-9593.661648329318	21.14712147670173	1.019116519421264	0.3350642535123208	3.132836123658388	0.14415668749119373	1489.9030227783426
-9292.299142163083	22.86593307482525	0.8371553842000983	0.4952837805252037	4.1657761093120165	0.14413483037602562	1386.9493171773681
-17052.735146712977	3.4132834732328425	0.8149684512120678	0.05669121712663127	0.297729178926337	0.17635541024247023	3629.7631316840375
-18713.78093726466	2.377515176625418	0.4376072182784814	0.027699229286215533	0.48889131818877224	0.13556024855993312	4531.822821654001
-12464.473993713964	16.22876522652925	1.118409767926036	0.07513408217961721	0.22914663743154498	0.15547318334780433	2722.6286936095644
-10032.208315119455	15.70608580030819	1.152734310318909	0.3175409403641434	2.5625594018063014	0.1497755767484715	1556.92858682517
-9282.208659166186	20.604668124941167	0.6365318138972704	0.3329050600097275	5.15261935286983	0.13728218998238628	1724.247715305704
-12051.318700073096	8.58497836496993	0.8740026460176298	0.08227227793189394	1.7396718462324692	0.13669045662849116	2885.891214314081
-9174.613868348957	30.387706476175858	0.6019131578539074	0.42704592473540803	6.51956112132872	0.148715255972345	1622.5092494279972
-9578.138633950277	23.02761844197129	0.9459809284914713	0.26314051546744865	3.393680166043409	0.1533851273988348	1640.9606960817202
-26300.665677712303	0.6569398468003788	0.020362574254476646	0.0010584381255706085	0.08138883537250069	0.12184985289171799	5904.115067020868
-9749.71089231149	16.64073996035287	1.0065127786901376	0.38553650428003455	3.1106135770355503	0.14689515963684746	1489.3505072785538
-9186.382307551752	23.451135428567575	0.5036141663083373	0.37952875981773404	7.7737686346821855	0.14491614137347716	1865.840362876531
-15391.46397125388	4.647047733009716	0.7273607351513662	0.04624198704643644	0.15335262178099943	0.14054825826270453	3696.248498641515
-11650.114092635886	10.47318888394346	0.953463401020475	0.1400505299814876	1.5044133496853755	0.13836447690676512	2307.1703731832645
-13386.409229136441	8.79812619134577	1.026594579377749	0.06489635854650129	0.1735867509110655	0.145006656115039	3050.8101584305637
-10174.613301434088	14.781064247826478	0.9905202760028649	0.19019988540591454	2.5291404106200464	0.1474846502517053	1953.5571320549263
-9955.702659633069	16.630311476272876	1.2034348097547563	0.2799680877023692	2.629756400943356	0.14801440111121414	1605.643478575711
-10238.52329908701	16.752340740065648	1.3182487379065146	0.3443776115077905	2.1636108647947463	0.14930551236252593	1445.1544677224106
-10004.82073145909	12.7916042069134	0.9850428702392031	0.33862067104094856	3.3145745550533983	0.146040665245251	1663.2439463338756
-26463.657615517666	0.5798712645953003	0.019226885279478485	0.001	0.15867871859541324	0.12647515451527222	5917.393956419886
-14072.142220836771	7.393513237158774	1.5541021292310786	0.11162820185794142	0.450988482943297	0.14172571177732513	2474.605858321931
-26694.792609803055	0.5694966223964948	0.01911130187277587	0.001	0.06445564278955991	0.19082953846235595	5920.3750097749935
-9837.881876466858	13.106607018978963	0.8693867955075902	0.2435761599661804	3.627655914453669	0.15696527907528898	1892.2228375420582
-14790.570555677163	5.585649697049183	0.7968654365597185	0.04869993221286938	0.030122651440155804	0.1463431856377289	3550.845826698636
-13003.383788734234	12.24648601395184	1.0641866729357383	0.06433080311309826	0.001	0.154123755100059	2960.215425230208
-26404.41181105557	0.5986343840017306	0.019223171795765156	0.001	0.13843929341362624	0.12903372121405454	5914.155286483579
-13491.469957160392	6.470355624341692	0.9642809495269064	0.06436170879147442	1.054449807061304	0.15364258985665427	3177.0380662943044
-12281.543623442481	10.902975010009735	1.153137020075924	0.09310145048546743	0.780654824401593	0.15418421918294356	2596.8954970794903
-26701.24412551764	0.49424199693702975	0.0192380433532863	0.001	0.1497851297833811	0.14229870963253438	5935.146128240364
-11057.593135601348	19.25784499196208	1.3788987382365203	0.1395706550659835	1.434679906674746	0.17541687452549728	2028.7931663068864
-12435.259499275748	17.727051541077596	1.1651433425807505	0.07407081361445589	0.20178887606101834	0.14873817469598327	2709.649361523312
-10073.632742405802	15.272087738978419	0.914857393597021	0.17836427792023998	2.771322192156013	0.14392860609246402	2019.9922096833166
-13005.633740554305	10.17261038769739	0.943774522591057	0.06303216352717181	0.2724194877280457	0.1489691664148582	3063.82657086603
-11508.369027212599	13.371742041909986	1.5568136066300757	0.24462571373959785	1.2596055687948564	0.14877264413486824	1663.6758427883772
-11252.586969522214	13.90250685823175	1.2519686674695167	0.1128165630780904	1.660916617363776	0.17483347309293043	2332.7484791408137
-26266.179712365814	0.6484136890588696	0.019226256731865385	0.001	0.08956446028480304	0.13799657800199822	5906.306378374672
-9328.572635520017	18.28221262072501	0.4474738055313122	0.32042444507640316	8.775103992551346	0.13468694081232516	2104.0820751626784
-14026.000014195408	5.674018027259839	0.8417602566967223	0.0570685765306462	1.073648204002937	0.17181330814972312	3381.7354198964626
-26186.276185918814	0.6866606656702151	0.01973372467998026	0.0010472700589884542	0.14849832370047508	0.14803099991213803	5903.738935074937
-9278.762840068359	17.528715913176047	0.6605610791106092	0.37182329516736573	5.439174864545703	0.1460922763195306	1724.2846437833382
-14482.256853509192	6.685563705452361	1.4915265148544956	0.0808911997380572	0.22604751549128768	0.14842296867166663	2812.6050596388204
-11034.865732103524	10.388813271513596	1.1901059642883651	0.20510855854242754	2.0679856964337846	0.13994912704205206	1965.5059705846122
-9682.129425427602	13.813648014853866	0.6977087468917768	0.3224400266145495	4.230920421020439	0.14780616174082223	1796.1987966086888
-13984.839469181105	7.191473850820174	0.9118526432541724	0.058783580381165663	0.07553926221959607	0.1424844758085251	3246.219341338567
-26156.023920662275	0.7364055130227433	0.019158957235118595	0.0010036291589794082	0.10431685924649427	0.16659624738313825	5896.130908215941
-11694.462223865456	11.047203830347968	1.3449897373230204	0.15818448245530817	1.3129215940133092	0.16794162457321127	2088.577466389854
-17749.699975000854	2.8312650653411	0.506697292779302	0.035051637689638794	0.3001654162355045	0.152770463219222	4251.244453048651
-9664.368527355755	12.658076941946693	0.7162031989216842	0.334436388211259	4.8956491195289615	0.14425315862296798	1835.3330925140829
-14225.157684164966	7.499988825305056	1.3643847228721693	0.0716313397661695	0.001	0.13606742840375016	2917.5106589978473
-10407.126878152312	20.770744809095536	1.6348422687861432	0.4311155978204525	1.833921193101675	0.1508151746535959	1209.5860145842769
-9305.919274560623	28.849920744348847	0.8892549349388326	0.5144198939985466	3.9831578746635494	0.1475337303822739	1290.8514296548278
-9768.135098105351	21.419233403947263	1.3063878650355591	0.37506888054703885	2.947665497929938	0.14405991543332664	1361.92859525087
-9795.413019828618	10.66788104719556	0.5035672132359584	0.2861243395395776	6.989054844226551	0.14553571783714905	2205.5854277408234
-9318.678169064384	17.876639768413693	0.7533884234764341	0.38861898779279713	4.8493866961131395	0.1481189467718881	1626.6579088828653
-9171.013909151963	20.047455625441412	0.5511143741869354	0.42439674816887313	6.850633863316731	0.14971328913671872	1774.2913227130093
-9063.892245237585	27.579215606379233	0.6315276844651727	0.8281342747175364	5.959897628142041	0.15048714360200718	1395.9055626742459
-9095.244463955196	25.444786631181675	0.666808010057432	0.8115011925026775	5.587794997440797	0.14503130505095832	1372.2301075432424
-9540.383339215194	14.508077031807327	0.3630850508519066	0.47972968199170724	10.28400094745982	0.1497923898871632	2247.0141827249936
-17084.19263788098	3.2736375354966123	0.6761964724764189	0.040877001564461724	0.037249122495051	0.14799385084393382	3968.46573804219
-26769.574538923374	0.4768241015488383	0.019226485852075145	0.001	0.17450881055329145	0.14652919593404468	5939.610458410487
-26283.00153753026	0.6471334613981234	0.01922642971960532	0.001	0.056592476474872776	0.15507616625033982	5906.485310244221
-17281.606880461513	3.321820667219202	0.40531972248796616	0.02842918869283182	0.08916591918539947	0.1580585032542355	4398.187573643027
-13745.093366528341	6.425037456831127	1.317471185012966	0.08129541343840588	0.9618433462140735	0.12947030194446457	2860.5060594589304
-26458.835220663346	0.5841089936091526	0.019225779766544788	0.001	0.1669619876592598	0.16190247602659635	5916.650017365118
-26836.788643073727	0.46679305273599436	0.01922895877689682	0.001	0.040463843400037565	0.12779150174816187	5942.211246098153
-13458.460152479212	8.545483152918626	1.0141164335622042	0.0641570065936276	0.16697444522607321	0.14349594012330255	3074.520550420872
-27106.891018106744	0.4069663670513779	0.0191818331006496	0.001	0.317914135158242	0.13176103223803123	5961.0096020064075
-14849.961732373296	4.45533855188477	0.8376041250366442	0.0592031169956646	1.105833659259882	0.14046771683285988	3452.2031228578057
-11292.993022461562	14.498187661426368	1.3530186314198878	0.15044721322860938	1.233958429779915	0.14644788200386646	2038.8190001318585
-13392.318346614735	9.042081708879618	0.8966838454545215	0.057786278218025164	0.11838629415821078	0.1442264583653013	3198.1852336329584
-26432.60009039878	0.5789351562292651	0.01922811491153865	0.001	0.19491659768491676	0.14155459242901136	5917.5577146705355
-20200.712797891498	1.9895819098253258	0.47985541521611963	0.02864137479226443	0.001	0.10414777843574137	4563.986897713629
-13489.975233026173	8.646032269762632	0.9228222875614707	0.0564467592083764	0.134509318994702	0.15627137226529558	3225.7079575657285
-26563.96542946617	0.5518386844640923	0.01922543382929859	0.001	0.3304126797009979	0.16502433451088472	5922.711687785311
-12762.711855734784	8.503707032854964	0.937594109535786	0.08485881424880887	0.8555049182471227	0.14513144251662963	2829.8299315721665
-12955.504930937928	10.574976518586219	0.9553861636569204	0.06629550064456481	0.29508525436481825	0.16590566177300248	2997.699468284696
-13614.934903410869	6.152985893836481	0.9245064380576131	0.07208027677001767	0.9952459043921186	0.1306857983077813	3108.271707590715
-12955.977933791071	7.777118358636238	1.0630882770237875	0.08867935113601617	0.8706665417798122	0.15092870513676246	2782.4229046519367
-11050.654488656683	17.63221662693865	1.2856332669072337	0.15181713388944726	1.307301437897107	0.14164732030361024	1991.341051539544
-12263.34732898043	13.298541504576708	1.4334872177018843	0.10268291595459242	0.6414681083830885	0.12423123822246951	2383.7915709371778
-9898.048157751344	21.631907049573478	1.2427218360156858	0.38866555428432065	2.429023275906991	0.14192860911885327	1329.811672281841
-18753.838308348746	2.823385822908498	0.7181567579926014	0.055344967270668774	0.04286350824362694	0.10778083439700188	3800.760941046106
-26341.836051172846	0.6159978054775561	0.0191287452011149	0.001	0.2357864627316436	0.1372650099814027	5912.2078255628385
-9689.71838310308	21.72741245106691	1.107793507140452	0.38868098896426406	2.859962414149835	0.1575823548416257	1372.7931164594193
-26626.397079507216	0.5267643425720678	0.018837211038554652	0.001	0.0825530865805659	0.12582419058492925	5931.529738264877
-23723.89174742392	1.1504883793855223	0.1509036026229912	0.008851259204901542	0.47151790397930743	0.1519130699165883	5531.8233587473405
-14050.135309544658	7.176168316184224	0.7816774547169916	0.046746840243415674	0.078906322264495	0.1497018703984328	3513.6606373221657
-15738.754809899248	4.213648677134593	0.8443000886188283	0.04883245276923197	0.2963198687477199	0.14693912640698337	3638.4828858975634
-26171.055458116018	0.7312078202378629	0.01935049738820612	0.001	0.03130714028564295	0.16773521669428476	5894.4988017964715
-9768.35074365833	11.825082146031226	0.7143217994777393	0.27556162100807646	4.695813784409437	0.14814712582474399	1956.808414434157
-15462.757631613524	4.691106565879674	0.762387928258928	0.0459296732425408	0.001724112190684105	0.1395729461164903	3681.8211117484234
-10558.999155838526	17.007643821897812	1.092844110473547	0.3285981201227384	1.9500192824675298	0.16090268236899474	1498.6750467688967
-14907.236816162553	6.219615973592328	2.4492291825492196	0.12987397553035282	1.9049712379745	0.1469423622273719	2265.7976661687126
-25660.24440547222	0.8108006219381041	0.11142148276687915	0.006092699188464076	0.18436767043764812	0.15006554142281212	5736.49994468984
-11272.700924211242	14.431329568419061	1.472254414189402	0.14645149303472005	1.3116338484600136	0.14816479367252514	2042.0105336722263
-11704.99574766258	14.11073988181359	1.3076428179839787	0.14457434369489316	0.9542237283321455	0.14679313258097137	2084.950228870888
-10145.296138106374	10.207438293329016	0.6509420226882388	0.3495920563410216	4.76378841435365	0.1320476733365627	1930.275179253743
-12427.908245596313	13.829566133758533	1.5613447942295569	0.10083389692616328	0.5024105082326186	0.15982162100669256	2366.5891361986282
-28416.78878813643	2.103633548364311	0.3050125409381507	0.02156512283303473	0.002886141139269502	0.49974078972048963	4840.555774187395
-14314.15110825564	6.6834275632043845	0.6618599434664175	0.055165536852757206	0.2642851700212478	0.12052793420600035	3432.23200246178
-13603.200647415748	8.8264518876013	0.749485323616842	0.05437531835160722	0.20034052264995053	0.1132900563732698	3319.140320966148
-15929.622114277303	4.221120704283095	0.6820922403099732	0.040577404962184586	0.001	0.16107873189000071	3863.98802209602
-12599.244202891798	10.561500891756761	1.7209859815741746	0.11425165762319564	1.1337235806556918	0.10528045039911574	2301.851765637001
-12589.064025837153	10.136607557702932	1.2018494214151654	0.08792895688810681	0.6397936728196004	0.14454163700264408	2660.5117175156306
-13528.694926592338	8.852802126229461	1.1862652143379684	0.06813579384181853	0.08811487303976712	0.13868390896906163	2957.0677125378834
-26483.958207567972	0.5699526272041864	0.01922565841066168	0.001	0.07118475864842781	0.15829291397732215	5919.199748490393
-34978.097243822325	0.5624849298949507	0.019246541671068547	0.001	0.004901200334890876	0.4974917486747294	5920.409830765243
-26321.686797392078	0.6227403806323608	0.019225321322265447	0.001	0.10813172478073176	0.14425106305710994	5910.200099902492
-11684.214784783971	16.727775332720302	1.7528571836300741	0.14785379341218008	0.9320060629047353	0.15547958100768547	1944.285256146178
-10072.107949229585	36.50963154436117	0.9853142307297059	0.24222098933402597	3.0703773994329033	0.17379040936885923	1579.415252989088
-26236.754200635354	1.5495195042489738	0.44140144040497165	0.026540963292230744	0.7073886328356876	0.3988842750748537	4765.185396424284
-15070.503337616392	5.32136320469745	0.8187285663799092	0.051410391229677846	0.04109045444406542	0.11693463546732384	3511.32515630127
-11270.691433512544	15.014453188572741	1.297574619893815	0.1392288844888877	1.2346300631494203	0.1540420295577932	2106.202936432428
-9938.150302400209	13.12504262451835	0.7339058800986779	0.14180937451557396	4.844362834199854	0.13983387527497843	2370.54639848046
-12606.782271276266	17.950380007019014	1.0520057285867852	0.06634960450588573	0.044574320444673105	0.14446083184672487	2851.7392506457327
-9866.60589115292	16.318437633413488	1.0365081731116212	0.2589562799833354	2.8199441219227417	0.14641090230366713	1703.4660114351832
-14794.400295090238	5.633768586394197	0.7259259006586808	0.04731867901643033	0.01888161175645942	0.14636770100707505	3603.8656094156745
-16119.383786228484	3.9927518658812406	0.9398860631789481	0.06033165160793859	0.3169002537728402	0.143910016175834	3446.8340030125905
-9311.666007772548	20.009846956609493	0.8297616847927561	0.42638993022770794	4.434203341304144	0.1499025296321367	1502.7336350843989
-10977.179349441027	20.07156027978384	1.6176989441138308	0.21322952141054924	1.302619428364078	0.15140675480647667	1632.736744387453
-15499.306253224377	4.238376234852192	0.6491037382410261	0.046311701592989044	0.5840790225488454	0.14790736648088518	3770.705155176866
-26376.12837931534	0.65716763395454	0.019237036615416578	0.0010153057534278123	0.08716836798804212	0.17792556853413902	5907.427081465582
-23601.883779160788	1.2331588714109951	0.23052421281325017	0.013797734886325453	0.001099854764499452	0.21130335342095682	5316.727420455845
-17843.597732716953	2.9233417841084472	0.4435637867310725	0.030022698215408587	0.26791874936769905	0.10888340025688895	4385.458466325358
-9324.23928625414	20.079041002897192	0.7943844837336016	0.3297120794286043	4.4338480338959245	0.14626692033585964	1636.7957954710705
-11904.291734952021	10.128204820301969	1.1677692096497956	0.11319911242272478	1.2261134858267904	0.1485100432436112	2441.250023245505
-9451.211723497763	16.39000175292308	0.7710176540757246	0.31519151211410235	4.318785424913352	0.1532026913917067	1724.5878994547825
-15804.663893900975	4.480841938463781	0.7831943371212546	0.04038668880532606	0.001	0.12056891455911196	3798.472688932848
-10408.526988437403	28.44585098604322	1.2288030386556859	0.22473348989339226	1.9235098544867197	0.15288977825643	1590.4134641001326
-11461.914218516538	12.612121090716348	1.2693597618196975	0.1524240408698378	1.25741241654711	0.13899738829458202	2088.246876098977
-13780.273435302828	7.756548875590721	1.3018644542386668	0.07314700093769275	0.2401270972420208	0.1489170906494634	2899.233089015253
-9224.300706508235	19.073054368687075	0.5046279872728001	0.34855960234978994	7.4247773539491195	0.1467342642770637	1932.0701688208937
-13110.531420889292	9.71415725380561	0.6727107571084314	0.06766038603825167	0.788515159913855	0.18790213040833112	3103.958001495647
-15349.475795420582	4.505400798293374	0.8093571353876734	0.05496072601626201	0.3977748481906139	0.14302230676349348	3524.084189163688
-10561.949729095455	10.715163515438435	0.9909249454893507	0.24075185178549022	2.6727881357628633	0.15307521281849373	1911.2643111768484
-12763.369435530003	12.921976453564758	1.566523761914395	0.09758750469041184	0.314147147830216	0.15227575991159253	2414.9477712549647
-10552.42843782328	15.34228804919873	1.3400557752309321	0.25859687126262915	1.8602772136001096	0.146468170469186	1631.9743880648596
-17916.15571986637	2.7618100568055945	0.45490024920317185	0.03043771685757522	0.4112670559142076	0.12679202072795406	4393.2876342782565
-10285.478456675339	19.79616994912612	1.2269694947104788	0.3400308386085498	2.025382931196122	0.12890112894037062	1411.9942276859997
-9686.372067135058	18.008267654768243	1.041133198349729	0.2537576353999802	3.2094836975218417	0.14539088322134053	1699.6273724382836
-14881.280538655823	5.493970310840855	0.7560715522820065	0.04679235515117822	0.001	0.1514535432876936	3609.5265593755885
-26328.846226232607	0.6356298927080231	0.019227376198853507	0.001	0.012600682589792843	0.12572169598108704	5908.177690226904
-13227.40354831977	8.197275552427152	0.8308068179337147	0.0634608978379734	0.555128325653231	0.13537042709376396	3156.789216253599
-9404.307758777693	16.138967359688593	0.5031655747958447	0.7409268789640895	7.236504090374275	0.14750879634033448	1744.8989798084315
-25739.16798716811	0.8022146121847283	0.08198437511272352	0.0045563494353191465	0.001	0.11891097843077293	5792.354275392895
-9091.667047691228	26.267846423795998	0.6694642029280568	0.6260471247199944	5.633565956703967	0.14307945917126133	1433.3994369651816
-10094.74412978502	14.606980764695207	1.1449792547578421	0.39396638189600547	2.7355330091597727	0.15085221850264144	1475.0868263215207
-11659.813037974882	10.389669766419656	0.8489234497668819	0.16407246960763086	1.7083578406933153	0.15846588909674972	2216.459552114418
-26368.099459041237	0.6423400611454918	0.019229531614037353	0.001	0.001	0.17198030718833324	5907.153002272805
-13902.00885031471	5.928455240722971	0.966381110168384	0.07066895382364514	0.807137151615056	0.15244877125126427	3124.8618848764754
-10911.04596558809	8.586328847147094	0.8264776374338284	0.14938253283412828	3.1190520016295724	0.14398274495239985	2412.340811403739
-11055.811375961743	8.238833120899285	0.9045316919323216	0.20417534769602022	3.2218027916673813	0.18074106924953098	2180.0280472299396
-9822.586864391631	22.959202113710877	1.1403739601667973	0.3210890314718038	2.5706614024066132	0.14743866449789494	1443.0473872701834
-9628.106787975768	12.977778483784537	0.5132484202952038	0.54929054814929	6.629991174166938	0.15017489576064724	1848.7379304182941
-9331.113744476976	16.955841656004072	0.4847073783142004	0.2860954607029828	7.924945342374594	0.14965747111922653	2096.9867563651487
-9155.702471395782	20.82305952918745	0.5845427016437975	0.4394900022686107	6.391937413164503	0.1505201368856433	1701.7342401438577
-9411.54960438067	25.579503237173462	0.9606235054007974	1.2746800275615457	3.5530093300018235	0.1493688555590604	1020.4720918293832
-9118.751972491229	22.45171540048071	0.5648491095771121	0.6197203907894432	6.5746965237664865	0.1505222083921503	1598.3282258502422
-13448.868131511399	9.129871688817996	0.972681558268845	0.06045481455282488	0.04004201114434019	0.13723252762662502	3125.5820380013033
-26707.423680508182	0.4966072095080108	0.01908483468713217	0.001	0.1928046297770298	0.15410618244071625	5936.0613785043515
-12848.32688185769	12.876402071435178	0.7770276103241938	0.05883498037327421	0.2290753800624223	0.14449016396880915	3131.354090970913
-26921.087630305792	0.4850280743703334	0.018775353636513323	0.001	0.2456800894468347	0.18468981951319283	5941.881517915708
-26405.382988515277	0.5905916358858848	0.019088896908089032	0.001	0.006461915752156795	0.14842530804427953	5916.7826927654005
-13937.821596835107	6.627402271373321	0.751935285701278	0.05568815442671741	0.4384276843977043	0.14049192438924477	3385.5307864907772
-15397.232417912412	4.4732436644645395	0.7300123917773248	0.047569034080274075	0.39767636405613105	0.1612584662098621	3685.9550167336183
-26821.42151008134	0.46590074627811523	0.01914038867109881	0.001	0.15820665494934394	0.15156560372812825	5943.344101900513
-12405.340555418446	15.407548875719257	1.4115792962189306	0.11807389861750829	0.4376812558796555	0.1328354690786712	2216.687111193235
-15520.501674295498	4.567347014186704	1.0375959628554337	0.052482136828239	0.5256129425022802	0.17941299642317443	3464.107623778236
-13960.742911776479	7.183499481059287	0.9559311225004911	0.05913379382166785	0.10657445075285096	0.13742898774661416	3226.205246574775
-33202.4509615602	0.6230657128108701	0.01963630085991026	0.0010214758034688305	0.24428677171655577	0.4581241413706894	5909.974852974615
-11978.921675816371	9.585659839167075	0.8322085290221325	0.13888883569608348	1.5493547574406297	0.1536349449827094	2388.207768193992
-11165.238760465934	10.975913944523995	0.9930726001230714	0.12162861245786154	1.8850761563997076	0.14652739002809884	2406.8072807725134
-14449.526290938835	4.786437894666898	0.802496714164444	0.07272388410288702	1.1794609353005723	0.1452999120555501	3263.8796125735353
-10447.67589702987	14.076994367315622	1.2041439044002982	0.1648831555604738	2.3127772966427784	0.14443767010911662	2023.5904763286094
-12360.789096292656	11.021928028653159	1.364244999520005	0.10042353779947916	0.7341501116386038	0.14496221491755007	2472.3530289889036
-14426.142339564929	5.325109328894468	0.8819670234660246	0.0639978391353031	0.6727142646355095	0.15272998725624232	3288.8086728503085
-9871.917344633566	12.840089575635856	0.8082229737941418	0.22095890766108317	3.674781359455702	0.15590983255492386	1985.6917438609153
-17520.639099700133	2.9102120168998393	0.6039353476065237	0.0428725477419557	0.45321263097825926	0.13625100825127537	4033.9266221815838
-9827.560481569515	33.94320787508196	1.3264351723426173	0.4150237430918247	3.0372008102140255	0.14308100488661268	1211.592087295807
-17647.683817412126	2.959859793275691	0.6030890726457538	0.03333533396128091	0.016628085983585825	0.12932296764856874	4200.552569980065
-12833.348654496835	5.921271265842819	1.311569409395481	0.17138239398657443	2.718281047128483	0.1701239549104881	2323.810264972234
-10963.110454931477	10.02511773268814	1.1693149112020276	0.169688026871229	2.3192987672805034	0.14717120112098128	2127.84074477794
-10606.649179322423	20.2124416048543	1.5069805571417412	0.2750035908948778	1.5973314927177067	0.15246217180122662	1477.9066686158578
-11989.497999046424	10.07590092760573	1.3539068850090608	0.16818158299527095	1.2334436894781717	0.1490916449490762	2071.6623065030485
-9227.469870591602	20.972960349205643	0.7065758955459664	0.3583789479452242	5.167612520614511	0.14717721907060746	1654.1242148840308
-11569.921327404349	16.63720160783123	1.7222594321556066	0.26448535512771926	1.056428621697394	0.14779034198476204	1515.1652300021185
-10918.035705671324	11.819979167857165	1.4779677196533165	0.24700686355161655	2.0518582426578904	0.13823123203229146	1731.3525772673563
-26178.24178698869	0.68433215007805	0.029726834876225714	0.0015763640905304258	0.1638088153631731	0.13284795273270972	5894.197060170759
-10635.4392322247	9.44382283793319	0.8066458328320663	0.1644661082865013	3.2231960464646465	0.13552653626968464	2307.252377062422
-26373.27934177752	0.6111943104577415	0.019202023269148737	0.001	0.3274760522704466	0.1290559826711356	5912.309300648269
-9740.271968417215	28.954293040062304	1.1123268294568067	0.3199139469145851	2.9108535279330305	0.1459060695128571	1411.8411222515986
-12187.781819942691	20.347104082069354	1.1922143766398894	0.08472801221126533	0.3723302806911733	0.14484352084561933	2532.0723753487714
-14599.649193632113	5.11547484789858	0.7630223111484552	0.05999514786877992	0.6879268932315122	0.13773351405496298	3413.47838032769
-11531.999848770765	14.872824700821946	1.5940157096104086	0.12125930075787968	1.3026108188929906	0.14213903134909273	2177.418062821472
-11638.083293877142	10.015956970585673	1.1312380870797594	0.12417413331324567	1.505293460367472	0.1401950063529078	2377.241998941286
-14757.988361749845	5.103942860896051	1.062771668995342	0.06682063222930412	0.5943216135441209	0.13658658261097137	3201.667881095644
-12918.922116106127	10.606669257581398	0.7400111796548985	0.05759638569846675	0.48210734602291055	0.14028764164544777	3214.034103783601
-15447.40266464913	4.360099689828056	0.8994950541186219	0.057230563781176066	0.48777141974019333	0.14727409956444107	3464.0483921895925
-14715.565389035473	5.726748872266719	0.733788957374416	0.04702662891119555	0.042664483223529844	0.14538868607263786	3600.4744405656347
-22194.100028071283	1.4258101382879398	0.31600396625249544	0.016455261449999026	0.2935913761764862	0.12984324550777032	5101.295972146224
-26573.844416020675	0.5321865493829983	0.019224046741347	0.001	0.09900162457576298	0.14833389430061594	5926.68937572345
-26319.530031762966	0.6301294672539585	0.019222715685764915	0.001	0.16508299537411264	0.1317755726230433	5909.087704639011
-10109.870448955331	13.559313589988648	0.8833666754232438	0.5928527438712667	3.5438113785897265	0.16449253485741838	1434.841254174859
-13451.170391896925	7.839201992689855	0.7887248325796512	0.05386303570610754	0.5030516367604766	0.14003341326749613	3346.6314614097664
-26513.23252329863	0.5565746689912988	0.018345037091661822	0.001	0.006092675767371293	0.1514488583472241	5929.959864828799
-11467.54381493608	12.040302372534322	1.116341606850847	0.13590313929254436	1.348445922748236	0.1601121759988642	2236.745736894458
-10118.203119236081	17.768491662851865	1.171473170580801	0.3246790365663059	2.2563525712299612	0.14743010998449116	1489.5012044780133
-26436.506181623085	0.5883994692994915	0.01922504267721646	0.001	0.15200041513255325	0.15904966140736565	5915.899461606486
-10553.79438826766	17.839770058941134	1.3156722689794056	0.1820964447416994	1.8139370337399088	0.16212909445344428	1843.1985375499341
-10232.451995445084	23.610526643313765	1.1854006976952425	0.1971024088351722	2.1313609727178378	0.14878609326281153	1744.5803203474973
-9233.182853457925	22.782526469048722	0.78776580049892	0.4884473841644854	4.556846444785834	0.145491663978167	1433.1035517270882
-12037.632051209283	16.195257791603247	1.1050406754983302	0.08117004459203839	0.6444854966894911	0.1317648107308858	2643.4571803205445
-26401.467227201	0.6673533476940545	0.021978145612841563	0.0011499851361992635	0.34161576411427735	0.1848090588155653	5902.345631732425
-10257.3246277536	15.745767666664666	1.270052387826082	0.326877159055117	2.217484600151647	0.1496163488595657	1504.5157047623297
-11434.959730216155	24.056927644870736	1.3479277790565292	0.1532085020629099	0.9591291125428422	0.14466944715089877	1893.494661831864
-14012.268022494922	7.886704640758706	1.5831448670942074	0.09884464075278926	0.29390325112324	0.15189824740876065	2551.385174179563
-15530.45545265069	5.440629687318739	1.062123064598293	0.04597704791495811	0.031049636574617373	0.20017010260957638	3517.4019964182744
-9276.134059231674	18.245736231100683	0.6965221012098648	0.3772085941044038	5.242388189536442	0.15495091903563116	1678.4570781476484
-10592.68781560707	23.379587908055193	1.337831840850807	0.2187672561772119	1.6232725020315253	0.140527098226093	1626.090243814063
-21545.312429674355	1.600851576757102	0.3249650526568754	0.017403160535414238	0.19215687265162548	0.11244162522572765	5023.503322136034
-13391.079643926194	9.645085395474498	0.8814626916066177	0.05525370244275481	0.001	0.14064104025579763	3229.878631849544
-10747.666706412117	16.457160893812393	1.2466441026055097	0.15060133321883237	1.694772198367462	0.1549094643075826	2031.7137662204764
-10070.831635533104	16.231194585152767	0.9253959623119582	0.15463398253756205	2.9816693566223913	0.16279380592253853	2119.932001023119
-16149.25435112519	4.197404209991218	0.6644110006345972	0.052935185068619973	0.09391460170099639	0.15836241582076077	3658.1623429455044
-14234.777846390927	6.949011213906976	0.6986133060728297	0.04890711877403816	0.011522444123724841	0.13550616656991532	3514.4111622461023
-15892.508053727277	3.8054565865616286	0.5107241523889207	0.04119754089937379	1.0374998787089642	0.13748039219185773	3995.427941597033
-10281.759977059086	14.263820645315512	1.0526586605220833	0.1931945498833298	2.376301515008103	0.14377990535357046	1933.5978787309405
-24075.09601516723	1.0756564699644136	0.17117697327403167	0.010063560756370693	0.07618604506610079	0.15608691371558817	5510.412047530942
-10970.071443290668	24.529754245359346	1.163314213784697	0.1310650299554644	1.4932764085707058	0.1669072134353499	2077.976007345145
-26198.88586441011	0.6739608722991027	0.03002453381712755	0.001576382474093481	0.07532989469701687	0.14654899010078412	5894.359745605459
-17325.80050094992	3.0761428186433495	0.5107371618311506	0.033591857399221915	0.2474061020302807	0.1504682891237323	4238.849472483934
-10728.95590853098	18.28949181459994	1.2686137519357121	0.23132335804701748	1.583024637994683	0.16049669307357917	1658.929215545598
-9272.197472199356	21.78381133310321	0.6641962808217718	0.2817021697308825	5.441630030700469	0.14654596038801063	1800.9950860993492
-16950.862617235533	4.085859386635258	1.3890158547695604	0.07010608873170542	0.012271153338899443	0.15148622758855523	3165.51524585879
-11725.45094429927	14.562519268550862	1.0932402096842972	0.09497682971385808	0.9407121162606523	0.14731324202948795	2514.0458401172195
-18361.892597134727	3.2751339283099807	0.7839458270544959	0.03932553210480018	0.10122699823670744	0.2625201270461965	3942.324241250519
-9161.184162567624	25.93541185552411	0.8068514551946308	0.7112953606670832	4.677441195970646	0.15059127577919298	1278.1314385596027
-17246.148913078534	3.7207184730746454	0.3416429853194343	0.023268354612557766	0.002848903032299932	0.12435155977085628	4544.032919218104
-18466.85928337136	2.546660251088967	0.4440944563252293	0.026933354379450894	0.09667206781619554	0.14087369743922712	4511.142943127704
-26572.827984984087	0.537240835392573	0.018934589299122274	0.001	0.026140480232876333	0.13102054265091387	5928.380969903006
-26163.89196943118	0.6920448934178207	0.02402463463349689	0.0013132185495295626	0.03984981549234683	0.14925176883440516	5903.1575861243045
-12342.134807610495	14.63943944739326	0.8382021244715443	0.06888678450886859	0.5588550484839148	0.14990887183127413	2913.7039722922245
-26287.431123628397	0.6388504872508577	0.01961489594800471	0.001	0.14339826549859955	0.14382691723064012	5904.415321851381
-16136.916694500052	4.291332387696375	1.2734555537630938	0.059745080308466036	0.2511380559094411	0.14710502915676932	3308.244527869544
-9344.943046309967	17.192423937483643	0.6125868358842443	0.5156495710754724	5.416113952900329	0.13825883240746162	1624.1866891017958
-26682.159007057242	0.5129606121006528	0.01907569272700714	0.001	0.10334441175973627	0.12352967908779403	5932.319781732228
-11421.72228520735	16.592829971847465	1.3389216204958476	0.10480229194070462	1.2715527418868497	0.15874894823657115	2334.988097962598
-9677.115071840088	13.138977136376166	0.6491802835863023	0.520060645066832	5.367142746485848	0.14565115273339913	1694.0440804144268
-25625.56699695576	0.8166719421931776	0.07507646274191697	0.004285118728119047	0.18627051313394	0.16069727791637653	5802.412835034495
-14379.110701991476	6.580669970125287	0.6161968548923087	0.045245642833896066	0.14661852440401896	0.1348431069737197	3644.1239670335267
-11452.752140828874	9.11393344393991	0.9372077745603886	0.11651944468821218	2.044470364532292	0.15122026080975726	2532.18612356287
-12880.507789523524	8.050809068039536	1.094747620036607	0.09947729180987011	0.87392798781504	0.14845760335460526	2656.5502225294795
-25160.693071649508	1.1047117213950302	0.03777471067422284	0.0022543736818712795	0.2050617676189206	0.1314498231306337	5829.730480648991
-9748.081152087696	25.183571482716925	1.2427725073315576	0.5184298345626346	2.6325143930144126	0.14800389190137625	1167.3997864812263
-9102.17356260638	24.772898270690966	0.6722214840027821	0.7107095892260971	5.65686382340023	0.15271294953931583	1412.6918200274615
-10491.227739936625	17.46526111558986	1.051809574257212	0.14461010735793528	2.0404829081278337	0.15136342801534983	2101.313388520109
-9384.67445219207	33.977155622926915	0.798251474366343	0.4576974842282046	4.507106912163647	0.1718062375497579	1363.8979857399902
-9292.587713622894	24.712256150593088	0.7758736859944255	1.2813544635163343	4.393853665915399	0.15892560310122172	1150.5763919329563
-26282.34597523469	0.6616230072959968	0.020547526443360293	0.0010687645757813632	0.005355625065946818	0.1232263444958652	5903.354827640577
-33092.39917327223	0.6129814141749036	0.01922070880685522	0.001	0.2665611637242954	0.45468123990473097	5911.829054916457
-13363.903241852844	7.869002040036129	1.119764701933138	0.07460362783389471	0.474879815863855	0.14548546102223467	2920.537112026679
-13109.256257727202	7.954452570692357	1.0766478188314734	0.08027497085461381	0.8341768748478766	0.18555442616741322	2861.3337000501488
-13967.0224708522	7.375430857517983	0.9152384204781087	0.06733689060640351	0.1348987620527323	0.15170482338676064	3107.1540898922176
-26400.51785613606	0.5971054150442686	0.01911738974647185	0.001	0.37254647730335444	0.1545009892082394	5915.462027552081
-16727.562050227058	3.534621529240639	0.49232760526812314	0.03598148357558196	0.2091112015574866	0.14598959630800812	4142.181344886713
-14540.069858867528	6.305820921973129	1.1975913281301112	0.060086830702040316	0.0865240913686464	0.14228902870265708	3182.651123037384
-11873.266828158357	11.226202954029393	1.3526899701221917	0.11954423496118426	1.103908387161501	0.1516354764982669	2314.1964002218488
-32930.26991746898	0.7018057453248379	0.03357649614173141	0.0017825432281946554	0.2000485712741216	0.45661292953155613	5886.680412781597
-10939.153857544366	13.95956928246278	1.2241195330092034	0.15735182596918817	1.603882549580205	0.14332472849473385	2045.4489369654393
-26176.52917612638	0.6917666767955157	0.01951078181152642	0.0010316001144993468	0.1705019340388307	0.1477781907878173	5902.695411213782
-26775.903783273425	0.6220174368694626	0.028911027897645797	0.0015036049821585214	0.22263465472632177	0.20770574464292121	5904.756240472044
-11088.628072467756	12.795931156037303	1.0982583658113063	0.14239148321302603	1.6036107632809	0.14999538417572927	2185.5953689998414
-15879.139161598752	4.340863129739062	0.8949225897122648	0.052778973428680015	0.028810573285459305	0.1322887463343233	3539.454498081866
-13555.433343670815	9.206611657474319	1.2135178037396486	0.06937423746919516	0.001	0.14821938075588523	2920.5423745418284
-18307.32146868608	2.6428343448994553	0.39809798082522435	0.027831189985304764	0.17920288569795512	0.14494368284717465	4513.910633481992
-27424.677580138115	0.4654000551593377	0.019283344935540174	0.001	0.10431439744925848	0.2230348128717073	5942.118249707965
-12419.794422627005	21.3540481977094	1.1017146673089613	0.07208420329774533	0.15232371182559276	0.14804143996415983	2720.18239216983
-18220.52526600437	3.167682601504847	0.27476397837696104	0.020106930496443427	0.006303547280847272	0.12730301604249222	4750.006886717621
-12844.207146905906	8.39243584657071	1.037117271432274	0.07980892245141748	0.7831775822748629	0.14449839322512026	2859.9363323421726
-12916.32354257068	8.361922462346069	1.23688763453659	0.13396643715044074	0.9137570735118199	0.13411660454437035	2349.0562797444945
-13104.176567154813	7.854386714592627	1.8904173844107228	0.1199467493405163	2.0310452793949256	0.13677375263978178	2333.9683652895665
-15612.227855185425	4.435833609650687	0.6724549072141558	0.04273049961939892	0.17323841726225886	0.12956056610241584	3807.5953516141094
-10181.269644634034	12.86971428738979	0.9234331849077444	0.16576582479761467	2.9811158291932514	0.15168118351743143	2136.673107120471
-14409.360941941504	6.675704171354473	2.335389402077295	0.17134080272547142	1.379832173745322	0.157894430888134	2050.114259789275
-26417.906499974026	0.598963620219626	0.018936621955598774	0.001	0.013800953159024881	0.16098972004939666	5916.7710461372535
-14324.636619003935	6.561533808767547	0.8052303016934896	0.04952318124014439	0.001	0.13352758668387602	3477.0957363543494
-26272.08068423389	0.7733124984451288	0.07625055556946407	0.004153210137874164	0.15235659871299875	0.21166072780665915	5809.9795813541605
-10331.328808642611	17.753060496200227	1.394476524353938	0.35624416671819126	1.9905270270019784	0.14222005314397435	1390.259935841756
-15207.011717269219	4.867259306591802	0.8632094164067599	0.050316771292604576	0.1826368545295459	0.13746088259684278	3547.025240340741
-18129.11568773423	2.6432609786029726	0.5299942558970763	0.03150223639826794	0.26114306158590284	0.15050259094650986	4335.654614664891
-9695.605703432711	17.950117228971358	0.9288352828860498	0.21904227754351	3.2882014723364623	0.14330303990014148	1831.3826477623688
-11507.910997453104	9.131647614930838	1.1002999474034558	0.3366505516825655	2.2298109317914814	0.13859910343341833	1741.7229681783767
-14908.967093524538	5.579192829860165	0.9980090696157242	0.05371536335653576	0.03877747928357538	0.12560517252600828	3388.4326464052574
-9951.093794366378	10.984281569729744	0.7896320270747005	0.2824804857025329	4.42625865979911	0.14614516125329552	1931.149264866885
-14707.98576597383	5.766599978876622	0.8401776327484356	0.05010723567857471	0.001	0.14121426845916116	3496.493068414641
-11334.863597099396	8.627643152749634	1.1771664971519813	0.15302603817466803	2.4529386009458203	0.15140597855907428	2266.9552751339415
-16477.991846686415	3.889808024961551	0.5118662888836631	0.034393975392251044	0.004240545632050392	0.17401294720493435	4122.800698895588
-26579.653433770756	0.5326056618876985	0.019216219787356627	0.001	0.09591443663348365	0.1335191388715959	5926.6772011840585
-10403.008102747212	22.973261731459015	1.2101705659336615	0.21751192521568	1.8500454433152667	0.1423903789464194	1662.5576180409532
-18542.897328765044	2.5537191604875753	0.5250009853483749	0.03083709959512969	0.0025699213275126686	0.17744132809814714	4367.606083945462
-11067.604124812126	9.700354206943958	1.1103167305853128	0.15781603833366192	2.2551759835250818	0.14676910172590862	2210.5932449365055
-9908.494020111599	11.013432172160352	0.7128678065641019	0.2044139553272797	4.69049187412861	0.14827034273231557	2169.5525699092286
-26509.17301036752	0.5616988921051927	0.01922855464805206	0.001	0.08543909498368783	0.12775014029652446	5920.727636563817
-25876.860173853493	3.3673091305975595	0.36070989917770624	0.028352178173976887	0.35150962078687975	0.5	4433.018197908503
-12525.940004615648	8.46115386822859	1.2662898888430074	0.13401597759095418	1.153282499734128	0.12900048211226267	2339.3145587300014
-16566.28186203004	3.6475967284709645	0.7372437096159759	0.044866671655289805	0.07267677379965112	0.13063357651471505	3817.218719852373
-19628.083118724913	2.0984466483809525	0.4329747489499109	0.02405222793394242	0.33111372310410137	0.12215731206216762	4667.049114860619
-9594.250385970376	21.339701000429944	0.8507429512012671	0.26094093405552626	3.6114592488459403	0.12430158845864307	1700.4053368162317
-23920.493332995175	1.1319936637225207	0.16149171439956342	0.009579288447155679	0.12190286027610808	0.11101087874381804	5511.726787552391
-9454.896899552337	16.846024836856454	0.8132733950500275	0.4958108756689904	4.879996873172208	0.16211106294380087	1522.915075224044
-10207.535775396711	12.279625921496109	0.8852416026521582	0.26453930329319547	2.939768042067791	0.14765836239745128	1835.1739604699255
-9207.924516815672	22.806199655745882	0.6644514346709157	0.3457586504243167	5.491665920954911	0.14817385908655997	1685.2766448379107
-27049.98350553132	0.4199184557796611	0.018790161966812425	0.001	0.24072915798990474	0.15745848995287687	5960.486979659062
-16032.229979619591	4.390444912519252	0.760246264798034	0.04989777466413793	0.02928038001765225	0.19586776378862703	3639.46008547542
-10642.666014720066	27.496009139506583	1.7753470057689837	0.3035810970876143	1.5976377884147317	0.1472252681408012	1310.7196521871595
-10130.450634712728	15.776477039627162	1.1239984618541707	0.20261334038075626	2.4620945128728353	0.14205993142483156	1852.0358982645284
-9342.885394160714	17.87559999931661	0.6753611551211208	0.2565958454216558	5.261782041235026	0.14469486542652046	1895.9695482955
-10082.908796600808	11.554006104298145	0.9198334247730835	0.23272981072575585	3.425714447920206	0.14385794306281882	1946.8002619765755
-11986.8005866883	18.40501417849434	1.4708708683480385	0.11084114124505579	0.5893999618851513	0.13690671135045407	2225.5218371423275
-26303.81501855801	0.6362813184457011	0.019673787577558274	0.0010330347671142005	0.0023652105881406546	0.15321316516295969	5909.4035928076455
-26935.69199389917	0.43929015530864485	0.01894186931653818	0.001	0.2003062327927172	0.13612061046808147	5952.893001553553
-10460.898135046516	9.324117170881799	0.7355403183698596	0.2532976899729118	3.8037528348755743	0.15518286002711765	2066.372165038755
-13886.472269059048	6.762414484228567	1.6633525394668842	0.12107548956807895	0.983090348771853	0.17881290239378095	2421.5455156161156
-11850.877877860994	10.481059068279524	0.8411964968591605	0.16528095660921108	1.5758576530903243	0.14848942857238134	2206.0790792430657
-14151.23809745347	6.97843025060259	0.9993550023375689	0.05411500853397196	0.04503970627673046	0.1325860978826341	3305.8779301877908
-13712.96038019339	8.251648994278918	1.0909421499058494	0.060943221020410984	0.028005945920045974	0.14892499069699142	3112.7094316449784
-11877.859430198516	15.143873874722212	1.359260548147023	0.11015492120168013	0.7489441196935696	0.14393985406623278	2299.0592748367076
-9426.374869922469	27.787780736098938	0.9684969433274957	0.42503735718411223	3.6152311636617327	0.1462272885268011	1338.2925779602422
-14605.331956923063	5.906574676646328	0.863477689666994	0.05169663362574066	0.029149371022009977	0.14396785002086931	3450.8521769344784
-27112.117331064088	0.41771080715793163	0.01872415079387262	0.001	0.09518513119005598	0.16893834960950171	5961.834869008068
-32182.649487417333	1.1074750645513027	0.17692149598086682	0.010717119115843577	0.025374899941599013	0.49304803242380607	5483.167510634037
-16928.749326164794	3.2898351068051928	0.505635830845351	0.035522210584991526	0.39415746597940793	0.14032333980613068	4174.214648295204
-9097.097597688979	28.226521281876515	0.7491152339850571	0.7088858336548092	5.353891535661998	0.14678545085937397	1328.399550515244
-14663.826247427354	5.824455137095057	0.9243460304841783	0.05323347065111163	0.03541148358381061	0.14420325444776422	3406.617612912725
-11437.497615952354	11.397857650089563	1.2134314371570494	0.13641478416634803	1.429888733069084	0.1443978561929259	2230.1521865130694
-13200.042514504603	8.038230601487363	0.7676200936670686	0.062464086819208293	0.6854200625590293	0.15017202091290027	3203.2885327629597
-19153.42115996647	2.611852520819668	1.0476482742770048	0.04535658341329684	0.02505112274184393	0.18791124691508296	3825.8966071140644
-10690.615051979674	17.99508538314021	1.3177273734096362	0.1476081943944774	1.7760296161975733	0.1446757322168868	2013.399049698279
-12131.015978809852	13.729957120599632	1.9542316488952727	0.14328540688236696	0.9381867795535394	0.1282851134049205	1993.7911843196534
-20386.658700944983	1.9120211865937495	0.6804331168341361	0.031962577493469764	0.40227445862671657	0.1397718815916947	4382.135292397905
-11397.03158307343	8.259120248085548	0.9080810485496834	0.13915611468699424	2.40770550644769	0.15192841295723974	2441.4418030996094
-26542.52469621233	0.5552109800385614	0.019211580202580767	0.001	0.21727303339796683	0.16247838932079026	5922.165278485881
-26321.711346306136	0.6246790949648385	0.01953303948071916	0.001015942752837758	0.1369658942865284	0.13705588203877705	5909.725857241506
-10550.66760929556	13.523358640360044	1.2687668643273258	0.18412782772011835	2.13601292916629	0.15004570128586178	1932.7004145354504
-23276.81727852651	1.252733550979262	0.2752839928879111	0.012503412054603686	0.010469129887960733	0.16208500280061214	5267.178061253448
-10181.701512749729	30.730732269968765	0.9157870872888009	0.15513705831447175	2.9366668261389277	0.14825221368870342	1975.1664227683734
-20015.574101667273	2.9405707772364322	0.5952430058643688	0.03736220305676739	0.9490289055110206	0.33446476389637764	4127.419527798845
-16030.670286976281	4.065160636756077	0.7234907055655815	0.040690061800295184	0.08396954224408962	0.15163724548345314	3856.502316510685
-14636.221002046523	5.777406894673187	0.8627039262279279	0.05215149790039324	0.09913804284662092	0.15676094345538874	3451.2736939787183
-10771.976277813113	13.21829639064772	1.3489143909374919	0.30192917745689696	1.9155455870198663	0.1406116093205774	1586.8240956714867
-11873.087599056653	12.332718585868111	1.5911678583160311	0.15284904338541477	1.1691180299508608	0.111067964534105	2030.6790876692987
-9655.017802182512	21.829385316505636	0.9167941285136001	0.22855293803463972	3.291217215511183	0.14880969664905608	1752.209964975653
-9187.427735410314	19.872690346310694	0.5714031701685232	0.4609029914839726	6.354260920719882	0.15835723707733312	1703.1323156523054
-9098.528989321629	27.622406474610354	0.7303809355603101	0.6590090234552184	5.373913817903604	0.14577418424526273	1362.3098454901524
-9396.996614523126	15.413196277249941	0.6035600038641837	0.5256048711359786	6.020253309179512	0.1481139530159525	1697.5979110939325
-9099.786654610278	24.289769978478834	0.6374097154066896	0.5961487915091055	5.8794925979563075	0.14593498195290144	1498.851309904035
-9123.493274420081	22.573685807659164	0.5890792668298647	0.48104500415429646	6.405908171522228	0.14630428615480517	1646.7214817115794
-9055.803818164279	32.56959596700127	0.6318018589491927	0.7578862660343543	6.121808811451318	0.1476194476392824	1394.1465371606023
-17442.297895358482	3.070221117942925	0.6399699563652844	0.03759614194694926	0.15667123113387743	0.17615839565078015	4078.8439089298254
-15694.203464208593	4.195226966996112	0.6414178335725286	0.04331965801098841	0.3828158934250198	0.1502307620195751	3835.838464077191
-14864.930488133366	5.8043047637572505	0.8304819159360803	0.05078412354119808	0.14822899263546954	0.19943224219469652	3486.3414483637343
-25580.01508523272	0.8210861546330436	0.08370669873286392	0.0046336433923723315	0.0010119015050671452	0.13108397667610025	5782.407754614607
-14304.466254890101	5.764065678693055	0.8971079840290396	0.0690106102459015	0.5445176524449697	0.13070616886549113	3183.4206006413656
-13288.040631115124	9.689918704620439	0.9906319594047266	0.06298658627080969	0.08119265038259646	0.152581935349447	3062.7121348258884
-18008.23605712734	2.6950135443186904	0.6146177583204343	0.036509596200027486	0.2928126444292898	0.13519689698200862	4175.058742664856
-13071.016500852167	10.719131402333442	1.0910339552251371	0.06708851077025213	0.1164678575469941	0.14396660000807504	2943.737980499031
-12296.214289122217	12.515494241009113	1.1049744770353465	0.08962656752913224	0.5977885075536384	0.15489292483136344	2605.1199770535545
-17289.402428604917	2.947289579796076	0.7242891394697459	0.04408024774193981	0.6951338860855265	0.14137952009070823	3933.096762574881
-13205.916895762426	9.368192176102712	1.021598662432694	0.06693579383286699	0.21707917979009686	0.1467198698312958	3003.261896832423
-12732.779437302186	10.13859376313002	0.979860432041532	0.0709338421777325	0.5763562778671909	0.1662480832490761	2931.778428236455
-31969.972239350995	0.5918229291012441	0.019271240799502133	0.001	0.057224839194733285	0.4227155551989054	5914.890659856629
-11991.185416883924	13.2174288553364	1.0200955633729885	0.0872540428770359	0.8196444357196512	0.1429856151879677	2641.3800427284705
-10792.67322512769	38.61182981209365	1.5512882901812217	0.3268722935953794	1.6304571927951328	0.1476722241481838	1227.0467007783789
-10161.643062944659	23.12819862584432	1.3738178647760424	0.25867129601633465	2.1459055829001414	0.1611781190474757	1520.9444320961375
-19508.825829098474	2.216671439208797	0.5395732006389757	0.03373015325456578	0.0927223401114297	0.18953411322917474	4372.344823469173
-27110.38362730167	0.41614474463307993	0.019095877528252553	0.001	0.11946884832191597	0.1674877332327098	5958.71255825996
-25735.950467675055	0.8040204062800899	0.06612955593118036	0.0038767564218299784	0.001	0.16684099061985658	5824.960753171761
-26380.208510685537	0.601407829830814	0.019167838139001192	0.001	0.3006145367518988	0.1502585778737012	5914.245753686674
-13435.598210294067	7.587039706640173	1.006388943331604	0.06490695155455024	0.4967594926063912	0.1451650340170132	3099.338716457519
-11275.874093773113	9.669890165784752	1.0005352090466424	0.12188034672252629	2.0745655318086715	0.14510619270934624	2451.4313092226835
-19915.648888717365	2.335204968465815	0.21146218444157777	0.01622618022382069	0.008484374289898	0.13824908379183934	5035.994224667858
-10706.942811168268	9.932314206607812	0.9449167321343905	0.2611944563972204	2.8043117353548914	0.13550569268794568	1910.1328409041869
-13994.43829934198	6.730002364862996	0.9923716053832027	0.07919986756167083	0.4158437213829522	0.13433169451913704	2962.937382566707
-14527.533659991244	6.118302620367564	0.9269729954802921	0.07271114509080513	0.2554837814246957	0.15860084919712308	3104.269397714665
-29388.045770748766	0.6511072952771945	0.019812501642505965	0.0010436887403465138	0.09756783403687481	0.34418588842459313	5907.590849008705
-14453.756965780825	5.600572305496579	0.8156390217726882	0.05465291079212706	0.425403894735267	0.14924591377755084	3437.274793819592
-18472.77286003562	2.6103868598699056	0.7598333111228707	0.03576223819186808	0.0970416293400409	0.1397203657136502	4121.151579545243
-14014.544340714838	6.359773581697059	0.7064571812904611	0.05541954347379113	0.5981067473426939	0.16634211166076904	3424.2864404779784
-16390.514511162604	3.8914781273130994	0.9808794179809045	0.047988102459949486	0.12128666434263237	0.14804717080970084	3631.2103524318686
-26368.01027847546	0.6328874447712775	0.020998905608465002	0.0010923367636902072	0.0773431754732441	0.16767629999483866	5907.563688678368
-26274.86877019377	0.7174959653364004	0.01949945821111836	0.001	0.1264611213888261	0.11004154319753309	5894.879931219414
-13049.947373194702	9.991694693847265	1.0364164599730277	0.0689840884843543	0.24501580833458994	0.1472298612537728	2950.493803974928
-26274.513700196287	0.6473664735464649	0.022803921907545745	0.0011860857735292696	0.05362721392950889	0.15108602648106056	5903.89275365783
-10410.116991775594	10.28079359312843	0.8701845546581202	0.19105631342131235	3.17399031942557	0.15022720541375165	2137.378028256986
-26862.28686323867	0.4882091075713563	0.01864040143126731	0.001	0.12706187881045589	0.17844520609931477	5942.342643228984
-26370.74448714154	0.6047196147014356	0.019225147943307028	0.001	0.14348465650516826	0.1497859923603601	5913.1177318131495
-11591.613788795496	30.03266227345937	1.7954981623539565	0.16810229182555406	0.9348962215312482	0.14209224608000032	1708.3839762457173
-12795.199075472196	12.852538919762845	1.2613903504785022	0.0750627656281539	0.21122404119352153	0.16722490654498634	2742.472864201497
-22989.05736715354	1.5987714229550831	0.3631228408736704	0.02277885348678127	0.0441208638709314	0.28049588036677564	4887.219012268349
-15868.717336975711	5.091175452629716	0.44922811803272844	0.0405908693073159	0.014315607211470694	0.17161105954145692	3926.509276916421
-9391.656261803162	21.220234257152207	0.8844992639859649	0.5156298196636788	3.8232428806797376	0.14869215010499434	1356.6968331833139
-25630.846996772954	0.8127168713561109	0.07181538914336	0.004033180995018403	0.06073502416592189	0.1309820052585709	5807.598155381432
-14504.839311834268	5.857742342615468	0.729675772453971	0.04968262586272511	0.22294497547657174	0.14739810481046917	3545.4483937219748
-10649.311636484868	14.399769217718102	1.2108035450074197	0.2153819691432991	1.8416203219938438	0.1529163911344518	1801.4895646017312
-26814.467422929694	0.4655481828866032	0.01922571874348307	0.001	0.1979456748578493	0.1451351108603049	5942.604943833094
-11853.768560216953	10.737578762296447	1.0060107508786318	0.09370402706232327	1.2562852990282165	0.15824840520071273	2640.3588330754524
-9364.45067374659	15.09795290631808	0.5673902053340445	0.306260229211816	6.441964056823667	0.14813633118156108	1967.0967786061233
-18747.416944179568	2.3492420198952755	0.45678143545326744	0.027308137985484336	0.5908459033844912	0.14356510059729102	4529.398972445624
-14206.905568563505	6.557999271861145	0.8758067294010957	0.05321844272494189	0.11121829431763139	0.14314583246655063	3383.902108424551
-9544.94783774736	13.476955135399196	0.6887113316402043	0.2802908528046036	5.16893762322383	0.14055632236039964	1928.6203644383431
-11952.646663512303	15.811076138704083	1.123985676030106	0.09520303898826159	0.6715663172566234	0.14327488107737885	2481.2335841468444
-13077.4437406669	8.103143167540486	0.637304798220391	0.0658448481606247	1.0732181772367755	0.1534292208144009	3209.0356264344764
-14415.030640889046	5.9796840317022335	0.7474495005928583	0.051750185223353805	0.2505558081901618	0.13702371137656058	3493.1692983338526
-13174.262874025659	7.74350554574815	1.0054472294512204	0.07375323434119455	0.6736982626334229	0.14710812540553406	2971.5273570692725
-9854.749172915508	10.582513780041346	0.46627121977460706	0.2902266214356113	6.896566926807413	0.15320895442777982	2227.4667719667523
-21113.908584507324	1.801236798538061	0.231139139516218	0.01645394492067163	0.13106976707688398	0.18534201171286363	5105.592216918633
-24909.98424203346	1.0963768445996165	0.14526967835396376	0.008532162744144077	0.031395060048501684	0.070315082687707	5561.821801506057
-12332.125346400902	10.668858627705298	1.2203206476821549	0.13819500123779987	0.8781133642743081	0.14727775408931099	2232.7700324892326
-12278.852324335783	9.914146780383714	1.0241385000434469	0.07878574913317418	1.0452591710562438	0.15450738223794983	2824.186173726612
-26439.009399825525	0.5767989295397526	0.019226605939291885	0.001	0.2063239833430798	0.1403008145837111	5917.959693345203
-10766.878444428372	23.0052046045098	1.7725826295912634	0.20216281619014037	1.7667079359288949	0.14040770449047726	1630.7050270895315
-15247.468865268751	4.564751590625902	0.8120471486862592	0.05246092343473592	0.43520388751291844	0.14361198294214478	3556.003465909817
-9873.411697851077	15.412074919061114	0.9802908769550449	0.3123499367463251	2.944815212892783	0.14490678970369514	1626.6398973874634
-12362.461346759956	9.081512915408236	1.0158549808653514	0.1092549840096832	1.0836008299222366	0.15607898911660634	2552.238582024471
-12482.443623330495	11.491860439690305	1.098541586794844	0.08221258270576691	0.5347501779510139	0.14469844525217257	2715.5826079589324
-10308.101827694007	12.710010142011104	1.122131335992366	0.24527377068527156	2.5485516771955687	0.14251037685855322	1795.0026021759252
-26925.73367771788	0.45353965839993265	0.018915105055394323	0.001	0.07723699140538322	0.16606054962505737	5948.949460427469
-22113.217091057984	1.4758529220533703	0.4061014950415156	0.02425436172413145	0.11810280521986043	0.17627052960376985	4861.477672658151
-13117.804847129359	9.324019733170996	1.239534207011757	0.08558432895170767	0.48930810975821326	0.11238693723085645	2702.667740660632
-9853.295472226526	13.92588519081431	0.7321754129236976	0.7027548714278592	4.484889323873263	0.14650269497413643	1482.2462534848962
-9111.516758352082	23.327292257613134	0.6396020634707544	0.6443225903939371	5.856390859621839	0.14712432901919834	1483.9155704603652
-10065.04395339016	16.516043843349888	0.9741755319162706	0.23510220385353403	2.5237855669705147	0.1522692892094977	1768.4611063465345
-9253.526300897454	18.560393709083684	0.5721073632160416	0.7040079660398523	6.442710972704047	0.1473261874590213	1604.142720892159
-25264.797245016696	0.8970158069255266	0.07260437736208829	0.0040992834747621614	0.01092705375022798	0.15846257541063785	5782.008258496363
-11713.571083267996	14.359054830696259	2.131113475416027	0.30500734898060583	1.7122480420580428	0.09716655582441881	1437.9406294720197
-9358.239457736969	27.348537849304662	0.8484972611084844	0.4089529579273924	3.9687576609563164	0.14936545683303068	1410.5519588766279
-14388.34041228534	5.492121000487317	0.8871667303889722	0.06340023679593806	0.5814816586663677	0.15115722731195744	3282.301304883474
-15631.067755491866	4.441133604636709	0.9469509466125985	0.0525844853923161	0.2060043106472156	0.14781023692148487	3513.5194541797214
-13101.874755124276	8.395544938142999	0.9104662538435871	0.06506779533530595	0.5822093408990106	0.13948908621431957	3096.126791453842
-13756.607224273275	5.600702504551569	1.1649159312136315	0.15502272020092295	1.5257385947926017	0.14384887906661722	2453.68742616356
-12639.390503203977	5.599763246072286	0.8344234877836328	0.11346051228333906	2.646505188976773	0.15229566198910416	2822.924624755378
-26709.321802619717	0.5162524496155458	0.01866512444100321	0.001	0.1592141237073366	0.17039408412023052	5935.477795743641
-13451.96015336064	7.929482654969899	0.8975670741738203	0.06513182939520189	0.36796773422293627	0.13958571342170106	3119.4350293581488
-25548.660521535116	0.8301175156588589	0.06801742137434336	0.003805160788193307	0.053345543966285144	0.15175119821543923	5808.626089839213
-9285.488854900741	44.661396689900506	0.9606478543413143	0.823284122340486	3.97780664958576	0.1511912573536448	1043.7066406404701
-10904.021555414241	19.91451315207421	1.9879980375308834	0.27102537952251515	1.5518080881126388	0.155793686007027	1431.039667216029
-10986.78658944142	19.37681725396195	1.0851344865405916	0.13659448501244947	1.542876288812015	0.17991261292885802	2107.7912436035294
-9946.484052608648	16.142782304600793	1.0041091975800156	0.2649666810578326	2.711195848420186	0.15663610340107703	1695.91428096334
-26377.45794849896	0.6412262960474906	0.021396253850073627	0.0011129104372582241	0.11488990691584851	0.11579363071756964	5905.929958745247
-13257.911425947748	9.517507996590446	0.9705835751008945	0.06237401957470463	0.13684045992180005	0.14506413457738213	3083.9977658805074
-10293.352091243554	15.349822150218023	1.329776383519469	0.27227827637238283	2.2069329187954803	0.1507686952226385	1610.7822245046495
-9236.453793197625	23.52670262028757	0.7949638368837266	0.49254873382722364	4.4657295928596294	0.14734580369499795	1413.646562056503
-9448.191061918373	25.275811918845005	0.9306424236876106	0.5873583669262665	3.4340199081879694	0.13925743208644112	1226.3524513038353
-9592.471287632463	15.018803379742097	0.8300784687124904	0.42049301123218946	4.188785021823522	0.14393872729405502	1586.1183249823596
-9486.939246694705	14.942055147791534	0.39652806425954223	0.3702940302054885	10.031710386852597	0.14468970657047814	2243.252218663698
-9115.065628665978	23.814584378967286	0.6135692341842416	0.4903743484907476	6.134889767982667	0.14716478743340236	1595.3906729781133
-9054.90703012337	33.61350548107868	0.7545278985808712	0.9704693365016935	4.98638691171875	0.14881384249903065	1192.529484879096
-26702.392065214677	0.4939627519019532	0.019227672434843107	0.001	0.09162897456134371	0.14126064561015017	5935.293495240493
-21673.23055838391	1.7641954763628642	0.1571659428577272	0.010483255405293457	0.011298271139439684	0.1401234617872643	5351.591291877695
-18970.78370592208	2.247017551128622	0.7400927534875742	0.041425865089847774	0.9861806757526811	0.1539951747665459	4103.954772552844
-25479.262568615493	0.8423356565342001	0.07107375981311025	0.0040303073447053505	0.20822911340530634	0.14861591786899775	5800.97621430541
-13148.030830593096	9.14419955037145	0.611223271322189	0.058583158539650716	1.0431816645645298	0.10716034332536267	3296.7151790036223
-10704.835191161234	16.682943761223196	1.3755428198718833	0.27900287814990354	1.6587109751312121	0.1609495508969118	1544.9326555127516
-17243.819362602946	3.4261593288438013	1.0551645502224003	0.052662329693834865	0.146729608777994	0.17261158112704914	3583.9306243138344
-12363.128097508885	14.749898213673822	1.177456269169166	0.08281963249583743	0.3793370100081847	0.1479915518062517	2625.2789425020796
-11192.156377319876	15.215466343376047	1.2035003085943563	0.13003068408283025	1.3091751800813003	0.1470557175539995	2184.0105268335165
-12891.61327649512	9.245580861596954	1.0824010956413854	0.07763180180074729	0.532387972862761	0.1466347250001212	2840.5256695414323
-18257.546095705184	2.458666241528452	0.5776466446482897	0.04179180310083214	0.9145008807835298	0.1509064945930117	4156.6123684309305
-14803.734370168215	5.322195075229425	0.7704371541839415	0.051691524038323444	0.24347597759291595	0.1387854971656669	3527.6477063322345
-12944.085700994572	10.862263165571722	1.2698185105876576	0.07840154473023286	0.2683381917724288	0.1554720535199899	2737.680478509182
-26372.04660107462	0.6255706334950895	0.019227080706117623	0.001	0.06832704723141653	0.12176807351829455	5909.733789492704
-24983.43050772816	0.9251286676019315	0.11422353920672247	0.0065437882047183135	0.3160636053762507	0.15627150515598093	5689.409121556719
-25958.905474359424	0.7415512853460763	0.05816575664857461	0.003194139099101884	0.20138154050138127	0.14935741681893278	5849.170042993909
-10996.04651697643	29.342360953802476	1.26440859742665	0.14318826637307133	1.4422589651777455	0.1416927291948363	1942.3899697599486
-26309.456919567183	0.6328456901371347	0.019618982821489692	0.0010204557649317139	0.16577170501306918	0.1526049357397481	5908.409279456091
-9915.652216751163	13.515005983309788	0.9298460083987206	0.4077429128271223	3.481030189502717	0.14863009863529333	1572.5741942665672
-9910.549364899525	12.824537786321638	0.8190814495857721	0.33379449894995455	3.6871428042101577	0.1626410779319467	1736.090928799753
-9979.124734396568	13.719430717801195	0.9174583037275991	0.3778040445506742	3.315913337219757	0.12711727985610805	1599.5891337098547
-9460.134792442932	15.262902272435642	0.7206472267222719	0.27485210217858835	4.939096679772298	0.13464347727942838	1871.932335193601
-33223.609568691056	0.5329254367603606	0.01933038716870468	0.001	0.07404342892784928	0.4522740895430353	5925.603526792963
-26659.124920474773	0.5070167924906884	0.01929825018482748	0.001	0.09310098356140685	0.13725431482659747	5931.59057197199
-26285.304064729546	0.6490180909783101	0.019224532192456394	0.001	0.07918746683731831	0.15724279832866225	5906.232651716428
-26275.418924289424	0.7356645933792192	0.03575148931897421	0.0018796574682833351	0.018536954550360585	0.19503857719486142	5875.527825388723
-14225.180433399362	6.094628263485119	0.9237660156271981	0.062195558929292745	0.45218842175067686	0.17511622212371714	3245.3614974642437
-16096.582704278175	3.9402918641387936	0.6487179897993179	0.04053940621760305	0.2048432213864927	0.15779083929952367	3910.1532125934673
-26628.7171779861	0.5148067083613916	0.019086161949310322	0.001	0.2513981012631863	0.1443789095095734	5931.829719426862
-12801.30002086552	12.577407920613005	0.9905031828280935	0.06572568562487684	0.15174253659999143	0.14602582326288618	2952.5066587036868
-26716.823403234623	0.5177721105806119	0.019226545904949845	0.001	0.09132766140053665	0.11542589063679731	5929.782463516299
-27006.68825024202	0.43273493886562286	0.019226963700113384	0.001	0.11220242474133567	0.1631868376790728	5952.07420543098
-9265.473089031386	18.356134641944752	0.6586122383758329	0.35343640983353675	5.720373580937261	0.1345803567934619	1749.5854020129655
-9485.058143736598	27.081880313439164	1.103453348164306	0.4653317885190231	3.4497592267016013	0.14883948267030164	1265.0688376042892
-11874.085761359169	13.91968874397099	1.1941569280654842	0.13503805319420956	0.8875340100485787	0.15998227318383196	2170.937571308246
-9401.491953561866	15.22743192596073	0.6731494843962827	0.3833231653339699	5.3830541438342925	0.1454772820761202	1747.8075603647733
-27167.46892143014	0.41122825842097366	0.01677529024574352	0.001	0.06408913161247053	0.1272537947014845	5983.298431496652
-17270.24383200037	3.1618253823991656	0.6583894681612329	0.04226805461518503	0.0790153199483332	0.144391345831875	3970.0726405180235
-23637.035519428933	1.158402576736081	0.18697660117747095	0.012047380777890023	0.2146331143927324	0.1251267827466718	5434.429807111454
-17955.07967917991	2.788576659485959	0.5808013952131481	0.03534231136587388	0.014122617136592396	0.1313964193416366	4201.528435754809
-9194.948416206671	19.648413826814227	0.6379821105522703	0.4490357179658765	5.761905229254553	0.14229979638865603	1641.7766903740012
-9272.308071412821	18.834833171547004	0.5953271603374762	0.3480910019424755	6.15984488715407	0.16802195564136624	1805.7434973253303
-9212.844446501063	18.288674709920468	0.5350544207578429	0.4194349021232488	6.97842567942894	0.1465620997346005	1823.796908428066
-11858.1825179132	12.6011858315782	1.1713036772428838	0.09860239419902564	0.9494226518836898	0.146924574744051	2496.796513229136
-16189.12689477934	3.8232602137275835	0.775090128405099	0.04449028365514518	0.32805176582406687	0.16182114959076022	3785.757066916688
-26754.708670501932	0.4806808907140128	0.019408107860062924	0.001	0.09246094436072536	0.14514814260722197	5937.003749476242
-11738.34129302088	18.56919024932193	1.5841985596574752	0.12977138574711966	0.7822043438254004	0.14078707864027412	2058.3105185850245
-26295.70292696077	0.6352240255421074	0.0192239597052346	0.001	0.09093017528996465	0.13781061754726645	5908.285432660919
-14042.20430323474	7.305595827298302	1.0534672139919956	0.06143122383703614	0.016027488311698784	0.1556299196391036	3153.362218226774
-11297.205835735258	8.552373448424477	1.000430130581544	0.21367836098424328	2.473517418664086	0.12738789509092047	2082.05686325696
-10200.650525943163	12.202185746878799	0.969148580923924	0.3040784003641224	2.965353033090337	0.14182956175954847	1731.6987777262807
-9354.809270719092	49.134195161707204	0.9651175521005688	0.9213464211860207	3.6337714986408876	0.14981131096606018	975.3810168752964
-9728.436758274842	28.960316702433943	1.0934812833120733	0.3396955662907309	2.9649859315196325	0.13217402371161996	1383.6038199732168
-14387.546048724693	6.591217049863392	1.239271815726375	0.06500508964285152	0.11488861441667614	0.15311325419644992	3083.3256967983657
-12620.064848599555	17.638649568769356	1.0983892303601235	0.06835054155796137	0.04184748377611026	0.14036052039575458	2811.1930707504152
-9324.604075210324	18.588426218762148	0.6479792907452255	0.6868739100106519	5.25862768710841	0.1564311366755625	1483.092833498079
-12661.854990535356	7.323229865107864	1.3293120492062478	0.10463473540612289	1.813571882502617	0.17579792031621616	2592.8289464288214
-13001.952185928785	5.698586117066009	0.8842501067010556	0.11856101428318684	2.008991985404399	0.14420675826284748	2750.398596884406
-25173.970494345347	0.9228831801213773	0.19867945178241297	0.010446209777330193	0.10882196528708725	0.11645239459759807	5524.36411358677
-26417.40476663941	0.5884573085761128	0.020100290334934285	0.001	0.09706602157481761	0.14304911425495984	5908.295107904297
-26108.70886040763	0.7214130691889206	0.022736332978746252	0.0012336758665448544	0.004922190402059386	0.15314793738674254	5898.922347572152
-12854.538405881545	10.026038262924638	1.01493864439528	0.07034072297519182	0.4490243078069625	0.13154176022608782	2932.896942393711
-12910.748352273422	8.502311909905929	1.1774682213762244	0.08523252308670243	0.7105559527651304	0.14464964258723234	2753.3175377296666
-10022.79012211736	19.258624542434625	1.1029835850373482	0.21132032955474656	2.4431701683302496	0.14159265887073305	1767.9181728180279
-9790.887252247368	11.052897736516597	0.6203479984065808	0.26755765502724355	5.532091301978677	0.14723039428533163	2082.4131228170795
-27159.494992716835	0.39681932736865955	0.019186487021051902	0.001	0.1268417357583382	0.1526755741112397	5964.5334842149
-13848.503642503267	7.692478366886741	0.8791373034410802	0.05430985453443518	0.022652317891946924	0.14466347651203534	3311.9298276412283
-9451.470715250452	15.71119697367249	0.7809362609884704	0.32025114453439035	4.551903420503248	0.14407836775920776	1737.3730002641983
-9402.659418168405	23.37648529710184	0.9079629101143745	0.3921570074323504	3.699986680503969	0.1470689550946464	1436.9898820772905
-10747.340496242401	9.764426032637562	0.9427950307274932	0.2710291482682194	2.820568303954126	0.1384953581490887	1896.5510445414704
-26105.207588130274	0.7136442320969393	0.03665710279929781	0.0019749553096275307	0.16622747292476736	0.16148853390863185	5882.705087136751
-9384.859488197222	18.84942065213344	0.8114325572311223	0.5299438795965367	4.260998747370882	0.14752681701194215	1429.0388576202872
-20967.86411071575	1.8318613050919546	0.5006430603923647	0.03206677772737461	0.045014156405520936	0.20000252304774585	4533.249467958138
-10453.204783731831	14.58877079368833	1.3356340378720697	0.30750794125778064	2.0983038141388906	0.15567714596535667	1549.4674510911557
-10928.112650869496	30.129339290916782	1.6247451899366239	0.2299968447407049	1.3881966610354763	0.14839036555099092	1489.9853954205462
-14284.042591787571	6.228484085650921	0.7342616406021102	0.04746653229505913	0.28615903424374084	0.14638105124931616	3564.273533032393
-26790.26575401884	0.47170307805865436	0.0190271941252787	0.001	0.06853698068384984	0.13960393338982593	5942.875813850787
-10045.329877956186	25.92287641842577	1.392708836616298	0.2966519359370501	2.3041485673714455	0.14159090241077674	1409.5536314899368
-9441.137881204239	14.976023143437603	0.6849388736431982	0.31452753574676523	5.039895578673433	0.15321653985150854	1825.1048479195124
-27056.657576691177	0.4167571894010063	0.019357911132623726	0.001	0.16263938697889643	0.1315800343122556	5956.024705437937
-9113.280681864468	24.701186697855483	0.6723360098038721	0.5802049676534425	5.522669902264325	0.15068954553250583	1461.490558586264
-10722.71345686464	20.637754952807434	1.3303123135421506	0.19534697661498668	1.5140179917583978	0.14767868615458718	1740.680516609974
-26882.452413976665	0.45492350509560453	0.019222131525902027	0.001	0.4255097825707643	0.1291332543133051	5945.615707202279
-15527.04393518852	4.512328608898422	1.1582263167525588	0.09126219883501425	0.887224657461567	0.10343247887888082	2966.928841198449
-9214.03668060265	27.97091086911993	0.7867953731335434	0.5046857283952607	4.64267100912073	0.1380456885689018	1377.3866812181177
-9309.048612363644	24.955962631903763	0.8342509724036832	0.3588441599214214	4.388417495117439	0.1514556781417915	1522.226382787943
-11218.065082568935	14.732398686879057	1.3213076217136224	0.15950860225137253	1.2857182628659651	0.15521649417966277	1992.2068016921216
-9578.028733711919	13.528034195171557	0.6985361276510763	0.2663878496074212	4.783156435956448	0.1508418902664476	1934.8018020804575
-19492.279830997	2.385500529878591	0.2535410989982351	0.019628093112901514	0.001	0.13584500941902328	4889.990121875785
-12892.198584269052	10.39510822779917	1.03275001530859	0.07326113162203894	0.329762345818555	0.1470649488722004	2877.915994795897
-14999.368745103176	3.992038134130196	0.8918579336214367	0.06791568841147251	1.736325283502486	0.15823332283539215	3371.014503641414
-10076.787369407954	10.76714224218149	0.8001431494683989	0.214794589082386	3.917682971039516	0.15229708892924407	2084.7224101709617
-9850.940375954608	14.28961328209706	1.0090654260331242	0.265219927613546	3.343788271122789	0.1639574723018245	1757.4414411423202
-9322.94127523395	16.02961791637789	0.6112443417375814	0.333641328751427	5.909296582922911	0.14502904515034384	1853.1026149479962
-9059.26336529804	32.503769283554824	0.7133222336191455	1.3041760080125944	5.259980548770119	0.14783703438936976	1184.991046722774
-9267.5480323239	27.604555175186537	0.8244930347236238	1.7598828900485188	4.375263619386522	0.1525167423043529	1057.6811083421862
-10498.490749096494	9.545424200876027	0.7396443602546049	0.36275971327681467	4.073063937944573	0.12708952540046822	1870.7858920470078
-9337.125938072213	19.799339801308257	0.5114530279145254	1.1162425483132643	7.093246871977883	0.1461249146834281	1591.7399704944705
-9340.682533093306	15.67497398702915	0.5969057195508307	0.4101404402112707	6.011672714744338	0.14671625177592654	1784.5711951602145
-9070.8135462466	26.9699073981158	0.5785556582895827	0.7419121674506386	6.621620392769099	0.14694125404482322	1505.444842615166
