# /groups/rgutenk/lnt/software/anaconda3/envs/donni/bin/dadi-cli InferDM --fs input_fs/fs_061 --model split_mig --grids 178 196 214 --lbounds 1e-3 1e-3 1e-3 1e-3 0 --ubounds 1.1e2 1.1e2 3 12 0.5 --output inference/fs_061 --cpus 10 --force-convergence --delta-ll .001
# Log(likelihood)	nu1	nu2	T	m	misid	theta
-14474.244947056175	0.6781750765067182	0.0015530803768148407	0.001	0.07753846951294724	0.10676489208325207	1973.4405796247015
-7994.016538847536	4.255296377045652	0.07207533503131912	0.11837967296010123	0.5741223045546465	0.08039141542680073	1135.1806382422833
-4026.406189705616	28.241575383018255	0.20868912571789516	0.15038174530648332	0.001	0.07404262318497454	685.8187466173064
-10089.109421930334	2.5886204667456574	0.07083510898566536	0.09930033847080122	0.006095924280018269	0.08957602467608068	1344.265639529408
-3590.8694691442793	25.436335826299338	0.0840928226302507	0.24281033773548166	1.683165435664763	0.07373229502652077	609.0144529067735
-10121.128027665216	2.6238519070412787	0.04811478003599344	0.07700139842158085	0.001	0.14224537476369473	1409.7998493059142
-4907.764941659492	12.867220428809667	0.10459666856677437	0.18310143044260724	0.6295325280652991	0.08438448671130912	743.2655303789119
-4951.735787873528	21.694760734117637	0.051184931649475504	0.27294648800609067	1.7610415112391362	0.2851377650343677	608.9073346920615
-5379.642540114108	11.98128395084904	0.10061107572461118	0.15201001699472666	0.008165622308975835	0.08273024679657054	801.7848241285723
-14043.661570470655	1.0488776094992585	0.025593195502286337	0.022101963545694204	0.001	0.1590787552806856	1902.3187121256665
-7410.926109283461	5.597656842309471	0.08592411280058078	0.14522933036793012	0.12276127258700906	0.1418560044559047	986.5370396132496
-6049.874277569835	7.362457824648382	0.05429307019509455	0.15414473540645976	2.4317804150639173	0.10534045714366932	965.5440392368328
-3861.0778469547527	23.802719226643667	0.16928233523142547	0.25254530032709127	0.3259286223235497	0.10456662635080097	549.2789096214757
-7353.515218825293	5.250126079275403	0.11148810649639673	0.11346210237197599	0.4484045096729607	0.09889236260379662	1068.3343303822012
-3148.8519595322373	37.25395076550605	0.08815664116171769	0.25463218262813353	1.828703911903372	0.12318700407435368	567.080430822913
-6163.443346082584	7.940528592231304	0.10105201749003445	0.11581858906099009	0.35466022749395343	0.08829604700607697	970.4453452604433
-10999.387874977245	2.082706985846115	0.06145690402524276	0.07651077263909246	0.014922521979632489	0.14057777147647302	1488.2420809090015
-7839.942393593995	4.682344314282061	0.09584476925434501	0.1311680975679106	0.14368699449573416	0.08663134874364625	1062.0787364125476
-9790.090333184697	2.684931609163526	0.08388624670512379	0.0950039506673845	0.3730485216380117	0.06842781233617046	1334.6892661983136
-6003.745147807464	9.014268034543797	0.11866497267513615	0.13872068242108646	0.014576965390841003	0.1114857335622619	877.9453708196792
-5026.316459070268	11.65990621890133	0.09736964405584421	0.23214306136127005	1.8794991351990453	0.10932531571285872	731.5782573990482
-4852.892954596722	13.85311757245803	0.06706526353483952	0.13969466220480467	0.590656741023752	0.10618623969747641	827.5476412448792
-4191.37557857069	17.3134081591581	0.07868916178365783	0.2205755060016139	1.5349998846574595	0.09544208719788788	677.0293314584369
-6342.33934314572	7.112983809782102	0.07156405074849019	0.13797941262627011	0.796285843178	0.08780360133418104	958.0630801448617
-3925.346023287647	21.966966888004556	0.06204930803966692	0.18267872830046358	2.5719418836263555	0.057392515941473085	739.9801927742998
-6117.950077489259	8.343998744833987	0.11083739047493038	0.11944770401738598	0.10540382120561141	0.09383977407324591	944.2325821958301
-10407.690277602907	2.3407847997783424	0.09119327327836439	0.08593828019487251	1.3548320087307506	0.15974671320411185	1410.5782657271343
-5018.819136873367	12.119705127217701	0.09506182342350517	0.15195106876862913	0.8870326718141306	0.08094007047255057	818.8545658478363
-6076.045060405543	7.81474522023566	0.08757516638253682	0.15585634472215806	0.820147347385898	0.09716836802225261	895.6268445179614
-8331.365519861363	4.172693094661849	0.10835093165348467	0.11365784460340803	0.0011163075824557583	0.11524855753885638	1127.832696357495
-3057.589581733658	35.417652279705784	0.05601893038800542	0.3574834947838787	2.3003565677553452	0.09545555938133138	520.6694136363017
-6059.516945058109	7.987863317107485	0.0785468670286637	0.1408293130140333	0.5981774416443727	0.09716769840829637	919.5695651915743
-6869.093091743313	5.852321496029938	0.07901269008540861	0.1154537152296708	1.150880811925641	0.09313761485908094	1060.0886533271268
-5348.111924068206	11.617315449292988	0.09147800989357649	0.12235079717004084	0.3460604770855283	0.13719874841928031	887.7795214625334
-6446.793745891606	6.873284668538857	0.08314111292865897	0.12766429626363304	0.7161497765034995	0.09462610584746621	983.1645328466619
-6177.370806368327	8.071938285317753	0.0691154291777562	0.10697711118149264	1.2109113115348187	0.15333509662646308	1018.4963849954049
-3271.8871881196437	32.07696697783726	0.04754382055557274	0.4983265730311996	2.168608000230212	0.06837573759906528	467.63596902339816
-5257.329363595474	10.950745989884583	0.04827917957621599	0.18173305691443692	2.1219533679531253	0.15739780248559068	833.0096052430365
-4768.982535378621	14.500417899308125	0.19911645337122796	0.20855546757154145	0.6505204882448312	0.10060151139425626	669.5819131631524
-4897.1290717726615	12.72662959573118	0.09278416909670953	0.25109926626106943	1.2113379213890991	0.09311741637209704	676.7360753468411
-4572.27756863152	14.666312356649716	0.06120125155653853	0.1784304251766371	1.7448055306809782	0.12988279696206545	772.8706885000566
-6300.49807096068	7.4615877602571565	0.08911626123063522	0.14427268992960923	0.787433479334769	0.05940369275312616	927.3467173692188
-4897.620971757733	13.36621888836618	0.13507445493045384	0.31439645272583927	1.6928489167094645	0.09119824562704192	622.0252117960819
-4602.636852955363	15.287946771563698	0.09971002506419072	0.15811089597203123	0.5059264102468033	0.08453059075094108	761.9633527692744
-14498.074797635469	0.663495562147417	0.001408848191379338	0.001	0.20304024028440232	0.11227407216058147	1975.1189603559008
-5184.594175352773	11.140697521366405	0.07857006492273282	0.17615095997313734	0.9600525505567342	0.11151362421934641	794.3889437618317
-8750.505553706782	3.5290539044544347	0.06698703831776859	0.08696176344911546	0.28194334246467634	0.12339989367193101	1272.1893404652023
-4471.872054777901	15.377933198493684	0.09272664964482792	0.213500516286128	1.0527466911111776	0.09741877000650022	684.5906068821762
-5864.614149773646	9.43965418606153	0.11426249887205542	0.16136998660628057	0.07175085019427155	0.11546338631479187	823.828762028187
-9027.306480157851	3.1921179162396407	0.07290882557293053	0.10660395821161162	0.5584133159890763	0.10988679238967876	1255.4516092299104
-4332.057288792394	17.46997013919514	0.11669868227580757	0.18179601549684846	0.4630012384951247	0.09308132471271599	694.716228383065
-4356.648925225285	16.47660838697913	0.09739782189541651	0.22775401330735723	0.9645530345253869	0.09704065249022503	652.855234795469
-6299.460095707756	7.731004824593005	0.1281665723033817	0.1630971897145258	0.24413347754059933	0.08052290849009666	862.0504901479577
-7821.405075092787	4.0657657254633035	0.03686887386771512	0.30281636552296265	3.1698965178070884	0.08651655569063571	1066.4266235905704
-7181.504958975725	5.4042276644849165	0.0795491556293792	0.11731371577904756	0.6226659259753419	0.09203726192801498	1066.874285133931
-7520.702514232339	4.879077153669451	0.0628519378053805	0.0984413303721584	0.6434546472845555	0.09383864664563733	1152.3044446485528
-6095.308464251243	7.845435388106439	0.061218139424499246	0.12298742208698565	1.3866990524140186	0.1345518554692283	987.4631373725306
-3424.110290904039	32.16954893087953	0.07282426096859397	0.707629506513503	1.819026824444124	0.08646653639904943	393.5047254113801
-7698.995775912902	5.219861635951097	0.15209854587920524	0.17479951666246935	0.07903098583432414	0.0921586358728184	934.3972192381473
-4542.561479975019	14.275314871319967	0.06482275374556587	0.1779164471707759	2.010585026150712	0.09838045047958432	784.1504818501396
-10148.694671442468	2.469959793300876	0.053168209007513775	0.06468809800360385	0.26261675091168535	0.06425897143855863	1465.6748666809574
-5820.776200210279	8.777743252129637	0.08879089219979147	0.1298336513319103	0.6007362495602897	0.09070424274318054	922.2354229384292
-3392.2595144248817	29.70240116783537	0.09992480530200198	0.34947283290173226	1.7870930962518206	0.121348045837372	507.14170137269815
-7131.21351643274	5.908604243571953	0.08891851176001705	0.09262570195146784	0.06639064658073694	0.10083349251901508	1104.494750366141
-7303.527837050104	5.228497539046676	0.0666219151025546	0.18224715199839966	1.1779416376348528	0.11554871186845844	976.2641322615057
-6053.280533157306	8.486904552084429	0.09939981923058068	0.19850871439855805	0.3888367476024492	0.08655095479093439	795.6976692066753
-8872.307113873456	3.503767701040394	0.04614586617949442	0.05512689803706875	0.6985644816982298	0.11529915707142528	1407.7320670352178
-8295.584347891898	3.781186169189554	0.06810237749190988	0.11236895694880375	1.0703317705451603	0.09720127401467774	1195.6935963017986
-3982.539895523663	21.877478644843094	0.15820765593390132	0.2074109861577305	0.36331811711123624	0.08303475209855954	618.0580845124479
-7524.649641425348	5.225332045260535	0.06984298108616675	0.07787021048413106	0.2401467722802858	0.07180712867426554	1196.0429052837553
-5573.725283299814	9.492382453528842	0.09143661242450431	0.1577722871407534	0.8013650964858814	0.0889659028328343	849.7970245766293
-4300.79220956281	15.655667537660841	0.06101551057719447	0.2500722629815158	2.3223278229317055	0.08931498718106215	692.5494660233944
-8703.176546608744	3.980721402138721	0.1947159804581166	0.10161434464354167	0.17167374944871938	0.07009067830643251	1138.2191354656459
-8084.041054419606	3.9914139364096304	0.06007861652616868	0.13007621656936452	1.2908292537630925	0.09843961812752441	1151.0097408820268
-5027.442817107228	14.33699546875838	0.12149984932774952	0.4127881479579846	0.9027595869510178	0.09199190523527007	528.4166732979754
-14373.433691143491	0.7684214681483383	0.0016392894593680095	0.001	0.03724476428051074	0.09076060503904634	1968.5149275693748
-6840.668140528748	5.995219503751199	0.07503889748270691	0.14042692274531116	0.7875687212015	0.09876593826395841	993.4639256633058
-14325.414444470816	0.8138264508728205	0.0014115856864493853	0.001	0.1353370419061942	0.08895565713357788	1967.9280390595663
-14413.93380639706	0.7266234078880547	0.0014172658520879434	0.001	0.020181263700466363	0.10355144698458897	1971.6804885837896
-9302.133528561233	3.066186618860955	0.06523718264515532	0.0567684061427784	0.8243762871812198	0.10658441426443524	1423.1285981704266
-5580.006839525776	9.599562749049117	0.06185363889652527	0.166769444635914	0.8598110236812991	0.10453714293890275	841.8271866956691
-5135.449329079713	12.722361318836933	0.1641004134599122	0.27022650620396116	1.0404989013063328	0.13956229811492546	638.3216766837129
-6278.487969719663	7.53100970591791	0.11921122116205152	0.1218449973354209	0.7314753841441639	0.07864049766818088	965.0824547061023
-14334.038797801295	0.8045895496053211	0.0014430914686179956	0.001	0.04220866228898533	0.09432620928044952	1968.098994628488
-4984.157286158398	13.65415931767748	0.08429844197911261	0.1261833977083622	0.5073226287174066	0.13563957147494032	858.1748414638829
-5089.666234057486	22.28317074471023	0.14381575962844437	0.25439038385635254	0.6267278045382157	0.2929121130050043	566.0162009934706
-4100.580031032136	19.445577357951315	0.1089715428601147	0.18666244333914775	1.1506122943706862	0.07264984060033589	692.019377412061
-14495.095044177526	0.6499019026428395	0.0013286132568464896	0.001	0.06535937310723672	0.0845807453219949	1976.3578227756243
-5451.384058828042	10.42347777138557	0.1197690680607501	0.13317823056625236	0.6208856860779606	0.11250855703446276	874.097886531871
-11166.21011461771	2.4585361380258983	0.2966266441892515	0.12400382586197886	0.001	0.06703331259582865	1206.3192172211939
-9344.663158419278	3.080023995161679	0.12225598932477047	0.09575352298269992	0.4458037222180517	0.1220810054329937	1263.5584239208513
-5475.380943612468	8.836096168175933	0.04147291736040198	0.24580706289305804	3.0753423377464686	0.08901956452605031	844.298446293719
-6214.800758718958	7.700275717654065	0.08626388869496729	0.12292931079729183	0.37926666022232763	0.09541146842453403	963.0632843106955
-3157.737138286945	35.34538054341459	0.09649349269635148	0.31988531316895846	1.289094110617124	0.08908198583213917	492.0452461282631
-3882.6924267928107	21.259430230528015	0.09749548760528308	0.25781509233772315	1.155098924139766	0.09455899544260546	592.0270273863882
-7660.303422072634	4.797207800887863	0.09676432004803218	0.11399952430618264	0.3230149696237602	0.10954104708946417	1095.4490030971044
-5323.459365780025	9.934803416083605	0.03788693451145681	0.6286724041564196	3.0320967264277714	0.09824201999534597	693.0285043065861
-7691.51610968609	4.866471846020976	0.10644306698596184	0.12026040094150582	0.1371528374796394	0.10320620889087756	1070.4248066911143
-6240.61931818993	7.335427083576189	0.061584017757782446	0.14053664590086032	1.3131415206020196	0.13022538489468002	960.7496160824405
-2528.195195345359	38.389138023057995	0.0347800700065773	1.3352966674028122	3.9583181895297854	0.07040890200535209	546.4284886230766
-5832.120148006236	9.05088378526224	0.10214810204741667	0.1268822606626996	0.2720724298172567	0.10085919769629748	914.1374645815424
-14348.774646614944	0.7991954602845268	0.0014121535286155456	0.001	0.14962857959062373	0.1053869141229523	1968.5105121066092
-6292.160837762201	7.512613509438576	0.07994422651300553	0.11593598896437643	0.38888230136022917	0.09038663794771107	989.1637518410223
-4993.961845687188	12.237118753417416	0.10696412769520729	0.1852340842621658	2.9828575446950345	0.1129352589516107	808.4095052213905
-4505.113198733009	15.741894727399503	0.09596126329139361	0.15766172177870008	0.7541401992284616	0.0898041060062003	765.319721999476
-8710.635713625927	3.6234484520038617	0.09064513898741806	0.17824801112415556	0.6933398934855963	0.08781130269520777	1083.5720708412634
-6608.137165908238	8.21698593906782	0.1857534447603541	0.08519092301755941	0.17352026860463002	0.09995122155489472	1037.2562218553753
-5989.537901251871	9.918292553694538	0.09848012876984524	0.09212276938658075	0.07064595330922012	0.1456911884615978	1005.6784697440155
-7369.275089721187	9.020941885962396	0.08161590889213925	0.7534226363417597	0.5317482222024625	0.08399975410007975	514.0443928421732
-4012.7176690202655	19.832474798929777	0.08894174587313443	0.20529656657734585	1.0515246944054515	0.09353919928017658	662.6810445990661
-5652.422101962032	9.900198679503086	0.09980468167820014	0.13046739758693426	0.16629353124338392	0.09505754762450414	887.5842328885365
-7584.504891420946	5.123312881944487	0.09648466672064486	0.09915935803653836	0.017114335047829707	0.08535799373503769	1114.3412451304437
-14325.798039772064	0.8602006707634023	0.0014134801693932776	0.001	0.05126893502427495	0.06722529189003716	1966.1799923834794
-5130.742660943799	12.709482170579538	0.13287434134127815	0.18676450746835882	0.10162549266798601	0.09331793017161015	722.2766644140775
-5565.912463581089	41.02778421483513	0.3217307378367191	0.36297523300585244	0.6408628708831715	0.38844433864835926	406.5512442932861
-7572.352243000924	4.917282735892876	0.08181710583317363	0.09219258315008792	0.4747932663163737	0.0765812508981093	1157.542237099894
-7004.220790095095	6.230774114623253	0.08741183821814007	0.12714090513881976	0.26924985726542505	0.15499197408122836	998.7558213574847
-4252.405728067173	17.993593124647425	0.11676011778408679	0.19598534686947416	0.5723104425746706	0.08767260526862124	670.1720833769382
-4366.245055285529	16.503860977927726	0.1040762912952818	0.19786306367830023	0.8689600465059473	0.08394540454391067	688.907201355031
-14299.853357189837	0.8605878732738577	0.0013967514010529425	0.0010026642969921977	0.10313517979003729	0.07741959998348746	1966.2943904070928
-3925.8616060586696	19.677034379338224	0.06667516694602726	0.2661913003036951	1.9535195064575372	0.09298478845652387	629.765760366879
-13084.468370490853	1.257832864417092	0.022097152530328495	0.02327231217719337	0.5650671745055608	0.12087371148544807	1851.523767729919
-3772.4052282316056	22.21561445644904	0.08206198893772217	0.2626208589614348	1.4971079300102237	0.09324953485052777	597.2400651490935
-10572.308104890188	2.599039731446248	0.08212773077103658	0.32732764273016035	0.7825306912706549	0.14818576184278334	1121.9400883742614
-8255.224051854591	3.9648516461616823	0.08745597749878743	0.12181112141787337	0.51679225974632	0.09601156119975582	1141.5075506834235
-7528.791938452849	4.649602649174817	0.062377237323317215	0.1356943598822291	1.545292299900768	0.08883940536491634	1095.775013070348
-3846.5715153826063	22.66573863719027	0.12577633754060305	0.27235824991315083	0.7532563210750638	0.0959394606440183	552.2215069461943
-11088.630641694957	2.0305884542856094	0.09283088780402889	0.08978719834922931	0.013510534473552153	0.09581722162273969	1446.1899056499026
-3811.759149676305	23.856583472317244	0.14407882945848982	0.25377032793416343	0.4595435862148582	0.09216730034879983	554.2934410973924
-3668.8731337542304	25.930780917684427	0.14163354306826237	0.2101721030455426	0.6699054319966866	0.10642962914122775	606.4738188400282
-6682.018130866282	6.380677852842852	0.07280724457973134	0.11091022704097112	0.6995568162928668	0.09771113054897022	1046.6595749716641
-6608.887255937962	6.202533189594583	0.048953943800732036	0.1276732479323969	1.8326097854431262	0.09024597360318681	1046.2052646037564
-5638.919104445741	8.891522867694597	0.06857457385290136	0.14044662926065485	1.9555308408530303	0.10733065972272313	931.6297771745101
-5149.23128267235	10.751336253853227	0.06674768151727384	0.17415243399651076	1.8212821189612907	0.09521954088152877	831.2006946771472
-3311.5088409374457	31.019601229169965	0.08783021982028497	0.26803094431730573	1.3708440856924593	0.09459702574971499	552.0388039210176
-4821.285608499437	12.131047652294063	0.0480786032651034	0.20985053032485163	2.3696327054692126	0.10129503437438116	784.8955790875592
-6349.532636563099	7.699769250716585	0.0930477961567006	0.1278498666397796	0.0763440488648606	0.10071703580966058	943.8610675577722
-3208.3849824491967	31.909501529430102	0.0648078316576239	0.30762285102319975	2.0984797991503323	0.09234464276855037	549.9833274244984
-8783.479689280011	3.5347862853210943	0.05934713978035507	0.0936338049403147	1.222414176530849	0.17458573232495203	1269.7807395592135
-4818.319712865892	14.778995699814548	0.11369389885767704	0.20572828282287378	1.5886124987006032	0.17760926287565887	710.870826419028
-5181.6476953272395	12.84856450148963	0.1408605967486781	0.11923321147988049	0.15139162073294862	0.08850648342328701	866.3769308536058
-12767.954158552235	1.3535983660733153	0.05000260712313252	0.04021297087434643	0.004543252047697607	0.07774434402095606	1752.4498686054428
-5269.162258897226	11.6449479190025	0.1286504824167843	0.2511813990046037	0.5781277307611672	0.08443533152383119	666.1720136439858
-7369.468127609508	5.165745772501318	0.07257328860477957	0.11237199588414379	0.43905786934510255	0.09722974758335684	1091.4881314119434
-14527.627021471508	0.6863714121814991	0.0014282055402656804	0.001	0.025630406045501482	0.13204778061383857	1973.68951642188
-7998.557895368704	4.190448418472926	0.06166537483118019	0.12445131098220974	0.80826881572161	0.09979831006634661	1136.3496216291644
-5313.459885869868	10.584910790357606	0.09785245992511138	0.16708538236234585	0.7734514487278928	0.09646706741412547	809.5222227953077
-6460.339982377677	7.131043108457237	0.10827416731755297	0.16732867842074484	0.4122130600924399	0.08858907413611398	881.9051226963593
-3530.932287137087	25.60403780981079	0.07179272288504211	0.26950133018048894	1.799897861549748	0.09781714845996291	588.8232566717242
-14343.131345378264	0.8565427330434314	0.001605949911399436	0.0011679820271655818	0.17759654415369389	0.12285893207670986	1966.8239669585164
-14353.409183465925	0.7822209174525018	0.0014084394372462787	0.001	0.0541528278723872	0.08648376847865381	1969.2150869475984
-4448.466380616742	16.117616414489262	0.10858122235541952	0.2124146173435317	0.6319993707442656	0.09447404565825093	664.1357984020336
-6626.767355077581	6.451593407088087	0.01533521948423469	0.12527179763378937	2.9257458603764843	0.06875584521356279	1096.0542977668545
-8309.578196915652	3.972680115572311	0.05205855603553121	0.0684265517329579	0.7029074320591376	0.08547492798414068	1315.0046611128805
-8657.684395432341	3.4176351971179195	0.04538076759879185	0.14825575709293634	1.576505746669127	0.0788634517861445	1193.444086920088
-13129.96054765133	1.2319339206346411	0.03881558366301307	0.03759165144756258	0.14767193402773682	0.08122076581931328	1807.4163110407362
-5320.063120724284	10.89858092954678	0.10652456383159353	0.16384183317082393	0.41769387790118057	0.09466084207214244	800.4186794726102
-9822.416964487602	2.6377152728497815	0.0595119092281904	0.08344758445307456	0.24894817012051493	0.0949467875446374	1384.3693002736586
-8470.687582504625	3.9199076267849824	0.0927185223096627	0.08507314536977868	0.07193901606271876	0.11771937159315628	1230.910140629912
-4780.870182478653	15.997517269469057	0.2111976911991797	0.15732149916772797	0.038684355722190825	0.08247536278237579	728.6982150239729
-6075.846169009367	8.243355014481631	0.10924035958541896	0.1353394623753196	0.2411716638298675	0.10311971889766058	909.4353286881746
-3307.845973727252	15.576933824661548	0.01798284364782282	0.6224516413162775	6.232538580304378	0.10389963939925437	894.2514087797973
-5266.570252456381	9.364656148392312	0.03505463649240394	0.310939262641028	3.440986858676687	0.0891679366463772	810.4060870283109
-3153.564322126645	34.577440333284315	0.08319098255136523	0.3316703174136445	1.59762772276547	0.0933235227067087	500.4456149455114
-3552.8756800013325	29.411287593876867	0.15484497023658517	0.35010143610786987	0.565257687783531	0.09618755072897646	453.03892184640694
-14626.336410383352	0.5569973776486415	0.0014174158424926822	0.001	0.12305696357328272	0.08598374413821586	1982.3554893358623
-13371.235452844674	1.2573689286869874	0.014838075021345617	0.010379437898621939	0.03611708778203092	0.11024440257922978	1895.8320514388593
-6326.540323981109	7.5440432758787725	0.10540702003145298	0.13896996166052458	0.21707001157447295	0.10348244951477481	920.8342525043998
-6215.588291908839	7.657530866321635	0.10618640870722712	0.15840473544892678	0.5327730976892027	0.08006799799655645	883.8628450698259
-10711.248262565365	2.1956329785820987	0.05886575021996994	0.056204563726213276	0.001	0.12393774362929791	1526.2281176585388
-3491.1030118524322	26.377898313331837	0.06796080579612403	0.3374145275217306	1.8604192033187286	0.08888288371249539	537.1632067688262
-6034.92997225177	8.625282791330964	0.11344566850090264	0.13361038690651741	0.19166177217189476	0.06672927696096567	902.4357202368533
-6387.902287696951	8.274033772039303	0.1420425229326264	0.1609642575120019	0.06518308805695137	0.16130719963124335	844.8598122157055
-4707.297953476479	17.43801688489088	0.26499376226022536	0.17282538590527996	0.0029441897906906807	0.08273145372247434	679.9129718237377
-7021.718492205178	6.06157764307239	0.1026999789011217	0.10633987324587299	0.08276195303234805	0.09954486565513308	1051.073405738441
-8999.743332285218	3.6852622503600796	0.0888056338555129	0.27966129165820613	0.7405426951153062	0.11601919743034712	984.7881345464792
-5198.120977263598	11.482378009896863	0.11400284171116995	0.13817467450746557	0.6747608809732059	0.10466902114058042	848.6723145051315
-2674.5492391302173	16.86946187524992	0.009887650600612505	0.5336877688423668	9.425288629075968	0.04119888493717214	1225.5251310925119
-12807.690668493624	1.4674249897729505	0.06906528366603534	0.11835709562865561	0.06669142111402733	0.15043491863799566	1585.3725229042172
-5726.223542769864	9.325536535479987	0.1124771170437148	0.14719756873821893	0.5116072316663132	0.12589515042525679	862.6255414714517
-5491.956390886929	10.4967761992651	0.11670382391646765	0.15874057937470093	0.2045732193140796	0.0843135833178828	810.540747134388
-5283.791200692428	10.943447465509117	0.10405676950663621	0.1474815340476178	0.5644030972513141	0.09640811139308086	836.2135433763891
-6627.912775459179	6.743310432213805	0.0953603346261106	0.12912165721785002	0.3139721952454451	0.11946496507273974	973.138114308361
-4475.4832441751205	17.730276113864672	0.11940298943212974	0.37997373235126175	0.866452923142037	0.10465612772347085	510.6883662628276
-7788.593632977246	4.378778241245736	0.06623197113838049	0.09959563147707626	1.1706404430734785	0.09375660822384009	1184.629861245406
-10204.531382150086	2.461360266498754	0.07188168497710558	0.1257015394521141	0.3176798745260289	0.08752304959912748	1319.5388605398505
-4718.062288886066	14.242044819364533	0.12148277695070275	0.2213892169354071	0.6251518142759627	0.10327192660371917	668.2374579180798
-3209.0847339367415	32.98978523888108	0.060703277040764475	0.30234080606186553	1.7390321676604508	0.0946461250361803	537.0157946752273
-5060.230731197271	13.741330698644449	0.1689807008979071	0.15132555995765046	0.011523983041444726	0.11082558578184783	768.5064623288013
-4553.062086183486	14.922619517443058	0.08691874690628452	0.18157094563314238	0.910832983514336	0.09837986116745745	734.140837562198
-5509.871710295931	9.764252357011614	0.09928710403838818	0.14964755605774124	0.9206962200777377	0.08036482166411925	860.59513456574
-5371.568494874919	10.305304946658865	0.0788194673646429	0.14743473347754374	0.8772635050640066	0.09981297695577465	860.6854231596119
-2884.8967690260515	42.914974478090166	0.07097371189858982	0.426444718170643	1.9517324462647205	0.08914833870932178	450.86286860487525
-5013.792722602504	13.960767795130456	0.16159617561780054	0.24332870849271954	0.1340746901906095	0.10771128723387025	627.0461886638244
-7938.550197413188	4.199889071954715	0.05878292967663309	0.09562688012231918	1.11693329422724	0.09862708691067393	1210.9793107611324
-5574.367959480243	10.16544846822112	0.1548832251032242	0.161779876794334	0.2542821574299973	0.09152384682080604	802.9580122398229
-2779.923666172966	39.354305708564475	0.035690608802010644	0.40958382824093353	3.841276708497534	0.09421678650154999	579.9127596169906
-5285.331505943272	10.945934127505963	0.09685431015951176	0.17474515257196238	0.5648633830076952	0.10523016789634088	785.5114454084464
-2842.2461764409427	22.469646037643056	0.02329200789656514	1.2080639042438606	4.984577843615224	0.07539431289964765	738.5753431962476
-4380.758622617235	34.99831414546732	0.037907094488495816	0.4949681718639929	4.1260328219160005	0.31789359861067595	584.5084172320063
-7939.528683607158	4.52446354511342	0.06822016725351226	0.0935467725649268	0.5201419450628058	0.15234918870783207	1182.565982325006
-4260.917930796292	18.897230076222396	0.12874697574715818	0.1870937681736751	0.23560013788933348	0.09472377508504191	668.5814668193452
-5791.8056598159465	8.529681154727987	0.07655840339776343	0.17733305144404002	1.23158479364866	0.09339581773457788	853.1426549033407
-4235.728891942237	18.10251678065054	0.08868438650713442	0.34560919266603435	1.5947927452838597	0.12132294486467	562.1730039727177
-6052.227758174773	8.247246298790568	0.08747011907742684	0.12027281019674504	0.34164230694332653	0.09388374714095207	955.0219348788764
-5801.600739179037	10.007036903184574	0.09835081459860269	0.09787653922609381	0.4044953985062973	0.13706053543827182	987.3678216002471
-6626.1351201141915	6.5066108226298205	0.09127228753106865	0.13801791811932806	0.6428290354802759	0.08618376528737401	968.8306236600885
-4005.0096625234974	19.66151451816766	0.09047434320917914	0.21333185385612466	1.264001687559157	0.10441723364034385	658.5238841078178
-14508.311000142223	0.657875899924592	0.0014417184756695825	0.001	0.04620207062534771	0.11363511306801505	1975.228548405871
-9874.115984353137	2.6118841930685917	0.043461231370402434	0.061394432943759264	0.4613603693397357	0.11478113150458788	1467.520560262009
-11452.398021602039	2.1230742038444324	0.04422245273580265	0.028427748987753673	0.21307278908557065	0.03371889069534442	1665.0197515904883
-13974.59075799146	1.0728917436759602	0.018375115743041133	0.013938634016613521	0.03519974549484019	0.15991753941271766	1914.6249417922872
-14295.012520716851	0.8542703195345548	0.0014893784819291084	0.001	0.07256448821881674	0.08844892637117975	1965.9729206451746
-3207.3589599991183	26.58995478155206	0.032214988648386934	0.49958453162862115	3.593816091965269	0.08631202961845148	581.7241968076197
-13252.664510485578	2.611328047478175	0.06477850111697442	0.07113731779796988	0.05034542834737858	0.4601197543739233	1416.4901996083147
-9386.077144512128	3.2645955895361665	0.08036170399657938	0.11977515244406285	0.42097029397245755	0.19548332605209828	1214.1148882485054
-6460.20017868457	7.026060023242921	0.1060160907154425	0.1416316655993323	0.6593069464893119	0.06833223973797067	938.3542128769633
-9807.21266110691	2.7319844041617154	0.06242177727477285	0.06124130318302853	0.001	0.09310094245279588	1435.5527530371041
-3967.575715077458	20.218376600897646	0.09884234893050879	0.2098203314348536	1.1617460045141692	0.09463121367773797	655.0216558578089
-3755.0113583735892	22.92347890077023	0.10546654073117043	0.3290177485388785	1.7053424916996762	0.0948866087854011	542.8942932266361
-3430.647910623195	29.384119606028584	0.11105625365570021	0.25225961337686564	0.8923413619467179	0.09382814738992586	552.7940336357896
-14723.846339455613	0.5034155415067926	0.001414916033868648	0.001	0.0918243564701184	0.09377587486776642	1987.1478602731988
-10075.654393833718	2.6687580626309937	0.062091026195065215	0.08778278969503223	0.20064216933819473	0.17682748470024612	1366.8839086664013
-4118.327060373152	18.333430744608584	0.0878754421484283	0.23929409343918337	1.3186886438547982	0.10430713442649867	637.9466250187717
-9727.642599425919	4.2651544056265465	0.14269054000818582	0.5895491192658096	0.28218187773922565	0.08927107542127057	757.811294883186
-4579.589064655702	15.35353423550517	0.11381040617859382	0.254927095032481	0.7350831828331815	0.08987882058195423	622.8130554609241
-4702.666501131589	12.900657626554448	0.062009626380833544	0.1753066676731208	3.0792903046932625	0.08587496354008271	836.7320194285312
-5119.529654120642	11.73470260609989	0.09440354798977356	0.17329203101649784	0.6036916603921675	0.08306848165149823	777.2115557243845
-7569.557647053305	5.868992063816783	0.17292671650734448	0.20543246247427785	0.0025680874576094496	0.08525602938077559	853.7488112781236
-3848.3252183547456	22.13823079623233	0.12282613584018393	0.2264987204353155	1.8075801860582945	0.10124614336119102	637.301031562676
-10115.102567969709	2.566956500267469	0.0688945597505738	0.06782509646645599	0.01973632391746661	0.13796959940356074	1429.1834710081116
-5897.003231544753	8.868468522735224	0.1093451266260151	0.15617820796507903	0.2714331444678055	0.07845402336929518	850.9358403398724
-2994.5399264812227	28.190429841990515	0.022860954854022997	0.7224534436415158	4.236255795985034	0.04684206204810093	612.6537686706669
-7252.565735852353	5.5774607393495375	0.11022476497609919	0.1017804283340818	0.4024335716211461	0.06716386736623521	1084.7257237786334
-6730.948438245993	6.380640870683671	0.09431049064298386	0.1619114245159659	0.6504366210380981	0.11445784964728907	927.7373617206592
-4476.00496861652	18.776843331759324	0.12907643977349662	0.4602355002551757	0.9570447035116604	0.10009702600496624	467.1072203570229
-5037.911638799614	11.871298898254484	0.0761349542175108	0.14261465165984266	1.2111094202274495	0.10356985600022073	855.3382093921006
-3258.221423246008	27.820454218670974	0.039629664367623635	0.7261152788673841	3.02279078937884	0.0892849200241679	500.6272130839703
-4192.472940139056	17.897368869951592	0.09896377827752167	0.19642593702894354	1.0502135444526943	0.09085919011621556	686.3397053326757
-4643.910282090275	14.589007171330294	0.09567866246229868	0.17174739259530047	0.6352148269243659	0.09648914379377067	745.7783640298225
-3031.5509689730343	40.24643011754273	0.09798908642667808	0.39919041602789745	1.2899241381090183	0.09834757131687938	432.55676256695114
-5216.00518191814	10.61113242105414	0.06506279961964581	0.1550863405609968	1.6174307064865254	0.09762721087316181	862.3893466359058
-3532.0821905661255	27.21854247721047	0.11289736944193483	0.25475456531244783	0.9116805114069448	0.09159707809135695	557.6895409687249
-6829.006703359103	6.047930380671149	0.08340871588261316	0.13710539596559812	0.6879258722893079	0.09204967403245008	992.730821703675
-5784.484931865328	9.177951536850914	0.0615455418135776	0.1112406967598026	0.6769670559842641	0.10494383435524389	975.341972290165
-6332.444036251419	7.11591273301026	0.06659065477900047	0.10378883121608524	1.5210488321445796	0.09262822557733351	1059.7487103071458
-6283.866650670336	8.5081082461771	0.07844504759276577	0.087837484794706	0.001	0.08744083800128476	1053.402721423252
-4343.2831064437305	21.430979208162437	0.08818294630617077	0.1784786113829058	0.4251060347557099	0.1817626971235391	680.6668455381371
-12174.152650086811	1.541899776475598	0.0326849248973594	0.030649760548596566	0.38352038485547324	0.10516480204591765	1754.5960343427303
-8269.361020201526	4.820989105088186	0.06145675616668828	0.47392322995190217	1.23007389796952	0.10820066544492539	820.1787979325728
-6354.059156177537	7.490332498708866	0.0901716703163535	0.11808406976059878	0.20239169534942264	0.09972532288239887	977.5844233082609
-7327.861444939213	5.646729724359983	0.05319890366575409	0.2777656386475583	1.1447674756474355	0.1027659228522378	861.7115459405616
-5734.215383045342	9.385793799050102	0.08274978780152126	0.11057231334954921	0.5365944297016494	0.0929984188176436	963.317220136581
-4445.111580821426	14.671042879420446	0.048427008809222814	0.17381291158700998	3.1149378030441905	0.10312014126515592	827.8334519723971
-3893.0812441214503	21.85707273746161	0.1272126625369635	0.20937290699863406	0.7786040414075392	0.09070848721726212	630.5021024661731
-4776.8436268880405	11.410291478701634	0.03348351128754863	0.30109198782076635	3.539074048022388	0.08991351430571744	778.0375079269733
-7830.91533767362	4.611322628862803	0.06787142401993308	0.13474749194786556	0.35052484401736145	0.10397505847418899	1074.5815803124005
-4290.345900582097	16.08575032548372	0.06412889913577066	0.28898196969893697	2.112749044052064	0.10031137370408937	646.0904622478657
-14459.379038750747	0.6768235229384568	0.0014191324396353592	0.001	0.03995363186946909	0.08811614846335707	1974.2698223433224
-6006.872926283373	8.42305567352362	0.08834812063290164	0.12647184069459252	0.2877556427004174	0.09448714140755124	933.5189046664433
-8468.158803664845	3.849303486654117	0.0915713274969963	0.11440994979354187	0.17463344278052215	0.09504572861195491	1160.5489326714585
-7387.634964038248	5.180467636167353	0.10548687201891577	0.12163527542782199	0.5034590759549179	0.07761808383252204	1055.3700028867602
-5339.597258781135	10.109944185517918	0.09443558936422976	0.19105923403583713	2.106275559849574	0.07850217275153575	814.9932713546701
-10122.985990865667	2.4239906003140685	0.04996769938022416	0.0673773203602725	0.4063604646947595	0.08809476714354551	1467.7923871722612
-8003.567839310904	4.508934428866656	0.12015728867332913	0.09495001317416213	0.09368775439980985	0.08435554494886996	1150.673117004189
-10427.556675515298	2.2250704565494686	0.053737712937468235	0.07989063698472147	0.6421181524278067	0.11405100105428628	1466.1843341909814
-5001.169199001202	12.136592121530514	0.0864978962662841	0.1402461822828832	1.2684434333822896	0.08764478268020122	855.0743668414398
-14282.4517322595	0.8866213011127426	0.001452856406706209	0.0010329903746679717	0.0035153706056782383	0.0765500124906617	1965.3268485533108
-14293.440354739017	0.8791007110247723	0.002261010247272482	0.0017262106109569549	0.2671801755450673	0.07455610246401005	1966.831716086049
-7261.433888653656	5.3633453686465975	0.11523507487654581	0.12132400236484306	0.6408307379937143	0.08590101124135208	1045.107132739975
-7345.332702993628	5.442027096004959	0.14801529813836456	0.1310584870489579	0.33001542440814297	0.08589314654217865	1004.2352216161589
-4580.976463440131	11.98835326042183	0.025263665223885234	0.31100874261423295	4.032654394858554	0.09471213693201823	795.6546034067667
-5273.42755757542	11.16432824924694	0.06571198721156743	0.2399243644771867	1.7900328055060963	0.15868353240363986	739.6913087585592
-5983.810058353805	8.890257441487803	0.10673820934532936	0.12481748785125799	0.19881536076969258	0.1359251605926657	920.3817767077682
-5108.928972306904	12.761686910990768	0.20369454738214884	0.2028871283974307	0.35931533423835393	0.11547312592040784	690.3452785705362
-3796.85338223925	24.470458657728148	0.18005580025273826	0.2676960236534824	0.43902817358379786	0.0945801648195165	532.2405922252086
-3369.244150253348	30.542454773336573	0.13034757312582174	0.27926804312038617	1.0594775644100447	0.09348142184342914	524.6505184519151
-5333.824357104358	13.458225118253843	0.11758064089271114	0.32959520989233543	0.24064697800602985	0.10666379947586896	565.2858381851676
-8361.191134219947	4.084435934349786	0.09394759473028926	0.10687183448431367	0.0013880182674554612	0.09637724937742254	1156.9332168375063
-9057.817981281645	3.33360569820414	0.07364848649470634	0.07201509758487634	0.001	0.08830384578531096	1330.2439419540212
-8824.850367931358	3.460899613414939	0.09083157730000715	0.07892726307800049	0.33853026363134736	0.09921529762023147	1289.3628125923797
-10867.819388239473	2.197655501499906	0.10637191172789211	0.06989779002465733	0.0054804989248680635	0.1385992053514438	1450.8124329913876
-13640.95870521388	1.120559063402454	0.014564867667729754	0.01515184261991035	0.15670743398436368	0.07122477474748323	1909.1098677504822
-8206.826597280386	4.076017784907577	0.07667489895714807	0.09125646598585681	0.3108486460326107	0.08098636419090298	1211.6095892226124
-8198.26540105597	5.777656958427687	0.2917048302185187	0.2960489900614433	0.001	0.10027827296369866	748.712580925706
-7168.857507685995	6.126724731016593	0.09076267439221425	0.1766767977460914	0.09826243247982001	0.09783442254928897	905.4171853441349
-8653.145325319501	4.307001632070932	0.2585095610806476	0.1075312420369357	0.001	0.0823720877279366	1080.5317881187825
-5810.5803838612055	10.245741498159322	0.17515321099807726	0.23780107890392624	0.10524350490530195	0.08993647882848067	686.0191288210034
-6824.291669057095	6.619660546781287	0.1710587715551671	0.12911141775894094	0.2290930360725477	0.11200449107723354	953.1947198993271
-7637.105591182549	5.128331152713178	0.12343685298551638	0.11385000697889404	0.001	0.11250772601441701	1063.7084948723748
-3340.406562922414	26.49660101159676	0.0465099407144225	0.4805765798016063	2.9765325945855414	0.10093864492980693	539.6440556069941
-7151.305858870517	5.8348745385006	0.08030113014707523	0.09666609929854159	0.09154210354470071	0.08187360517736622	1097.9799980923776
-3338.1612566371946	31.790405884008063	0.11301930697274189	0.2420420530924446	0.8944138947696565	0.09894948469237741	557.2013572429606
-5252.260944134456	11.246394294399892	0.09813045248456041	0.14961472148675015	0.42566332002850654	0.10147437801395097	825.784314155052
-4998.435384231652	16.19841814044649	0.34682941378326176	0.2978952105303822	0.08132754226561824	0.0789053077053011	531.9691867071137
-7884.4001571258505	4.285129568893137	0.05681389458635193	0.09734008237709266	1.114598422512123	0.11164602252263627	1201.6505186498655
-4439.235808771424	15.72653831578008	0.0973444733102904	0.1972748847399049	0.9443214681228833	0.09511571943368287	700.0461892541189
-4283.605315596847	14.092924025725438	0.02196641573029171	0.614986193065644	3.672698280569154	0.06409359907668419	681.0749518781407
-2899.8532955523515	13.509376895524724	0.013338907805526075	0.7704708412582137	8.192308938436108	0.06899583451710187	1195.4288492543922
-3179.1679743466784	17.737558854872123	0.035486122564822406	0.9708227888912606	5.386235212662826	0.06628891532526714	777.0347098840476
-8014.571111043733	4.345235576736435	0.07876492641291971	0.13246054176038233	0.3298644817424604	0.09630226402413941	1092.2499234723841
-14348.957126498595	0.7987924644830032	0.0014117246539633982	0.001	0.1780675084361618	0.10533001796358228	1968.5349194357575
-5627.7132625355	11.325636727432665	0.19405371280873304	0.17876760727760868	1.1204862334978454	0.17854493933648058	762.6186072771245
-3690.4913688943384	24.725004736174064	0.11235616944707719	0.23242387164367126	0.7742818587881851	0.09494932136842363	588.9742391900669
-4483.552400279427	15.785695294177483	0.1245841401438792	0.21653022383723564	0.8741235339795902	0.11777425647899642	665.0145989137822
-3584.4536864586776	28.595680983970258	0.18119212337018964	0.2810336838691176	0.35599506459535135	0.09456917304874604	501.20066780228314
-3476.0205867418927	27.44920620891515	0.08777445405253845	0.2710525090533107	1.513326476327481	0.11282080742056046	565.8013805671693
-5240.24294496285	11.0524286124505	0.06944179907103211	0.1390715525445904	0.8594543588875402	0.09711891344395895	869.6590166872153
-3826.676072400556	22.338810307462367	0.06860015311563934	0.35871532308189935	1.6607678250846765	0.11430090411691043	534.443684588683
-8514.379551363267	3.8868452644678184	0.09081635598125008	0.12055209610584784	0.0949000172043394	0.07868520650885312	1143.50393735421
-4268.531478808071	19.624623237247853	0.13184877583169125	0.24996357425004279	0.3094942779318986	0.06661381372454449	578.9448148565224
-7996.818418752249	4.5719786629327634	0.07483072703640713	0.1156706598428727	0.4283712362226924	0.1685082355877248	1116.347641166324
-5634.48597920437	9.330033302227804	0.09637612389853911	0.14957188130035146	0.6939878142872027	0.09655220233430001	865.649172520877
-4902.581726058963	12.426183497329715	0.05981208927423027	0.36060445769763344	2.204124213442253	0.09498461125034433	651.6483791944802
-3777.0137904513995	21.98306015424219	0.08201959532806545	0.25822022541832584	1.6684614158539008	0.10293243920953629	608.9065537668042
-4145.294414238189	19.152686592847743	0.08447358139690166	0.25466031174201553	0.8478033127207395	0.11084343286370553	600.7636195524658
-7824.370877660677	4.917724152074282	0.09636270250921723	0.2705833750976994	1.0153976651225871	0.11853978927822877	889.4108959517206
-7090.188721252067	5.494355706586103	0.0786107248644448	0.11732094125750249	0.863010510986425	0.09999521559750545	1066.801047809234
-10923.921212039573	2.2524355481252747	0.14554717637213363	0.08192757352740229	0.002586795016829932	0.1398377338576532	1388.0801310901234
-3862.330336094765	22.488749751116227	0.12602119830672387	0.21802862047555294	0.6222999910695568	0.09146968346059342	611.2881641032285
-4288.272495001731	15.368342359230912	0.04370395141695388	0.33494524335291925	2.7893381551955714	0.08800830594376734	662.1506769456533
-4766.981757420977	13.684294341009698	0.10021054186330369	0.16654750111373676	0.6710169872332216	0.09489309593373113	764.770804534673
-5497.610616109348	10.431654539427303	0.12613730965407602	0.18143284768864285	0.2675961836367777	0.09786723650319044	770.2114274067625
-7252.674502227015	5.503262997595108	0.10051627751713675	0.1627793767956504	0.4287714408006319	0.0940393502259163	959.9085924214407
-7710.2532316243705	4.692468139509198	0.08035372309437289	0.1366494678629996	0.4599117776590253	0.09900766113494673	1061.6562707612056
-3790.205873684864	20.479879036708017	0.05025350819822158	0.2776716827408256	2.605345884050641	0.09419638291286712	646.9534161440794
-12760.09232136297	1.3367848497383241	0.034868912660974846	0.034257274940631945	0.2228590129216715	0.10591340056462287	1788.6976300686554
-6247.977989174957	7.902420983431862	0.1185455666813827	0.1691431046447484	0.2116065008481423	0.08992380400816176	848.5677322138225
-15108.332037879	0.36197209879832337	0.0014493810400124578	0.001	0.1398406246468178	0.08958644440113357	2005.9303648404082
-14648.245876210716	0.5575853467387719	0.0014587230461089306	0.001	0.0023093545525883215	0.07141230011495375	1982.0427165068654
-5349.632707105263	10.244762631869836	0.09127181362981723	0.188498172236564	2.084533407462509	0.06415831089503987	816.5541414177866
-3805.7417829730243	25.020007997846985	0.18692376925799478	0.3054360275494436	1.5331589813019253	0.11308081692957861	529.4091052921393
-5619.842281832595	21.023127364623047	0.11219744283884597	0.2861501303803743	2.067513246297997	0.3406360712276604	596.1959277784682
-7986.876749694514	4.385815986133106	0.08212265078068404	0.14691918668329773	0.4249419922642501	0.09165225758102177	1062.4756566284614
-5188.158700891232	11.668657053656677	0.09870334405311516	0.18968285593376383	0.43192129987950556	0.0902184573860687	746.0599048981128
-6198.531995550177	7.945810637498469	0.09839692956204184	0.12235595484728247	0.19813469690440855	0.10578285902381211	951.3177945718573
-14351.321883925424	0.7879990017127633	0.0013883039709024424	0.001	0.04229028410151995	0.0826468164452979	1969.0832808867779
-6035.3439430558565	8.821120999428583	0.12723275553181929	0.22434163439093058	0.3205408917976033	0.09867681475368513	746.0194473469331
-11997.767248946979	1.6739145253045113	0.04610319388768026	0.029535677954276363	0.026655569780396158	0.06999491730984454	1718.2488421614928
-3870.6235333253576	21.108736479343822	0.0859485320113357	0.23737139648039543	1.3264404674486807	0.09511464444745203	623.1461040997503
-14354.106856947927	0.7897662926969423	0.0013784064794577244	0.001	0.12102759818939923	0.07903384512507027	1969.0811196955326
-5527.1710826620565	10.043714666188007	0.1015703075626683	0.1474524483645058	0.3794344445937377	0.10153552466925436	848.6582841594955
-13730.836243731745	1.0861566169798023	0.03847235135247338	0.030244042623278646	0.06461638809785329	0.08061970967646837	1864.8609167330605
-9484.482593957204	2.845760679483246	0.0649460232089702	0.07212578397824226	0.4918759839038903	0.08391000576498449	1388.4981200038085
-7275.026457956595	5.442897212842632	0.05620202639003884	0.31932907854789094	1.9078094328314203	0.08356957420326812	875.4319194498112
-8142.366441475451	4.070753238436011	0.08029612588267432	0.1515932188298953	0.855738633400042	0.09220833216260542	1087.8357302993002
-11742.757181701265	2.0524732031115707	0.06146256918041607	0.05692475513368768	0.3552597289419361	0.2594835973164887	1547.2832870292023
-3184.744848583658	36.48413224951717	0.1335039262751259	0.28381595828317663	0.7054481480498325	0.09873882964895689	493.21924792304
-5148.658021095816	11.122794865517983	0.08129455738782178	0.23275228314366858	1.4624769628926966	0.09950043728160038	731.7497024111312
-5228.189399397455	11.963765563340935	0.10173052578121984	0.1261909413625685	0.21908104154826485	0.09072426825885213	867.7434627003354
-5834.909403272432	9.066476248172327	0.16978788038164885	0.1878908643129838	0.913698526918171	0.08654336662950005	790.801540894922
-6352.128495804473	7.492849786163369	0.10060878134697974	0.12163905475872577	0.20512614041650615	0.08581818564032545	964.766730632601
-6423.823987984654	7.989686397474139	0.19295505110271663	0.12301370308356406	0.008545065775718277	0.0933241080319034	920.4739189860417
-9149.67811664475	3.319467033007048	0.10393344390304476	0.1082015658723507	0.04684918158764749	0.1277647587763794	1215.5970383379752
-14248.792993756944	0.9263226683518775	0.0018591192063788379	0.0013012259124826895	0.0575978373904336	0.10729799523065435	1963.7423975245526
-4025.706870692085	18.1950076930722	0.05485039387242841	0.23464042047630015	2.49937810361646	0.10747267750810895	695.6998302902215
-3891.428502845142	24.130414603664228	0.09804960137039	0.15885271720999303	0.5158766955660345	0.09909011926353718	708.0929855196722
-6066.393567581463	7.704440565806996	0.0740416668899778	0.12913765891027737	1.2369816473477764	0.09478361468005096	967.9019433672032
-7841.620097398451	4.620157956984149	0.08419783406317606	0.10194693714319181	0.1224126900448796	0.09169667336601586	1140.1248987317904
-8503.357446183947	3.5630483632265357	0.06177284008650677	0.10624220515261583	1.0892817256709288	0.10034077937982451	1233.0866506290165
-3610.905562506755	22.789933381502205	0.04407328944308561	0.5219750904606447	2.8119958980312814	0.089844161581874	538.9089231150381
-11705.517796973236	1.7684544566290898	0.04235704567731651	0.04499384291189936	0.499636242984207	0.04052521716573287	1654.2876352255103
-9629.328502981254	4.6291006725575485	0.09319211540608928	0.11310542695762807	0.19101122365289105	0.34982291845280267	1107.4973794585505
-4204.759177920882	22.069862832546704	0.13784276612450377	0.326343754660872	0.2211412953667445	0.10746849100892078	491.548966312842
-4655.4128908500315	16.680486859842187	0.1979058479221969	0.23018141893160118	0.06776489694488083	0.106723293897511	609.70065712628
-8554.657724526638	3.7711410905793623	0.08727967396557022	0.10968589686949	0.16562950188145992	0.07754545026896777	1179.8597694902087
-13432.867980408999	1.2069496254903895	0.014871006107144452	0.011732226754661096	0.12140065334420294	0.10786228309053911	1899.3668606226552
-4546.7137221307985	16.517855383530716	0.16952198729965282	0.21173790933178188	0.1882442452488278	0.09508450062925172	641.1955554841488
-3103.6882242421198	33.22606580587151	0.05040271304966481	0.3871127115421076	2.554408136417453	0.08177200653353987	525.595986558633
-7743.560697453205	4.957276317766341	0.11908322991870006	0.10044793058797093	0.13477716378408566	0.13866115558358313	1111.1323635256856
-5375.925457709283	13.336026198595889	0.13918282184109734	0.44019206562634955	0.6663954392588725	0.10033653042191922	516.7932342908927
-4300.303086568154	16.531219540981652	0.06203435824077127	0.32846134238065566	1.9220616610444499	0.10134581831797324	607.3573165129039
-3875.908866706478	21.936078252744082	0.11979646513213901	0.23252826193626555	0.7748257940497789	0.0929110856085479	600.6878535386498
-2601.8116282874485	50.100254192818895	0.037442830551795946	0.7661885082607447	2.9248790380852108	0.09656694582173395	437.36567883396555
-4073.1069642028615	20.926900786957233	0.08103527186459482	0.17425877176765467	1.8495345764834559	0.14774565660184322	731.1563362955612
-5164.387535798781	10.802305751588218	0.06659011233975413	0.16088025479911217	1.6693422607884403	0.09036787617283491	849.0742036121301
-4161.264167685553	14.974457521578064	0.02874649029132786	0.8707785661022062	3.4205544690924037	0.08244222359975482	630.7015617738607
-6054.576504323389	8.700136271369944	0.1230146307250873	0.20277453160269193	0.23678927949729364	0.103250197551422	775.4743947776441
-4120.958055939465	18.969180473644826	0.09071033812709785	0.17788797840714318	1.023348407745069	0.10016790510480156	710.7132417777425
-14842.265066183785	0.454577762559831	0.001398929294469618	0.001	0.06995340086557802	0.10494156396460029	1992.5310175097268
-5263.121065439736	10.638826046939434	0.0817913477568707	0.21800495800994354	1.4320351798695155	0.11502795132739248	755.9569112775557
-6694.617150328768	7.656872934492744	0.20472548051595904	0.19386571384719933	0.001	0.07790726465978098	795.1394636727357
-4686.563472061222	14.73712566174176	0.08921899867832599	0.3233466869348178	1.2478890742878963	0.08177039618769623	594.1920724562139
-8488.29417319894	3.905866408003932	0.08634966891469836	0.09095721193421841	0.001	0.09360839824777685	1216.6824520233629
-8375.828225638981	4.83561201746074	0.07302406905845878	0.4620104987244422	0.9701377584479947	0.0947778413541914	804.4710146726118
-4476.273541365103	9.993762955778315	0.018571670911691044	1.3306843825295367	4.166098553542104	0.06611757535342641	849.3186208257293
-3925.1627346820937	19.5090130617252	0.054503664568104425	0.21603736480104246	2.43066371824741	0.09130198777710934	705.5102837391037
-4304.381743968685	17.44367664963675	0.11020744829441033	0.20667765033249946	0.5832216504031191	0.095870025956097	659.6844344651298
-4577.5883476253375	15.399607072647804	0.08843427640894133	0.2607768268628931	0.8385001309515662	0.08551398077917127	624.5800195970247
-14295.716252850145	0.8612936325051636	0.0014881860139096283	0.0010406463817430336	0.1457987155265923	0.07973469465035436	1966.12582532241
-14345.60370616836	0.7896065288653625	0.0014152837463871698	0.001	0.1723086196719473	0.09109560238123747	1968.8908274468374
-4832.728060309056	16.114235478297736	0.25106972346866396	0.20618638706024206	1.4669332171346618	0.12007893639597263	667.59375701309
-6952.419201852553	5.920372046785406	0.08566502950348755	0.1188267440701614	0.40700121727667343	0.09553063769340663	1034.106083930916
-6042.687415586285	7.686397122971114	0.06622439597133176	0.13290610491315297	1.467011150228305	0.09190285157707563	967.9630938920136
-6855.144645091627	6.1870993846998665	0.08704629413433751	0.20373890691134117	0.9031548294498063	0.08812658341537033	884.055389779651
-4949.248323604796	11.470169800555446	0.03107141882695829	0.19204074317828357	2.704521121076917	0.09134962123302841	839.0123675997229
-6466.631215756882	13.362455399902466	0.08816808159121979	0.2083329362802424	1.1032528428537296	0.3402227068983688	715.9311594176622
-7483.457164532916	6.915486093566379	0.043844539728035696	1.1937693909079508	1.6127312907070288	0.09902159577963583	638.5512274376055
-3002.486263979573	30.045371994114017	0.026061241765491114	0.44127532003006675	4.585944813903927	0.12137047484930072	650.6456475472286
-6223.352309553292	6.961743404582517	0.021873115054917028	1.595895057412793	2.8091723459851443	0.07782441293737845	803.051751533313
-5819.020167968636	9.059512570822335	0.10690748062076347	0.1620579058590545	0.3075446989762262	0.08771337257806253	836.7277794405018
-8782.858160485435	3.6142822459977277	0.07354775821154888	0.0875831430177051	0.004545800672949559	0.07558875344282615	1256.505864587588
-4604.042037895757	15.270991476121578	0.13848440992182667	0.25534810211538445	0.70646826007726	0.09177049524232726	618.0765485185149
-8860.981048597452	3.420007437628859	0.0655040278541573	0.17337146338121623	0.9878584146677909	0.07112631710859246	1131.99548807926
-14356.970969580916	0.8581249150613928	0.0014372619399294563	0.0010206833110787826	0.05779253016888613	0.12812538330396786	1966.3160588003052
-4491.878726536808	15.836548966771488	0.11239835441941923	0.3004017398218088	1.247100398547372	0.10261690674667225	594.3459224773964
-5597.4211716491345	12.255218274270742	0.13122827684499805	0.3592008664819787	0.586921167870325	0.16059807119910868	571.941031036468
-3856.9936104108065	22.773356062757603	0.14285869249560032	0.243064458556228	0.5796524061030931	0.08894061862008856	574.9361087571098
-5265.706741999566	10.520073682386663	0.08695738249260808	0.19684007477195445	1.4534637372676673	0.11195058841065245	784.095608383599
-3821.205708889317	22.433179430042717	0.03568359861493922	0.24126839200664485	2.8416527354918983	0.14874691116604266	685.3812930601424
-3150.699800417394	38.38641478481507	0.15038702150273905	0.27207741389349105	0.5791653851380696	0.09102602512732808	494.73991780551785
-4613.186862833625	14.175232745471027	0.08372474503882912	0.1813533455618024	1.2524495266698403	0.09843883868925833	752.0408208708144
-5804.064172049549	9.537390103216824	0.11934481881134726	0.14515298683174654	0.06708823645737087	0.08422816468451742	853.4447039573323
-6156.562101138365	7.99244112479333	0.07668423620009265	0.10907345661830586	0.37563130784381393	0.09618576503511368	997.2787898912136
-5424.125498934844	10.647385072304528	0.09399583970114239	0.11248348139203669	0.914253035338753	0.09721474448301685	939.0895000875666
-7685.365542627514	4.892915551714624	0.05881974265303839	0.07986472781986662	0.2894365900693813	0.11468915686285244	1210.1756996591707
-3491.214893350661	27.854801175551405	0.10332239497416329	0.22436272442956182	1.268246482637627	0.0895929169084605	604.1748468074351
-4854.00137409599	13.71171211743041	0.12883428267879612	0.1897556867856833	0.3074661168729861	0.09989172548697069	710.178695852798
-4819.8220811772135	12.452410565797102	0.041422598577185804	0.25321226684730924	2.990080804819215	0.14801027125620614	763.6465385368199
-5208.416322514089	16.217180567946638	0.32971227617178295	0.4194945884779644	0.31193768998665483	0.14093190019976257	463.6781572643142
-4015.6364779373816	20.70835115474455	0.13863831468755647	0.2317354954285511	0.5420632569008508	0.09836606679522868	598.935708253325
-13984.393228989064	1.0145348708980537	0.02267765524837195	0.016368262273036022	0.09380435503253505	0.09589958360367754	1920.2481306101079
-6849.822218895712	6.458376768873271	0.11378954666597448	0.1672435687173203	0.2075696093946757	0.10068386732739397	901.3908718482778
-3426.162926919135	28.652769204781166	0.0484389453379556	0.36452086074769796	1.9047574553005446	0.07263878947108085	520.0696804530717
-9760.638888527516	2.7722253276761677	0.06572130770894596	0.10212611945192156	0.0929321307523198	0.08174727213062159	1316.059708849176
-5164.642204404653	11.30595276705205	0.09460494507454348	0.15904687555512956	0.7859171457753646	0.1035636319521123	814.032888455792
-11068.088591757501	1.9663460520634266	0.05180691811970277	0.055693331520904645	0.3195888275885285	0.06598306802240438	1574.5480844311533
-6216.238842880292	8.252912566045302	0.14269801752397124	0.1472572967245711	0.03535697124840298	0.09960946087954138	871.3888414003881
-8583.467697568058	5.518166273613503	0.08340552979946163	0.102410163281455	0.21755152692982918	0.3070453227555897	1094.0252274933289
-4737.736154238438	14.515159778797576	0.15777822852541587	0.21827014928264354	0.4424507091979573	0.0856691308583454	658.5172764004323
-8386.317886298904	3.988375587475791	0.08994775040087616	0.09410372005302507	0.07714652482812856	0.1144599487678778	1200.4956575613935
-6075.75387904831	7.641413448923309	0.07374954283761753	0.15763977447406174	1.2239844734704188	0.0977038685621906	911.4258848082759
-3339.100373454834	30.122400743120647	0.08674873666204509	0.2667569478522654	1.5013007804028058	0.09149988164556858	560.8867571902291
-7750.828909996206	4.6766291742594674	0.0935640675437498	0.14822969393584445	0.4595267210383824	0.0950435604572889	1035.6853798952784
-5602.079944160387	10.1956669883288	0.10162555461382929	0.2775556740444419	0.8294562930081557	0.09720680038080667	680.5702451513687
-9996.682363254089	2.547904448723725	0.043700388754478355	0.0871174464502738	0.38534717357263215	0.11769610135509366	1401.910227608519
-4839.1988600514815	12.627204308071114	0.08031459042032071	0.18646723244448674	1.3376148773960654	0.09483535525859296	765.5359592302167
-5567.933444957335	11.001869121732662	0.16433500780156807	0.25891767222984224	0.2703604139551396	0.107618690760199	655.3280775910132
-5284.690927647349	10.350104961475633	0.08113362613755634	0.20548066053240102	1.5226559727444169	0.09658491234817539	779.6689534623698
-4489.190369224936	15.010430491922644	0.05083592889065736	0.4121205531615736	2.3317442154198105	0.09927655830295616	604.568066561742
-8479.822930990582	3.975884918042416	0.07732136889466162	0.06953104694479083	0.012423628453322844	0.07978447436416725	1288.9666087494786
-4899.313831336364	14.101857470930387	0.11773671869194764	0.3178398486712558	0.7608024514363689	0.10608504161160061	582.2812850036803
-4494.076929793589	15.309207291972765	0.0968399737904102	0.20603019977939632	0.9366166921212218	0.09443093891598822	691.1689031675896
-3556.7736940882164	27.036467585407838	0.11893732270371513	0.24685065932032632	0.7929873224245234	0.09456577644378322	562.3944416800432
-9066.972147149387	10.045758798860714	0.0576373791710212	0.17747605912155315	1.1319285538133577	0.48033867822322135	823.2017444194329
-2935.7380858713996	37.48461383691997	0.05235769117626835	0.49921794364906913	2.678815175561491	0.08851603354183188	480.74024020691735
-7263.857940515548	5.555948802959976	0.07891225768338346	0.09462976797182517	0.14355945125455805	0.09706064332935935	1117.2143094392097
-7688.436853388352	4.7716418853296565	0.07431883641599396	0.11427312491547578	0.5706203057786821	0.14096354466614786	1109.7348669217847
-4936.095390573299	13.962631407831333	0.13824756612810754	0.14239900589850873	0.10328976786824606	0.09571333689688674	793.7208303072423
-3379.6621130589897	27.263011754499843	0.04848282358525082	0.26091997515657966	2.861300766251579	0.09378970734782037	640.5316474504497
-5537.053675992385	10.772493407737574	0.15884321277079927	0.22722914335942598	0.26802211847829704	0.11034864466994326	694.3401521748605
-6983.367711307603	5.948863313414091	0.09880569089987955	0.12375418577347774	0.2837689751575295	0.08819673684558207	1014.2201055529454
-4085.9081076886305	20.0481861545545	0.10057335691345716	0.1705937951024421	0.6761287444173617	0.0932929466509129	706.7318788883288
-3695.4005830033725	24.735060627457845	0.13319000913024392	0.23450179236690125	0.8088458417151141	0.10403327639733354	584.1284547486172
-4871.243799359765	13.207628918058898	0.10196134829616785	0.20476018038064367	0.6417285767471985	0.11091379527283568	706.9098832106081
-14494.291247917843	0.6912501376159615	0.0014119989254214687	0.001	0.2517644885219802	0.12360062596506534	1973.5630286200044
-5129.942964119127	11.66433504654198	0.08788623176601516	0.15942565451806665	0.594049113690824	0.09887775469039602	805.5395839848977
-4237.115799525821	16.39118902154628	0.06227520050047037	0.22704974770219588	2.114139319226616	0.0993873278720462	701.6361587766238
-4006.6811176424662	21.249602257333354	0.08707611991661873	0.42530770199142476	1.4797001907451142	0.0945429389320153	495.06674190356
-10692.637586949022	2.177255419258197	0.060893546127144406	0.0652798458582473	0.043325815883918935	0.11407049680878009	1500.4692278264556
-7319.567369294907	5.489720749979506	0.07130701061474382	0.15173683333254415	0.30811445050965885	0.1052971699109092	988.3949214016425
-7410.547740273791	5.477645726005543	0.04737558226553622	0.06833451240101408	0.5893522619118209	0.08379370643267349	1241.65725920184
-6709.150787642867	6.45872838927611	0.07840887070115433	0.10395596546295159	0.4745909984666886	0.08972632935849013	1058.083757413318
-14355.61527520158	0.8056640061805828	0.001420364813972125	0.001	0.005535123788918815	0.11209333194506284	1968.1757943601174
-5484.384875847915	35.857139450297815	0.11419196292639949	0.30990075579872056	1.0246561550705124	0.3891731855994519	485.76660064367206
-4761.448544910734	14.209749393830354	0.13988622900066905	0.19300508842094416	0.37677378116435806	0.09077613802006308	699.0763804112304
-4422.978302916844	14.143316119149327	0.06852486924514876	0.28158955625378557	3.698569972494856	0.09693322597843661	733.655592638548
-4393.853894990279	15.742797081622273	0.06492745351808125	0.35071920227043935	2.0646172365484654	0.08983787799174063	607.0862818609423
-11324.555870172457	2.452086808951143	0.011278261031186093	0.01851266837443505	0.25534949194518747	0.06298124946225957	1737.871987218713
-3804.5639571955053	33.10624828700316	0.11412987855408771	0.15927602099250124	0.001	0.08037979575867908	666.354556712831
-7422.632052411457	4.928511025153618	0.07562592327907715	0.12308578645103137	1.026729455340978	0.1128925391210853	1087.052988502613
-3512.2852387460957	25.521565705518285	0.07422925362799031	0.37829650056471753	2.2399981534094913	0.09139069797131309	533.0498403564875
-6357.806570159878	7.826433816096007	0.12317663195398179	0.1404834201402408	0.06041172563325828	0.12331325021688404	902.2089613957215
-5090.511817001604	13.529795795500764	0.1279802097820233	0.24560928740818871	0.16592662071803183	0.10781420498677625	635.309849846841
-5329.913179081621	10.870251754711212	0.11171604493868717	0.20050795765701906	0.5716206158488146	0.08715391062664431	743.2686555065718
-4278.596911512108	17.988749052752976	0.08126800224482039	0.14936980605751915	1.2390790793300208	0.10789603568751581	781.6591110261884
-4924.288730157693	12.308331338091048	0.0609753512623506	0.265900619684258	1.66656040944545	0.08672611219020579	694.0704344435645
-5404.933643456551	10.062817711302795	0.08171830381647391	0.15991327861208274	0.9714915861970318	0.09036927309582687	841.355180069875
-8557.82546166529	3.912922307734376	0.09050986670041539	0.14072260528103916	0.09667973223441625	0.1042276476779911	1102.3859393064622
-5326.32778492341	11.116972438726455	0.1158676025253687	0.18805491338378438	0.32996143594326083	0.09831737237018547	751.3138639832408
-6125.43542437739	7.2454904205076875	0.05400203248500951	0.1341777730904256	2.2868826342307322	0.09040478498419453	1003.0002234636169
-5969.167377518325	7.739937599084092	0.060917182458447454	0.16136542384439764	1.807676497576762	0.09264716328683645	922.005897293725
-5087.643113689336	11.62535452853768	0.07864629150090365	0.14185034401225857	1.1125705333041782	0.09561253102242609	857.4054341334064
-4998.915054718841	13.741206821549033	0.12686315192064207	0.14486935914788876	0.046288608955825705	0.09291325599545344	791.6028284599828
-6855.4857563017	6.5027766970187635	0.10831898853275342	0.11642149406559027	0.023174035460521134	0.09529777752377544	1004.5845108284448
-9583.312951886994	2.844980082795469	0.04808913536447901	0.056557294659520585	0.3557742813656282	0.09671452906740505	1454.291486267861
-6509.911920818906	6.596928808983839	0.059662130999897596	0.10825641620697998	1.4757044411337685	0.09794257798778545	1065.946337178616
-4317.411428152611	18.18082149149341	0.12790372121692128	0.28574296284578304	0.7262134456406384	0.07189000886682861	566.4360361670924
-7799.149656184212	4.4855852863704655	0.08315993921464895	0.136204145004518	0.7046082655441738	0.08963393467624384	1079.0614740178848
-9518.627389418174	2.8493227587686443	0.05662768194795049	0.07130427871628772	0.34254634651779203	0.11156101064294427	1395.2508092579837
-3785.589614291877	24.156954354970228	0.09899213847481984	0.2977816183624705	1.1091401853267029	0.13654168397222635	538.7825951212535
-9292.450644791375	2.8463800875683885	0.04478607915589816	0.09255244189720858	1.4951847293340494	0.09894098448018701	1361.6369552326541
-7448.6044496576205	5.267578606408271	0.09921427065319373	0.11681819531281706	0.08578659121183396	0.09524163035117028	1059.339509654211
-5329.478069606544	12.680660265265168	0.1669966593301044	0.3578160505630059	0.6362504420236701	0.08412919101689204	562.6499390517612
-4407.668039172662	13.608484721352543	0.0357222455867674	0.27426204283728856	3.5613883736837484	0.09258656407875437	760.2559429372614
-4903.336541837087	11.628296434026312	0.04713531487075453	0.23107104550233798	2.44869479324315	0.09035911989005643	772.5320533516305
-3114.4040400889903	36.608789892149346	0.06560226070608081	0.37799062349656826	1.7609544056185	0.1190005932007826	478.6490021160992
-4104.10563886304	17.530569532958822	0.03900225286535495	0.5751523358656495	2.82387720789405	0.08944206962329643	569.7538818789085
-3034.877136740164	22.770436226319095	0.021926121851799672	0.8688566182866607	4.543489846014904	0.07024113982438383	674.6847138841873
-5414.25445030317	9.862044969671127	0.08824513391587702	0.2555661055291145	2.422585761481625	0.11654597870101557	763.0211941984509
-3949.134603009503	24.018095190971973	0.17868302525395954	0.21650114935155906	0.08948550085472012	0.0973804965460635	586.372957753196
-11536.36257846962	1.8188859532886683	0.08033099440502751	0.08172452960064987	0.08459401886758161	0.06713633331717744	1518.5507149200778
-7683.073074895665	5.159421728782773	0.104283993398473	0.07392345097701059	0.05358483475489762	0.1064725082751935	1196.8612918274355
-7173.888341531364	5.966091804424483	0.12138787748873006	0.13161228031509703	0.001	0.08791807273510192	984.1485211895381
-5210.310246527263	12.413702960766432	0.13301434343642582	0.15021895964587328	0.039094991986735446	0.096566795260698	793.4929212477432
-9956.815196201225	2.4782623106085184	0.05938642777215627	0.09658183514049606	0.7424036285827897	0.09700987430689309	1383.510724177553
-7649.288475495378	5.1310055305273226	0.06672846573659941	0.19792218268330883	1.3814955409238705	0.18360611291846973	967.8918521659984
-10915.10281832416	1.9611510775128982	0.04868536794462798	0.07159075950013298	0.7765778571570819	0.0864940890172724	1541.7607776024597
-7104.172109602342	5.424314548514746	0.055080972122376934	0.1006180267390795	1.3549288913152875	0.08587840245929906	1134.0756107898358
-3030.6668135314108	39.61504540288263	0.08586577733043962	0.28343668336797845	1.560828894742649	0.08171378658773347	525.3047225326392
-6918.923396733897	5.893206803368277	0.09660740155419027	0.12149305842941675	0.8058669638015254	0.07910311154283312	1030.5905462977148
-4861.226820318004	13.755054442959311	0.1091906937363806	0.14302420271976632	0.3547310064865196	0.09138629672954034	805.0027956395545
-3879.902469803661	21.178998393139377	0.08968098505094117	0.2243939649491475	1.2449137536295785	0.08704390819728222	634.8615779001797
-14432.047960474223	0.7019690137003887	0.0014214768563975276	0.001	0.002546468687657295	0.0949944128204591	1972.8941254296556
-8456.639662837912	4.279029190422264	0.1286302194219214	0.25093348362018003	0.49757867303098785	0.09130340907259878	927.8424859329186
-14619.921756773041	0.5603995062862065	0.001446747595685865	0.001	0.03462126586214513	0.09033849186422707	1981.8925303329945
-4462.521661135655	14.340476572365557	0.05332887283517609	0.22013627335998212	2.505890388894996	0.10569645779255155	747.0428259225525
-3666.2844952275027	21.291431858327716	0.04851191157487085	0.3166432199918916	3.171023394336657	0.10634429912664528	640.912477047229
-6139.031478517792	8.339932673100451	0.11717073000823554	0.13605110652354122	0.06538236217463039	0.09004974377837917	900.5861502606361
-3891.011058115174	18.04822148538922	0.037745081391639776	0.3242404956837378	3.3555512970223886	0.09185637652684972	674.0014884676855
-7699.338860100372	4.992458438683123	0.09200856989446801	0.08128233034382525	0.026074920905532196	0.08987060983673006	1181.2361387102178
-3151.8439816187006	35.56133046252006	0.07514444984622884	0.31396619770585416	1.3677234412391206	0.10004043337392633	503.0101802859515
-8988.008630260947	3.2733062888353524	0.09249066897667528	0.11706561763447884	0.476069888883667	0.10662177351755239	1212.4878466165069
-14220.733255383157	0.9253271381564034	0.004098623665808842	0.002792423023179807	0.238281191123164	0.08741680501046482	1962.4728528230698
-5197.85562033085	11.810745508365292	0.14050619408601436	0.1708201015918363	0.3445386956155787	0.07566111510941587	764.7614646621578
-4165.449478081213	22.709871363042446	0.2061381915637321	0.4748015171023079	1.2529213863536415	0.08707080795720397	439.1914514307263
-7057.9320020637915	5.747766723341172	0.05745657873019421	0.08860490710239487	0.7586868824060452	0.09348721696593616	1147.4536896802638
-5881.284969187938	8.295239918495723	0.08515941836442685	0.201196650917238	1.38596159124192	0.1023177773831542	826.6687094746634
-4197.6577088917265	18.891372921792655	0.1482933001359749	0.20601054380216974	0.46682331618988016	0.10551868462951604	641.1334677470038
-7411.596624037835	5.139536659511826	0.07759812046604175	0.12229064709783288	0.3769435526344497	0.08762608075134994	1065.6678339364487
-14389.396441242841	0.7545805464462151	0.0014602284290672202	0.0010020501934807666	0.12667970752867264	0.07702586832706182	1970.1747515033107
-5132.35789013437	10.955775851132811	0.0701041986377094	0.16479631512824322	1.6288373162735905	0.09095156885299739	837.1062226869217
-7118.626232300253	5.603278548545504	0.08431573806792934	0.13450212571470388	0.46642425232056306	0.09052669118176601	1013.9595922914577
-3634.888624666627	21.55835764661657	0.042995614126568146	0.3083184742448126	3.1600001430911266	0.09247303962131362	646.867976273429
-5388.545935056203	13.061832433860586	0.11727299890095544	0.4105316654289456	0.6510032801935893	0.11774109670637843	536.9153276036674
-4591.843227082565	13.665982343486707	0.06742837280688897	0.24696294534215743	3.530795741013501	0.13413217653742482	758.8998837954282
-4267.094343844436	15.490945781108922	0.05387200639642656	0.2109541750777982	3.3652452185421624	0.09154750824248087	775.8859222152329
-11241.018990250768	2.009988715535031	0.07880944715913749	0.09243908634558975	0.14941804901282096	0.16375732722589523	1457.2522950173911
-3980.627655266956	17.89188834596963	0.049702870910845305	1.2645572561864227	3.3579091899715667	0.03932010294274083	570.6592708554349
-14239.101583741003	0.9218223402135737	0.003779586575978874	0.0028543338134195914	0.12676394095946664	0.07542365497255427	1963.8128103676822
-6437.342266945402	7.610720214060059	0.13914815120775598	0.1249724553021548	0.035823568471610015	0.08162742149415589	939.3764499390747
-14313.878443625561	0.8297963654047227	0.001410128406839551	0.001	0.15472744064938343	0.09598188059600701	1967.3265197524688
-7565.286161603646	5.2022227358983795	0.05908651943819175	0.4718156217012505	2.3426486602647856	0.057182959223457466	854.5940088897128
-7081.211390627536	5.659825551625669	0.07874633111434676	0.20818049742330294	1.1985453581247074	0.10063465222235496	915.4345452763788
-3052.8320104693607	30.64584773026438	0.0300251946533603	0.31067426182701385	4.733100529231127	0.09184968195669305	694.8467042634568
-6088.4715177047	8.699792569640225	0.08248494064928683	0.11135846907646048	0.0624509744192139	0.11291656507222186	967.5531335137108
-7896.671188173768	4.7239190506986946	0.1180231030833836	0.1169838787082324	0.001	0.08964196444771251	1080.2937393885525
-7462.028010142674	5.817435727715757	0.1692340154171893	0.19872179375183208	0.0703381725104865	0.08067056369335808	866.394120539131
-5853.766915654467	9.109771861976862	0.1068954580430163	0.14558060357993519	0.1672078756613314	0.08610469027466926	866.092266019829
-6232.313593191541	7.855759107021491	0.09914326225121513	0.13960564204698092	0.2851978826992759	0.06911233932904234	913.61076849545
-3855.737544798839	20.495925862472507	0.06942552497114562	0.25822138097176894	1.9759891790555357	0.09536786474012625	632.0387607431858
-7729.292645317629	5.093902047703695	0.12622614829833986	0.17137973267887796	0.11770734100861098	0.11277050735420714	955.1401387429138
-5346.534544837127	11.956321877281008	0.1525476822288299	0.1838492004591296	0.02649288801142263	0.0993806201970469	732.3698431477357
-4880.759923463537	13.156614497019662	0.12345415213262297	0.15842294089448225	0.8048245525886952	0.11361796269809299	783.9174756290541
-7656.534463680832	4.8576670126482835	0.09550471646461317	0.10598877667727236	0.2839844187799076	0.07180824932639712	1112.473579452403
-3198.0028534053017	39.769132573598355	0.12337760235972477	0.423318552727554	1.9234035983307636	0.15139650584079978	446.0104298463933
-14342.947767420064	0.7936912948354475	0.0014286855624347785	0.001	0.09828711907141137	0.08730655893795099	1968.6323980275045
-3417.227484473421	35.831965680642845	0.2141485556488817	0.3043595556766619	0.1113406702096175	0.09649392378031141	451.14913998838
-4256.918982623822	22.034792327647548	0.20957926245822697	0.16484302909369566	0.6156977081955018	0.14581825241249025	687.6986837773727
-2863.8872992243073	54.53009591180151	0.19604054114486502	0.30404137017991373	0.3350992232930049	0.10171913650889633	430.48922009830284
-6235.441295022436	8.69495005730795	0.05624002809513036	0.8090457787714218	2.242512245072877	0.12292486266053751	638.9800514707795
-9763.28782347636	3.568584908577573	0.14542878172828788	0.314250953645805	0.10277796197487421	0.0798221563822157	936.4149905993978
-4539.256630720177	17.002274367492	0.15782901279556405	0.16384159551704797	0.14367722383265094	0.07794763873037826	717.9700520011577
-10385.374959778126	2.3590976138146873	0.051820936321119664	0.0574718241302394	0.12817259810291667	0.1276064226245386	1504.6945459871977
-4268.557760330036	16.832515276688767	0.07225979193617388	0.22114882117105197	1.3470256858541187	0.09781937814659374	675.9485567472882
-7083.987443701915	6.296895774422517	0.14850689930936453	0.21071440286392812	0.47572762364758236	0.14218447012368848	842.3923442167134
-2085.304075567129	70.08345544824981	0.027379010347615352	0.798855421096245	5.158604884684301	0.06767030240904248	612.7910872957467
-3587.5750755535223	18.123465887170337	0.0240279302015529	0.36366614200245667	5.111229732285199	0.08132028015316607	766.9790189353023
-11961.583273918111	1.605446728536066	0.036069007121831455	0.055680965016013245	0.1607897263204455	0.09824329937919715	1668.2870839657103
-4788.05384616962	10.54479266867376	0.020601316016870336	0.6445126347999288	3.8840206236778574	0.09568298337120128	766.016167024867
-11889.509007315366	1.6717090463974367	0.06710117796154128	0.08540215842863863	0.10518462299850237	0.12014801138229143	1561.9912999401092
-4196.714189575225	16.194815322190262	0.05373751312825886	0.25215607518460154	2.673022642448342	0.09065319538306428	702.013208481626
-11290.951412780089	1.9728229106503594	0.08389668903006384	0.0835256281178244	0.021880450232507537	0.1454801771963815	1477.3130985478072
-3200.792680159833	27.929447897000255	0.0407697124762722	0.4465819525951236	3.320561812276586	0.08589141694861528	566.6461814737752
-4425.6828840040525	16.55112456458683	0.1304092801054537	0.2622656133979191	2.5657581926322535	0.11439158549572342	659.1100676968423
-6004.799174140238	8.169408311727926	0.06738561926803574	0.11684293317420921	0.9187078922710709	0.11439000900516	983.4281444200758
-5801.663781663677	9.533236300433487	0.1361408650070777	0.17586795295402496	0.1218550221851797	0.09969712150823243	791.9699315957472
-7222.131400192102	6.961414723131726	0.24600674183600513	0.3306601040179838	0.5711202939404186	0.07377320841063346	694.333630796681
-3716.399784758722	19.654171402311846	0.03499785829066144	0.4264633161764588	3.417722000284314	0.09120885785016625	625.6956112971905
-5159.581093751256	10.98506605662344	0.04142829365298216	0.5111288286400113	3.1065150339696066	0.1441296926028469	687.5600463713788
-7264.026257950318	5.406440268377389	0.10044998292749832	0.13848844068558952	0.4060240237968342	0.1034214641548897	1008.3208041425464
-7229.334318026781	11.425500768288552	0.08360428958530916	0.25734057338078703	1.2862008040291368	0.37067279886289156	695.3599981947298
-4129.516188724587	16.565403873366343	0.04360258263153481	0.41100807471146344	2.945438047737185	0.08889862257960829	624.5550844235478
-14368.999974420452	0.7702777998210585	0.0014135636581267775	0.001	0.16533753079876376	0.10142785402814548	1969.720449237219
-4995.236179861991	12.28841473705764	0.10011912101747227	0.17870924146004058	0.7217736341631439	0.11095715687870643	761.3995248398272
-14306.349368565157	0.8410687436283901	0.001412784610147292	0.001	0.10783377154472112	0.0839128212061674	1966.8828597588451
-6686.148497182589	9.443417834836387	0.5245419270238856	0.23855888716237278	0.1433666881045632	0.11849825554896147	655.8566969801923
-14444.264786871203	0.6896554674683485	0.0014173721132299956	0.001	0.09800123175216255	0.09084112639225432	1973.5879313932444
-7597.500903208482	5.263870460882989	0.10629800328927148	0.146902121314389	0.02738504865113054	0.09006078999829431	991.9527286365362
-14406.7439004741	0.7293267091693638	0.001525842161822341	0.001	0.10475574414160678	0.08426395147224834	1970.9536120906387
-3460.333057694716	27.77709389505644	0.07308179511197531	0.26643213404236926	1.9195887516505834	0.12470008592545373	587.6748150875937
-7659.41319994972	4.691326394191722	0.08203154275595541	0.12149404349255402	0.5412723456373377	0.09363572828802576	1093.7950776630655
-3237.374646599256	34.01328262706209	0.11982168098484024	0.2805481153876711	0.9507260282822546	0.09030573703629782	511.9739947855386
-6066.722501024763	7.799580533401969	0.07958025878635232	0.12256633972310538	1.4748778339501958	0.0748917608751018	983.4288257826627
-3700.4991401386483	23.323470746795994	0.08534468570564238	0.23099615655600367	1.5647318756698845	0.09266690617461851	627.3105637442344
-4764.721254397722	14.431472119355051	0.1246224815688795	0.17480634419358995	0.2509365415107183	0.10301999345446974	727.3642824177722
-6103.152918118851	8.15770488253045	0.10822091747283678	0.14496758440288018	0.24410217728946587	0.100963922474976	890.7493667087956
-2966.2741028167948	33.492749882492134	0.037804454338033616	0.3979464368986358	3.5931868464892145	0.08667210990219243	582.0231554771501
-3286.527478557645	31.017942430740288	0.07958734082038786	0.2679184036303084	2.1545447391194683	0.10906648955017058	583.2539768362532
-6589.516065623522	7.4283500980233725	0.03711551925705479	3.0	2.2322156563331133	0.1020462114939487	689.356912380722
-14307.651972921964	0.8367083180561198	0.0014151645609489871	0.001	0.08965482902665155	0.08750890633664243	1967.026993520849
-6289.821432884591	7.854786761082722	0.1036934420848176	0.11086769929215576	0.10754472709887361	0.08788471278956396	982.4157469978556
-8642.75342962711	3.815975986106916	0.10193887344719456	0.13433295924957162	0.1573678000410362	0.06454539244909013	1118.008532557008
-3811.941592657788	24.085162373313743	0.1635492483765647	0.22176916113267423	0.39409961172277347	0.09678038325688061	587.7246367822786
-4737.779506639288	14.465371543526333	0.14719608745804563	0.19726315477171993	0.3680087087498727	0.08562886690069885	688.4228566048974
-4694.738298424018	13.802778673937514	0.10821023863074287	0.1942916298251892	1.0558955191486192	0.09363370126091514	724.3398589585307
-9080.97163694377	3.217009132784186	0.06854427727293967	0.09973719068691408	0.2387072283951275	0.08534922898217923	1267.2820536227186
-10727.47374572791	5.501593458493747	0.07655199516503262	0.08176483521050167	0.2876080657137487	0.46678132623121377	1166.7990789281698
-3778.0392753504575	21.536379406365064	0.062385382509548025	0.22768592636732163	2.1692308449261355	0.09258431062000284	667.5820047880741
-4762.355916342472	13.920751610215294	0.11644014582096907	0.20631091334108345	0.563294884463472	0.10140305180106862	691.3033703779477
-9099.679197309271	3.2505090716314715	0.06128732336714568	0.086271409534986	0.09820774400654189	0.08435935347378908	1301.9182924370073
-5232.447311308835	12.456702468070388	0.10753135055660115	0.15024002757469263	0.02968472709041097	0.09981255137216559	798.1619070732647
-3341.5620276845225	31.15597567272843	0.11801402271676166	0.2816083937024795	1.0048032178228696	0.08982024183416944	520.6676444922286
-8293.946057084491	5.557961397404052	0.3630987004406746	0.11145562464653559	0.7256831122368	0.1341931984050373	989.7196554977669
-4843.379561461217	12.654704719866068	0.10110501654915284	0.21289378276068677	1.5306041325793946	0.0981113550156614	727.8287037813079
-6881.280207385926	13.70110394429939	0.07471753247294151	0.21930144045782485	1.67227740409678	0.38357345770489415	719.0229130558863
-3768.3624935012385	19.071588526960365	0.03991925543126886	0.3925197900968632	3.4549916033453694	0.09628478252473173	639.7548751386024
-4269.595374728397	18.400720563154856	0.12364018983362562	0.19004200352246442	0.3396963820508637	0.10001102153400254	670.1043738173219
-5381.816879455767	10.742244816849082	0.11114559696564041	0.1993662930303025	0.47335495146203094	0.09844565495124528	744.9507765730339
-4029.585168829658	19.65024898459817	0.10679370111940165	0.2724766615810143	1.2391542525509158	0.1055903851359963	588.5445094770078
-6530.822119415576	6.743417647855664	0.06368212110016996	0.26966879467245036	1.8702508696252536	0.07588799435764375	835.8379507126357
-3267.929130004746	34.37239058182826	0.10914827965555941	0.251492711034631	0.9401719684377573	0.0732190663422232	541.957337574153
-4355.7617582224675	17.038552888926052	0.08144702225476058	0.35084249653558786	1.4668158816323875	0.0879459612043856	564.3840171557234
-3318.36557061906	36.144500329779106	0.07163988124236415	0.3871344650990911	0.8186328484518668	0.0885630983410211	430.99963260408566
-14397.151567066147	0.7340241038431776	0.001396242564275097	0.001	0.2600785918442874	0.08956674889610884	1971.4898633912183
-7677.823939530298	4.532221871332048	0.06742634744080836	0.12578423663799773	1.106841034299366	0.08269309073822247	1111.4392426922016
-4504.839622381708	14.97836101510029	0.06964949020196727	0.1616051297871727	1.7365919797389133	0.08973947559524104	796.3911780293669
-3760.7314478321227	22.28613232758623	0.04240111107138554	0.5514344880263694	2.7908910323001166	0.13458864544398275	535.0381572035898
-3189.2448900335194	39.66912842625612	0.066275853467864	0.36225991883674624	2.02174842236333	0.16656396282027647	492.8377415910195
-3743.604472439828	23.87219574212413	0.1179392169620603	0.2637876793450824	0.8200647469490041	0.09782037392665191	558.1541344662596
-3324.6910174227187	31.731313054686517	0.0742501411783721	0.5030916597264872	1.7827807993911582	0.09284227175501163	438.85392776441574
-5551.386141192465	10.532076657560122	0.1534954390619887	0.2163138964479527	0.2766883628589194	0.09662034863310645	713.1362111776969
-5468.009590571463	10.20055338461451	0.08069242341331705	0.11580553611014435	1.1170102332421217	0.08678381393933252	944.4886658843717
-3000.1225867629814	36.40379958128546	0.053917726669538694	0.38643019850896293	2.489313474118562	0.09077572714218898	513.4125016063705
-7268.311160679242	5.385646318734672	0.09045315126834927	0.12270740176197845	0.338676712607304	0.09303030208536937	1046.163520948948
-7779.263357972193	4.390709371454095	0.05806011712932975	0.10257965005833058	1.209187167167994	0.1096881027394009	1181.422036729402
-3165.3805987868454	31.720626097179455	0.051427230683792	0.3479746669879309	2.519379002054036	0.09192289944423869	547.7682779945977
-14276.391355316598	0.8892761079458877	0.002805017490567394	0.002031682315123902	0.15987687056207628	0.10425196486790811	1965.8767945917093
-5001.805979929014	13.228148501608976	0.10367155845832236	0.17488818416810964	0.17892867936173174	0.10531750139118418	743.1957763380573
-7601.766767498892	4.985750378873347	0.09818297943246615	0.10349369325631796	0.11885654339411734	0.0935666588129136	1109.338621016691
-5735.360431931685	9.410176213676912	0.09484931767184468	0.12782831911105744	0.27996791510782576	0.1028384042621352	906.7278657257667
-4263.108401675905	19.868283463404474	0.16797712201922205	0.18880063105546635	0.08404618924740653	0.09061063529409173	650.8114634978363
-5882.292539240003	8.084836749603713	0.06485341579868228	0.18311287323432052	1.6547175115299502	0.10032902520166719	872.4115002947744
-14364.114970640925	0.7928242148017333	0.0014315987091851278	0.001	0.1955991069430785	0.11112887315966627	1968.6709977371652
-7514.389406799335	7.041232252364452	0.09670299005038252	0.5795315479188939	0.7844133096373334	0.0988930525088097	628.6328133765609
-3911.089233849784	20.225235379731835	0.07157512117181403	0.3040666599952251	1.8140312449250713	0.09705568070837108	588.2519677301401
-5453.8450313699295	12.591708404095671	0.07224767720110056	0.09307529219040546	0.054980464630088995	0.11004865226804698	976.1638154063511
-5330.9033808816785	11.547613652879525	0.14474460985964946	0.198739619171309	0.18504617903959159	0.08296536037373256	719.731405960933
-4514.343113372756	16.067879876775258	0.14885528330772235	0.2525476030383572	0.6235473606999195	0.08996908943786013	609.4451286892139
-4957.532665715489	12.735379075437578	0.07614009879072835	0.14472519076466134	0.7665880836054014	0.11299122792476333	829.5083279663307
-10794.283162379717	2.1498165662302338	0.046438061492119015	0.04510911295475789	0.020314395338586356	0.10086286745240026	1583.072612103822
-8084.197961140183	4.216239341321627	0.08306627909534885	0.15577270722045852	0.6425783856284467	0.08953125107759746	1064.1155220940539
-10889.97120122386	2.155595498191435	0.06414872579712791	0.08437669750921833	0.0015967574551163947	0.05778522947963172	1454.4130019756863
-9419.79965840311	3.1404324033891537	0.098312737481145	0.17501312542469857	0.39037213484750705	0.12617114091507536	1133.9673866336636
-5860.530816733756	8.81283624334037	0.0463462208937414	0.45634974353355584	2.306284370985359	0.0919900240260716	703.0720154979333
-3491.7863239227836	28.667133130014626	0.11323642390183171	0.30461783192779684	0.8237948626082359	0.09298791284521009	502.85776505536745
-4240.928072271522	17.340454031595204	0.10004807135180786	0.21014535255601094	1.0649177634379865	0.09594563421736166	670.8705123268511
-5615.253505290024	9.405866748151155	0.08402212133753309	0.1344764008434481	0.7767944660739148	0.09358095450229531	902.7462797723442
-4613.168608746721	17.51787295893423	0.16480710233561247	0.39061249377644486	0.633554748805781	0.10802067481518476	492.1370682292711
-6341.117783838167	7.488576147414022	0.09787255520332848	0.21530141376373685	0.7275141542835719	0.09558890822699787	812.0296327280373
-3296.1758538464937	36.73522527102348	0.169915553759921	0.26345193236906717	0.2280805331956329	0.09683222644647435	494.8344848723177
-14443.757434918156	0.6899099246442649	0.00142008528951216	0.001	0.202343751027271	0.0917230179967945	1973.5791897242505
-9548.803843823847	2.880278656467336	0.07067849048625387	0.07001130663202981	0.09353140354324901	0.09310965259615167	1384.095316267224
-6265.697010556508	8.73333097143443	0.15170719884184625	0.140269370372851	0.001	0.15592704188518455	872.2886849268351
-9528.279473324747	2.882286756574518	0.0820597083412176	0.07641211593042288	0.16846855615916867	0.08753828573822041	1357.2688031453447
-3103.8408521043852	32.91674825714742	0.053154152802015936	0.3674506589119701	2.6344155893469576	0.08910612763952801	538.9015976127861
-3286.159176130834	30.842859076136968	0.07344079698743726	0.3359540669618426	1.7240665091760214	0.0963189953906092	515.235928980298
-4457.308746642749	17.48237878613173	0.15564754863446018	0.17501867340507254	0.13410279604784692	0.09839907680211082	693.2221255484611
-8073.14223264415	4.880575274029031	0.07710317390394064	0.05324237095186321	0.08149386788739314	0.0893978996215177	1319.337831932653
-5811.981269030091	8.856894226395424	0.06569689965014001	0.12637523625943203	0.6680492360151202	0.09552854606399647	938.3139101421614
-4203.889529989874	18.03651146927016	0.11719932602754526	0.20124151073488683	0.8472105568088124	0.09806878727495102	668.856846844501
-5672.212692473504	9.134629887958548	0.08754631907831231	0.14640746120485795	0.7872622582085529	0.09124836696531848	880.9246447351187
-13417.807474657167	1.2803241150570517	0.01825057300848492	0.012860561511839553	0.19097465319306353	0.04186408715079676	1879.5861226095158
-4451.44146852056	15.364619716705558	0.07808873153621287	0.32057447242769355	1.9051289949769543	0.0970795752902269	617.9945291860673
-5897.494235650763	8.45316331234849	0.11483567001900982	0.17700848853386822	0.8546275606990988	0.09481186214759199	834.5391988101529
-3700.161518560739	22.09920688356334	0.036099823352541346	0.3122128158758968	2.751199617180682	0.06776699991014719	625.8815196199131
-6692.106417244979	6.4146242723953515	0.08842161660340205	0.13563156496203096	0.5298231325663902	0.10589375911822058	976.4386015762965
-4447.678926639721	15.395176509734702	0.09151125639941865	0.18792412628110466	1.4047945650143012	0.08420483068264183	731.4084753008206
-2918.0566064835784	37.57652402168302	0.04322603263566044	0.5620511574606991	2.791805693126181	0.08424189355213484	476.19714263689923
-6213.4211500457495	7.507219164092777	0.09479670952127517	0.1468683260534212	0.6653417030239531	0.10063185685820336	916.46666406149
-5004.157445014861	13.122761101161348	0.14719094200065777	0.18393598773705194	0.19073614680987713	0.10622371141439096	720.8480846631734
-5726.250271439393	8.787855793430266	0.09653924357402226	0.20827715209964576	2.289376008984024	0.12314971958763557	826.3823719898235
-7438.994742623269	5.268835249994326	0.09236406137141756	0.11205718922568408	0.10605645611568701	0.10839988168824907	1074.2097128437179
-4885.507536504044	14.804175821705352	0.15645907303254855	0.1655830961594334	0.011385104451509621	0.10258525857761677	730.8975289441901
-4089.3904945380605	20.299905388051044	0.1042395968753829	0.20190210049456223	0.4200078299562151	0.091261643750532	644.476008598294
-4623.732054300911	18.12451279588952	0.12900863940381135	0.49114329399830026	0.9305653686376466	0.10180086738675208	459.3731130352252
-5509.609642527068	9.747217130466533	0.0771957127074231	0.146191449478768	0.8374389064901795	0.09266418757426231	873.2833749024248
-6173.717060521125	7.829291232772188	0.1313029388630444	0.2046855379950892	0.9751720715162626	0.08890843689785347	810.818080428297
-6230.808095664956	7.793376550288789	0.06165518069199901	0.14748019654927905	0.46518760841078954	0.08207155270959043	914.1923800154433
-5916.115113389383	7.897215687640102	0.0343559156183543	0.4346695834287995	2.9298877372091456	0.08247435929984573	783.533610121742
-5290.094748190465	9.84565333789108	0.04739622535724542	0.15770777032882558	2.7978991485171045	0.09040173828262682	912.0315181669959
-3532.157773794194	21.341760099327008	0.03838945379763445	0.32324248318455273	4.336157260482128	0.10733208209559576	700.320137148304
-4300.043371406181	16.62959651150665	0.06011531280389826	0.3397367948696384	1.9864455607619287	0.11105490357571339	603.0061651498644
-3303.9461591051004	29.442112650377705	0.06284342322659969	0.33496435552622345	2.1212591776517473	0.09566803061314849	540.444621256105
-2616.7091831241755	45.52852612861401	0.04037221219490054	1.4274206397911924	3.01696498328988	0.0829108872178751	432.6382570889392
-8804.545360453258	3.5219316159855816	0.07841994783541124	0.09060588184811719	0.07140795828868218	0.09468690980924539	1253.7516590788853
-7323.423480901605	5.422423055441145	0.11108353427080075	0.11821585137069518	0.17115759657049562	0.10063129680320718	1044.9682689582412
-3349.812751060795	19.2957747867426	0.021035443236037676	0.41968309700902784	5.544365543770291	0.08572699561511389	781.021790573558
-4992.09920048565	11.205204107511959	0.044063003689227026	0.2216820413308144	2.4231764927501955	0.09448684806907955	790.1166683714998
-5008.459580200402	7.101109522875825	0.019620527413604122	0.8268333936887604	5.251153219701011	0.12517521453000047	1049.446525529102
