# /groups/rgutenk/lnt/software/anaconda3/envs/donni/bin/dadi-cli InferDM --fs input_fs/fs_031 --model split_mig --grids 178 196 214 --lbounds 1e-3 1e-3 1e-3 1e-3 0 --ubounds 1.1e2 1.1e2 3 12 0.5 --output inference/fs_031 --cpus 10 --force-convergence --delta-ll .001
# Log(likelihood)	nu1	nu2	T	m	misid	theta
-9336.425432528313	4.299934336946203	0.21231002521478576	0.3155685936688289	0.29382577561493195	0.26492900516662055	2484.719586669813
-6878.734534860174	6.115349572854219	0.06916295325346776	0.19240874627590587	0.744771530813917	0.18711867377859043	2647.047717548082
-8043.698282596251	4.024357546792183	0.06283092747248421	0.1705658011802777	0.9685451977258112	0.18181603636734806	3147.7121096405367
-10657.06610280225	3.1456315656826064	0.09091120447238644	0.10442596363435029	0.12947910738206314	0.1942866012628328	3658.2297668531314
-6450.588495362734	6.905511342334377	0.10442471700439049	0.34355225258045874	0.3960735843254979	0.2282518758008963	2086.787052988232
-4950.581290453228	13.469710567323997	0.09788379916157994	0.7432680577943402	0.8141632110383261	0.18216188160363167	1297.7851213112888
-4855.235117427965	18.87551719760542	0.12614182200707164	1.4219768351943431	0.66680214382597	0.18598130595675405	899.4414436350941
-10832.708463252808	3.2239709060865693	0.05340039734753687	0.08708097245953929	0.11401940489284995	0.14152726078892036	3826.290731891839
-7761.293295339718	5.4305199138268145	0.13338902031165262	0.26575063466135734	0.11240464915338194	0.17807107304583225	2419.021955279434
-5512.754712193345	8.39713374858237	0.10874873295075964	0.4987118884153456	0.8595141223567124	0.16886904115227583	1774.0319418299755
-5592.4940737830375	10.852889125969984	0.08506822571325144	0.3607028917906938	0.8736061514997665	0.18316579839312644	1797.6766219958297
-6446.69885399978	5.006148609783579	0.030120040865113558	0.4019323537281199	1.8162617982191713	0.19586383056867485	2584.1495567680104
-5554.886767222844	8.614912735864351	0.11629671898885417	0.49744676472250027	0.6346985234407512	0.16508373840341173	1723.9851161796707
-4964.108612071911	13.665937559538337	0.11373898774945729	0.7574318329143797	0.6481591250047702	0.1867459986366137	1249.4631392716444
-5726.940203110133	7.465377407248012	0.0873289842106028	0.42790476457424853	0.7373292755517773	0.18993133898343917	1944.1713711272685
-8614.165132735186	4.437075775547495	0.09462345276289798	0.16016258493319965	0.14723017921419002	0.19833776433067488	3005.467982011693
-7939.283423053688	4.480154075240277	0.060077332184595496	0.14985435667741026	0.8214088633534884	0.19476635354394678	3127.259016790707
-4845.5190626064295	14.782820443219572	0.10186198430628723	1.0759723351929273	0.8115994339610685	0.18845537876076163	1121.2672396191078
-7022.093024078706	6.665104381292576	0.08605601492362734	0.18588302870085613	0.442899556855898	0.19203277689038206	2567.214191254889
-7897.08770791663	4.165024939181965	0.08799736332667704	0.22737465281292224	0.6255387497057903	0.18575076516593192	2861.3799593257772
-4916.6963689281065	11.00060341905318	0.06122169999285268	0.8409081390412995	1.3712586861770322	0.1876401081308493	1500.5681637897083
-6948.155677670309	5.532737093116026	0.1082056937346414	0.2708693343246234	0.4778541235351781	0.17246976282334903	2434.381029749038
-10569.41659337974	2.9640821254752243	0.07735762896652294	0.1900930084778285	0.1403950314172235	0.18571842527174662	3358.3425412260694
-4981.003759745386	10.2358381921473	0.06481525084772519	0.8101105826245203	1.230168208649135	0.18466227111084543	1528.368564780781
-5973.836368260066	5.486509907646617	0.04576381344068412	0.5629044806798446	1.8879338252225346	0.17862625509658545	2335.902796506478
-6307.162073756171	5.4405456048695315	0.05304794811219867	0.3870403080009244	1.3044143890528535	0.18120419340064184	2391.994971766386
-4957.044967914766	12.695000132052584	0.11203018997122244	0.7759066315546733	0.720976188893677	0.19301109194125357	1292.0211062420003
-6814.352354097698	5.1661583158557445	0.07428440260745202	0.301172551359	0.8023162414811241	0.19937621159087013	2495.3981726835796
-6409.651460606803	7.732512114945694	0.09351994804604809	0.23400781884085264	0.5474090149369855	0.1902585414424985	2281.089538289415
-5883.77434271791	5.971335843181767	0.04789079877255529	0.427903329267984	1.6675621695376832	0.18379416186490807	2313.762253573141
-5057.80801849723	11.024110635044346	0.05610321405908243	0.6057378288195849	1.5195605529948397	0.18503998109232966	1644.329172350647
-5250.260365399649	10.071655041649775	0.0726818443571326	0.46683414215965136	1.0289372427430215	0.18430634179543684	1729.1323100265704
-20316.390763023453	0.6817047445785345	0.001181062825808952	0.0013071959501441924	0.18780829521746767	0.2942285673141508	5793.897191201157
-18315.120109565596	1.064309942291604	0.00828568703023396	0.010141842877978698	0.04806396887827162	0.1880182131725892	5670.174959432441
-18512.292134433374	1.0175622006863352	0.014993515027934584	0.015509371609776668	0.04406070814048325	0.17407834584278428	5654.238307957028
-4884.510352358514	15.658381275983716	0.11975723086411984	0.9725002433341414	0.6497270541784984	0.18862202146733523	1088.4785318298057
-19422.130076237707	0.7091240753226677	0.001	0.001	0.44163867100741544	0.1481599332169645	5779.516073442103
-5034.286274618708	11.419409074085461	0.057837906675735476	0.6337257683518506	1.4651810728424903	0.18174325576669745	1593.3970353403372
-5257.984141052271	12.317394707666125	0.12936012258221147	0.5425322784203213	0.49541791197710916	0.17785994674310282	1428.8805997262332
-7895.222631455103	4.118334392060176	0.07793464814813754	0.24351091206854628	0.6249640800071987	0.1850594715056248	2843.0609079475184
-6276.64225103702	6.3383464526159905	0.05523664668298052	1.0107418965300334	1.129078457879237	0.182818211724721	1837.7402318544741
-6571.924224005818	5.758199029004091	0.06316167503449019	0.3173889947089355	0.7311029799297676	0.2070510221764123	2364.4621740555076
-9425.717633215929	4.060774354546853	0.09273036934615482	0.1522493942688134	0.04908357406739132	0.15167039251785833	3126.9688671881154
-18838.562428890422	0.9441729514141308	0.005547299070833542	0.006377537367846512	0.03832700488558799	0.19127438292432067	5746.104087560509
-19611.869247115766	0.6918408013882055	0.001	0.0010661898163893057	0.12440810677760962	0.13007709588860047	5784.812287930081
-22647.245208002216	0.9136325078610644	0.006827108892453301	0.007034867087395881	0.052388062155598596	0.4188939485291189	5755.605452639012
-5279.471757243327	8.645029133514763	0.07551726901940156	0.6204355863447406	0.9848706392591287	0.18705970663742713	1695.1030045227924
-5528.752516302638	9.752762088771403	0.14622133327791106	0.712827823608707	0.40827804054827177	0.1788153750063762	1425.8447092135345
-4935.258415253361	10.298312918033368	0.052739056143337695	0.8383983004624203	1.7167530275117044	0.18633348026881588	1627.4795952697361
-23181.225914615025	0.8374104261812163	0.001683297776617745	0.0018664876443670458	0.0124166731642117	0.43187347757041344	5771.677087491515
-12280.746918089493	2.5286559410320417	0.05452770066641662	0.06910178886031029	0.0021151212048763843	0.18223542332850312	4216.491712510796
-4926.4338069745745	12.18973513787281	0.0976315934667615	0.8813571604120817	0.8582097733048173	0.19276246748630363	1298.7780579171783
-9305.286265907216	3.3928370632872924	0.06133103329032172	0.1363522645549038	0.518519321842193	0.16670782645725687	3459.4067700613714
-10238.274457376414	2.8207096390874566	0.05436091440706278	0.11070511800318576	0.7487997270314497	0.1934506369201942	3827.7425547291564
-5938.006922598604	6.951392503899533	0.08742653664812579	0.5913050175739232	0.7891659265839746	0.20739280042313327	1849.3976041672524
-5098.866290888568	9.799226824004919	0.03834307554647036	0.6110800886957218	2.2951943844449803	0.17431413444242042	1892.121790500638
-5911.675200269283	4.918142104998566	0.031031489441860616	0.7136910915883118	2.451457804992403	0.16782041768660055	2574.8184186074445
-4892.26666658472	12.190186839201536	0.08211524418089386	0.8778137051808854	1.0385080657195715	0.1879071096280555	1342.2442566331606
-20370.774774067035	0.4659280309377631	0.001	0.001	0.12987382256350288	0.2681710568198523	5834.000946939995
-9478.847158281915	3.399924605072528	0.07358289549657114	0.1483490760052238	0.27529231330925386	0.18141928303900023	3367.7585120062818
-4879.555078239745	11.565092253125409	0.059797097499137426	1.18322090355149	1.4711137608789184	0.18190143475551335	1408.5938144870358
-19276.784745334568	0.7378439974184023	0.001	0.0010882666844246399	0.14123840738951698	0.19175034245127162	5778.345571539128
-6797.71238615386	4.970325952288137	0.057946361342231745	0.2844967748422078	1.131214010873116	0.1748674394780017	2623.7319838098815
-5059.091404651609	10.105529649467421	0.0635960641349356	0.6136911947371099	1.2139788844414388	0.18831139321321252	1636.9276486082672
-10179.947358512265	2.9134468965448	0.0746146200829991	0.33722540164672776	0.49532217184301086	0.18708342092921793	3085.384478079904
-5005.701065697559	9.870502539109204	0.055711804188380044	0.690479608944467	1.498699983019165	0.18777360124439746	1667.503229481176
-19309.47678423057	0.7070379443261784	0.001	0.0010661186462868981	0.03680585223173125	0.18228368268602535	5782.256037455051
-4832.152511531049	16.245150071526634	0.10354457723540757	1.3279753480282703	0.8024554966015707	0.18537448890569064	1016.8870760513186
-5475.842064562437	8.910296468075506	0.12666847327188274	0.6007878018981238	0.5824586840209023	0.18266874365147434	1595.6514269261306
-5508.592699251747	10.066979558981426	0.08769780332753524	0.3883243326414835	0.6999511178288957	0.1902938467620926	1779.1432284975112
-10801.031356945454	2.7957142684144602	0.07216343610875468	0.1348341758142661	0.1914090191440472	0.15715598093912883	3655.879088284672
-5113.855101098479	8.83298915680113	0.036428645863691385	0.7075726961282618	1.8666439188424309	0.20175829398787185	1844.1709981848605
-4983.573731210965	14.512902258203198	0.11702524311650292	0.7541034090300531	0.6398418655658314	0.19242487508234518	1217.6773343048008
-7331.291505391958	6.9001325319622575	0.10540218929984183	0.2867066693037432	0.10671991182833301	0.15610632118857012	2182.2990607283314
-8054.4490644786165	3.5863930288558326	0.04939351884445599	0.4547165486678492	1.4089159509922877	0.19803622651941505	2829.659618128993
-8983.249897534395	3.4850504850061212	0.05847495358481162	0.15252317420686984	0.6051383584950057	0.17382438284632962	3363.322238589781
-5407.5724697516835	9.307910111301016	0.11856619961407228	0.6257902480105484	0.550497457387614	0.18198505275453108	1546.4458433805676
-10081.3424708625	3.1970698144561385	0.12451346889294646	0.16296380224042423	0.3469055027990236	0.1613748214369022	3303.2980418794823
-7603.949957702157	4.237626450240671	0.05765798274182459	0.242509204152161	0.9186331838411999	0.1673485477922889	2868.592462404975
-5467.451540551716	8.460538408946894	0.05120977477290398	0.3910472052615631	1.4237148680124878	0.17591950143080856	2019.9876161639297
-18890.18475050603	0.9344633850681593	0.004352552763339013	0.005016919907121106	0.32632736320423333	0.2039983669375341	5753.3932447814195
-9936.976375079495	2.947536177175774	0.07216698697074206	0.2761037599739681	0.4993181908352726	0.1892520940732979	3180.1817768645797
-5114.782184144711	11.535043178157268	0.08239653508832565	0.550774459353176	0.9147127159841849	0.1871908563956833	1539.1099539648785
-4848.096609161143	15.78104065688997	0.10516317032599742	1.2268256308237033	0.711515949013069	0.18750444753472742	1031.5915643873254
-6542.573384340048	5.8308130759207755	0.06544575543925456	0.41860883681495226	0.6791189511130034	0.20603950645362865	2184.4368632741616
-5822.985222443319	7.33968842454661	0.06908307632080614	0.33869767391649386	0.9601396611897381	0.17281788146189503	2133.573568074857
-4899.585731619817	12.45269171597636	0.06711143367232764	0.8365001078984304	1.224300008191074	0.18573556482515072	1391.5181026018279
-4832.035844761291	15.580570426295298	0.09253022374624294	1.3508664355437547	0.9284006890388259	0.18554968887140624	1064.6298445657708
-6019.071606883508	5.163635546478069	0.032376295406281785	0.43753914605843275	2.367154307160309	0.18355671416868571	2606.1619757494814
-4884.700521801064	13.752730060380784	0.08405376450089813	0.9226217944810463	0.9927571636092641	0.17257399802833756	1248.9183030736847
-5091.54067618684	10.266588803068363	0.062300690164038976	0.5648396937661416	1.3413108858798608	0.1814651730369024	1683.0458898226227
-8578.644411166966	3.9315372200010805	0.035076347347316704	0.11656070253045303	1.6735472436428191	0.1675584452876448	3534.938238848
-5481.787725415988	7.472988961553665	0.05997158890100126	0.5185888437490438	1.2083886387643683	0.18371914561173852	1938.36943582743
-19310.024024134793	0.7939583999270413	0.001	0.001143417319573195	0.3414491677891363	0.14799810261683968	5772.098174928892
-7300.825281150033	4.3145242031593645	0.046896983996293794	0.34252159334740107	1.1389538578728187	0.18663344890270966	2693.43518318153
-4870.184880794581	13.435152120010093	0.09162125108531109	0.946564678793703	0.8547234915587768	0.1878518975797362	1223.3000447334225
-5191.297071852582	7.8706837527308595	0.04892530301482039	0.8164666338729171	1.7031801774045257	0.17804746725938783	1842.4236448943284
-5624.225827797681	7.35290273255415	0.0684284552206544	0.6936844453895802	1.0775728017794592	0.1994362342079183	1800.5647740297966
-4917.16453491829	11.891584741754095	0.06898726703983528	0.7847837116122189	1.1638181782420045	0.18576433739648657	1427.1066088234527
-7027.432957891928	4.773602925518569	0.05846362517239276	0.6005882162292017	1.1977889508295516	0.16135077915473744	2312.893978751675
-10780.709454165508	2.9848407301429534	0.09705538645330515	0.1213576032918853	0.14184170643506502	0.15812614958910468	3603.6530372046573
-12196.31875503427	2.394288517235224	0.06163971744202585	0.12069545837393396	0.05258142319282848	0.2041879132589271	3932.1195561431546
-8591.937047532823	4.849211156373877	0.0883406883394754	0.1408615823055493	0.11681318992653675	0.17152513845165818	3028.9368688798245
-5133.491401856452	9.711179004519295	0.07818803197235306	0.8310269952090314	0.9644587601119088	0.18739400747602714	1493.887032519422
-5913.5280041224105	7.8901540203053075	0.09398986057684146	0.6954469681307522	0.5267156989347472	0.1805122481237357	1630.0605870614902
-7531.477494554448	4.970305046750152	0.05896368025908712	0.19030623669333954	0.5681045841577848	0.19371992593433168	2838.249536750329
-4985.044693421418	12.353422400782378	0.06795562618774095	0.6911336175643276	1.240401852723303	0.18363472380794982	1464.5709196453322
-8800.375674576062	4.369369991614439	0.09754513646134803	0.16770408366189815	0.09806649739160263	0.16590983356775896	2980.8164984974787
-4952.379287202875	12.282974229846904	0.07143921164884441	0.7311963018323075	1.2316169665046983	0.18284656223523416	1443.0310887327023
-7361.468227312996	4.515666504575715	0.0729888263621876	0.2568781274287644	0.8169173693451902	0.17269019287184414	2733.2757829627512
-7324.071501769661	4.242009316344773	0.055990859034616175	0.36027859722807604	1.181113941686761	0.19288719717684571	2676.7738295267777
-5394.327647759218	10.172155421276253	0.13425298504234998	0.7234849016967166	0.4397666320943299	0.19127323942161184	1401.268920093267
-18333.06288251264	1.04813048416565	0.016326651134616805	0.023061501050471164	0.001	0.18388863548157297	5608.5903020307305
-4912.82438361353	12.945021632727112	0.08517450217170879	0.7894129796705284	0.9827202442299755	0.18695630453542275	1332.1316817594263
-7047.421889428216	7.062597774518552	0.13645994495915742	0.2599203496064425	0.12705834803252739	0.2021700738256086	2213.4393765315895
-6645.739487863383	5.76402425950628	0.08470280399137395	0.28313684719391	0.5959006353160422	0.18929952583002907	2399.8178969685314
-8926.535916992636	4.057715561779462	0.05947334197389609	0.11685370778045777	0.4407380253748591	0.20442527607364952	3389.0215989677845
-14702.043106537161	1.6810962180422024	0.031327271867822234	0.04791583555325652	0.1652854038017697	0.16807599885423308	4899.972317300945
-5915.5575987057055	5.9978275499137075	0.051875496077954775	0.4603701363873278	1.4779777548799151	0.18547752275706222	2241.1435873590563
-4869.22204995232	12.897329133642552	0.08296627046472126	0.9294618419937352	0.9972738400462633	0.18412595731223164	1283.3215485464182
-6589.275428913072	6.741629889019432	0.0988289588416321	0.27473755068375044	0.3631014331748488	0.2062979532610226	2253.7765958963296
-5995.570790491229	6.283784230912635	0.06967496344626456	0.4236793224687516	1.0188637709371522	0.18068392999363617	2148.126895783668
-6318.450932270954	6.178728370126526	0.0526882476561514	0.6576451148102601	0.9375305228654272	0.1718266383616347	1969.019898313788
-5854.7888581464795	7.320809295656819	0.09247594741331937	0.5069253277041786	0.6901900218385633	0.21473830569545604	1861.587529073904
-4905.690342991771	11.406511519124784	0.06793677324689959	0.9029853209205524	1.192204348284739	0.18935580016045175	1413.9234572835574
-5191.175600420294	8.524076589944642	0.046235242971803016	0.5424479269845011	1.7438610722758636	0.17327175116752044	1920.6875876992824
-7218.669208927432	5.31169707924535	0.06677999419883286	0.1828985064805741	0.7567200536484193	0.18694019169994744	2809.4471027740524
-8215.637838458855	4.582638870152247	0.09085390776758226	0.19446919086824482	0.21707479782985162	0.16200643704992104	2840.6912147721755
-5528.915608446299	7.644952388997599	0.06562989840455415	0.4355295773264663	1.1077258056827992	0.1868810129298625	1982.9931821690004
-20036.18307835082	0.6658556075456934	0.005130183081262009	0.004539393589791212	0.08343567111037341	0.17992624510817004	5870.6959909798925
-17681.676727081845	1.224057844377008	0.009931524005456743	0.011980018911600422	0.001	0.1707579805929027	5571.486287573942
-4987.873318428192	11.518497591704591	0.08127976957584583	1.2198978403803111	1.007326147487331	0.18275091035618493	1276.8050561531218
-13503.626249310784	5.106647095361161	0.08678462798852682	0.16784068239317584	0.27462599646374053	0.4814962774893453	2856.0866575589152
-6475.6738234069435	7.05946193487551	0.09330796772470944	0.5207013670982175	0.3365542596871771	0.19361260925411986	1832.1333275791162
-7167.72937064734	4.853864254368621	0.08535203172156268	0.27078320309291026	0.6634610673845114	0.182396723440407	2597.6211684347954
-11837.33756817256	2.696985636056197	0.143232707639212	0.24665209291749965	0.2026437338193769	0.12218391503054989	3235.5973814571967
-19203.269697537868	0.7950666155650211	0.001	0.0011090957253132917	0.16861004753472425	0.1737118249649368	5770.890694676048
-5911.72589661466	7.441115340888108	0.10101125285303927	0.39768616591172695	0.5332497729197709	0.185734293536348	1954.7101743825217
-5138.319191997834	9.627189175791552	0.03703276264164153	0.5855347097418815	2.4957621958060474	0.17900138763176288	1959.77340050666
-5727.884748535149	7.951664848216844	0.05187652614384386	0.323496878456643	1.267096373891757	0.18348518710423467	2153.104682325327
-16974.270240712845	1.3278834513970104	0.020946961799152605	0.026004806888636222	0.074865100459901	0.23893330530122184	5350.436967695553
-9245.343027034682	4.391441409640865	0.103534479547922	0.16654373429346273	0.00941184683390313	0.17461310511631567	2970.6569184761343
-20803.057701230176	0.7155564273165363	0.005962957893790468	0.006807099714319493	0.04706465932058657	0.28799226169607134	5883.283572357476
-5296.9528191497	8.39995595132064	0.04986706644360125	0.46901603581609497	1.5885064464664918	0.1859312728968838	1962.2063232067178
-5855.770800012679	6.550612641625031	0.06021479996235995	0.40235817645040334	1.1523702150937056	0.1774734390800891	2166.2910752085813
-7855.309282827923	4.478666773188113	0.07622026459158028	0.17241344377738235	0.6295350457640143	0.17906449038466446	2990.798568065236
-6121.201450288702	7.451786995098805	0.10621021553779667	0.3040149632041311	0.5414963865112936	0.2022726997255697	2116.233977616653
-5253.727154536718	8.841397740638746	0.07405537827251173	0.7130797826291785	0.9836453411011422	0.18815865797918377	1623.264609026353
-4864.950169668385	13.056787084744375	0.06814851817025211	1.0235441575338102	1.2807214754718694	0.1861364660746591	1316.8247727621335
-5201.3763910377165	11.695194913668892	0.1503691610818283	0.6407350501276718	0.46289870018641915	0.19360576310966757	1366.9517909586352
-5805.225649719151	10.094620951754045	0.13588939025430802	0.3918897338238193	0.3186622146506531	0.20161236075282463	1706.726925505688
-6759.548341516174	5.752357337164381	0.13059012793136923	0.35189953219461945	0.6031244992637175	0.16370926414390455	2228.4606450095453
-4891.241697972468	11.160825200416978	0.058833524467767476	1.0058989981938355	1.4367921968963477	0.1809082079512842	1459.3812992891553
-11124.632867178796	2.7463043690580213	0.053877770695324116	0.09235622367304167	0.21077010050593928	0.20385084549284244	3953.880187322855
-19483.67055444932	0.601751600617625	0.001	0.001032183007625055	0.0897617046656586	0.19140519352971833	5800.102909633517
-5776.932041873001	7.39612154151745	0.08072139811344146	0.36638323110530024	0.8376896984220645	0.1802418373166023	2056.3190560419343
-19169.053812704715	0.8200958678086853	0.0010158857793691235	0.0011145392611383535	0.40061683548740534	0.1870157074368946	5767.69683211684
-6166.677517814825	5.378442049763861	0.0387398549197796	0.3548228971932991	2.0149582273699203	0.16972302869003864	2572.4071466035048
-19726.581578234953	0.48591900259094567	0.001	0.001	0.2952941775417307	0.17683017116856142	5827.643366923473
-5944.187521751784	8.729148620707	0.06888567915649534	0.27525199823791785	1.0004991453271879	0.1767068371288588	2141.0897955019273
-19480.79172207043	0.600643089202815	0.001	0.0010327701776263714	0.06414425640015652	0.1879465058805347	5800.357365393411
-4918.607128554764	12.229891419407252	0.07932147133688358	0.7972568138322623	1.0299451499483077	0.19492132274330057	1373.1334731468776
-5637.08345173888	7.235179388820126	0.07521132631471747	0.5084237384424793	1.0155339015056346	0.17622564328514	1929.3889929368013
-8439.742284007838	4.477177388876821	0.09393197553860815	0.17709534651355205	0.1605499586184317	0.18923386854401172	2924.4317895959
-13119.35751907643	2.104856837826291	0.04410470888195078	0.0654617399824448	0.08482892531330452	0.18523840042354717	4469.560965794884
-5066.323547127746	7.681501558940923	0.03323538307384717	0.6944872401000375	2.633196772612431	0.17661504692961574	2144.5984117066573
-11064.83978421481	3.132890128817735	0.04632306470056115	0.07158441447684434	0.22785232529757918	0.22763710978744664	4010.349716780299
-19478.722585109394	0.597773695510354	0.001	0.0010278213199791998	0.285890409622047	0.18232800104528202	5800.81798736059
-5499.47816192845	10.012457976426607	0.06528410110687147	0.38521144820183056	1.317722274681177	0.2059987905636053	1880.234545375081
-5188.607833810851	12.798690768144583	0.11334989432744626	0.5572239489763098	0.6053340717979009	0.17830429841127193	1414.7464905806758
-4929.6860484055105	11.990809669879608	0.061295542766315936	0.7918262052216174	1.3957905532132031	0.1889342317098917	1469.8328447370384
-19477.091692380047	0.6193269077882534	0.001	0.0010321127048718093	0.1957359654640461	0.16215012443195567	5796.530689946638
-9901.298321719747	3.0139399148217243	0.10167500576459869	0.24400383713806634	0.5637455292689479	0.2302752957434467	3176.4766335970185
-9406.068273555473	3.2865383349862043	0.08258307185749422	0.25650353653757424	0.3946561882646517	0.20078958634620508	3053.6973723533097
-19185.377704423587	0.8466063691151774	0.001	0.0010383229152824776	0.05565579895632778	0.1638057082709871	5762.749646686555
-19227.43618840624	0.79372832447253	0.0012456840422828252	0.0013721902719393921	0.08646987372555731	0.1631156492081404	5774.382865722943
-12220.145442998353	2.420557356579628	0.05427212697264455	0.08310292023593052	0.0505064519849352	0.20295779857759866	4153.941716229423
-9923.546132483933	2.669373437054596	0.046070846408130556	0.1758873792217562	1.1418036361025525	0.1886010734913555	3668.5475288573184
-4904.460089280442	15.194006858560044	0.12009303345031695	0.9030356759406667	0.6538586983301254	0.18357226083381648	1128.7175090167307
-18136.479894120304	1.0571625905849185	0.014042176831623386	0.017864409762736417	0.29717649204882995	0.19180167300084378	5626.06744246
-8490.77869272485	4.528334472265518	0.08655541594149167	0.1696781072919467	0.14718671508321532	0.17553000017822046	2952.6512418333523
-8735.2877629202	4.562444362111425	0.04654908815514271	0.9235842679306008	0.6491092791497785	0.17358270321804864	2107.3525484898755
-8239.433746837041	3.800992746256807	0.08486381134353797	0.30720070112711656	0.7006819049904094	0.17236285240530097	2793.74409356906
-4922.020007952613	11.672461718684927	0.07752106085756302	0.7885230732856701	1.1016138110110532	0.18615892374121842	1418.945799690717
-7761.451660469722	5.3854153759293455	0.05796234736395961	0.13266803568564342	0.8166672830578537	0.17858429044112867	3062.387222573046
-11822.047661525958	2.797170813709767	0.04968463780043583	0.06742427972679024	0.010094061436717764	0.18329542078879021	4143.993323874606
-6450.918421747688	7.00055174514398	0.11830547385839725	0.28096988482837504	0.38537231811947303	0.1984353106910207	2195.8248157293347
-4900.3630694974645	11.544090023903863	0.06592215932678012	0.8520204985330927	1.3083603877837588	0.18523218269795097	1449.0145037414597
-5081.193374648018	10.92351622981424	0.052725784919299336	0.593227197623578	1.6162304913351786	0.17835588737075142	1678.904201646269
-4895.79509060772	11.253821765830338	0.061827300796562464	0.9109942308392055	1.3805440943592255	0.18231909884877476	1464.2644274058962
-7586.386884023409	5.099416912287973	0.12243770010571067	0.33717267766159914	0.2585568961450499	0.17026722030311714	2344.9956515433905
-6026.910691998832	7.861453459774325	0.11023269876462179	0.3297033442981722	0.4422263981012489	0.18603573472661025	2011.74880051384
-7242.811506180611	7.822623994208795	0.05207780360242854	0.49399018035152753	1.6979765741881967	0.3467004300994294	2010.2221097641614
-5924.738402749115	7.205642877973507	0.07386055387695888	0.31726606002330354	0.8624691615992882	0.18547013989153893	2172.962467215105
-4985.361373834255	11.584593286911462	0.08229102653453148	0.6893528060308819	0.9097471652420838	0.18150275749893544	1437.7958713157223
-8030.304577484729	4.818496963843258	0.08952667809830497	0.18044762521675556	0.23232867907216298	0.17452690011248928	2849.277174964594
-4857.32023924583	13.486177425709197	0.08822287103544271	0.9770753405999192	0.9437121930546161	0.1860239544991086	1229.9398379609388
-4874.136779333475	13.9280234403814	0.0945653151840224	0.9031288450614735	0.870433221449733	0.18565229105054654	1220.8784266991754
-5123.697938501384	7.820158445807753	0.04387197019263713	0.933738967809158	1.918546202683527	0.18254017634165842	1879.0869581706238
-6849.839904419361	3.7131307486280605	0.029700410216996733	1.070261125806623	2.3064625848601112	0.1732208443454431	2918.2698163869836
-19286.51256568852	0.7822759927448942	0.001242464258519908	0.001369253675103445	0.1946725118216351	0.15338683296814534	5776.332790834697
-6035.135441116807	8.003742806245326	0.15370025013004526	0.5969576002941958	0.3534262774183696	0.18157046185421297	1634.8715201420218
-8416.336505650557	3.8102980770185346	0.07681557544235584	0.22431390999560918	0.5496091641754242	0.16139003354367942	2977.5809854073755
-8564.44269422302	3.5504564393374576	0.0680708328002653	0.21046749431030734	0.7166471193049873	0.17747121809054242	3124.5832820901023
-4898.284092700046	13.638566583227622	0.08995023616629885	0.8438947329899498	0.8311543352814142	0.18791526511957604	1250.6149164319609
-4918.583665390633	13.277564397487232	0.10079371815226551	0.7992548192811924	0.7862289944123603	0.18851312265322306	1271.8864205672737
-5167.490019017767	9.781858951879796	0.0884971516883266	0.7318166730559811	0.8471187453042912	0.2000326675524008	1508.0290452556167
-6438.470112256101	6.8571308273856255	0.11918088454534566	0.39931761572504965	0.8398357167958909	0.12853368582106395	2037.645591974104
-19162.528069303946	0.8421459132165392	0.003187924391824812	0.003558104057426612	0.004404856348033278	0.19891895048848723	5782.083657633522
-5098.4532190942655	11.667429378395672	0.10530078808271537	0.6082769025566003	0.6636614677666156	0.19504391230490178	1437.6192445192503
-5193.386505535298	10.070035863963664	0.06356707870830469	0.4929907834799677	1.2718535811096967	0.1839030194885161	1745.0233623826862
-25289.16538809747	0.6925618938135232	0.001	0.0010648636796043926	0.0748466169797944	0.49042696092617544	5784.603927437597
-8262.897086537921	3.7758425481956133	0.07603275269940903	0.2451643476511417	0.7010631417116282	0.20549524729261168	2945.638616797044
-5893.869805121259	8.573587223953137	0.07278359802317681	0.2868167429044828	0.8905678025830659	0.18869772545994604	2111.24482992831
-18067.971688473564	1.1883049741320273	0.00684395820034002	0.007889422343972345	0.08346999998994126	0.20673095240773479	5636.458972514578
-6010.044660284476	6.2371225474547725	0.05170731519235751	0.3265776749877871	1.4144219402464062	0.17973706349195828	2368.0069701980933
-6439.8691764614805	8.036415295909325	0.13919213696711183	0.32164016030633374	0.19477697803946045	0.17959212390964813	1974.5651581987713
-5139.690185054964	11.462114958640406	0.1195355458172366	0.6904800246471908	0.5232482215040593	0.1940450282185357	1365.4680445417637
-4965.351537194009	16.52184877103552	0.13360733272403016	0.8804689186939719	0.5585778213255931	0.18820629020010035	1078.5602141385286
-4946.770016941319	9.836447434651822	0.04992761562369978	0.9136147900148102	1.8223807744942147	0.16922397437672201	1667.4153690037808
-6924.713384385144	5.992232452885398	0.15018356355804607	0.4617123944861306	0.3649557901215469	0.2138817493802082	2004.452321094183
-4969.668215813686	9.007398158673546	0.03651824146271377	0.9306669998181161	2.5565368779269915	0.17541772349846693	1942.756835127091
-19849.230904167576	0.7734640943793103	0.0020719586677580477	0.0022950444121714723	0.05437180151216385	0.10998218036712215	5791.220538052721
-19136.967310681874	0.8365706284851714	0.0026502452330719904	0.0029479437477826984	0.053908807602615204	0.18840437162870768	5779.972140036403
-5440.923591078483	8.425362805606689	0.07500871718180739	0.44006007167511224	0.942686148851791	0.19526552224165108	1871.755887911665
-5743.088681894545	7.513183018761128	0.08714997774060422	0.4684772339217227	0.6773301248046641	0.19600214800259658	1883.3724374359997
-5894.878505036954	8.261667652595357	0.08668197498271975	0.31596991365252125	0.6059121842661294	0.182380907433292	2034.249085029418
-4870.630312330257	13.818720970232885	0.09750032425687746	0.9293394356054382	0.8212229182082539	0.18665095689082237	1205.2407316537597
-4907.714792272655	11.171872664805209	0.055540050763833296	0.8691196722253522	1.446796743275521	0.18270211622589888	1502.4707916141467
-19545.630869311994	0.5702227976650968	0.001	0.0010077857943398515	0.24810185028121307	0.16925312284580304	5805.671698858696
-5155.6574251713855	12.713116047647306	0.17388971589617902	1.017323164319951	0.5263518936644433	0.199675434764643	1140.609197598293
-7781.055988051757	3.963958262645587	0.06653145386914067	0.24538808679432267	1.044297594221101	0.1793385257840039	2933.2449584891883
-7118.368443876224	4.646066098527643	0.066763224476894	0.2745196652848196	0.9650108487478342	0.18278481577749464	2685.0477723934764
-8292.060288895666	3.9766913092898224	0.07523305778228365	0.2244833980349786	0.44938629517963424	0.18234005006445161	2924.134916928658
-19228.088159381154	0.7693582426778222	0.0013557311862021665	0.0015012774873330594	0.24794093821890806	0.18219701157829513	5780.737318159137
-4973.393451462882	12.532334992656537	0.06649110373883521	0.7208648894435226	1.2904258588587285	0.18423404416803732	1450.840165603525
-8094.025178644609	4.057392736873311	0.08989079822628775	0.2675358062737023	0.4990398491906394	0.18680934935389662	2776.1315159088203
-19489.83660250374	0.7315236109891322	0.001	0.0010822601998960154	0.3508987005089711	0.23260457390111391	5779.231924371407
-5423.834549635787	8.304387668428548	0.06193454239115472	1.1120693600881022	1.2093656924476086	0.18388454000340665	1590.3404003183634
-17447.760009834186	1.1703325006623266	0.019352229722574388	0.03564459338083355	0.4554811101780555	0.13727447482315955	5442.377696376046
-7463.101849589156	4.854431650189362	0.12083508335027744	0.2670896171956573	0.5265967573649659	0.2080318912631185	2558.6293762646437
-6252.292387033953	6.140410473580606	0.06073586964805581	0.2995041082113398	1.3598213985762877	0.22134952098789076	2412.495585800814
-13705.22632020262	1.9214904451374974	0.050015830567048954	0.07569110166636822	0.14055314156619023	0.23670014315437468	4489.868275560254
-19932.230614262495	0.7188270358886898	0.0012240712597791506	0.0013437108293389872	0.21242074204434772	0.2714584752551115	5787.228504190215
-20435.755802729873	0.8514488149291154	0.0017773035824882127	0.0019573282728703244	0.07586226372758549	0.31715084030459156	5769.5069198806
-5206.334305473171	8.888472626006472	0.06213928401673383	0.528941452627561	1.3102753141404015	0.1829327615596325	1807.7477485348863
-6418.311301876445	6.769125788672898	0.09554141563408619	0.27116296205594476	0.47873208012579804	0.18647134398135054	2271.2246806068442
-10338.275222018287	2.7771142415352696	0.06643192508322208	0.16161376517110332	0.4378087105750026	0.20888107386298294	3574.711456443999
-6043.52411497152	6.981992683319813	0.0838322297649046	0.34628998687861723	0.6621371159667482	0.16917482836173076	2114.7190383596553
-8881.13224996504	3.632304743114512	0.07052609944099653	0.15546513347001276	0.5665994560215339	0.2169684444725351	3282.808491802439
-11570.746103745758	4.468729667676657	0.08708452737461811	0.2408272001952475	0.6367872507637354	0.4310196539501835	2752.3832389376053
-5210.247240506842	8.96032638912345	0.06581441425863958	0.7291093457583481	1.1375097931338565	0.20558124430981264	1639.965747657154
-9586.435734793973	2.8843833662052205	0.06103607029281306	0.2215608870636126	0.8654669644892147	0.1986117441701851	3381.7696073499933
-6197.82039186094	8.58873400910702	0.15251438763469188	0.49809713780403025	0.19561843733846027	0.18681939524796626	1659.7714372337925
-6941.408243634196	6.6363267841417795	0.08479742640611977	0.198007014009332	0.42742857692315767	0.19824121386417878	2521.413640492846
-24228.090605486927	0.6086132849866767	0.001	0.001021854749151998	0.17806592629638027	0.4551139986468859	5798.1270691863765
-5124.328538975593	10.002045101261327	0.0762335184053041	0.6986611334392463	0.8596000904292685	0.18946999667315909	1521.7005275686809
-6831.717882523621	6.010591987317343	0.09766221390449446	0.32664414311218415	0.3794548203856574	0.22163346073667636	2240.559863857269
-4961.994229686089	9.846742570627448	0.04410655290365695	0.7951917545001165	2.0285869111729635	0.17939550869587587	1753.7490274803642
-6266.081271564037	6.807295676144862	0.13200149585062004	0.3834753819312255	0.44127888948211685	0.1913393744713922	2017.809784112512
-7436.338227475209	4.719870316579286	0.09939706583901417	0.3192474652614465	0.501308902298977	0.19827064234957356	2496.240659965214
-13683.3793436745	1.7900454681056912	0.06554775064965292	0.11867498363383808	0.31666708704534824	0.21520466879749225	4344.412550315845
-5380.884000362027	9.897829218798456	0.05891951255151429	0.4163163424119778	1.4836330392197261	0.19620210009727776	1875.1927808551864
-18762.75679059206	0.9668133504068099	0.004747782272814906	0.005127441748420514	0.39534573666972095	0.16963781751187287	5739.298764849736
-5078.299157580151	9.970743235491655	0.050168524303806694	0.585468322537804	1.690962371485271	0.17947498825519959	1761.5349672952743
-8330.420944877853	6.894498780166845	0.10482057548851516	0.4523421536793873	0.5502102741422537	0.365308503170382	1944.042768813999
-5307.1799613226285	8.825552930967818	0.08117689893821894	0.5777224382060626	0.8460794951332135	0.18471759167157736	1685.3552348396145
-5856.34318418502	7.696370591390653	0.10502907379283855	0.4175800530766211	0.5091607072863853	0.17849484956213565	1895.136697315238
-11359.390874772627	3.0901459579271675	0.053103599385513976	0.06618503541279236	0.06732630869588288	0.19058859590214114	4059.521829770552
-6384.696820068804	5.9634469843204245	0.05666113522223008	0.25578925824172094	1.259019908667387	0.17177000077552562	2530.3356122186087
-5568.011772711509	8.720303315569954	0.11560474376775771	0.5648875038518146	0.5016435402261312	0.19046981638713578	1635.584230582039
-7601.839112260869	4.233835562713744	0.07317209811452487	0.31739440259691243	0.8138706546637823	0.20287322927880452	2677.664895321884
-5864.797664179246	11.383471620882535	0.17907796604249818	0.43029062470538454	0.21460680131584126	0.18045905575751905	1552.4008068614573
-4950.803817466261	14.297323547402232	0.10805197742281197	0.7739546031298775	0.740767219455179	0.1826078638996815	1234.438044710359
-4833.734187531056	16.65171155651686	0.10741902481341196	1.3292081062276422	0.7727915955630618	0.18621964419213502	997.6345226720306
-19399.4168894331	0.6473702477729172	0.001	0.0010540822428635542	0.048337178895053706	0.17644929388240108	5792.11998045471
-7376.034308185497	6.504718700164114	0.09384653529169183	0.17783283311039852	0.2404215740215358	0.18053758434127326	2602.0288377073493
-6237.450225948018	6.103826997342024	0.06750339403786346	0.34720476663812094	0.8445761617357964	0.19814951999973113	2264.823140299336
-6700.289412728565	5.954280197647185	0.10856886993235539	0.27915838034609264	0.47227665231983723	0.1853857006005256	2348.3618358272433
-6489.567783758614	5.590530643844186	0.0789379291007654	0.4032832404362994	0.8375206643914194	0.20353956881685387	2250.4618759188343
-17079.270263332586	1.2294137615310712	0.030603795529889115	0.04242788753133253	0.09719168106238459	0.20782838063083417	5301.688238530841
-9854.662512330606	3.0691281421072167	0.08081091974849489	0.15893133458498734	0.35048472344404563	0.19228941907546945	3431.887545059914
-14608.44254802943	1.6537525914099225	0.06258564210189468	0.1016294668261321	0.13872268997642084	0.20812282379832828	4529.8824558940605
-4903.236961589031	10.73657585227977	0.05427697103626422	1.2128958699751737	1.6441361482037156	0.18570192545850966	1503.3897307650468
-6615.713844937984	5.437847002614248	0.06894576695368464	0.49063284293030934	0.9672876954027454	0.15529660262563652	2207.905607085641
-6050.04236825901	6.795266958725233	0.09567544694416717	0.3794336446352763	0.631447299361429	0.1818067035222934	2070.1001007765694
-6501.1709290954295	5.215111364594751	0.04707297882222259	0.28790558618262785	1.5588881695686139	0.1799033886293692	2633.8949591759742
-6318.422196619402	7.671580201678038	0.08914014605054962	0.2608756752664466	0.5251735082393912	0.21180348248529757	2209.9410865929453
-6556.991934566547	5.681618222391622	0.05913081009309689	0.24368439992278065	1.2176611346492143	0.16956112007407018	2597.6357484614464
-5823.086080472083	6.241640665441336	0.06435339836993528	0.6423779861495392	2.014229771977831	0.20647893509259624	2153.0239629299285
-6535.257552019371	5.136477332733141	0.043901049726596135	0.39343557788451333	1.486717971619243	0.15148577870854135	2484.7656732396076
-10975.854218442655	3.116155042527808	0.06612771216096401	0.1019181423873719	0.001	0.1695288257973051	3722.8472170491978
-7076.118480814477	5.346730867736668	0.09065071789692487	0.7678517836319367	0.8837366640829939	0.17295259600981144	1999.6003105383359
-19581.906989161987	0.5482521475134585	0.001	0.001004687958465745	0.08195832151699473	0.17590706891741523	5810.608712163755
-7078.86571489217	5.0292284446877735	0.08306278047150549	0.36851578198113116	0.5877849796492889	0.18683703383851033	2372.48782363403
-5083.09149147553	9.51362977175485	0.06698081650412846	0.8555967808299159	1.1822784130423862	0.18573095728950953	1550.060312112545
-5850.644869042057	7.034635778177012	0.08191112343979134	0.4088570038221839	0.7668745892056283	0.1853583960529573	2025.5620726577076
-15380.926193440624	1.5469641829365128	0.04225405746103305	0.06350632584590093	0.05330869276137746	0.14899504086847287	4859.459853327318
-11218.11272208203	2.8045558736279985	0.060643931400982995	0.11008729160758543	0.1106902147909032	0.1427833305083612	3800.0327646448927
-5936.008557425472	5.893401741248006	0.03500388969050236	0.49658884490053506	1.8415404179507568	0.21667627062870956	2320.1890037847616
-10000.03604254952	2.856180705639146	0.07097539985117854	0.26175490060503975	0.5753285389036263	0.19830280151885085	3261.413951184027
-14024.466724557566	1.733461980892289	0.04018075792663841	0.07327178578865315	0.28012335099064234	0.17465431106934887	4667.827959008719
-12047.933761285956	2.739953241017078	0.033455332034265844	0.05163877606008374	0.26850203986971083	0.16986679157168108	4380.215700445132
-5084.148843587302	10.443555453104642	0.054879760507151466	0.5743730316065778	1.4463240336201633	0.18798919213580237	1689.6291703178804
-19401.548967751638	0.7983475305421017	0.003321329537267621	0.003851849346320073	0.37746900858658267	0.1434654795513055	5802.47964151634
-9354.844465877659	3.220347910585301	0.08248674904542075	0.2007172247954848	0.47107740902571343	0.196514227214861	3231.6240470046214
-19194.31693908225	0.7953209426152469	0.0013801516981056178	0.0015208538893510986	0.09374346124569895	0.18578726045569652	5776.0260514378615
-9049.775243259804	3.5780866664020543	0.07612995887242129	0.16365415753148088	0.4378861444027833	0.15342039743927532	3248.8178772400825
-6289.772364699092	6.348364396023715	0.10120524118498439	0.5622756415772562	0.6709022584252874	0.18336758640734838	1923.538162109403
-11565.0585264297	2.5000091106139197	0.06131305554116626	0.11817317510943436	0.24457999979905715	0.13980921594350412	3897.0666343048406
-5143.002850300867	10.583906702678828	0.07680721763883458	0.656529303566619	0.7850536040484178	0.20496095245107218	1497.760545252581
-10932.244335090814	3.4141614588938634	0.046326223234101245	0.0714023385816733	0.18951880410369992	0.24120453084231339	3934.6017474068094
-5764.853397072085	7.677239017972348	0.0586394517320722	0.33568621966710216	1.4129344525623746	0.15748345927783614	2168.119397876263
-9518.60336717006	3.2552972860476963	0.057953495864617746	0.1199561106823652	0.6606626359284828	0.19714873566096588	3604.6151330796038
-5134.6596957589945	10.748713576074817	0.10227926029180219	0.7400601302648278	0.6337213942042405	0.19090000360428652	1399.8012527880842
-5742.00328719684	10.839286015410153	0.07612821756841398	0.32715108853231767	0.9589123930775156	0.18425643233278713	1875.4983314626274
-9585.909115491093	4.0456647994949	0.12783228976389543	0.1963107634540659	0.01015801377656478	0.1946468860585696	2909.8126637418504
-9552.446648622179	3.7806772445806587	0.0891119128847506	0.17864304988994542	0.06254771244550728	0.20539908945007268	3092.700929964797
-10478.767016015006	2.8925718897464785	0.08759259658079044	0.16554795049568727	0.19483011803622127	0.17832804047506154	3460.151292842913
-5319.613482413659	10.729954210014219	0.1410580944434461	0.5445157349346446	0.5131965821556723	0.20231496511246796	1505.486269641757
-5470.3715391767555	9.190144126050473	0.12098267880116517	0.6150509571178293	0.5045725370556935	0.18738870135095542	1555.8231483602904
-19234.43400644645	0.7650890196686886	0.001004872957608662	0.0010977159739102352	0.06914085901166743	0.18052738955344536	5774.5390283820325
-9877.634417543812	3.040970555853343	0.06933206710793398	0.15506923799236685	0.41029882689792263	0.1614563373137075	3480.869931502052
-5207.227346192674	5.682779324228254	0.02533744095464306	0.6971951061489328	3.3613950697069384	0.16924690042939022	2670.0983536778135
-4857.508640243261	13.346078381885686	0.0881500514281003	1.033684591932287	0.9258623474094437	0.18575136036196016	1215.3107884389924
-11004.249092293378	2.964455072683998	0.06038396653154538	0.09698337361738948	0.08182137646033116	0.21544203310565463	3822.279635836365
-8951.051636243632	3.5259720170649755	0.06472507947103169	0.13654264156598145	0.7577089677201986	0.18285974447391015	3423.188763818455
-6515.12205077323	6.977080523862316	0.1465426095706343	0.2910509162116406	0.4018689874881845	0.19395010576747038	2157.030431943769
-6251.075325120293	6.350766005037158	0.09782911518970959	0.3943325315592803	0.6209981893160591	0.1723657053911529	2103.139368539069
-8118.272493269808	4.722548155355988	0.10979630503146261	0.1924652503570974	0.27091216111836364	0.15251778923164694	2801.7641536152673
-19962.579771342622	0.4911257513002872	0.001	0.001	0.08577495954108952	0.13292997108244145	5825.920490850617
-4905.092324194448	10.774711979751327	0.058295737076974115	1.0122962765110302	1.4715287767320557	0.18230276278176702	1489.4303610348272
-7539.176868026889	4.378370371473761	0.0779340885464687	0.3852537957857316	0.7505016727336736	0.17664376213528446	2520.709430644484
-11784.642777980185	2.6978441585362294	0.034807666335759095	0.064095392592363	0.3364918991616022	0.14674208908355885	4254.711078709224
-8804.415473840576	4.379485649325458	0.07815896623138677	0.13055573534024917	0.18793533528902384	0.18835875049242334	3194.955662063817
-9683.075070840454	3.7800555715378557	0.09312372025745007	0.15022424387088826	0.035054779174979955	0.1769038288038564	3207.920687885699
-11409.652879514264	2.8444624934823297	0.06297961951942906	0.09153196008406765	0.06629144036544853	0.23216100332155715	3899.172697481593
-5937.29578040731	6.895605729286351	0.08114621844401729	0.3792180025306674	0.7476637814352286	0.1915809716364403	2083.0359219398683
-4920.024222201305	8.996814901478729	0.04064395553643701	1.48851240099374	2.2501043822016893	0.17422630628017774	1823.718352077996
-7167.421056944114	4.704048115138171	0.07407512414262693	0.47867817626967607	0.9446902257088093	0.16762010299769625	2362.4875610837807
-5694.200372242979	8.804374768449701	0.13071215438629286	0.4672119697759523	0.48778256641052564	0.21927032517538006	1716.7434289604257
-5691.5040365108	6.110487841620929	0.04006768612496137	0.5509964492190674	1.885918515421021	0.1688849371364859	2244.4384368928527
-4987.667551203905	7.354258508869018	0.04054034422848985	1.3431103612333641	2.6630189923403598	0.16571124076083624	2139.570701295107
-5305.4978695928785	7.840351377239894	0.05193421622838153	0.5360603204747973	1.5826788875138948	0.174550090652972	1955.8986623998353
-5039.3136625987145	13.296270450256328	0.10185689692516309	0.6699718827127847	0.7276047449689429	0.17142130433269803	1331.8170695816227
-8211.472182107647	4.500406816811183	0.0894420578678456	0.1989558691050832	0.8430687034941029	0.1174970807520525	2882.888538044079
-4991.499567676279	11.171363512716308	0.08917228047480366	0.7540717865799121	0.8820167492088197	0.1789255312993469	1416.0039248987755
-14946.966897865874	1.5186871067524694	0.030371389589820542	0.05419059981325046	0.6361549626741344	0.21001721762631356	4989.607431479587
-4838.511984982505	14.233136033467948	0.08484862733058515	1.1493808248860113	0.9569628946382586	0.18414191839061622	1159.7364380256017
-8419.574777039585	4.890961351513466	0.05986630390977814	0.10872696469838498	0.9873069521726994	0.20758386749285768	3308.2910999300484
-6582.330513147496	5.469739566240728	0.07005329369633438	0.29952899176653397	1.2443592316727319	0.15242529364452082	2494.104155612189
-11074.354142936749	2.2192982531037906	0.04681591869367341	0.17010010635201148	1.2822043146343038	0.16726033092021336	3959.5058336900697
-8917.076269475943	2.6671334070193207	0.02912059018592243	0.4721582574765673	2.2741014197365415	0.17563255353059104	3508.6523213186933
-6073.638294362985	7.060711718955925	0.11064193719607801	0.398001779079784	0.49138241737763705	0.18525059613828287	1985.356884895955
-9232.170894045104	3.460001581955428	0.09430572893919212	0.23975861927916362	0.30657286105642934	0.1938647797612483	3008.6467302381698
-7176.349912593934	4.762599955460933	0.07949629972886785	0.32735702450269805	0.7257223206243619	0.20552038255387325	2515.014372751976
-4928.030606580208	10.62521534990795	0.05873063298203034	0.8291761725615029	1.4433844693535969	0.18336886463176216	1544.7557066062318
-5675.1055388033765	11.55971590022667	0.13864360915921883	0.3961249562326024	0.4525791425206688	0.17066197290803461	1629.8608527318029
-9704.621851939526	3.337131490107421	0.061763508979801526	0.126648115949008	0.2985081450530329	0.17091718406549514	3517.365542897371
-5074.212032522626	6.7341691554912355	0.0269998809351797	0.7105196838444156	3.253658240955871	0.17445933262295965	2445.5898817013494
-5240.171229978751	11.787701565677157	0.11063558584514091	0.5276029851003674	0.559873995999874	0.19280625802836557	1484.0269577009276
-5506.263609445379	8.303984461696725	0.0775381269922318	0.40856205846535887	0.9223552855387842	0.18968226336090654	1917.9404616857253
-5983.274733570326	5.887869888697757	0.03384872611792492	0.31820835592815144	2.384191016270772	0.1770295570372107	2596.9970909522376
-5056.197039719363	13.384085660414417	0.09269117431366793	0.6684742569891685	0.6571295868057259	0.18713609820443386	1322.763632017975
-15484.89950385609	1.5069133419705454	0.03429762012309197	0.05163279052762146	0.08440852441813734	0.1979002879175759	4989.07166368719
-5319.127680630612	12.35999664337825	0.12177915581753	0.6058232915589533	0.4820897177422639	0.22766026645926538	1374.465738404825
-6844.649499268754	4.875333768446683	0.07580483142869651	0.31536990299652456	1.428765247074882	0.17936302799980983	2591.1866103793836
-4872.296054525282	14.646777741992274	0.09374164220912852	0.9462292659185937	0.8828752495570878	0.18007928950944024	1182.3836446422545
-6608.381234874159	6.105275366545772	0.044192764901413176	0.20294600940509225	1.6686145104801198	0.18178741037799473	2722.255186614263
-5618.555955382016	8.806461569419804	0.07421363175805315	0.3573566029316075	0.9614710702379462	0.207769513850756	1959.4459727597223
-4879.1262792200805	11.810581544734395	0.06545836658690996	0.960334198987799	1.2653986161126218	0.1830372759265271	1391.9476260732667
-4889.359141642189	11.293886043534211	0.05874263431663668	0.9695807573843301	1.4234929263989249	0.1843368469210657	1457.9401779809662
-4845.476719965081	15.085553189292929	0.08822743184655772	1.1007242521591698	0.9544012016298583	0.18636862851653288	1139.3872457252178
-5984.017124693263	4.536096400508951	0.024915837897024222	0.5523518172182948	2.960274551444186	0.17595645278373007	2859.036131941557
-4889.384914007279	12.200586792163971	0.059417866980202544	1.732451812490825	1.5195989024646885	0.1788884850411051	1334.7362975246808
