# /groups/rgutenk/lnt/software/anaconda3/envs/donni/bin/dadi-cli InferDM --fs input_fs/fs_076 --model split_mig --grids 178 196 214 --lbounds 1e-3 1e-3 1e-3 1e-3 0 --ubounds 1.1e2 1.1e2 3 12 0.5 --output inference/fs_076 --cpus 10 --force-convergence --delta-ll .001
# Log(likelihood)	nu1	nu2	T	m	misid	theta
-3584.4835198772794	0.8151738114892008	0.8062355193227736	0.001	0.08045912430553291	0.13566526439337828	143.21664268818964
-1284.2964896109497	0.07276196994473563	0.09868550876319497	0.19384446707635988	0.5803361396807022	0.010852798839873761	410.364899924569
-1367.419108233928	0.08132489662192365	0.1064293790496282	0.14563593845891676	0.17818357831695628	0.010354861507125878	361.7682169334098
-1295.490988808654	0.13574823292951133	0.19569635271423827	0.5586563656620436	0.30758648128576294	0.015558581120016065	296.1209491216157
-1278.5607017244956	0.07699557219220379	0.10281565997944113	0.23216577557321474	0.6053673477230116	0.006183354716134943	412.3693782399856
-1279.0128079963795	0.08676644761843061	0.11890923685019492	0.27336633649343	0.5220889590966147	0.0042391158218153665	387.67449364420264
-1280.9276460705548	0.10446684166391172	0.1433558864206073	0.3874764195352791	0.4508399488974073	0.011642625401495719	355.8639603636827
-1282.7614282031886	0.05917011270187579	0.08013314788814198	0.17843927835405324	0.8772195936039219	0.0	461.4666104684256
-1282.1400096275977	0.09949970463635459	0.13677638225403882	0.32739522361412854	0.4400639966366907	0.011880500010527551	361.6660909234422
-1275.2275458789159	0.0787462918698327	0.11073284782553791	0.32575386232334175	0.6626392688089883	0.008681529495415202	419.06961132768265
-1277.4054985614093	0.06620928395596443	0.09069991946252966	0.23979279892529348	0.8170097061387375	0.0023094604668079306	454.23755356518143
-1278.8892233387144	0.08190602255304946	0.11985473364280576	0.3132631144329212	0.5630249715986435	0.029620097766895854	399.279431486696
-1458.6845467907456	0.057558760422338116	0.07877101000559925	0.08345026770293731	0.07888814657960296	0.0	375.49049552888863
-1278.281800561246	0.09371907701975928	0.13872440523320698	0.4186409500690864	0.5065445153248249	0.013358749505909918	373.04914518447384
-1307.7775459207971	0.09368711027099791	0.1277462793123336	0.2402097734719301	0.35877669922654576	0.07688592245051332	361.49505010515287
-1275.2425006608541	0.07663737823839188	0.10780302929054796	0.3135989645381175	0.6843313449553434	0.007989946651865342	424.77985310905325
-1276.6382145239154	0.06819932422536217	0.09448890930790069	0.2501526284591303	0.7775535394370707	0.0037095159893742384	446.67332188925786
-1275.3193633172373	0.0772836252697116	0.10836816019247826	0.3060698466032119	0.668856385679673	0.007813000736661501	421.53977320224044
-1365.5592545879126	0.05165887683846693	0.07871887286657235	0.10853873830884199	0.29000249045428506	0.0	417.6603036903319
-1275.2452275863538	0.07610208384818472	0.10701008107719608	0.3138455152163038	0.6927222485552732	0.008121728536934256	426.90150885443745
-1295.993868429254	0.09556623151693637	0.1275135523893053	0.23765435350903893	0.3578669721685116	0.003321712426988744	359.20663668126633
-1275.217711110654	0.07759270512368154	0.10942939595866075	0.3209236164990098	0.6732692633232	0.008238345125244951	422.00082811308346
-3572.315336903327	0.6217249551308676	0.7077284402608653	0.0037219260502760437	0.11375276795325727	0.3045286767897016	141.73486501416787
-1279.703786970236	0.0654477713258687	0.0890341190680603	0.1984384203184862	0.7466395939626169	0.0	441.6061543464836
-3295.2660140804082	0.0011616039227867626	0.4553557475962094	0.0018022387165742622	0.20012138084825926	0.22651749463434523	166.15569449631846
-1275.4000720594288	0.07601054119036892	0.10621453825279407	0.2943059385479297	0.6827544630162038	0.006777360312926856	424.67115003755185
-1275.2871918174753	0.07538684361556681	0.10908365854258768	0.40618243242947755	0.7171879072627729	0.010099405224715122	436.26850385300395
-1275.5015443593675	0.08141279361853603	0.11856274799793962	0.4702414345224439	0.6478289184470893	0.012068997875665097	416.5262272545875
-1277.4077095689513	0.09124906471759932	0.1272447711135497	0.3438228349523574	0.5277828424180893	0.010209322029919601	383.01939958687814
-1289.8472284042698	0.061072263966157794	0.08170487382462699	0.15219679023299093	0.683097446052984	0.0	435.7280122788673
-1277.1761303745247	0.06938655608811176	0.09717079566315358	0.24303164798924765	0.7717361573439517	0.0006169920016264911	438.11776148157344
-1276.5330358617118	0.07314778613775981	0.10089702607338745	0.2524605636818114	0.6734486128718976	0.0011715231340930596	427.393539039528
-1276.9023786045925	0.08864097241686034	0.12507818907122673	0.6286041322597011	0.5812999031327447	0.01745766828514515	400.0703528951838
-1295.9692233896	0.11872335431258654	0.15788691795574777	0.34098042829959985	0.3181912030204837	0.011474026354863118	326.9445825257762
-1275.5100991585712	0.0785163859822971	0.11538372542874481	0.5395656154483277	0.6791509081546522	0.012273586265219268	428.9647793621262
-1279.9511681155857	0.044743502643950696	0.06613735690000323	0.47678458139788055	1.3065794921948932	0.004328884679141747	659.8276387058264
-1365.6530727745806	0.06060694653692091	0.11895518846333487	0.5495994606637017	0.8901408179648271	0.24882481210824345	466.34796777069073
-1280.8187673025113	0.07264017754407434	0.0951635552647621	0.2022138939552281	0.6337564065930699	0.0	420.0270055345236
-3655.503585878661	1.019871910071116	0.8373233879708871	0.012737827283380557	0.06276897829118565	0.15548566149082022	131.6194116978021
-1276.1231093121164	0.08769491231620458	0.127129819626222	0.41680619569717525	0.579466894818632	0.012619989148415308	393.68046127779667
-1277.8348658200975	0.08609963630908597	0.13412177634707248	0.44489891772105006	0.5709347804796858	0.026087125454608624	388.7374170963545
-1275.2242802739454	0.07837258115693127	0.11275698781162927	0.3984468256056124	0.6797074756359268	0.010653360841107407	424.94560637570805
-1283.4911564677222	0.08137817962776518	0.1087256226573595	0.21875113903752935	0.5114980511003131	0.0027590477913953314	393.17294635825647
-1278.2963369389497	0.0687739620493396	0.09364823024038531	0.21548197013099607	0.7107356660986069	0.003783203319632394	434.6898277291308
-1277.5968787000754	0.0677198847514368	0.09265324356999607	0.2276002665818073	0.7777452487688147	0.003081587399537153	443.4893582449168
-1278.2686999456282	0.09342286317538243	0.12976439855809357	0.3605455330666367	0.5047339600755383	0.01254649546846679	378.98310181679665
-1275.238237224395	0.07754569146492324	0.10883268944504218	0.3201166814135285	0.6709081928070928	0.007429869985982833	422.7078900781619
-1278.424034473959	0.08701542665373173	0.1201635734297477	0.2853922652307187	0.5275469539834675	0.003960386525752999	388.140892284444
-1275.3296387037503	0.07917011728037777	0.11482380079323114	0.42853986298277363	0.6704672049751118	0.01305779531961698	422.938211496954
-1279.2766390709414	0.09930169981785898	0.1394986690262731	0.3934632206767297	0.47845015634296456	0.012357390935582913	365.0605139166337
-1282.913302684035	0.09225004189910437	0.12488708237769747	0.27475718738844895	0.4530853150416261	0.005086097808506783	374.10637638061104
-1283.6431843196353	0.07386646474920688	0.09918193832276771	0.19445188996806362	0.5799824773013986	0.0022360101910427876	408.2689002626549
-1336.6243563123594	0.048801086281284364	0.06132336965317516	0.09099552585824942	0.5740197563433336	0.0	438.46364563886806
-1275.9284694269763	0.08695304669812688	0.12480913212132906	0.40125893476787566	0.5889609847530491	0.013450848373919667	396.5453357160472
-1286.3378126368766	0.08088623612721244	0.10755334412257833	0.20853734801385582	0.4884458438984888	0.0	391.6829822511253
-1412.5256338767672	0.07912032294354956	0.11612974357341785	0.40017838150301865	0.7034788985722851	0.37140167141669633	420.6673493608232
-1437.212669863848	0.07084287663305303	0.09466440379717898	0.19533932866608014	0.5837098515376968	0.4003754913268357	420.16044624287827
-1282.227581558435	0.10875043174004055	0.14816838366291005	0.39564833233961627	0.4341979500859222	0.010513600456723152	348.05141409553653
-1275.805065741398	0.08637257151398511	0.12356181311520097	0.4264923105977614	0.601005714791902	0.012969185644689437	400.50549134452774
-1275.8607344624393	0.06772026462339721	0.09960429078704965	0.471046919189883	0.8168099098801037	0.008973130907384278	473.6153430298644
-3676.2384197641986	0.34754855365715726	0.0918407954287967	0.001	0.10060244622339004	0.1576882218721347	150.32881845065756
-1276.435998007787	0.0850211208635975	0.11634627222563464	0.29573404897911887	0.5988020706925318	0.009854692272160683	398.0407131613116
-1280.1703835698559	0.061804232133802164	0.08393916694274606	0.20050285833995277	0.8622401936278894	0.0	460.2064512051217
-1275.6541198044451	0.07269352837716159	0.10139319766492609	0.28001663027234147	0.7237293982806429	0.006717825238787133	434.7467909286113
-1276.412243111424	0.06945146641251759	0.0959852955726878	0.2534799212578342	0.7606682949349559	0.003730573668858565	442.74804446096175
-1275.7678790851342	0.07138581792373301	0.10202191860792048	0.28284190825592814	0.7353765735747049	0.008050466240167394	436.5774058973429
-1275.307706819886	0.07964998454961526	0.11188254866833584	0.3243417039919974	0.6490208047200835	0.010137183892262931	415.7953827289723
-1275.4747984994183	0.07371524344275278	0.10319654620747701	0.29044021711114887	0.7139037622815751	0.0057992807953891334	432.3730389596795
-1291.6752742437013	0.06713808825821212	0.08950550709698954	0.16263648725066715	0.5602784641545044	0.0	417.3904645247088
-1277.1676008004044	0.09163980741058375	0.1290040815835062	0.3674346106814803	0.5324875524307983	0.01142589202160055	382.8537768006575
-1290.9833816088258	0.11251988892900754	0.1590794458757562	0.3368398137689686	0.36054398376274455	0.021582470680507785	330.9039708464132
-1277.0974752283237	0.08403950818298658	0.11557252731051446	0.28371600809345915	0.5659227744482213	0.007063457953207027	397.54422548144044
-1489.5662059011574	0.056836918933900096	0.08066680339494663	0.17980335863745997	0.929458127161042	0.48407893224620696	466.4640037630944
-1275.2762796055395	0.07990789206551949	0.11507872231576873	0.40721051625532895	0.6625074962251625	0.01097393864871511	419.8748238313395
-1282.0857496705635	0.05864855620865557	0.07870393737401218	0.1841349385216945	0.8589996956548399	0.0	468.5248154311398
-1340.8769509488272	0.16354621419390808	0.21727877261621056	0.42097833443680693	0.16568723284912779	0.022564146071872654	267.8627455183381
-1276.9106946349464	0.09062156307292599	0.130600247816093	0.3807236195588697	0.5440560871291963	0.013586543340416033	383.48076294207004
-1277.4059072041803	0.09433361097552771	0.13683100745227264	0.5153723450015375	0.5319651195128655	0.012824883287341226	377.88543088460347
-1279.7416163632533	0.07599959334101608	0.11006711134377235	0.23862478961062786	0.5725915891486842	0.0	404.95937977148367
-1277.0342931200719	0.09383522600006376	0.13041326054826485	0.40820287682989476	0.5394442499350096	0.012899640688048554	381.8968330881011
-1279.1441963899306	0.0959092053761823	0.13355523698415284	0.37039046451294416	0.4843410808884126	0.013099325644191027	372.83301707912216
-1276.0429232633412	0.06979196294200211	0.09770143527005792	0.27165911518637886	0.7654770094368808	0.004576178632177362	444.10469565328503
-1280.8894861368178	0.09224682149995277	0.1263744226110128	0.28888594973477133	0.47380896756212404	0.007181057462209911	375.13018605949765
-1359.5479144238134	0.10108569115074403	0.12619494418553065	0.20055006777598033	0.231680661754388	0.1342150060664608	343.94786469948184
-1341.125940176818	0.06603767801901714	0.1035417113718817	0.13163223567166027	0.3174039646748033	0.0	375.9290005942241
-1276.8877818568835	0.0885559983592719	0.12205381250276734	0.32616701250739333	0.5491430654578897	0.009050466349696926	390.3602090787823
-1276.3253494129804	0.08803375599288181	0.12913994107680227	0.5838378751404639	0.5878706622090745	0.014574283644679505	396.30779045433917
-1470.756398276369	0.0637475929688073	0.08525460622457072	0.09751747225773928	0.07234204450862321	0.10378130643395353	373.5080068255478
-1307.362594910015	0.10696071954908777	0.14114354626725026	0.26351690304880043	0.28397368926212874	0.0	340.31464875317266
-1276.4430724380077	0.07564232130504671	0.10385273679149379	0.2542290305452479	0.6565206073194302	0.005802487522490895	419.5705799561041
-1275.948032308559	0.07425755374245549	0.10278289179221406	0.2637995283708397	0.6872484305562412	0.004644262587150829	425.990863431784
-1360.4993777988188	0.058830640230924984	0.08056822116864722	0.10603637894726309	0.2871660073691184	0.0010959891855683384	398.58131862760706
-1286.8783038015722	0.08614635516772275	0.1258500685843862	0.25732192688956446	0.4325251465433907	0.006283475941106695	376.007184254112
-1276.405664988786	0.07453145593905923	0.10404768013405849	0.2545863204223655	0.6621172719600101	0.005068891615195214	421.0336500039337
-3610.136398593572	0.4110826063605337	0.4785335134903707	0.0027630781851584237	0.11049331069022097	0.13478474463964127	145.23408661091395
-1278.0664114955011	0.07474467340049451	0.10153483782617136	0.23369599995696924	0.6224889994445131	0.0017157168427282465	418.109396178134
-1276.8713880490063	0.07994459107864539	0.11138260152824339	0.2655530442913421	0.6032307000556623	0.003765580956920956	405.0827633889815
-1290.0373147008622	0.11426563451452176	0.1567420963906892	0.3727872304535724	0.35319664957149577	0.016143382699747185	333.89684256318304
-1275.3178621451743	0.07923302474306522	0.11486490662902779	0.4326121751652412	0.6710941063836059	0.011477208046363034	423.091702475044
-1275.4482272449857	0.08231243999804455	0.11619473916280754	0.3437368510622798	0.6218522760331591	0.01024478958898873	408.4743364747194
-1279.423321518585	0.06664161037089565	0.09017837676933405	0.20160596149590246	0.7438886262533715	0.0016516271540651106	438.93211224927444
-1278.050478769914	0.06285864953895491	0.08824590438804862	0.2577837866331602	0.8911245921771219	0.003643227528460089	471.87481307602036
-1484.583576871623	0.06930694829141675	0.09947776433601055	0.283027843338429	0.7529861368527732	0.4859804959467382	444.1998714666274
-3627.6851388974314	0.1340730392164822	0.17490228955644313	0.001	0.07700446820063575	0.48393930581659317	150.7583451829412
-1287.3981362477364	0.08994944079650546	0.12081406252459954	0.2359244714863561	0.43356678906087076	0.004353879845954869	372.55562284351447
-1278.267111274719	0.06498778952451191	0.08916710009572866	0.21784120465540585	0.8019143372437335	0.0006812926219045736	451.083007073659
-1275.3486863717928	0.08066836294284789	0.11317292862901066	0.3268337418270602	0.6386461320778742	0.008455971378998223	412.8475217793929
-1275.689625035619	0.08432778832661045	0.12061015334944215	0.3529200300552312	0.6044699688603886	0.010219801142631225	401.1009778001294
-1279.2164293176213	0.0959556321213871	0.13359271458189365	0.36834184237127293	0.48722994499448447	0.020103792011340497	372.67672204368876
-1284.0484611685984	0.09430530063164017	0.1281442050456657	0.2765895188658267	0.43710807223118603	0.01060671211870878	368.58565363005664
-1278.199518689535	0.09454460861556718	0.132023976349234	0.36314841032563505	0.504020966256736	0.012114999771037308	375.68542448053506
-1286.6937960399114	0.07289943424195047	0.09548480446830941	0.18634444889736435	0.6621421250497762	0.021914576721180357	412.310357252456
-1275.1690372574444	0.07773107242710982	0.11040007599371573	0.3448046269669948	0.6780564614198317	0.010137234017643293	423.7050189013562
-1456.2520337765443	0.051758366262975655	0.06881550917576554	0.07764637111773975	0.1301640085563372	0.07947978137366882	393.89524556440534
-1352.1891741593633	0.08844423743751649	0.1112488349978406	0.174872695247093	0.19512657470407202	0.013085549170020626	362.9124714095728
-1278.4565884190413	0.0662005442303457	0.0922076469004591	0.2132112976548583	0.7610584725894176	0.0	441.1865277261139
-1292.5157583646246	0.09336573609073015	0.1257006624532194	0.23563643538856957	0.386203503054566	0.0024442132839468797	363.0860210059948
-1299.6172303087883	0.08664176463955363	0.14786613500030266	0.3671001476327739	0.4334680312921505	0.08025883803595776	366.04674189005414
