# /groups/rgutenk/lnt/software/anaconda3/envs/donni/bin/dadi-cli InferDM --fs input_fs/fs_073 --model split_mig --grids 178 196 214 --lbounds 1e-3 1e-3 1e-3 1e-3 0 --ubounds 1.1e2 1.1e2 3 12 0.5 --output inference/fs_073 --cpus 10 --force-convergence --delta-ll .001
# Log(likelihood)	nu1	nu2	T	m	misid	theta
-7617.800370535318	0.38350000960492836	0.5214096626373079	0.03661322321670162	0.8811873346035367	0.13034790876234872	855.0477956485109
-7641.0376032131835	0.33274739114855767	0.4502278150959555	0.02967757581259419	0.4836709653059768	0.13263559475875358	888.0676043975968
-7623.244119138258	0.3595004006844994	0.4416711260379754	0.03204390869456263	0.8703401826219096	0.1174702768282722	883.6160282272904
-7595.726667587239	0.3466342141847427	0.45919085593581127	0.03391202701764747	1.2144891085881382	0.13735823465482744	884.45309059329
-7650.695140595201	0.3244004136876731	0.44147305025696226	0.028281265020449604	0.336551979737568	0.13743843445962528	892.3449543202421
-8125.311523708586	0.30347010032394844	0.32788152825120964	0.03067836112446757	2.649861081814677	0.4000250212443003	947.933455624115
-7562.020822455548	0.4252905882502666	0.49831842119243164	0.04733227203225039	1.8637248332471568	0.14166156223394616	851.1068246341799
-7512.694886385497	0.5163306841997439	0.5837224412750066	0.07796827475958279	3.6164785277135936	0.14588817087398565	796.1237358939679
-7623.77515595092	0.361640687352924	0.4782215060417966	0.032538209928416606	0.7585577657879723	0.13506924207412574	872.1488075274078
-7666.186515403095	0.3113983835163807	0.41704797983233616	0.02610942143502468	0.10810903419848018	0.13589478746691855	902.1055758333092
-7671.285835687433	0.3048878953516084	0.41180150775519475	0.02565208389458077	0.03377818364104798	0.13364247103278853	905.5927912947599
-7522.2522138025715	0.410378632035848	0.534628496863054	0.05385805091170587	2.5593364088423303	0.13700425700569768	846.0291409596612
-7569.332128680433	0.3819717229576287	0.5045036157539164	0.040691957302031054	1.636134973389081	0.13773875627527352	862.0170672428926
-7631.638290516977	0.33919454521354114	0.45356120260978966	0.030390555722868882	0.6260231176514788	0.13783486140025733	885.4040595791225
-7669.187049352848	0.31747879337704804	0.433424121999574	0.026682750853871017	0.05937152601614303	0.13688425873780605	895.4994086317512
-7658.624904845486	0.3193573255675791	0.4357366866515855	0.02744932961593628	0.21759211167847833	0.1367106024234708	895.0278803288307
-7480.212715486012	0.41624719174808106	0.5678791747428168	0.07445712878382299	3.8274725006138817	0.13712888123384354	834.5201394486503
-7573.97916434502	0.3782535956633013	0.506020042044868	0.04005553404323368	1.5566093170260815	0.13438758738344683	862.589393420311
-7570.723658705898	0.3648740236027319	0.4935675688570982	0.03757214475833059	1.6426881671109963	0.13625721512552585	869.9116313634034
-7477.70406421343	0.4276844865698873	0.5111290623193563	0.08583721573488869	4.095738631075717	0.12029008151975629	850.0885721808354
-7661.856301476783	0.3313757042861726	0.4453356762506726	0.02813969695622138	0.17461676796164163	0.1328267419907368	888.5522100396661
-7472.819119160374	0.38694353543353843	0.5115752272900859	0.06796784007715916	3.9942239362536354	0.13598055916713866	864.4435618289042
-7625.444871518146	0.33690432084456123	0.44363712059531224	0.030567462808256767	0.7288835311199451	0.13905034066639618	889.4073855082173
-7670.128823275985	0.3088768279468752	0.4254745202954483	0.026071944437103686	0.04569851611381397	0.13649084038828518	900.3503464623147
-7673.074031709162	0.3127948008303517	0.43044651075031765	0.026237232793767114	0.001151121116733069	0.1357815753533869	897.5752986755137
-7666.190772889683	0.32016549973367536	0.4404995233442247	0.027238272974627206	0.10553737088086781	0.13738332858382804	893.0423774315257
-7654.977047498767	0.3180084372764756	0.4327373084150659	0.027507608490887427	0.27367518109896305	0.13634500047915643	896.512308408077
-7665.629875570415	0.3161881101187172	0.4278894800384625	0.026376591755667464	0.11991075933428799	0.13187059609371074	897.3017610866146
-7647.956015007485	0.3146115102205676	0.3931573326904478	0.02681534192170548	0.4925582358644823	0.12067766315310133	909.7463256161926
-7661.514491467491	0.31056340218335493	0.4188805885744876	0.02639425967500013	0.17975814075428045	0.13526230163002123	902.2339071630647
-7658.708445893464	0.32298498327990827	0.4431468357977171	0.028055097841819737	0.2206127540356567	0.13193039552056873	892.114196239421
-7668.774752299113	0.3171665185277014	0.43356358539872325	0.026663883003791595	0.06546939386233049	0.13662625178709895	895.5476747542148
-7479.496279788447	0.40473659738969536	0.5028153135731018	0.06537914406378972	3.765641702161285	0.1382055376374525	860.0714491280122
-7657.553884288091	0.3484988095536394	0.47270701885080096	0.02920812609617264	0.2758816224527621	0.14353821237857528	875.7152590490928
-7664.417867144969	0.33126996640385353	0.48138689195200723	0.028696925285937123	0.16430981130365022	0.13445328589170671	878.7036031079533
-7512.080589462736	0.4105246163069275	0.5343714525797527	0.05674340863261477	2.835802435184113	0.14900648056201263	846.3568748111804
-7542.123647592925	0.3705444748552227	0.49947016965825064	0.042665336707278484	2.1683582471732747	0.14147182494725905	868.3076912929058
-7611.5373537984615	0.3560288154646044	0.4783064976328928	0.03402035958888563	0.9408233045580433	0.1373691377983101	875.1479487012481
-7665.561405147953	0.3146874471026582	0.4332612051325164	0.02675737054582284	0.11422915466938169	0.13456067702320398	896.674576697718
-7517.3702183606565	0.3680843932524721	0.5069286092588942	0.050307729171485786	2.78039302958012	0.15124388662369634	869.3804113094795
-7667.651241005626	0.3305286692840481	0.4494034141694015	0.027679535839292013	0.09378125898915299	0.1408188489516974	887.1727898801071
-7668.98632765673	0.31239630448301	0.4270818293970132	0.02628128650215018	0.062189046073840466	0.13553460788791163	898.8133879040566
-7696.896723108446	0.33272598842741463	0.48210932532287476	0.02811512399628115	0.007250871882478501	0.18002153973232457	877.5401287758737
-7510.406923465564	0.4013576804625797	0.5247908172975827	0.05436017087389218	2.830236818929305	0.13692833287006742	852.3081752514295
-7669.96912831594	0.3083076992906016	0.41744268925682965	0.025159261774472936	0.06836799367550912	0.13461956474284464	901.8276187272559
-7669.739476257215	0.3296793420585701	0.44672552236878005	0.028688075827882884	0.08261598485273548	0.1332794814752528	889.2871806066821
-7593.516708352412	0.3785591703381721	0.6621693106334942	0.04610818056179691	1.6480151822856228	0.13562910734328457	822.2824996198115
-7474.297328097247	0.34434934932427336	0.4606648942664434	0.05313024811462818	4.36936265822527	0.13311721174276223	896.7942807777775
-7648.963255003078	0.31038884814389306	0.4307259056779303	0.027480196480899784	0.3807172636872194	0.12987641194451152	899.9288382322441
-7593.394848257212	0.40416836199741074	0.4692763890778291	0.036832823582265146	1.3749545300214412	0.1465198606431175	863.6921549792576
-7654.403222106697	0.3323796740894451	0.4614726634589162	0.029507000435586433	0.2993433935831574	0.143935462628717	884.6872952050301
-7509.361944444024	0.39185624067916724	0.5095779587382628	0.05165224440073891	2.8688643982854805	0.13592106580883506	860.0780481336078
-7660.732475514761	0.37736778765828866	0.5609493938376043	0.03428456719480649	0.43002839749246735	0.15984088187190562	845.9454883656953
-7466.2714068572195	0.341705007873674	0.46397856024039563	0.05818843795938488	4.723333155678301	0.1396928633256106	899.0477892521865
-7547.93737311166	0.3865076966180595	0.44572706677388624	0.041285966356441724	2.619338685765075	0.10443456074011037	879.4450145164749
-7543.196734471925	0.38063140529611283	0.5153545064279244	0.04480408056495049	2.123519981259634	0.13535032689315438	860.5392184194059
-7466.988947905902	0.3799739475972603	0.4878044882676481	0.0653831189466925	4.350235809417162	0.13973510320774168	875.5598245844586
-7617.905665557473	0.35956863491078456	0.4853201646551617	0.03359015755132855	0.8419793060140126	0.13806006816426805	871.5397883256163
-7666.950930838569	0.3147785667073977	0.4294772780372058	0.02651461503657156	0.09308387524946754	0.13479871048519446	897.4944015639666
-7659.067873850983	0.3073990968332207	0.42497612329140244	0.026586111610430552	0.21761622695147434	0.13489612249389618	901.7485293388872
-7552.993172078224	0.398932539022091	0.5168690085949007	0.04529001510978954	1.9325738969241324	0.13783916584847541	853.9136664251606
-7617.509550614764	0.361567184448229	0.48185227158780164	0.03495353459435117	0.8622818009520614	0.13878533572872176	872.6461707972342
-7657.29953442394	0.3495807435433956	0.48296237409344833	0.030508113245387002	0.2670834935558877	0.13240399399358402	873.4214781200086
-7640.175516420402	0.31764486644699186	0.42800890468521036	0.028324332242008303	0.5115337167389743	0.1322611774702677	899.0833201737624
-7496.270836771868	0.41045098299688226	0.5200154430030819	0.05964892205064441	3.2122580224011115	0.13805942525445233	851.2874638131732
-7613.160432578139	0.34285355191597366	0.4586898014685885	0.031794977572470656	0.9503294448798837	0.14659046451023258	884.0917369246743
-7664.300289830069	0.3284868585370817	0.436990293161441	0.02776381365692826	0.13656781688480785	0.1353054534465511	891.6968957307266
-7532.03006466552	0.3853367556769445	0.5022276768681824	0.046061356587856546	2.3533707791361564	0.13703047193289242	863.3076642926068
-7574.210622391719	0.37367643348822194	0.49797473360330186	0.03935606114459452	1.5534484457355129	0.13514730242264594	866.2703165532407
-7485.869591255953	0.44356374952686606	0.5830128134823656	0.08250171631724351	3.7003665626883495	0.1390783397152695	819.5345182706316
-7470.515419733514	0.38420201228742507	0.4964425049103927	0.06531165455905094	4.1261698999715755	0.13714696586509778	870.5657243511862
-7670.3444359538435	0.30642211443964457	0.4132015485115735	0.02566052169104341	0.04650668910892979	0.13787774170763498	904.5767467819361
-7447.371754262426	0.3424508356668162	0.4462520633205064	0.10169134060102278	6.024628982799819	0.13723138943309554	922.4050607648687
-7661.434928982135	0.3136760249473048	0.42216468427250203	0.026716350079495584	0.1868898073934356	0.14263541162368448	900.4553560912775
-7668.957327877435	0.31246731659856264	0.4248671328309054	0.026250314765315964	0.06273582818843908	0.1360613447776275	899.435862746911
-7596.682850922008	0.3788709251087052	0.4957777978158529	0.037050112987422	1.1958576284321594	0.1286819518166046	864.10849075398
-7670.029780961295	0.311413602275589	0.43272595003727465	0.02627737982680755	0.04758303183240029	0.1357435948311402	897.4364883567843
-7669.549244707158	0.3182630069977063	0.4371475083622764	0.026586279888338823	0.05646581322903014	0.13680281164883146	893.9808940668975
-7522.4883308028	0.37953080774054393	0.5207007513900205	0.04600980235171688	2.6776344876742293	0.12691726505878836	859.7276792758234
-7510.637302697019	0.39934939810514053	0.5244476377096706	0.05292722686879545	2.830930079073295	0.13813517521530871	852.9277035319301
-7535.464911863463	0.39409882124599194	0.5301249158294414	0.048692200163505985	2.2756985253755153	0.13861878902529082	852.2788327616546
-7465.591184591747	0.3589967184556247	0.4689220830623194	0.06405192730805236	4.46364122058785	0.14113373562314258	891.5315383676021
-7613.722053069856	0.34549295146645315	0.4572413085755801	0.03205536496909502	0.9147690082949316	0.1353580498719088	883.7624118606262
-7598.752430933726	0.31417207325617535	0.4623483763952231	0.031829587715060656	1.2375384844182147	0.13759344390279615	893.7531084173194
-7465.116147137302	0.3775220460850507	0.49561158377273795	0.06949978887266778	4.363233832115852	0.1378535262364609	874.583677930191
-7559.126985650509	0.3883996740937482	0.4994818346423259	0.041943530363003266	1.825685281664854	0.139737009490342	861.788273010281
-7537.922327988079	0.4043377098508868	0.5252069044882736	0.04895054603386808	2.225197525154796	0.13881422545756078	850.2936996663511
-7660.895331811383	0.33107418260897115	0.45971181962807683	0.028439372604540766	0.19118829361929218	0.13729627331770075	884.7118922200751
-7625.693660921402	0.3400652952385941	0.4309322385697801	0.030266096521775632	0.7419241593546813	0.13651122146473219	891.98793553056
-7662.148097853667	0.3242292134378088	0.44275439573894826	0.027543484826423496	0.16575721043204608	0.1357724928455414	891.2381701138927
-7456.859539160803	0.36164778228589545	0.4528690601555555	0.07259359999539576	5.020060338502442	0.13566191893857002	899.9465665826433
-7671.697392100509	0.3180527966620694	0.43812871877668685	0.026789592436080204	0.030710392625183415	0.12987026067221924	893.9952081654731
-7473.982378632689	0.40312816399550316	0.5240276342400394	0.07434976081755244	3.951780729187209	0.1347725227473267	854.3179975180134
-7616.603239318368	0.32857811126110986	0.45979663770114143	0.031598777592843436	0.8859162777667295	0.14279794323437667	888.5744804548681
-7507.431989576626	0.4086151011556658	0.5452427851378235	0.05930588629202275	2.919701787993538	0.1368628875287666	843.8592266793192
-7501.276458260152	0.39889802980106903	0.5243037246999978	0.05538783524601713	3.0844217107305227	0.14204291007499104	853.5239667337886
-7645.52195234225	0.36317369102395786	0.4497455950435885	0.030721487457933665	0.4489079734321322	0.1360202652445467	878.5731936238632
-7671.1456457669265	0.3178306327318074	0.4419644386420595	0.02688486054446894	0.03366014085710681	0.13786525896954802	893.0364787890109
-7673.116177686392	0.3134138179318382	0.4211133555031011	0.0259407094480625	0.0021309297389053438	0.13612757359207447	899.8724397563245
-7665.947965659548	0.31000033682982586	0.4564849994225688	0.027243154075724547	0.12749816196860675	0.13570734783105506	891.933468379565
-7531.156839563341	0.39757171526181806	0.5209409708915977	0.048501400761815354	2.361643349954514	0.13486615169141808	853.8386453952476
-7580.997033960776	0.3320715176190885	0.5558645248876588	0.037813485542968865	1.7334813870556445	0.12397870959322628	863.6697211281312
-7505.668104604626	0.4234856787826357	0.5560096337333714	0.06568963109495737	3.0110067791775816	0.13990159505692792	835.5138434035593
-7528.508879886086	0.39936717077541567	0.5234746455980702	0.049529059079656816	2.4163486252905413	0.13764322685680958	852.6340222888148
-7667.128355462026	0.31585876064237145	0.43478951729264875	0.026769007082548178	0.0905970606457109	0.1374421999591096	895.7893804901147
-7565.722050129334	0.40135047201253815	0.5401147490708174	0.04505012676539819	1.7147448640937617	0.13730483159013812	846.3213750282482
-7446.421668592962	0.34663998963230946	0.46142968560066083	0.12120558233626096	5.98430443899662	0.13431269858073883	917.1106567995198
-7667.564379454703	0.3065223084588717	0.4096411585687629	0.025737077630250516	0.09137597892138886	0.13660747714510046	905.789406978019
-7509.151634524284	0.4033900257165846	0.5287201028351447	0.055440892285499074	2.861777847757273	0.13578538896317785	850.4987081417606
-7665.651763159333	0.3209514691564122	0.4370220516655132	0.027135733894469275	0.11254796363466747	0.13593835760386597	893.6895182285599
-7610.043042229531	0.3618610282631324	0.4896222486870438	0.03446896732814853	0.9710057678912384	0.1413675839884251	870.1719453703328
-7658.459568227288	0.3319590877752942	0.438631364533364	0.0282518559629674	0.2237422507439338	0.13624834085517007	890.4831443321707
-7526.272134664462	0.3955117960610221	0.5196253756846854	0.04955676491622868	2.4652192412957405	0.13759037869332433	855.1543538942547
-7547.052684420427	0.3849493256135671	0.5050049743112184	0.04630373258068278	2.1593059069571394	0.1578347864224481	862.5953603801709
-7668.916540081768	0.34120372748949246	0.481827946390445	0.029100011866239034	0.10144305119416058	0.13745463480137785	875.5480006251213
-7569.081323716005	0.3684987504913699	0.49815651739710215	0.03955796874963026	1.646395155883057	0.13606690021367251	868.110268086831
-7575.985190906764	0.3797764612772601	0.5129777997399574	0.039883071917359895	1.5237341379888223	0.13510620680984062	859.9899288537616
-7619.348101353363	0.3777107796593458	0.5306760327958955	0.03678594477632411	0.8614336211679103	0.13908156731779459	854.4100128761523
-7571.419341984978	0.37992708935497926	0.5427603415694532	0.040454819056363785	1.65844153593048	0.132259847535093	851.7846785639904
-7472.279838159454	0.38553600832544654	0.5605439744696469	0.0759117471069982	4.241178961566508	0.1367115165382312	848.8564840436244
-7445.836374259266	0.34180156319065946	0.4444459186164071	0.12610243819483907	6.180810719246079	0.13633531022630138	930.3525214258626
-7445.368504925415	0.3523684980093649	0.4386435017197587	0.17708697122646896	6.216306172283372	0.13942282424943425	937.3248981078714
