# /groups/rgutenk/lnt/software/anaconda3/envs/donni/bin/dadi-cli InferDM --fs input_fs/fs_022 --model split_mig --grids 178 196 214 --lbounds 1e-3 1e-3 1e-3 1e-3 0 --ubounds 1.1e2 1.1e2 3 12 0.5 --output inference/fs_022 --optimizations 100000 --cpus 10 --check-convergence --delta-ll .001
# Log(likelihood)	nu1	nu2	T	m	misid	theta
-3819.7142795551417	0.02827947923605873	0.2195878680223166	0.03833192602361775	0.20616689755834527	0.25897694256384846	703.0851700364476
-3838.1253250982227	0.028695152314608872	0.23031681313228788	0.037778984877027806	0.15036426367551478	0.2634057357692671	690.2762010969733
-3732.0251653098935	0.03512125416341499	0.23184226154057977	0.05568062854706396	0.6549120672543635	0.189934129466498	728.957691948903
-3818.2220311690025	0.01990728979745527	0.16760183846910992	0.026367714004552824	0.20119285791482686	0.27871342332186766	724.4948102193181
-3776.1462883749527	0.02711203537465483	0.20250975146960376	0.038388762587781025	0.37319530682056007	0.273678758164802	723.5085158413359
-3893.0751421392815	0.0175877362759593	0.16004249110660762	0.022633497482914693	0.09650897464291325	0.41203601640077164	716.3104303304498
-3811.7589463289296	0.02391916977986669	0.19539643771699977	0.032413655988151345	0.22800566086464108	0.2822295086667569	713.4504163363326
-3847.0673009601514	0.017566968045608176	0.15171256593358934	0.022571479616020833	0.07380419291570327	0.2664759846289195	727.0019001387413
-3741.8150542077356	0.03286760788396046	0.24405636683633417	0.051193761514374894	0.5249146110511591	0.2578353963720754	708.5907619002069
-3602.1287246649126	0.03261382315259346	0.24406485199009703	0.07312337364884197	1.6270028399093668	0.290131844409227	758.1696519664605
-3845.0528146731963	0.017129282592929847	0.14991908415127397	0.022205721516025838	0.0823752937338274	0.26744088639199964	727.8920344461238
-3804.41338494082	0.02148100772598626	0.18474126206883612	0.029171959897815028	0.2683603579954549	0.29554097705371196	715.202805494259
-3736.0200429262477	0.021909889902780155	0.17785528111365698	0.03232989022960889	0.6782294576115455	0.20203960569874235	737.9508489527066
-3834.9743771397066	0.016588503282467557	0.14731152259100624	0.021501571482109717	0.13329112881692243	0.24651134159163593	727.794158970811
-3744.756022453693	0.0252999466429763	0.19605261790900871	0.03638246997703662	0.571241913876828	0.3167638165121971	726.627627267005
-3742.256905064995	0.03815401077282176	0.2650916484918793	0.060299433611515185	0.536734825763211	0.24458007893294376	700.9190644326236
-3907.0994185712157	0.024507012016076368	0.24070478488365243	0.033407900562238	0.2546286815143011	0.4646123839022425	672.4802557392657
-3794.463696114789	0.023213013543029803	0.1792279608424345	0.03146013670286368	0.3030627418098957	0.24815156174283348	729.6350222037213
-3862.623547583601	0.011339742533047984	0.11175430035009783	0.014474295234976486	0.11660435287687872	0.35220402099390746	733.7864931041513
-3735.0400127879093	0.0444943764618961	0.2977988949458117	0.09808209556860195	1.13479970058248	0.4467195269023813	718.5538744559111
-3737.8548970833854	0.027012598238351608	0.21040345067835609	0.03940904906001589	0.5848943828446049	0.22269046693281705	718.5598655504979
-3773.8083040871875	0.035999013099464176	0.26597043535777326	0.05316389302851824	0.3971185428110861	0.27211655103171467	688.3930068566913
-3847.12563872698	0.015617783405320135	0.1403769898957366	0.01999306698646532	0.07185595898210322	0.2691694842839378	728.6869193185929
-3730.8467462117464	0.03525133375155497	0.2593729236808296	0.05574112015191579	0.5792504120487508	0.2627585254965382	700.9535612443813
-3822.3455313804493	0.020933257325871243	0.1758285632647077	0.02764865753515042	0.18606239956142262	0.28770941234798025	719.2079173959748
-3747.7584527520144	0.03846324621570765	0.2594422910262895	0.06088206561599112	0.5110144105920453	0.26360393566836793	706.939393790941
-3701.2580585620944	0.03731094223286946	0.256064720002415	0.06254319210115178	0.7379711693371259	0.25959083047290865	715.3856954728456
-3660.626888329417	0.030049886831407906	0.2239860846480702	0.0520844960273438	1.0216570334601587	0.2664879059136603	737.052353834286
-3847.8832611041535	0.018444909400856087	0.16729425395911462	0.023655533223798975	0.07573451621078678	0.2535482633731986	711.9522865984808
-3794.3944424421315	0.02573122950565751	0.20776572512371988	0.03575065807235499	0.30518445616808637	0.23627126599751053	710.216608915889
-3833.7059091340266	0.018170347505750802	0.15478548930358854	0.023663199967170364	0.1329198209197246	0.26882097752125755	728.704180173183
-3839.042543322359	0.017712414163227008	0.15001119373653443	0.02268218418161881	0.11044673265731023	0.27268747265384496	729.8403493368397
-3795.0510551584257	0.039078662433705925	0.27099331856071096	0.05770664155783624	0.34364934800405145	0.227751579311838	689.2195741563099
-3787.041929073726	0.02780450521405575	0.22260533255975584	0.03911738573870861	0.33061831285394433	0.282217580308688	703.3810125036431
-3879.174738501414	0.015662531762359006	0.14345629273940677	0.01994052399739664	0.039961755626681604	0.36779709580873243	723.753909627906
-3835.7509234630156	0.017762581438205038	0.1576557843745357	0.023085904007591845	0.12830321765227257	0.2860559486566714	721.9617394996638
-3798.5420135586296	0.025942750018061983	0.1926928374422585	0.03588850152421301	0.28728467174636635	0.28853892789244867	727.4082571324242
-3841.69970791549	0.016353051409848385	0.15002780173765923	0.02164549668926545	0.10821346928103646	0.23865557132558762	725.442473632075
-3785.720653284383	0.02200296632026035	0.18670517214596077	0.030010545814326463	0.34407709693219424	0.265929835616614	716.0145454355335
-3827.0623961165984	0.01693725824305861	0.13241092233979068	0.021970081366073122	0.18313495240969763	0.26105121108010476	753.3231478700137
-3832.902466062555	0.018033631440460395	0.1580972305608469	0.02355304492819252	0.14960323602710218	0.29983557900854807	723.8127614023759
-3836.4515574178295	0.02368230697164617	0.20098036955736312	0.031943570808975	0.17416006091107614	0.3315051196149857	705.7327668832485
-3817.9477075861496	0.01596176295885437	0.13858799177353134	0.0207542072887116	0.22513380602524108	0.27818120965257254	736.469967409831
-3850.0657032308254	0.016111024656474557	0.14637481265554242	0.020560063723587395	0.057979215041800064	0.26500795148712036	723.3234964271534
-3950.2401325432684	0.01728231214532059	0.16218818407385824	0.023157687877041377	0.15717275266893985	0.493565364946846	717.4180856757014
-3839.144556580759	0.022788809503012316	0.1880352151924037	0.02896630340664864	0.12122295495715728	0.27083297821980695	708.2804731206581
-3826.8339869824276	0.025158887351988506	0.1969637555346064	0.03291026210279223	0.17464597781075228	0.2458814344967679	711.7687745389866
-3808.909009357685	0.021603686886333004	0.175826404541784	0.02942371119155305	0.2417175268423905	0.28372869541084383	726.9705198340101
-3816.92053651625	0.022285186048584163	0.18153926605752332	0.029904258927803514	0.20385481972018232	0.25746858067189937	721.0690611337056
-3843.706397944601	0.017925784468378406	0.15382739744263324	0.023130849057246487	0.09553883090915698	0.24125866882537983	727.0708384899691
-3811.9774585882706	0.021298803013030842	0.1857936591443207	0.028617096026141042	0.23244079245334717	0.2891152415333601	711.6352913211178
-3697.7663395753625	0.034031996083180645	0.2536647448692009	0.05901240659139989	0.9525987301909193	0.3743098062019077	715.5548274455401
-3801.9854725489113	0.01880576881455602	0.150206490629191	0.02517316866079683	0.28859351390300847	0.2747424594804791	743.5255056246906
-3760.298516279925	0.023019345206375382	0.19865075758631356	0.03473887872368222	0.4662964035400092	0.2736766974732911	720.8057143382639
-3856.1374373036715	0.014040288126855593	0.12391088704314987	0.017375336334085386	0.03406137139652398	0.2785781986892052	735.7932327017548
-3824.7944196708568	0.01813433646299692	0.16023529889536048	0.023314505706392694	0.17652484522592576	0.262579689144797	719.363106727751
-3799.0469036149007	0.02670866472938621	0.20232244298671528	0.037679345864985406	0.27964502654292644	0.2617038299116626	721.725157160778
-3790.07958432562	0.020526606712638937	0.172883976858318	0.028198591884757363	0.32751217677569205	0.2664792709827687	726.4712512579629
-3835.456869188849	0.01829577246668076	0.15958884173187873	0.023775900969215568	0.12569184250047472	0.2556653812264825	722.7248111398083
-3820.2100767758657	0.021519712603725153	0.18087072325798345	0.028649128257966925	0.19038463714305368	0.273626473190377	717.1395181184342
-3846.4276344931377	0.015204894582049646	0.13666964600571907	0.01950505784455078	0.08143599291097162	0.28657511119105256	731.2761487735265
-3747.440419362266	0.03245489467053017	0.2440301981054263	0.04989501182874282	0.500989937537287	0.24935245119727473	706.0080732678732
-3835.9729102546353	0.01654818015358113	0.1471910220840336	0.021374908943288497	0.12400673168923643	0.26577750839645176	727.1573483002303
-3842.060489422252	0.017011514899677605	0.1512823854975513	0.021914082841059536	0.09567200248775191	0.2582035376077521	724.2706726636079
-3776.1715312794604	0.03399170693985377	0.24102853746458155	0.05003723302519246	0.3879352463395815	0.294016495952483	707.0610501480041
-3847.7916209566592	0.02305567307074917	0.18821292213047716	0.02997833023399754	0.10696668169829943	0.30964178961679356	712.2751121003752
-3778.038324278631	0.02919390970945237	0.2263336105854994	0.04166055020116859	0.37145902356172444	0.23912625137051255	705.6067249847329
-3842.329253950338	0.022838753230454818	0.18643375557020547	0.030070856087410898	0.10963799453984052	0.27373110485207214	715.0910308574744
-3774.0495897912024	0.02697757574894759	0.2094372333802586	0.036749763904056626	0.4014345266130613	0.23503642398527608	710.2460823231572
-3820.822130918895	0.019083554721368506	0.16249830540527432	0.025297895110780545	0.19218302889367142	0.2818785985031612	726.5650292561804
-3853.803933863057	0.027926171568451376	0.21479130591032705	0.040554764681862684	0.4388245662490974	0.4639785635089047	716.0655560964665
-3864.2782089342295	0.04960597380115134	0.4062038593073247	0.07645889431679266	0.4079824191699627	0.41609771901175635	611.3146515366133
-3823.607917698384	0.021149962617511318	0.17259675774631053	0.028053697724230334	0.17638319339063707	0.2579031820314102	724.906146531825
-3837.4174744960155	0.01940539922688807	0.17451798483307396	0.025218912049997405	0.11956348816217466	0.2688900003096862	710.5185202185235
-3829.351064753383	0.021546671597266552	0.17868987058268884	0.028479489746238585	0.15315264941098522	0.27004685616124113	718.8503385427477
-3840.528776457313	0.01712919750162342	0.1542456894295768	0.022094932300039956	0.10223016136200538	0.26551355675928956	721.2566162506603
-3790.7591594916344	0.026245648341445785	0.20532661482243775	0.03664024418654101	0.3158583847742208	0.2416023659167345	715.3376723042002
-3837.5253110395347	0.019642798122350202	0.1742339776522994	0.026140097939003237	0.12180881150316955	0.27976792619450885	715.4307402264816
-3813.9178338656693	0.02065583993359564	0.17165905296041548	0.027603406790007917	0.21710059797391157	0.25941175371293396	724.6403041874927
-3845.5294140381784	0.01680455451887565	0.14682689785495512	0.02188420604892512	0.12692722628723746	0.2048726758340123	730.7234685258592
-3831.971380844023	0.019400358860278712	0.16162471481478266	0.025165625025462407	0.14408466724557562	0.2834725675418851	726.3425608777176
-3580.9808250259575	0.03288717224890628	0.24179380026214714	0.0788689071357938	1.9338855475747494	0.26688188157232606	772.4533646087848
-3841.065090487025	0.01834514407469447	0.16410450521985925	0.023564519293184944	0.1015174535392694	0.2634579306454873	715.542968841942
-3826.971947090473	0.020411213506066592	0.17019967991185617	0.026975032851289237	0.16707561261972156	0.24248026870485592	723.5706055035344
-3840.7475064311425	0.01722158406533943	0.15298034755281195	0.02229294848619676	0.10440585192080563	0.24885448270903063	724.097540414076
-3844.3054819438807	0.015145101160306379	0.13702601988628016	0.01953661360994864	0.09315562479921025	0.2884931248122459	731.1164229580365
-3833.133940999369	0.020641933630598797	0.17392575819275036	0.02714862848049003	0.13771819370272087	0.2761605674386634	719.4284441022116
-3827.1814637104735	0.01858113016562478	0.16858948768570867	0.02407089454368593	0.16623455142414856	0.2763558597217567	712.6101270504213
-3720.7247309943587	0.036111835962018696	0.2471802434339787	0.05650401718161676	0.661334877117807	0.31089915276356483	713.331348149208
-3958.9443839992787	0.018593070668756356	0.1586948553499484	0.02374225758011396	0.09502294033570832	0.48927009184700776	723.1337982557646
-3791.729365255423	0.022837048303853837	0.17976059459415356	0.0315674571121554	0.31452433469772106	0.2807102122520464	730.1160777744434
-3728.3713957701675	0.04202022746942271	0.2908874908672037	0.07095996742152175	0.6248201919659738	0.29015528358523807	691.1981834245188
-3845.8199309090555	0.01599599494097327	0.14466144324710026	0.02047723987955683	0.07767386620830863	0.2656829905980926	725.3656897729904
-3849.989162672662	0.026576545000707965	0.19962187446866417	0.03494689134624324	0.10318672318967782	0.25121939592533704	714.6347721764012
-3830.1524487990982	0.01812796626426672	0.15548060689294704	0.02375959682225983	0.1527428008438495	0.24653880710436174	728.4496810158784
-3713.075469812497	0.026636617772554272	0.21579664817642358	0.04384837832533596	0.8192014215774822	0.35330641564417414	727.8319471643597
-3770.015439292632	0.029264341819189115	0.2120157572763157	0.04272060072497273	0.4031793008205067	0.2833792099878496	724.0041029211487
-3849.389033075838	0.017073814116798758	0.15594972477356722	0.021921447608765028	0.06468248517484658	0.25517673239400535	717.9446364971683
-3844.047281840716	0.014864012063141021	0.1397050924937591	0.018912659853042114	0.08932754581647469	0.2677916562035135	722.8259600373304
-3828.6667652036085	0.017347574833319987	0.1466065601138493	0.022387935131647416	0.16396056964189595	0.2459974860407139	733.4509540378381
-3799.7878367097983	0.021844651364695936	0.18970435108999015	0.029483579791391275	0.29472156240382325	0.3001120093900922	710.3974059608227
-3852.2025136092534	0.016160400452902984	0.1428664775005458	0.020624336849692986	0.055497577912046035	0.24171623342803372	728.6784416365
-3665.980481415915	0.04815664336165164	0.2969115457440209	0.10463103119268091	1.0960538972161549	0.2808726507783857	721.7003025524141
-3808.048134914561	0.02464531224898385	0.19436834610465706	0.03411106708903986	0.241535927380512	0.2688359959720281	720.4279248677633
-3792.097601141464	0.023196417620171553	0.17016570395826022	0.03194465620214804	0.32191351521550116	0.24568066459061946	743.7852623869194
-3777.913830834501	0.03586396709253899	0.2764432868511809	0.05232560946875722	0.38746207647107356	0.26447694473225464	677.9444734677758
-3855.2468503636483	0.01457136179634472	0.1342987787219643	0.01851155431603598	0.0369171528512777	0.2467355342751395	728.1411384579441
-3751.7308697977187	0.01955482865294517	0.16647980568493584	0.02808673742502847	0.63875951994453	0.3372907606977108	736.2021573299781
-3807.6517618800917	0.026204476310503596	0.20785720380733255	0.03566283960852394	0.24451935838175445	0.2565633217182524	709.0377019462724
-3703.8273038587486	0.03307184677365439	0.22700596400062245	0.053407964227321504	0.725898868980866	0.2684226030180459	731.9371397262098
-3868.7734996571417	0.03498093150736406	0.257123449306996	0.05101873244867538	0.3435009755656545	0.4512911938652207	692.822692724149
-3853.4059691927214	0.01750197471610725	0.1574103553794228	0.02238055297465658	0.046943945333994035	0.26859454215067596	718.2292672002405
-3766.353349160471	0.03467769676713626	0.24388925769483874	0.05298671746402993	0.424335932788854	0.2531535070109974	710.3704899320982
-3791.716833402712	0.025324220234966336	0.16955930821503762	0.03364479493592869	0.33487165477415787	0.2644681702152647	748.6850891046007
-3736.479531793343	0.03290456665851894	0.24264083063290218	0.05177354402218782	0.5535346338645947	0.2815092631456139	711.3738546233427
-3650.7091231298464	0.0390317336265859	0.2867647950654596	0.08879570575682555	1.5851470116282056	0.3936682372858118	726.8537983851656
-3728.5890712098453	0.03160082230916041	0.22489388538450242	0.04783516617303551	0.5908933879821997	0.2565318311374963	721.6146812653413
-3844.5491325762773	0.016230964445096936	0.14667026403089498	0.02084409559594389	0.09170731013289245	0.29160986643514675	724.7308215403137
-3806.6225480481135	0.024359731493481127	0.19177054237641078	0.03332328289783199	0.24649222108763694	0.25638901118436813	720.681903854211
-3815.457398718243	0.02319725948393021	0.19156312403252343	0.03187101368030789	0.2113790193642523	0.26725540013000204	716.6386648886488
-3849.8726647176927	0.016955614689762855	0.1549516932494038	0.021637947119072902	0.06646165417542318	0.28833445991916057	717.5906098597364
-3725.775412442696	0.034528449782161935	0.2566729735550665	0.05577989482666464	0.662495553788523	0.3315766095171289	704.6571556747986
-3843.863726242136	0.019632734901324746	0.17115188388900068	0.02558049507634606	0.09446320180727431	0.25171575522627276	716.1482818755319
-3653.8144432557447	0.027838547560114772	0.21687687534058467	0.047482386732298106	1.1430302051508305	0.3042702639768909	736.098875750703
-3763.830025281215	0.026704405544837804	0.19247101037113273	0.03902081533098463	0.469166397996444	0.2108040185693742	738.5424260253154
-3733.7707202887577	0.030444066648898618	0.23435488797321338	0.046822380629415634	0.5638435158623446	0.26465661147709296	710.6270221423212
-3840.32372144117	0.018218177260069284	0.1602948676368995	0.023532738798168248	0.10367123006436586	0.2618170885724778	720.4423403333193
-3832.7227419153587	0.021492855045183536	0.17253429009233198	0.02850480018547953	0.1477283399582445	0.23973622660130095	726.6730912906341
-3835.682189431599	0.02302980106390385	0.1966920842730061	0.030273632727991162	0.1368527686836843	0.2804562330694219	704.2759307756154
-3724.2550036998523	0.0328132605758573	0.24122974645341733	0.06319165367554838	1.3405065300929246	0.47106622569655004	740.1559843857959
-3836.313080092981	0.01881217794263853	0.16280034301035712	0.02447726196382189	0.1217944798729593	0.27370318077536976	721.8206899979383
-3848.430749304081	0.019388553438569118	0.18296864980205907	0.02507300695293576	0.08093980538294411	0.2668972819169599	700.100159780418
-3847.6426368163247	0.01763775725449699	0.15538665175291247	0.02272506390572917	0.07344050869280663	0.27963656496992934	722.8772227935327
-3823.035546201976	0.019551892490717294	0.16923251755342184	0.025970226111455816	0.20744753733958915	0.31620948293183837	720.8694929081549
-3776.994406615685	0.025702052923600893	0.21678840981100791	0.03671716432026749	0.39336427405767277	0.3066522909572074	704.347712568401
-3918.6179434891524	0.01705802425510521	0.16497042157725528	0.02144345043984618	0.024853424037603225	0.4235483146773017	703.5935495068298
-3850.2711039764063	0.027908537039455845	0.21145731282617533	0.036972804576470245	0.10875310704615426	0.25373237520902675	707.2948806222845
-3842.3146121301465	0.02018329476517727	0.1773820882044407	0.02627770899716089	0.10171225244140329	0.2558369440941417	711.48525032836
-3818.186728499596	0.02374211020355824	0.18549755613310345	0.03215970842418306	0.20142907137395716	0.2707714745981239	724.1188473224199
-3851.837041653349	0.014918889169477038	0.1391180591006135	0.0191072351645242	0.06747168028630836	0.22914456861153806	725.0920086992467
-3820.7517638506456	0.02127534315862785	0.18542116397504227	0.028213037494672424	0.19168129707998033	0.2803634989329767	710.1434152912354
-3825.309665682017	0.020135085440127504	0.1654786136273288	0.026867934485127504	0.19358260434151436	0.21916272327593514	729.588918509153
-3833.18966511289	0.016502655791469218	0.14721030195159704	0.02159790511916758	0.13827903066647246	0.27364747899428976	728.7838892961236
-3819.2550616569356	0.02180290701318814	0.18338718632945936	0.02895955324330762	0.19654329981843632	0.2811722333338447	715.196131661476
-3802.0159109332562	0.021657872684753648	0.18375122675880742	0.029286053152984246	0.2743415680812518	0.2885236036449009	716.6062058430296
-3829.0736965030155	0.019299940236126717	0.17232300123047092	0.0256317148917383	0.1547523400132714	0.2755397032745266	715.6014337547007
-3840.9364959119666	0.016225384482750304	0.14189092938366635	0.020966212283052055	0.11626660155520263	0.23154801374359163	732.505250985089
-3890.6159218668176	0.01644850005714932	0.1482629133855086	0.02152169908842625	0.17486059256151912	0.43106984390093883	726.8894427067208
-3839.92664028342	0.018618147826088536	0.16659827590827184	0.024205466579497077	0.10799961414521811	0.27751499019660625	715.745294046242
-3706.047831494572	0.04015323195913002	0.27110337786710287	0.07411549572620303	0.899263377483668	0.1642605326197036	717.3653628001091
-3740.989704725688	0.030507710739228144	0.25828436136004085	0.04564674838497945	0.5538367987576672	0.2528198415168477	685.0761283494317
-3808.5369954238736	0.0210175595474417	0.1786606209047085	0.02793980484632328	0.24173333561387744	0.25875747701789054	717.1501209077952
-3823.866428462214	0.020421741652623324	0.1695423412723527	0.026993887958793306	0.17567383879894927	0.2542359517748474	724.4912629207428
-3831.9670181748766	0.02189010372319629	0.1678082644230894	0.029173675432421158	0.1497635713756058	0.26587669430475475	735.5221096685153
-3824.087852969823	0.018234238967057947	0.15040736728515924	0.02394891508191185	0.18951999810902137	0.23539658142115513	736.5703350444458
-3820.354534300962	0.02925557045835759	0.22305839781358838	0.04040473005614422	0.21362087795736562	0.2909582349003726	704.8296516714487
-3839.5587191757218	0.01771910989003677	0.15485294671032468	0.022956673064261624	0.10645815231505339	0.26752415858054607	724.9523638233646
-3661.9383660709086	0.04392963191424778	0.31504217618280206	0.08563561286134812	1.0644387813460292	0.25118149425751574	688.873583766333
-3835.7162760611236	0.018534067180594943	0.16600499134926722	0.0240973739322338	0.12574022420478434	0.2764702911087561	716.0073074867511
-3762.0607744778317	0.036143270321281014	0.26188142932545716	0.0537059041526513	0.4539200924066903	0.29825896644288047	693.0460748883281
-3841.7796508791416	0.01651013660600461	0.15166905066030706	0.021267594149272054	0.10094032707951474	0.28384653064424314	720.2991533362358
-3856.694224594905	0.018446869883645904	0.16147163695275055	0.02368622710232028	0.06783706158621809	0.32131024705077693	719.4308966167523
-3795.92254156769	0.01884545122614933	0.16397369571434756	0.025450575141665998	0.3110452581699087	0.26135399800141335	726.0108211912152
-3712.228585961635	0.03209919866615559	0.23988394743052133	0.050758908571775306	0.6768057231096726	0.2510963481231134	712.965114373625
-3849.164964980697	0.019994626434741442	0.17900451370813444	0.025829982024867006	0.07601729806995224	0.2772875533010553	707.551845652678
-3850.7479677858705	0.0186557364357551	0.1490256685274546	0.023468456517868032	0.08663279634541107	0.310127703645667	734.571288762343
-3838.820729483001	0.0180001201921756	0.16024017082080344	0.023298907486421338	0.11037220212210898	0.2608320200010746	719.4713842851297
-3799.127275296906	0.02531910244406701	0.20076881655838633	0.0350411115863459	0.2851521697435946	0.23575938701550017	715.804750873221
-3770.0795280992634	0.03427356719777608	0.2531772980464169	0.05125400432611922	0.43856861541679437	0.32241336687613403	697.9966127103263
-3770.517441794308	0.03218041534199172	0.25029365295385436	0.047225811065190894	0.40812207730652517	0.24105877074578425	693.7887118765614
-3578.8345570891574	0.03454222350073304	0.25073283546192593	0.10594628060952772	2.122926803312643	0.23853274242963562	803.7686515816548
-3861.8726660545844	0.019793257485553255	0.17601028444849978	0.025962861587999934	0.1620323042745986	0.38540663616715504	712.1293262615795
-3843.158022421483	0.01551103000116488	0.13971870928645344	0.019922427126952684	0.09187832022109631	0.2580873039194279	729.3427094122037
-3805.3866861689494	0.023359858773270906	0.17909904061457999	0.03158927939928453	0.25369424650850225	0.2560954679433933	730.0988350718565
-3849.199075200691	0.017880762706844192	0.16040194033643013	0.02298361328647854	0.06608519588030057	0.26041782591623464	717.5001313904418
-3846.5530760887605	0.01870897623080389	0.16970951802528936	0.024409034511594676	0.08667417202523421	0.24288646110981582	712.9289031469683
-3842.809421838672	0.01899708563539536	0.1658771249399838	0.024525927596404026	0.09467486931285704	0.27081284864006855	717.8430948560845
-3618.9588245036643	0.03875160128285707	0.29559293632935246	0.19813010683410448	1.992782255989412	0.22055084138125408	828.1810097364229
-3821.6453507644283	0.021534306955393785	0.1813667621977183	0.02854597995994945	0.18777380659233306	0.2845165744152665	716.0246716115143
-3844.314790641755	0.01892210865051814	0.16454156053791086	0.024393143881571572	0.08808409481336464	0.2624325742627045	718.8830711414442
-3909.0329044392734	0.013273459964104003	0.1248653742606491	0.016883171737666226	0.0691474053968095	0.4251607022211086	731.4434663103632
-3849.947083402355	0.0159314996409682	0.13836539980347537	0.020454258109148978	0.09705487718828483	0.32110765535835595	734.5548640854258
-3830.74678322738	0.017444397040361267	0.15163182609277845	0.022752179138550103	0.1477396719891427	0.2736716638174745	728.5713921630364
-3827.691484726588	0.02056297280754317	0.1837659979122217	0.02713585489751989	0.16287962205329445	0.2765105122153231	707.9002905823174
-3804.495014049963	0.018502037339731287	0.16041403459258574	0.02485634015986609	0.2692915742408374	0.26893179795442185	727.8472109431525
-3849.977973891446	0.01360384012266836	0.12501844518569627	0.017367743166923764	0.07906208053823036	0.23123092708020093	734.9005256008123
-3845.4800545161015	0.019164378113903053	0.16366010653052962	0.024748408718646156	0.08646703993196596	0.2814114266695671	721.6543664939453
-3800.4988963852907	0.022504760298679663	0.19721242629910607	0.03084590815222862	0.3146388834158073	0.3234995660038807	707.1030095789321
-3970.3263149231243	0.017051388755321868	0.15348654261112582	0.021835633824240416	0.06704628149924782	0.49469760725588047	720.6759386106381
-3834.286633137838	0.018935188413356053	0.1670058277508555	0.024764831744394627	0.13271855629203175	0.25119627785391585	717.9345977231662
-3851.399321670474	0.01611928369008022	0.15291779178438514	0.020571975134212658	0.05725586344142222	0.2510877114515951	714.5454099339919
-3587.5658971321072	0.02985301932217523	0.21936546083832692	0.06530506597253535	1.812371281067974	0.2637415559016832	777.9560427821337
-3857.9764649406775	0.01650089246781427	0.15028831512839813	0.020940370338186423	0.04914970608986695	0.31383552172664914	719.8971659409915
-3786.095386446098	0.026809523085465973	0.21198078365173287	0.037738419150888665	0.33217614237493936	0.2808069775706008	711.2101041532744
-3849.6259573605125	0.020623431583262748	0.16763514441093444	0.026572374325541374	0.07402967963433645	0.2594561152710176	724.2306465704276
-3708.4992109410523	0.044364169188430766	0.2422079653481085	0.06573015957623629	0.8809118258922355	0.3080333204494561	726.2459187234083
-3840.6562104057803	0.021235805749301624	0.18280298056268274	0.027587856424413713	0.11028470847947823	0.2740019682175624	710.1124611601414
-3828.9886419165505	0.02776928446630216	0.2106407799985681	0.0375453637318739	0.17348699371220186	0.27062310236452236	710.4051263933973
-3830.382761298595	0.019843572184795107	0.16973035627923277	0.02630542913903346	0.14948074210230713	0.2799904942682981	721.5395416728726
-3830.583808365627	0.018886970534557884	0.16021083644370185	0.02478717566687964	0.14677229824059101	0.25712216387277065	726.9264599532316
-3803.4336311819284	0.0225090334922732	0.18474227789118347	0.03052402703900453	0.2593517364337833	0.26409170229117884	719.7759520747879
-3832.803810020695	0.023298633435092524	0.18885818213480465	0.03113378299983502	0.14782938911548854	0.2828499349032086	716.3329946873906
-3809.728725002763	0.02011908917260223	0.17457487498201127	0.02758728856769856	0.24986423016223	0.2983347029095634	721.8707758489269
-3783.8173394078603	0.03662673474846588	0.2572374498304904	0.055192416326357754	0.37327951581656	0.2306129249669376	699.7249909757713
-3891.460623079717	0.020606075235722377	0.1930088497496133	0.026242400765861873	0.03726654822913853	0.376430399996118	693.358417464445
-3842.1940871636043	0.019376255248746258	0.175941913589586	0.02521650145968705	0.10757863306002319	0.2414339524845423	708.8727221412584
-3848.321819585696	0.015564299507759748	0.14188444810177928	0.01986273091320928	0.065884586436431	0.267285560030221	725.6152471244524
-3833.073416310571	0.018028015218248646	0.15769189059770153	0.023478592700655315	0.1354434883316291	0.2701264336407985	723.89089330601
-3811.5006386691302	0.0218587143190992	0.18596074054487705	0.03025636174905741	0.27688348642567284	0.3334826775470364	718.1974721429458
-3851.971993309032	0.01677279360760664	0.15023113827420057	0.021361207757178306	0.06220435156358686	0.29807740754891643	722.3823636901664
-3807.8635880000375	0.021578665034102096	0.16910457713691887	0.02912252288951282	0.24929538684219513	0.24431627552284715	734.1668606344199
-3799.4189253419418	0.025064017618680306	0.1948732993355947	0.03490868996861618	0.27595565529729593	0.2590348798940071	722.39088463801
-3551.963416825519	0.026933014263314643	0.21321947909941102	0.07329571507493889	2.604114964293221	0.25183897596893046	814.1700316399786
-3807.4094381487043	0.024057355562916646	0.19912966081816355	0.0322738235954109	0.2502572980451854	0.28941799940654417	708.5565963161987
-3766.157120495277	0.026173088740605283	0.19566189179998844	0.03808778394362	0.4227724534437779	0.2490977244179084	732.0011085282032
-3776.960288288474	0.026504653063332762	0.20703962167741707	0.03717780686183813	0.3687509651054819	0.2621728755902003	715.0508485354732
-3798.7779782882767	0.023240487556873145	0.17519875696929738	0.032002679139746255	0.2971341531619487	0.22997367649016304	737.2467648765856
-3641.3753401712106	0.03582074781035672	0.2733453797731686	0.07130238184192528	1.2512742358424793	0.31935451590513525	717.2544407744596
-3848.1928438488335	0.015437179858284196	0.13978346029665756	0.019702499364375518	0.06675381361474561	0.26176906555165663	727.6996090579556
-3850.504249967811	0.015954416795828187	0.14272847663549415	0.020359669891448703	0.057688913743435905	0.27818828472056856	727.3379468198108
-3794.92066878818	0.021592791749568283	0.18438961098605994	0.029331865072172402	0.30254120112483174	0.27590551339794966	716.2053293613063
-3794.396142761372	0.02210939783680348	0.1598325671334179	0.030863425217513535	0.39027995385699005	0.18987041531228255	755.1541732596612
-3763.7658286011465	0.03011336425185191	0.22919632674433307	0.04380179342261972	0.42993227756746594	0.287579048194868	707.7744710786711
-3845.7488734715816	0.01662093125591758	0.14752251992652599	0.02139413902758885	0.08805779476540826	0.2946036911644905	726.667252106966
-3829.3987372836627	0.017297375171352537	0.15042138594377621	0.02270259136109281	0.17067861894833553	0.22896573946062512	730.2312636699828
-3856.7466136354583	0.018032293295699563	0.15387631551608263	0.023244377689339055	0.12113314836892365	0.3565510220325394	727.5422873673801
-3832.6184814835246	0.01829244427333311	0.15917409820549183	0.02385719463955123	0.13934848671341524	0.27963570097662466	723.7765827616648
-3675.091226794897	0.037149983621630994	0.2987011413129664	0.06657534170111624	0.9542122171308247	0.29333551785939327	684.334226922778
-3821.949953504336	0.021706102449782015	0.1820989227171705	0.02885677845926857	0.18272008383462807	0.2637600939447345	716.3738846100716
-3755.4396506891044	0.02985933885938707	0.21893770241553398	0.04418270140961327	0.46116361488199237	0.2599437639372626	720.0319622513601
-3953.7805531904037	0.014759037845205948	0.14187129870820028	0.019183703687314268	0.11176295424389508	0.4869846905165998	722.0687286977021
-3784.0077023401773	0.026095679415994874	0.19581756094665828	0.03676503687207425	0.34801412876915033	0.29104818011714817	726.8901330846217
-3829.427907736098	0.022693118402233765	0.18904022085211328	0.030191356318878718	0.16801056305015039	0.30173588568709453	712.9197571749208
-3680.181988585145	0.03336008143796354	0.21419837404736725	0.05018511285668057	0.9599128338002628	0.2827850901677779	737.8978923631867
-3789.8379603527774	0.0193095150414629	0.17466178124056428	0.02604837636567072	0.3459499602690151	0.2754460603644589	715.118487707478
-3842.0516014561294	0.017582050655820244	0.15669690558763247	0.02272295224416156	0.10184807223073832	0.24267246405187098	721.2381615430842
-3945.2415758210873	0.023926551392412752	0.19366013745877958	0.03211287330526321	0.17716652577649655	0.4932384490846113	714.0953301335422
-3810.8091530713364	0.021813583957377633	0.1774118169297174	0.028931030677706075	0.2295810224030504	0.26304064709528424	722.2179451286834
-3686.4072652425775	0.04501033683335671	0.2994876808527485	0.08662860481883508	0.8784243951100682	0.2592729996993389	701.8441008083888
-3838.105967928277	0.016861548299452547	0.14890699802666038	0.021779607425482544	0.11334871636545381	0.2659865986875836	726.9425583043623
-3664.6542801142355	0.04292885484177063	0.2849014957103916	0.0888951786013655	1.2453308546006565	0.36453885751906806	722.3262004026464
-3695.617042866896	0.0314961328808907	0.24386581499827137	0.052754366890410236	0.7748089112913821	0.25805364281262955	714.7650518766587
-3753.5648080220726	0.03783858851890978	0.25181345147859063	0.05954515698582565	0.4874404790464776	0.25580990077112054	712.5324771596148
-3842.452146683713	0.015622478742329027	0.13929993075099095	0.020062003470058248	0.09557864279761616	0.2739059704379194	730.8012256787499
-3798.9718666112585	0.02275492839208942	0.18510398028345437	0.030784229301930515	0.2788380170768767	0.267397313619779	720.1405495096824
-3936.343020696029	0.014968084198499126	0.14057345309719793	0.019084630442701145	0.06083735666452308	0.45820255568692575	722.7125543730847
-3828.3749483448073	0.024472023506011204	0.19207404207955037	0.032107910636221704	0.16500885031070964	0.2795157522027775	715.0003754467655
-3853.5299940314344	0.019527510876810487	0.16660293438219273	0.025220569375862454	0.0747856120931217	0.2213543112178258	719.9681012620388
-3820.33539784367	0.01910795831343358	0.16765769982790515	0.02515225655463673	0.19347257070254503	0.2774339776267658	719.0506323705298
-3823.7852159309346	0.018669921332347857	0.16493107707970875	0.02466914679341751	0.17746626653056138	0.27454648369146795	720.4962556502019
-3769.809269180629	0.034320844551367614	0.23056282338792608	0.04922470979593756	0.4131353727211915	0.28701756279686835	715.1683634086702
-3951.119358397842	0.016470790051758173	0.15015905828530143	0.021069096719345738	0.08802848259051617	0.48028403162601113	721.0445729209428
-3831.5073108727706	0.01681943300543071	0.14576181118788706	0.02191325931111689	0.14546509201474464	0.26325136354547574	732.4375040257447
-3742.7218517566716	0.034013683279303264	0.23459470017584702	0.05283735529163662	0.5257397466897297	0.24915267473017527	720.6072549151521
-3711.8262433133427	0.0424396938715776	0.2860735671429017	0.07915280783912611	0.7804879097348765	0.1988334754900756	707.2917687818136
-3674.4577920380743	0.04478597861876109	0.33062271303351576	0.11180400776088699	1.1168356518330422	0.22078454504735925	701.7073395254853
-3829.761146382685	0.021666000817710602	0.1864733307928679	0.02855593049530971	0.1569984572207974	0.24629845307502443	709.9316609727013
-3777.7226455305345	0.030792957247702216	0.21679598259387364	0.04496975092690525	0.44178713708384526	0.18560919667523423	723.2958652856496
-3810.6707510982114	0.019284034310869762	0.157849448821041	0.025577668582690824	0.23887197240329527	0.25445608037171635	734.1230339139316
-3944.1641264165683	0.021534001074100226	0.17352284696413203	0.02902384091703844	0.17934122312735748	0.49325619704094453	727.9819833868183
-3777.543798855066	0.023784707058511108	0.20257895618586308	0.03375985642490133	0.3834550093302438	0.23829111802181838	711.2873767573712
-3831.8879176232012	0.031702413339088575	0.24113027908729134	0.04459571426067247	0.2600650035400284	0.36485019582388656	696.0085698496321
-3828.679657459734	0.020827345479743496	0.17668311123048028	0.02741908124059694	0.15629150598258973	0.2534325850590393	717.1619344532845
-3723.4412655630676	0.03787870171477849	0.2576042675869364	0.061362298402471274	0.6207097653483358	0.26562111932817095	710.6007231755796
-3841.962313013767	0.016288384123460564	0.14613135335506805	0.020982148791939527	0.10055022801569383	0.24620749494418478	726.3665003067468
-3815.105497923031	0.02043694499726019	0.16213150284545266	0.02759101061393078	0.22658640182770462	0.2945775326266362	737.5244535473664
-3822.743750320493	0.016939816941572445	0.15575580997417793	0.02234095202403278	0.19116185760480878	0.2816074630004845	721.2554552313625
-3871.5211221732816	0.04322978049195205	0.3044299423192574	0.06848010780180377	0.5013963131782183	0.4873619133592682	674.693729084196
-3846.7127480439517	0.015429048461153864	0.14125313003395967	0.01975320435190062	0.07392569881351359	0.26174211849810497	725.9686244665771
-3740.0591329602066	0.027888104174646967	0.2227217547375578	0.04233279545653655	0.6151389933185782	0.3398918736088112	713.486596534227
-3741.050805961652	0.026834224446537172	0.21228739808358452	0.04058489598388088	0.5604228945048841	0.22338575480770992	720.6783367794283
-3817.2990338836894	0.019202837471140256	0.1514713060717338	0.025570989728263584	0.21395652213864055	0.25128267948007593	743.2932369198473
-3851.158168580576	0.02186085851205816	0.18707784797748578	0.028274486105481663	0.08355020374204729	0.23500003413084466	707.5620301461713
-3707.9427933666093	0.03166634021356717	0.23027528486611687	0.05082689536330363	0.7035416542405123	0.2806207133140043	723.835858329497
-3844.7997077185787	0.018095679542097325	0.17994182303364223	0.02494776304862208	0.10630642216266611	0.2680323762024533	704.9304515633279
-3847.5708556653426	0.01851990556811401	0.15974057012378412	0.023739027219953614	0.07467882734557016	0.2551136637069706	721.8653656156845
-3810.012122908365	0.023987546208307453	0.19959168655317494	0.03323715329584577	0.27890182283510206	0.33249196970981526	712.0880043665692
-3842.2440692206364	0.01898899188602743	0.1773430952717364	0.024669357793101164	0.10585393054009011	0.28476965348609945	704.9176314245891
-3814.939095889338	0.019577323685043144	0.16729652599948489	0.026207874154982352	0.2234871712037092	0.29324818495812993	724.6087237595597
-3838.6349043694267	0.01947090033744371	0.17065540432860887	0.02512419910759433	0.11460482499754748	0.25422688493696605	714.5185516234191
-3852.698032120737	0.01779600184554686	0.15398101999119782	0.022754627689210914	0.05051430363183758	0.26699243481032786	724.6564435895108
-3798.075169513997	0.031003177992151684	0.22509150215961646	0.042764779152089274	0.291795098191541	0.24838777058799508	707.5160065092326
-3833.835339322425	0.01746102404580266	0.15221720947596068	0.022702367217499495	0.1329139777481485	0.27173831895420364	727.3940458601234
-3843.9812490956874	0.016438066674215223	0.14815098090615073	0.02114626095842336	0.0862290494912362	0.26566651454422024	724.4057195632572
-3830.990400950107	0.018162530431931303	0.16364618790787172	0.023803743930856967	0.1458069739007548	0.25955154642691897	717.9072037359678
-3845.8267940373735	0.01727671208157014	0.16268485121177995	0.022163469616157786	0.08247138545220292	0.2618732817929175	710.5712922289954
-3831.8372876377357	0.019057298380256667	0.1628284727702977	0.024877087336732905	0.1423801161042867	0.2789644233578359	723.702770309223
-3591.273345149556	0.033002636258063656	0.2509859664443351	0.07837268462636333	1.8047399135925684	0.22443810149271448	759.6300844260385
-3839.9905327780966	0.01257859969912932	0.11721582837058807	0.0162801412713586	0.1287413085974862	0.27338313923535024	740.1061348006187
-3922.730582663728	0.023753380308923107	0.16793209969273762	0.030139523460954352	0.07699870635801044	0.43372520283249666	736.8274745985439
-3788.1513847572432	0.01968838192863903	0.1794067060714225	0.02695780034949697	0.359429186879954	0.2936605435889152	713.5978419222787
-3902.606262669281	0.015767613273361163	0.13951266619723854	0.020172147721538615	0.04387141264791238	0.40938970349102677	731.0102724511912
-3873.122444676542	0.015257526009494782	0.16080866109458714	0.01965850991487536	0.05067644171623621	0.3527058639976431	699.8988326630953
-3834.21843887032	0.02056507178943573	0.17774502910018727	0.02735858200977796	0.13391000575344514	0.27161652741582565	716.01159917522
-3838.3290511662835	0.017649731254589025	0.15357516507810323	0.023569166599804695	0.25213301946946426	0.3749158583704744	730.8298897878301
-3848.350305473891	0.015079531439541638	0.1381817540177647	0.019244547917120526	0.06622371113731956	0.26162130771161524	727.2151899469421
-3835.339668819098	0.018738774453713983	0.15933232468158928	0.024551463360307352	0.12934636097037164	0.24720312121863428	726.9567825520525
-3864.2440794379886	0.012988375044761661	0.12287771018035205	0.016319050849301697	0.011266074330883552	0.3099579866966641	729.97399000012
-3845.299234613889	0.019383152803757433	0.15500401941076153	0.025082349673876504	0.09002987054363304	0.2734754018079754	734.8457830818343
-3849.459434585996	0.017204616430862334	0.15671893049082022	0.021934622631988518	0.06327598675637165	0.26747682132157574	716.7870438408869
-3639.252447363082	0.0350952577936741	0.2398954372796065	0.06391899308811691	1.1910572068438512	0.25729809651014757	739.3719624010071
-3821.942125512638	0.01890117765952509	0.15355638943545122	0.024962783230881667	0.18779025986863843	0.2610820435988382	737.1323324686849
-3879.680401840483	0.024575600417296548	0.16295033387866265	0.03486745482482839	0.3789091620196495	0.46592270996040996	765.3714341400153
-3846.2540017912356	0.01642000141266005	0.14818915314652406	0.020824902283628263	0.07637206362046928	0.26314748695115586	722.1127651530927
-3838.363046469358	0.016615274106361683	0.1477637939430073	0.021502039930479576	0.11782392675157413	0.2448750738309012	727.1057583214828
-3691.680507683449	0.03363795853604631	0.225921782426937	0.05725246207800395	0.822802781046038	0.22855448218236893	741.9495666316647
-3763.032085422138	0.026765621689195034	0.20083748698063264	0.03854229935063845	0.4341742333237549	0.27854371950904605	726.5911235642199
-3800.223083327478	0.02443418060992654	0.17897040637044395	0.033300420677371385	0.2884117049412755	0.294800006925938	736.141251767596
-3710.735773626046	0.04498713669868058	0.28704252441156686	0.08742958847157559	0.8676165646363392	0.17648539109217498	714.5015417013764
-3771.5107444149107	0.03073580744423975	0.2341630573695897	0.04496668094174484	0.3921245683048579	0.26772188107413236	705.174929545473
-3790.2900960997777	0.02019404371405071	0.17232978701107524	0.02747675462925231	0.335786548164399	0.2862602597023337	724.0158521276553
-3787.784213750112	0.02463707358276326	0.1955166870169033	0.03427046650846551	0.3244295952715701	0.25602864647736795	719.8261840876543
-3845.9723938104116	0.015823354596353298	0.1415457007877402	0.020081701911459127	0.07989291189021529	0.2521769150353069	727.2473662277031
-3818.706996558648	0.01794454036495231	0.16675662938473917	0.023587002582540918	0.22308043220798246	0.30119030602238034	713.1512921083684
-3870.153247356441	0.01599100663297667	0.1459191754377379	0.020043883936625265	0.001101537582190203	0.21450711052002672	720.4143503475332
-3721.187604877806	0.02468668163597163	0.19091413703905366	0.0370730743317143	0.7119252782007023	0.3154872686448868	736.6756654805829
-3745.7688292229886	0.027906255468792038	0.21980690204426206	0.041400838438051375	0.5102363763930503	0.2672464982129836	713.5289838239709
-3943.66039285845	0.016396868217532605	0.15013272280815546	0.02098820009234391	0.08697468094623031	0.4722537253279993	720.6616304629549
-3827.658235471259	0.017445445930723027	0.15752078001611358	0.02290276643821548	0.16156474730967282	0.26551094831364214	721.5804764449044
-3726.9096209810714	0.029480692069793573	0.2207008850919909	0.04404261908594899	0.6141347222044617	0.23888759175432722	718.4329276839024
-3733.164987050325	0.039256258546423485	0.2910267154647629	0.06473837466800968	0.5943453381242236	0.24127359274530258	684.6294216284499
-3828.4812056086066	0.01814984735632446	0.15194785601137256	0.023651417379898856	0.16544033065031483	0.29087040460962305	732.6248462701518
-3829.583030117621	0.017798639347896248	0.1529433429119743	0.023159945132995297	0.15528446514976388	0.2820005145712169	728.743310798691
-3814.471233587239	0.017470158630049172	0.15016303298419367	0.02304992957353603	0.2268933388641988	0.26229898882363617	732.5884685296342
-3812.814252548855	0.023131296355087747	0.19075196379075687	0.031126775120754468	0.22961993985901788	0.2950879417041414	714.4580147730248
-3785.820919357363	0.02368102811077893	0.19631321090583229	0.03293415349114911	0.34622230630072104	0.23521356209973213	715.0343604136565
-3828.270660817924	0.018250932574851067	0.15537057824352565	0.023955595918852664	0.15719035341513327	0.267452731308322	729.5936298322406
-3825.1773902107752	0.01944868341741882	0.1663261366910342	0.025621829711581542	0.1690115437243971	0.2633112752994128	722.77817457804
-3848.6879432433907	0.021195223339309538	0.18051730981509465	0.0277409374768858	0.08184798181791299	0.2536977272702468	713.5690812352979
-3855.989145679858	0.017968514383674396	0.159279764268383	0.0229104470729915	0.05109232471866739	0.30204463272835663	718.3227499009857
-3829.342187492929	0.018603726619538394	0.16151302244407478	0.02435151001621878	0.15141718710747015	0.2634831275900504	723.1373728286618
-3854.594134715922	0.01969136007496114	0.19785324942109753	0.026295852556796617	0.22420751738278924	0.3888962371069885	690.1455810035817
-3800.614224830162	0.020914409737188076	0.18146876622552216	0.028394532760305926	0.28207052167675795	0.2860496431558819	716.2552546524558
-3782.744313946247	0.029482283531939803	0.216570932660366	0.04242797539738881	0.36406919039889857	0.22264714464725158	717.7072620307697
-3849.6169903581144	0.016744899698235984	0.15023220692198966	0.02150299087975911	0.07261334841771075	0.23478886820642833	723.4092101461868
-3900.166422434804	0.019448647661278275	0.16987386921764794	0.025530110554977684	0.16085914420185446	0.4413699182125709	717.7955395020463
-3690.2614333638794	0.03282421957135564	0.2498646066482169	0.05423019556476081	0.8079543563247477	0.2502549567722534	710.3663163514782
-3802.1504684327992	0.025776090871654708	0.21139020039164091	0.03556132916461167	0.273085528409574	0.2397633023398195	705.614518285657
-3750.1374494716847	0.02225127965058973	0.19677418379304773	0.032184665221460025	0.5288158270123943	0.2597355565904815	713.8112502094405
-3754.8558343427867	0.02766051079827039	0.19935500379235804	0.03938550953170565	0.4781261606153949	0.24445649644507236	729.9510206330644
-3665.3514410242933	0.030921608504593242	0.21303796038844897	0.05379859300049418	1.0108100526362815	0.23230795406842464	753.3521683753462
-3841.009953999856	0.017825086127019583	0.15427880625859294	0.023198800120088608	0.10070566850355574	0.2621588530828057	727.0823742682801
-3855.9318865972473	0.014826231562435663	0.13670664670157665	0.018800855681915783	0.03433323105730599	0.24543481738019976	726.3677056966127
-3829.441720987382	0.018888257891518555	0.16441332396257619	0.024872445351516562	0.17299462361035187	0.30990490259968195	721.9467079915439
-3847.1221924299343	0.02358859083856094	0.1916038385923302	0.030914885490174956	0.09563613913393093	0.2653268409818324	711.7545106318902
-3834.506635420923	0.018890186253690922	0.16341116607011053	0.02438381711178862	0.13178874378487088	0.2809107622344452	720.3491890235606
-3796.026944811533	0.023043167394847425	0.17887125030822726	0.03142648879377736	0.2940598031994406	0.27511564088390206	730.2143678855045
-3724.9889812769725	0.03320665193353089	0.2363635358572848	0.052059683940498404	0.6094134306048571	0.28056608277149303	718.1199394300371
-3833.503770119443	0.020459411596991113	0.16164930430589078	0.027072101494252095	0.1466300954608333	0.29121080146186107	735.2257886922131
-3832.4406670958724	0.022410682184483263	0.18194259576351862	0.02935712873185722	0.14435863061655166	0.2786158347611455	717.7569409577098
-3779.2447571105254	0.02718882850667641	0.19291933186537474	0.039104075054358915	0.3702765883987041	0.2457457961546428	737.3939071590344
-3794.695733325946	0.020311472265735944	0.1764535780003075	0.02795228623796726	0.35412040250110705	0.3264876419047898	721.1506998521285
-3669.5104390403017	0.034589873273337596	0.25577657628992284	0.05879096832725529	0.9484845211770638	0.24948289020428605	712.2089587820594
-3952.91148838126	0.01639268857814964	0.13975452996042856	0.021281620047345434	0.13131437574607524	0.49056848814262705	737.6830741231853
-3853.4590054632995	0.026738203650404697	0.21713226568037222	0.03550361042973797	0.1936700205885075	0.37868328377641447	698.1215417406474
-3652.4178147656075	0.04170664026538694	0.28153730918639636	0.08580442578014714	1.113535462568472	0.24882589610020467	722.8094951814302
-3823.8044295370464	0.022848127210691585	0.17600693278975707	0.02961693430386319	0.17927923996522527	0.26778347887591747	725.4951952429611
-3703.0574010999417	0.03241532096336325	0.23634197839248733	0.052698111748458516	0.7262087566737935	0.25475456071509767	721.00902711908
-3850.036911866935	0.012348065604484058	0.11170074264578199	0.015856733911559832	0.13149968235893883	0.3266401873387794	746.2454639242676
-3767.140713985101	0.03511257499368523	0.23867568315512686	0.05265289369144325	0.4236628076050828	0.245168440708348	714.2341676523515
-3826.141399576828	0.016424164345710156	0.14857301644804816	0.02147487155733418	0.19300939693872887	0.22807249422657122	726.1892153760613
-3848.472864913755	0.016158267193567107	0.14719696570920704	0.020687644225191315	0.06542980836334006	0.26607304166801415	723.0079737173849
-3828.8395854533583	0.02136075629543148	0.18479816755721096	0.028460467031687878	0.15857510449002782	0.28104162327985555	711.8792836358451
-3860.857784350937	0.013686998946401055	0.1292513664471446	0.01722930369578946	0.005368928364087426	0.25329297759697966	726.7332442447868
-3824.301244504819	0.023175158955603015	0.18687812412366905	0.030773836430893105	0.17722429819326163	0.2797236543826648	717.2535721211069
-3899.79960900012	0.020624661911178243	0.1856118640476891	0.028168070753187453	0.33520548045253357	0.4825315037474361	710.8536701514926
-3841.9835372810167	0.024188889790005944	0.20033766433780154	0.03173604163254581	0.11711676738728402	0.27700991377989054	704.7681119878573
-3852.3639146675705	0.01829159446593997	0.16113803337102175	0.02342029066981214	0.05488794462232772	0.25483052328481537	718.503771415848
-3780.150749283511	0.02175959271138312	0.17636269320170736	0.030412690506137804	0.36937793514797007	0.2631145044830502	730.9019578842625
-3838.11892730142	0.03381981236305344	0.24172857990719823	0.04639760027205527	0.19182297502892975	0.2163832886630214	697.2836410718486
-3840.6230765513183	0.016735406983779247	0.15037057625053568	0.02170337508372771	0.11175711509019015	0.2946819667852455	724.6309446892368
-3842.437894494637	0.022845896301799378	0.19765753989694007	0.03253274983114319	0.28334487830065924	0.3996707123255774	713.1569939699971
-3614.699482652981	0.033382417646224	0.24059254687631274	0.06866138898353806	1.435127758578492	0.26859433745257427	751.650229744723
-3764.638924190422	0.03920188803370725	0.271903982100549	0.06059674222725802	0.4489058427406136	0.2894165384924294	693.827281035607
-3801.9951682657597	0.02744370829835576	0.21078036120502455	0.03789570117148282	0.2705185659806664	0.2844478049294163	712.0330195149519
-3786.5794559444166	0.025663859207591497	0.2106630691333464	0.036081583601769954	0.3601662805035567	0.318062716162402	708.4888024145047
-3873.3635107697564	0.03266333022794026	0.2342060977746222	0.048903443776215305	0.47861643402276594	0.4932790940070786	713.0130024605207
-3841.7168810044004	0.018844556045936454	0.16804221219511287	0.024531914527705083	0.10337197293249836	0.28500669043356397	715.4516512684952
-3734.8766674358703	0.04679308304178905	0.281438893672702	0.07792167199810887	0.6152896704275426	0.2775481797557322	703.9508782581624
-3796.427323921019	0.024252044268392278	0.18121598130982253	0.033790560416264666	0.29924448892595207	0.23976748843454063	735.7414464648583
-3860.7749665706247	0.0245670506896933	0.19983524207985745	0.031649358564323396	0.05784601329499153	0.2779170344257067	704.324886260829
-3782.9654602940686	0.028445689655691577	0.2048452346518735	0.040253542033802124	0.3464231177076493	0.2534149412850991	725.2296127011365
-3849.600293056961	0.028809182592851864	0.21197850659339443	0.03847410750791322	0.1217857687592211	0.2944043092074186	710.5916662388039
-3828.508312148384	0.02418446311413101	0.20780355358252883	0.03200136876739587	0.1679348195996612	0.2771414123627061	698.1077395286345
-3669.232975096135	0.037078934679315056	0.29314735949049575	0.06705289466607793	0.9737434063635889	0.25371969397045896	689.8808086720571
-3833.570653331426	0.02266881792582772	0.17585485405253506	0.028996673276883916	0.14124335125171025	0.2686078112891959	722.9441518191926
-3846.250358601352	0.014980365251390739	0.13925884126726917	0.019141491039154353	0.07922556657485427	0.25270781853933066	725.0384366911185
-3810.6727245137076	0.017859599081743383	0.15277636495137692	0.023665394142577737	0.2551589293942001	0.23610373939150728	732.1557232132559
-3743.1362439760146	0.03315706163238445	0.27597358052294524	0.051316331034636675	0.5427949884926707	0.28151016874141477	679.6902459835743
-3811.2432351116586	0.02152421427167615	0.17379296308364667	0.029064245823940668	0.22796755794222692	0.2666834650364987	727.8882540186099
-3906.712685303968	0.015595910065193164	0.1330972331709031	0.019849711986188196	0.08201144198031451	0.42574434634962394	738.6894261236284
-3843.7292282138046	0.016963633707794516	0.15141374178747333	0.02178400166032887	0.08864856181530624	0.25586643581893787	723.3001073812841
-3838.832730238902	0.016151193686182768	0.1490639357966438	0.020953444606680888	0.11281986477464395	0.2768656569270782	722.3532638098492
-3836.544461121424	0.0193328044512615	0.16503789465916197	0.025265124871359533	0.1261617314301915	0.2433055494884854	722.5880986453767
-3803.401657028774	0.03390012696724121	0.2694329636386392	0.048630026396418856	0.3056846682414903	0.3078004096993249	678.1490013477103
-3760.6291417398684	0.038108105405474935	0.2632318041206475	0.058482832515239495	0.4599369983043307	0.2893642509558784	699.06972146098
-3937.0061280189375	0.01722128286240244	0.15191806350031423	0.022170042794201726	0.0853957141895738	0.46465130866374765	724.720119729425
-3827.7354209669807	0.018396272266509032	0.15993689641870662	0.024205929454859162	0.15907070079209967	0.2703334537077715	724.7167237469731
-3692.0898737968205	0.04743139094258571	0.3051507571579121	0.08836580916855931	0.860596022460122	0.24270921039977358	695.8682079456943
-3835.154911947614	0.016427278096398715	0.14459448188921806	0.02127637074012107	0.1324924905454766	0.2831727437454194	730.40806412898
-3834.8929704868533	0.017245508211898606	0.15088895186136544	0.022300283900111604	0.12929764604399233	0.27600588128238596	726.9799619948083
-3778.208743315854	0.023178546983986442	0.18300549094586957	0.03241268631808752	0.384481817537624	0.295754163539313	729.3527220964447
-3845.2149145077765	0.01653814279051259	0.14805799024077873	0.021152781741111806	0.08271247102846896	0.2526119644128628	724.3858315818222
-3792.2039167786415	0.0429796773931393	0.24481719495311197	0.05559579288553899	0.43532212779654417	0.3206617220436258	704.1264077932638
-3817.9457866855028	0.024091134003759448	0.18845688339499125	0.03164668252484132	0.2035848205210933	0.2779905921414765	717.8060397609114
-3892.220455798447	0.013743515932483403	0.12655161181308466	0.017336340857897224	0.01692840526363282	0.38434562257759874	731.8120293924276
-3750.3015053851977	0.027171536314938294	0.25468601807780017	0.04108283951874853	0.5333374523648928	0.2491095515223804	680.5777016481371
-3824.932962390631	0.028747951112123613	0.21663497298140796	0.03974320877877293	0.26671381774076697	0.3601290584853223	710.1036522464154
-3767.1899523594043	0.028672162114243012	0.22435240508611198	0.041477407475196695	0.45102832755411754	0.32468061114116703	707.8768114208685
-3829.934689584172	0.019599000479117078	0.17721809611303058	0.025932178330468736	0.15145113143415748	0.2680281079828425	710.8621937155375
-3846.4028590062753	0.019747274773644175	0.1691602698034062	0.02563209358186272	0.08244846090955361	0.2679781911572366	718.6867831368328
-3812.1032955513606	0.02125116716577019	0.17916125283816073	0.02858608206321304	0.225373448612695	0.25337494365505	719.3479842384853
-3838.9945224188277	0.024364289048278406	0.20779666729296808	0.03219649960532452	0.1369675073473207	0.29505051540001137	698.5995543422712
-3799.467183401245	0.021230365902922745	0.18166681987724637	0.028886493961138775	0.30474820076659537	0.22235316675053962	717.8942054190595
-3781.438079074911	0.02890779008030559	0.22264019352946526	0.04097708356694912	0.34970583854264686	0.2590405554847285	707.6502122554532
-3814.6087150696508	0.017634071044290534	0.14974828023621084	0.0235721120806136	0.2300685915918303	0.28381088584887815	736.2819024284198
-3784.408296789493	0.02283482544279468	0.1844850802440778	0.03151091709971054	0.34398784584607417	0.2645939361340944	724.0723196038423
-3829.3519899970224	0.018947536973222268	0.1653029005253449	0.025099724928047358	0.1562353319847086	0.24506645482234174	722.002811606252
-3810.078639470804	0.020747036942937173	0.16831915350530605	0.027851742224127247	0.23576383232618775	0.2541721327669338	730.0854254915256
-3843.997272639169	0.02049847943304949	0.19601307611028992	0.02670996770653876	0.10825441255626805	0.27721820467878266	692.703571861802
-3723.985631262048	0.045909617675963334	0.29973970937976846	0.08095982049955196	0.6763104994533707	0.23121497410007852	692.8641951187238
-3846.179383208004	0.016431089924926433	0.14743774189210465	0.021059832946816057	0.07652096311875625	0.2595015816558142	724.7992533835071
-3699.2489486961695	0.03387733593369679	0.25566642580911625	0.05680909673538653	0.7592341576081394	0.2376182813862579	708.8386023155474
-3620.703647203731	0.03716236444468678	0.24562699985816563	0.07764099325625204	1.3945450412081264	0.2513587918210274	756.6719784639499
-3764.690119548942	0.021740046198981965	0.17692011933479646	0.030750943765278444	0.4533977406840449	0.24638327387949538	731.9008497816592
-3849.218179407869	0.022529041357076632	0.18205518075819244	0.029268155928298654	0.08410719782781767	0.2554112848438051	716.9699969324269
-3842.711065375979	0.015641578716161002	0.14074236621871594	0.02014169139951425	0.0933782831388767	0.26089988276682	729.242944877665
-3859.3231266660723	0.021396075794662676	0.1678752259637089	0.027513071160662303	0.08231846008322027	0.3310675509954104	727.6196899972264
-3818.748470280896	0.020575485546764378	0.17612845022656645	0.02722348920087778	0.1988877951405578	0.2802574705124775	717.2827980572002
-3841.059456007608	0.01552980956150082	0.14064757055433705	0.01993092753796297	0.10165940526246717	0.2687557912059739	728.0143224814011
-3782.3730140023968	0.03160674170723921	0.2599610800704492	0.045863847852056966	0.36229215899530515	0.2714364592019302	682.5856017641787
-3764.4473717114197	0.029244825392880647	0.21374153190304618	0.04231550892552918	0.4223855059090187	0.25549677073680716	720.8533855979761
-3819.1637863656283	0.021925474182268305	0.18165634224552443	0.029177169986221607	0.20473925922593225	0.2972720843575781	718.0830857534598
-3766.765526093426	0.0405711680078796	0.2821771298380762	0.06517661837647278	0.5217736005477132	0.35341578122137435	691.2056164632066
-3724.8388090596695	0.027873823039993723	0.22466282485590494	0.04343919797310311	0.6215092434735454	0.27503665284974876	714.8248692880494
-3845.118496918814	0.04301796274468178	0.29378838246000927	0.059355697195965576	0.22343248643165475	0.3237441007301942	668.6790103796391
-3814.0522410514677	0.020736819890551504	0.15541669935447605	0.028312038923340475	0.23246398596627157	0.26825282088609104	750.5188261145411
-3787.932853063491	0.039084195030617414	0.2856167098611577	0.05867624725283604	0.3632456489734417	0.2842685299558248	678.6668909439431
-3833.2613765688575	0.02458157401368842	0.21295494678512214	0.03318081097942618	0.16475723774853343	0.23137893824399483	696.8955278992173
-3768.1688005699016	0.026840779234889648	0.19701843477095954	0.03858593902977109	0.4245750187438185	0.22912095551197945	731.1214393343276
-3844.7084985706624	0.017468601354795995	0.1556765203572384	0.0224304006718657	0.08391277183150059	0.2612205636724114	720.9088873226364
-3858.058997871747	0.018553591888723617	0.15599002431678022	0.02397428951115702	0.09352111988319022	0.3434158476897883	728.2586114769476
-3784.3311559721205	0.026446657406332993	0.22871385552266868	0.0384280265027899	0.34699565583845365	0.269585717651264	697.0953282126695
-3832.942714628054	0.018680461359895352	0.1562549126358144	0.02426191616769623	0.1428384594844156	0.24174682190165325	729.4671112995791
-3819.9465895211033	0.026752972396486323	0.21208643882386186	0.036206547375157244	0.20129613390725942	0.2751703589574058	705.7090139416483
-3796.112189353197	0.02035721409345256	0.16598314287718813	0.027118136229133866	0.3191806499212165	0.2990698743801799	729.9579416118195
-3834.6460754331524	0.015957341446791628	0.14208353681106803	0.020683727546302426	0.1329919424798857	0.25797234904613325	730.696495138364
-3781.936234314749	0.024664633681573605	0.19317797396074243	0.034779378105083705	0.3792640405691449	0.21553915180746394	724.5866565620096
-3735.8723179852022	0.03153411844702283	0.21366868339838757	0.0470539789740835	0.5612031021392946	0.25775530577736966	731.9618977869923
-3730.6954731554456	0.03906964304719133	0.25544346908574106	0.06543639983455553	0.6889964319413108	0.35067361696583704	719.0579088574591
-3702.9998355753296	0.03498824493779215	0.23158508607493325	0.05489097265035031	0.78859514938581	0.3198172185029505	727.7253267344247
-3742.521890858967	0.034838570835461616	0.24996082800997052	0.04783408124324468	0.6873060382111366	0.34605959447111495	692.4036808619569
-3829.868756994401	0.019627532791774233	0.16938739411234813	0.025752470449578242	0.15027868808236045	0.25470680434730336	719.3133988265772
-3787.7760073053537	0.028618097556839136	0.23255087243840716	0.04241017933881023	0.33250807660068693	0.2717486158240562	702.4279877148796
-3818.159763550046	0.018097549797559138	0.16269848388462854	0.025197914279764845	0.21747625736037748	0.2900276475491825	727.5359683254061
-3935.8440592260267	0.01690428162255791	0.1541274593512476	0.02164040229417224	0.06866727879082936	0.4592190367727724	718.7900245202754
-3702.2155545547657	0.03274501958914552	0.28408687663443466	0.057440239829333876	0.7811495494630936	0.2425042511729427	685.9107397004404
-3620.2556716993404	0.03506923767931419	0.2516293263858248	0.07548111904310889	1.392724850003088	0.24080230981746245	749.0868756778854
-3850.2378868097653	0.015321566548931877	0.14335958770998344	0.019706734486917028	0.05747047963288763	0.26237041337435885	722.8168248526606
-3834.561529041637	0.022197148867481146	0.1860008282516119	0.029250037783622007	0.13941631139076036	0.2875957792901007	712.8637082278847
-3782.384165217164	0.02285998408740258	0.18622130764244474	0.031865288107436024	0.3628426305633175	0.29338243544545806	723.5340895453235
-3803.2157565072243	0.02257131984882485	0.20081524652738697	0.030614723196607907	0.27333026822597795	0.2883907832643792	702.133198439341
-3728.332375380929	0.039722510549954085	0.26347369471309984	0.06841325877930812	0.6835023617699106	0.19153176027568267	715.5043860984953
-3795.7071107143247	0.023401918764978116	0.1940725811964348	0.03238875959629312	0.31518010534322655	0.31102475787854167	715.7239534813177
-3935.238262383466	0.02008754752206696	0.1704894647063149	0.025769653071803726	0.07883388363365852	0.45902434778088297	717.2071403849044
-3801.0197578366824	0.022661232786934982	0.1878982971296949	0.03078955570874378	0.2781445090113613	0.2921955823318049	717.0405946719443
-3851.3238242831985	0.01657394009377364	0.14504000992947044	0.02115048617278118	0.058414933912567586	0.24480144359048808	728.5398123645693
-3845.3998301185034	0.017393766790286425	0.15585624781254243	0.02247518071458632	0.08293905466442505	0.2520879015185065	721.0935311640729
-3809.871690600652	0.02293566933174876	0.18181654313172815	0.03094623370718333	0.2356755377251843	0.28176244762105024	724.501634458757
-3738.7581587131604	0.027108680916886143	0.21186652724622154	0.038325834666860216	0.5662596291102927	0.25879861610507804	713.1060438814498
-3733.285921003475	0.024607380488143656	0.20512859745468293	0.036541675837249404	0.6004980538104708	0.2798387990502338	717.9764221407307
-3840.255857992131	0.022217601023745977	0.1917019125441628	0.02904254334550764	0.12726852042372716	0.301435554982857	705.4742482989523
-3808.4101571119963	0.023379461131354844	0.18914484769861448	0.03188835482801682	0.23899753247522681	0.2556989076254928	719.2359591380754
-3792.499981388379	0.025961957484400968	0.19734085175127783	0.03631022736910678	0.33925064985518344	0.3225736269921893	723.5852346116909
-3801.3427615117344	0.022911747101599076	0.18501233629883665	0.031016186977842895	0.2683511724434504	0.2595568480283969	721.0336458691323
-3831.581163545621	0.01977027835142199	0.17361082810226008	0.025637674853727574	0.14437826311566412	0.275769164700549	713.2707997615917
-3838.4639662532936	0.019718761327918784	0.1908483806847019	0.025839462459798217	0.1276091428401749	0.2622715517095379	695.0431708923196
-3843.9650220673857	0.01575116913855609	0.1410869060208439	0.020274702827557018	0.09733894253265975	0.2373318633780355	729.519323685482
-3837.088082076685	0.021911806976585485	0.17964675852923284	0.02873267999282227	0.1255592653992948	0.27745029769380014	718.312175097068
-3856.2375863196307	0.026394581212238116	0.20407597598388802	0.03449869540011663	0.08605613337706722	0.2910019433257806	708.3319045130935
-3818.543200292799	0.022501061666280256	0.18677743215957382	0.030139591460443232	0.19881043642971466	0.2521964870855579	715.6137091778032
-3818.868294086281	0.021920114653425922	0.18209088263732318	0.029182515224778216	0.19552206565207	0.25966240420227465	717.5959827821641
-3848.790990859692	0.02239439071964522	0.18491223933738507	0.029109570908194243	0.09543697658272866	0.2309130673744213	713.1133744822467
-3793.883521525735	0.021966505157418825	0.17767349243029104	0.03005367958007156	0.3033704760986402	0.2641965832238824	727.1178132382329
-3883.8851733247634	0.02565231183133165	0.1991723803461474	0.03344862148571757	0.09211865250358141	0.3817078538722888	710.6915541174225
-3847.203249248946	0.014079280582708662	0.13167022423015964	0.017771082334620762	0.08199288623736153	0.24509775498130393	726.9465318183737
-3836.7135661654556	0.023732430642741272	0.19559130946521508	0.031042391304283067	0.13198408162107306	0.26108618031808123	707.6905464334943
-3825.7386085778617	0.019730454444004283	0.17983327512877648	0.026509751111563423	0.17678709142000007	0.2901566828619504	710.6195052116465
-3947.886486540817	0.024375419613985	0.19818359997248777	0.03102763955945768	0.05402998231498835	0.4580821411469806	703.7900696664169
-3728.0743355129125	0.03025378992952431	0.23218338644476683	0.048596874051745786	0.6218361018406281	0.2203487336007942	717.9495547554892
-3828.2937107660428	0.02404329191643222	0.22639872786652895	0.032317276042417985	0.19730808481975667	0.30406136257501026	681.7101869731586
-3844.718536104091	0.01766148993738184	0.15487105184870462	0.022932409209521488	0.10166810501977504	0.22700854302001738	724.8776760063757
-3847.8772747403427	0.02259877643232423	0.18518750458137512	0.031228060371092024	0.3361547629734503	0.42611391622565764	722.3461437782803
-3779.9958984163522	0.037998932104251586	0.25014549022294724	0.05218422922867101	0.3854154110792774	0.2635923342184446	697.9988088769684
-3773.9777676061512	0.03006126314151281	0.22940111371599683	0.04352014982957733	0.3815738539927314	0.273185955558784	706.7847940457616
-3802.8151277581883	0.027588052332934515	0.210402823898422	0.038319619290821436	0.2674758833525034	0.2829286361321609	713.6823528132825
-3788.7773495035726	0.031626371739125914	0.23807657615985947	0.04602360281963405	0.3575841056037394	0.2106451464633669	702.9267588094812
-3738.64136624202	0.03269008035893613	0.21995750145669565	0.047975117302625714	0.5542305903423324	0.2856462751021821	725.7232463224296
-3687.4500549632835	0.03791302475617065	0.2592719836847111	0.06476801653758167	0.829256393617945	0.28439564684967233	715.7754439900891
-3828.0793615036137	0.019910621730458298	0.16940296080389874	0.026236374141264892	0.15923748124310408	0.24958562230179415	721.4626131182599
-3820.822139555834	0.018100949023885034	0.16804368399705868	0.023955782618180627	0.19909204765804492	0.28418622237499047	713.4578850918094
-3798.8282292802314	0.024576755157050146	0.18956529900672878	0.034847874817159376	0.36173948519138455	0.3527426709572966	729.3137823487021
-3824.876189057631	0.022935867743448895	0.18477395460454893	0.030436739111188	0.173912360730471	0.2768240547347609	718.5841786948644
-3807.9185134996546	0.022932809618654775	0.18450793457461884	0.030961933002781883	0.2402593982762732	0.26154922112282186	721.3360920948428
-3823.6664716611185	0.02165610839074711	0.18277691831973666	0.028820264738526405	0.17824341212009673	0.25080637842160547	715.4817107494384
-3851.379179061588	0.016092204485954758	0.14071131970353007	0.02049487600077428	0.055966593960763346	0.24891613132704707	731.0105010607489
-3813.8849139293943	0.032169128213177266	0.24349728382942581	0.04566655817253348	0.270446914849827	0.20969922357885004	696.0006989809672
-3835.9440053878448	0.02209214395091842	0.1786771807959536	0.02900843163505566	0.13159786337698673	0.28131528789329635	720.5213919355484
-3892.028218142681	0.017546461538298395	0.15615218936835584	0.027389579558788662	0.31642688496567306	0.45136155475202694	750.570604288444
-3843.0481700360897	0.015286455432440508	0.13703503128620917	0.019619588274670807	0.0968986120621424	0.28391837209481025	731.4633765912537
-3831.2907853240927	0.02166120124247999	0.16977296569759917	0.027461000037074235	0.14957248499727904	0.26301324887003064	724.4850437040575
-3822.6278108971833	0.02026449259754962	0.17613403634168906	0.02688117893553806	0.18325169475366668	0.2822607096002382	716.0238896934109
-3719.481760089183	0.04366461540759027	0.2762873519354153	0.07572370079848748	0.6909736091389033	0.30113748779563365	709.7306234973137
-3840.388592440978	0.016869506332630967	0.1502017350569288	0.021804423999671342	0.11291891067612529	0.294964779519011	725.2950891308012
-3768.2079259217194	0.02837612547194161	0.21985998231878742	0.041288293443348896	0.4196836292227492	0.30108596628405654	712.3395161032248
-3695.2291975811577	0.03436903059956362	0.25350886594353655	0.056229134465767744	0.7732883367705955	0.2737227483599633	709.0410074385998
-3794.1635071162955	0.026835960047496835	0.20527783770005537	0.03767728819436333	0.3019880365879961	0.24264612603738014	718.2158908861314
-3717.1600454258237	0.025481960820416434	0.24891891406367606	0.03973347238053209	0.7405098515047421	0.26244997853328256	684.1712208243963
-3797.1576984345234	0.029923859212379812	0.2272773302741956	0.04272644497922896	0.3380620522605612	0.3359417572148093	706.7649407420773
-3710.8703399344913	0.03335229078565122	0.23748636495069103	0.054428755296269865	0.6857811250716404	0.245691738673536	722.5523055604339
-3928.1643439035506	0.015525453075320807	0.1429363630445631	0.01975279002001428	0.051651233843119294	0.4464415053735465	723.3540497763213
-3862.7869081478743	0.019742597938385488	0.1678351343229754	0.025044238616204893	0.02248395273875119	0.25130650927928605	717.0191592998475
-3802.9850844943685	0.027970206664959543	0.21554217708014067	0.038763791616725406	0.2654175342578509	0.27599952953911316	709.1636291621721
-3698.5066775079795	0.041171359866577446	0.267131970403586	0.07481052169561478	0.7845381574184743	0.27486135301451575	720.8262775408514
-3850.203061027719	0.02276609598516154	0.18801047955006342	0.029375077741588693	0.08081846208361237	0.2713847147180545	710.2057319962554
-3791.8249200256078	0.02801461528492687	0.20772036637194638	0.0391929492238178	0.3074931189165995	0.2626889977126964	718.9995893104307
-3713.819277865918	0.02949356957716965	0.20707858221474248	0.04319100222318099	0.7019767090984725	0.2797061214759398	731.0751027977203
-3734.04641621345	0.03296481431522339	0.23599816946091529	0.05136764636262561	0.5632488738608553	0.24939093933101142	717.0811161353035
-3830.6780465306347	0.0174319890339916	0.153962599403584	0.022814334763793603	0.14735738691216022	0.2597643322290429	725.7993741033808
-3883.403345832873	0.015592358417339067	0.14957830128748567	0.01996094391852508	0.08335971468317648	0.3918786537433173	715.6292427597173
-3798.317768909518	0.0196677065347612	0.15803778185961312	0.027006418647129476	0.29775814030836767	0.2558270853950136	741.4590190148161
-3788.40880251776	0.0300661815398305	0.21894634771194313	0.042715399355472555	0.32795128503461257	0.28519568901200526	715.1438250922914
-3831.5158535913915	0.02261773672604141	0.1839999687970787	0.029843060370199567	0.14933444176937785	0.2815551544982243	717.269293473036
-3910.5584645447557	0.03867414903077863	0.28149515302224604	0.050464459472790844	0.05477672566082164	0.3312744538765467	666.5627389733597
-3744.77676720663	0.029270760076407935	0.24234220051115749	0.043848156697181485	0.5211083722196965	0.26585742630432563	696.3776427671893
-3879.5903926533733	0.018130864722067198	0.16340655208646593	0.023861104544467215	0.11614619655432694	0.39774557233509067	718.5965615246196
-3850.106747969333	0.024484639336544663	0.1963051187842975	0.03296137440801252	0.23991544895108402	0.3973544746212603	713.8120793240341
-3710.05916316658	0.0338333010348148	0.2633331990120006	0.056012176166772745	0.6963043442109456	0.24713525272245784	699.8743049588908
-3835.6359055851103	0.017427941933405577	0.15263039877753556	0.022657221531834533	0.12431589049485615	0.26161317650600824	726.5922631590122
-3705.0498988615677	0.03323256686078927	0.32472414036766795	0.05918912785171308	0.849713426028788	0.24263456911547218	657.2037954695978
-3702.3588843564335	0.035853662662461525	0.2597990438102765	0.06017285357276955	0.7303745690962724	0.2709090604329061	709.0248201221555
-3760.0491933249696	0.027723151488840678	0.22040174535257126	0.0399288047705116	0.471609279639081	0.2203501175253755	708.4619017496781
-3709.7827813340546	0.029402072114834327	0.22752978863793716	0.04878844024469949	0.9458729143317579	0.3890504320049463	725.1163032890149
-3816.667664341274	0.023675250221703015	0.19495326743135305	0.032215001184172656	0.21473414902130253	0.23666365614328533	713.4908938067776
-3838.754146969425	0.01635872134241706	0.1434416059985658	0.021138975652016972	0.11864310035622873	0.24166891004624616	731.220052800448
-3817.2731552436608	0.021213432392529104	0.1646504447213023	0.027467368174001753	0.289671836562796	0.3477091988421926	732.0501124560064
-3835.3631830140857	0.01864997235804046	0.16167666430221622	0.024444065412048535	0.13047430665790652	0.24404757340163158	723.3820235542776
-3728.500363762001	0.03212735530853556	0.24495051587268923	0.050243053479980676	0.5929787157972355	0.24774488264648495	706.5196447101449
-3791.6639267305172	0.031067403480892753	0.25965816391607544	0.042995465540000395	0.3355049050919228	0.2522858570741773	676.3637549237454
-3815.829313709828	0.022300440160144475	0.18294692550418212	0.029922263985242045	0.2110997832289062	0.24719489585026366	719.4473575791055
-3814.5319834578086	0.03160976139374128	0.25775261289970636	0.04427714158232839	0.2448914683905364	0.270365397289824	680.441796131406
-3847.2617301621567	0.016525712824382876	0.1495243757161851	0.020965916489709656	0.07297031633803619	0.2559979962346356	721.075219335358
-3703.43931413694	0.03333739048601864	0.23518913452867704	0.05421230086676668	0.7249713355664213	0.2516355323521689	724.5566081218577
-3593.8702531993385	0.02865422982268011	0.21587495627768402	0.0639544034648444	1.7491558377636371	0.27070917036791337	781.4677306089061
-3833.154195524208	0.02507479200485073	0.21024331457174145	0.03318432442177076	0.1563364334159606	0.2892381968286207	698.9147571458029
-3834.487951854445	0.017747866767350767	0.15497862331406745	0.022925426410041496	0.1357965640205164	0.2889244711471788	724.542310324716
-3837.4639527781014	0.018557715197266563	0.15970523127555977	0.024137992029779846	0.11788227342081728	0.2784061194081489	724.291740003816
-3750.71503006212	0.025469976199761955	0.20570014721552982	0.038451624008993546	0.5342500169114613	0.2111777356328949	722.838392992311
-3669.590075069844	0.03177159538560477	0.23543172638534526	0.05723199923886417	1.13941967677696	0.3631813474822792	734.4783098553341
-3820.8792897433427	0.01879572530025908	0.15760164216633635	0.02469387958759592	0.19021089996049254	0.2649559079404667	730.0742010152935
-3792.5318843451296	0.021516890746769088	0.17554136792692931	0.02939783741974154	0.314611022013608	0.2486535654127642	727.399583305028
-3837.748606368249	0.018082265108282265	0.15990089880770217	0.02341811685547258	0.11468549318279599	0.26763384360094805	720.5009939903533
-3945.3879168896246	0.014553156747687628	0.127220077961189	0.01895927314326494	0.06786846020117011	0.468057720086588	743.1379841883729
-3849.601504843486	0.016009883091703606	0.1418842042779718	0.02043300550563205	0.06124806537752623	0.25652492174220487	728.9954891691244
-3844.1714364359996	0.020898079793792122	0.1754690673969135	0.027348437134912737	0.10929271579754926	0.30441067718465953	718.1226686719673
-3799.767815384389	0.02575429202541871	0.20475009223486282	0.03563483346523183	0.29160194538017914	0.30696331930647	712.9985814437149
-3885.471488995764	0.021086415737798306	0.1779899294666421	0.027593700330490977	0.11044654073628785	0.4030080755244505	716.0190464156067
-3824.81639461398	0.018018585416858857	0.15655966610155592	0.02363693782142195	0.17539802924237186	0.27900143606621153	726.4341783137627
-3856.431474902779	0.022109201656912342	0.20330777476176232	0.028485213472314707	0.08013398182985035	0.306998454216223	690.9985024160884
-3811.0363791878112	0.021620158657755045	0.1748847191490942	0.029051515504313636	0.22936982733062034	0.27413778117358606	726.2804033419732
-3837.227398884703	0.027190197886135425	0.21040976593268929	0.037450931365873026	0.30381802281747244	0.4015282391525182	711.2885707543129
-3814.8815138914206	0.025495018942336706	0.20610920341033057	0.035266414589655855	0.22622552583928957	0.23488375379375276	710.4991824555353
-3813.421103819466	0.022988159459628135	0.19833708704900072	0.03095551792187248	0.22093753004577074	0.2667164036518753	705.5455809085818
-3839.2988816435472	0.01879839237101063	0.16205464162158598	0.024456720741101074	0.11042239765472847	0.2787536607898764	722.6840843488018
-3730.752908039461	0.03332975157669758	0.2631472825580514	0.05167578231354463	0.5869403484143569	0.2692929132255557	691.2872260290724
-3672.867424823202	0.03873878381298112	0.27155321059950976	0.08798654647009065	1.445636576387534	0.4140212701825182	741.6154980312434
-3843.316382502244	0.018705112022653184	0.16019497496970644	0.02407174106202937	0.09272709663571785	0.2548591004510981	722.9662403224985
-3831.5132535828743	0.024156526475664894	0.20289016341198116	0.031830566461329604	0.1571740582159382	0.2862172282500378	702.5258165016081
-3827.8862929961183	0.023520590289755866	0.19586078274024568	0.03120596688340333	0.16413166532522036	0.25767776659522806	708.436352914807
