# /groups/rgutenk/lnt/software/anaconda3/envs/donni/bin/dadi-cli InferDM --fs input_fs/fs_084 --model split_mig --grids 178 196 214 --lbounds 1e-3 1e-3 1e-3 1e-3 0 --ubounds 1.1e2 1.1e2 3 12 0.5 --output inference/fs_084 --optimizations 100000 --cpus 10 --check-convergence --delta-ll .001
# Log(likelihood)	nu1	nu2	T	m	misid	theta
-5673.324402492971	0.2095705916410766	3.395297361754546	0.113930885664835	0.055055327372842536	0.08114194198060572	1000.7363156330827
-4303.01840159958	0.3819424314624978	10.885001766345288	0.5064244045674717	0.57437297313711	0.08095517252210419	433.4347365431244
-4118.071596272551	0.18820639779891535	9.47813528531412	0.4225621964884441	1.6382832167622658	0.07511544226122704	538.1286822645008
-4043.361848001987	0.15356389072944124	12.022895679238893	0.7418721664130148	2.2136113187013824	0.06955579172878139	460.88408164768265
-4197.035735005559	0.28206168426189476	9.62075421463115	0.5203270780713429	0.9902224359197768	0.10751829333550719	471.8104649570865
-4124.837075402132	0.23530018144629117	9.95238429314959	0.47522079772935305	1.298759541284736	0.07813486803879355	493.808838745938
-4019.170329493349	0.1750603995267439	11.907370005340931	0.885113220525503	1.9847163931530998	0.07236857054282066	432.8865730379291
-4039.984733536026	0.21610700544575667	11.478754231605258	0.8520810914406063	1.4752185511829883	0.0781397877632534	411.1295965284801
-7704.324942336773	0.02260663047652154	0.9271135474146278	0.009699871992100659	0.21577539895973302	0.07108837894310491	1687.1038603677496
-4082.2023902469928	0.098860404422196	7.9532187881744605	0.3927124245000363	3.408034620490855	0.07114631837316626	672.3536501503112
-7846.427320281682	0.007037015758415992	0.786845744376382	0.002826643318481421	0.056711204170677265	0.08467962788161637	1710.8637621944201
-4013.172696821041	0.1846671446843129	12.513446228390384	1.1786885386846369	1.7667188050136755	0.07237856455970393	392.9118480559971
-4098.807873600961	0.21119647385739873	9.160520430217604	0.5500157998775119	1.50204135367248	0.09458467296409337	500.28502438741316
-4009.6440604807235	0.16684738754393078	11.42331109524104	0.9026998697609633	2.0305835048425633	0.07382325370751547	442.7148539806115
-8222.178177501244	0.003105407873742324	0.6936539668436718	0.0012047789448017558	0.051708578991034114	0.1730521876922824	1711.9853361836094
-4552.91854846339	0.24101791071822223	8.27904475781632	0.20664595376816286	0.6542563299193577	0.07118779204493321	665.2080480390317
-4214.277731970245	0.19230173821928404	7.2005236308145015	0.39395073530974467	1.3499264560769113	0.08578402963493795	595.8653703361758
-7945.4411835249475	0.007860267933627731	0.7751785427747516	0.0031555905774845413	0.051077955616516096	0.12208221398536125	1712.4926331449008
-7734.846308256649	0.01659896310212324	0.9044806120281873	0.006872180408363798	0.015117723051401112	0.07215991492195639	1695.339772183136
-4844.132870411327	0.27551348536946024	5.18640656435912	0.22650284310794433	0.4228693568844592	0.08034006577035363	736.764354119769
-5420.674287694674	0.14492802785914116	3.6055155655111317	0.10776781930256729	0.3083079270826539	0.09727128809597123	1020.5271883296507
-7814.61873017887	0.01572586318791476	0.8610694594731773	0.006434931207293377	0.0010200455117076257	0.09863830132588952	1702.1365517646348
-4046.9000745061294	0.16190117435809245	8.863055772705389	0.5715324346625398	2.0058161501277216	0.0769873285566283	531.3105578123752
-4093.1054244650086	0.31189296382121584	16.860778213592983	1.294668399397464	1.0381454892862658	0.08022797609218686	292.3401193520845
-4051.6727921341208	0.16070478601463065	9.040378568103897	0.5422049409319576	2.0220457100052367	0.07868913242096671	534.1188917160475
-4039.6455447977323	0.18139846364037462	11.555290362851645	0.7098939168809304	1.8373299990692806	0.07678559110008801	448.5378924746622
-5175.596544263096	0.4305749808211855	5.678279672329578	0.2981613769398521	0.13995231447366446	0.1002131461826735	635.3474597640774
-7843.065529344918	0.008416371830924464	0.798356479024262	0.003381179752562675	0.2648389180896254	0.09018965064745506	1710.5005136359187
-4210.4573904658755	0.2954282935791435	9.459628436634413	0.4935490714100044	0.8550465021241709	0.08335517418744065	477.102774433629
-4186.74885916281	0.1927863190903945	8.294404555184146	0.3755865274821868	1.380615762658964	0.06581019784602317	573.8678176912726
-6262.647220008505	0.10581100773277036	2.3200006790444596	0.04425537187903507	0.0027782608935486047	0.07065106375305491	1321.0606459079613
-4115.03565803038	0.2590157172583321	9.577013109022126	1.02449270511349	1.376521472585531	0.09176243558704782	416.4626805997673
-7440.824514667444	0.05115068157713039	1.1411393073765728	0.023012116536854588	0.0400454901300827	0.09728681226150052	1601.6879990364419
-5107.215144756201	0.16888801292438677	5.005581163767796	0.13850503439922507	0.2769130212956132	0.0720899124133325	873.4669996161144
-4566.222965501353	0.21968909298049383	4.92808985812085	0.3791729303991018	1.059096245240855	0.08284209631841767	683.1337225053626
-8032.11139784922	0.002974974120107011	0.5999168471172797	0.0011518927776579529	0.1773315136738165	0.12023581219249149	1717.2606087754223
-6228.238742498301	0.11547428191460404	2.2812726834315757	0.0625817777422995	0.047739845057134946	0.05932453626106008	1263.8187087684385
-7820.465204595966	0.007565286888354814	0.8152650571443656	0.003038105901591466	0.07085220916233705	0.06546562765124593	1708.4889478862844
-4848.324181794758	0.16440638600277527	5.252487096014578	0.12340727117571462	0.7991737800871692	0.06679839623578002	896.2771360034344
-5691.603141749287	0.18248363197402098	3.038159464829909	0.12435102685449294	0.22252146925137378	0.11001100087679418	1025.8415932249122
-4319.433262712661	0.252847711115925	7.057549989075887	0.5805166381518391	0.9627059911374614	0.0848506921490802	523.3545334131945
-4848.791507427394	0.45477187231286853	8.707230289697238	0.3355990284867431	0.2811247004307254	0.15140893213295362	526.6825166801119
-8226.060314785742	0.002564213992535392	0.43539192064509913	0.001	0.04498065910805946	0.14252086313010423	1729.1609345401428
-4209.627130337072	0.3297734112264915	10.531947753603752	0.5537539183107055	0.7635051150665224	0.0805617062146828	435.79988327382733
-4043.832700055315	0.1504179494284132	9.190609344346324	0.5462068992932478	2.203434412364134	0.08013206805346731	539.7737187837672
-4117.676790973708	0.2439416170540084	9.222384067709628	0.6129443408681923	1.2138173643995465	0.07765032903253503	470.60608275888075
-5143.95743924452	0.19823647867995636	4.534969387569513	0.1482120845552521	0.26930140524119744	0.06958309089234271	874.4184696727905
-7783.035103160603	0.0094377109783629	0.8565343339146557	0.0038264170169003387	0.07423134770255412	0.07172515148361695	1704.6919369583677
-3995.1737143156643	0.13257884963765243	9.687558741301782	0.7901190096074318	2.5980113526063233	0.07108804698894566	520.8102513213958
-4022.2701344378343	0.09637008632578145	7.17134794367026	0.6727839357767347	2.9819992146478422	0.06667300214953227	634.6886732667733
-4110.149996635184	0.0994453657326178	8.417069007318116	0.3652640355766778	3.3775955844469143	0.0699219450444501	667.0094940849336
-4012.586813151178	0.18358278330606428	10.618629355347961	1.053832299681095	1.7830219603533437	0.07403795443773632	428.8344076823505
-4027.863269481164	0.20126163020868357	14.60084742040002	1.4984819531561846	1.7390984478124962	0.07280401360901052	353.01818115165565
-4285.987353865282	0.34199456856852395	9.053808125911862	0.43980349747877595	0.7938703744652691	0.06487433451492794	495.46165147867094
-4870.894471394998	0.2718160613288581	7.191924320676974	0.19724618595668603	0.22291215734019623	0.06779262209799579	691.4966007467937
-5612.531318705201	0.14897651663396344	2.961892056118881	0.11223937591672122	0.3464150635471772	0.0917097433970591	1067.2635697522699
-4115.616962568483	0.27257402359282445	14.749350590481994	0.7813867670582787	1.130718506308921	0.07923787648601426	360.3145233545082
-8321.106219125055	0.0025655397464372735	0.28016214003657697	0.001	0.1926896546149752	0.10651242560728903	1754.9818327909982
-4336.144212333066	0.15398166034958433	5.835119206743435	0.2603328711557596	1.773056082653529	0.09202973987750626	734.5040134251462
-4023.8717554380137	0.21053738104715491	11.144369879059106	1.3666756281801091	1.6757129278261853	0.06919053483266772	394.052260842041
-3992.954220145066	0.14200373907728475	10.30333096213419	0.9325105232209403	2.428007315510887	0.06992649025650705	486.88076679809814
-7927.6184290215715	0.002554716813761749	0.6419330351045801	0.001	0.06510195752352428	0.08516354875257542	1713.4771088414423
-6631.999072462619	0.1094584495853331	1.7565574549061491	0.04989292736681669	0.09742391106749952	0.09088920057094506	1375.5037831153888
-8384.234287295318	0.0027327483078108854	0.6632728028318848	0.001069523853065114	0.22036196116042894	0.19856387167486952	1712.8995878417547
-8107.963111086864	0.00258529364545239	0.5718378929104573	0.0010012736206547266	0.2384933700142348	0.13760547639755868	1717.5131838533125
-4046.93932142487	0.13329807412191166	7.401820883713375	0.679869697412996	2.3474995123730085	0.07321379839749867	577.7799977087984
-8066.189463522225	0.002751175714660321	0.5443482162084616	0.0010748272548107545	0.026579007868056358	0.12121741120878328	1720.4764600941903
-4027.0503687157143	0.1774637494774584	9.583457685549874	0.7270025537737688	2.1150421797389214	0.08225735097722944	493.0454758184327
-4083.8812008253153	0.28210012366548887	13.142005910075666	0.8946785307206974	1.0830851857500154	0.07807734851915367	360.63296062347735
-4113.05346731566	0.2212193157104379	9.644169451055497	0.515543268145088	1.287406134961872	0.0796694087138666	490.10950396552187
-4467.570950913143	0.2170117024588585	8.333098277022636	0.22882847004522197	0.7701052273342628	0.0778989236714264	647.6936306456546
-7706.514655524448	0.01416310405248247	0.9345901507658092	0.006235368530664547	0.12097930396464222	0.06521731415785113	1694.0255799711988
-4012.1707128253456	0.14433956429180733	10.620762269051607	0.7595398739047294	2.2608868156140765	0.07039604415120611	485.4911873903448
-7926.670246992639	0.00378146348770589	0.7100319249374386	0.0014932215404121934	0.18220405456961014	0.10290885109976793	1712.747506717555
-4302.89037319436	0.3745122129637528	10.091756625513083	0.6739035929137638	0.5827199536885322	0.0858153183046812	408.4290110162085
-7934.594506781797	0.003275823438526249	0.6765736078219222	0.001292590942424048	0.3181023686442326	0.09918115455914227	1713.7407343317486
-7818.004440693387	0.006440848241903512	0.8244069141444017	0.002590604936364244	0.05230653280933387	0.08014476210051273	1707.483364706086
-4102.150425402242	0.10783594203126061	6.340760046768459	0.42444464017925	3.018870418196149	0.07347365515050308	699.073833684165
-8030.634577584445	0.00255474760095555	0.5325856660348312	0.001	0.14681671671078037	0.04301427065468809	1720.3734131809445
-7805.631567940695	0.014713458867575009	0.8605293957156205	0.006181368272748178	0.17598321779666365	0.09691094524354342	1703.3115018707986
-8062.760866534487	0.002813427690049353	0.6464415788445563	0.0011015672451120087	0.15610183373088043	0.028471131912172428	1714.0512077526344
-4032.883154784994	0.1418701512345393	8.654615840744741	0.5731115408264593	2.40357768282175	0.08156170545005734	557.7062022432444
-8037.89660021044	0.0029903432885655568	0.6940624099515105	0.0011705489246683764	0.09935371122449285	0.1342572690264559	1711.8940464215943
-5523.538911909522	0.11824796685988562	2.4100344580990516	0.12989020152506867	1.3430909213051352	0.07931262100770439	1134.88615788876
-3990.448475163494	0.1449132951164575	9.830398506801709	0.9611488894433549	2.3326320370041835	0.06983195189593695	488.2795768907852
-4169.421641993725	0.26606885142839615	10.379671769463396	0.4849710363477283	0.9864686220368786	0.0807177794279171	470.1538930596723
-7785.0795840256405	0.011419121417926422	0.8538037443270835	0.004630811792817749	0.06080614601356114	0.0684675955746861	1704.5111553618353
-4173.07872193652	0.25321696002339433	8.939549697180544	0.48943417917894533	1.0665455885710151	0.07203573591834946	500.2250797781865
-4089.3743182567405	0.23165190423013657	9.589350486614528	0.736515630876235	1.3047997624685999	0.07867054286923492	447.67588433725683
-4107.742635148153	0.263504788937244	10.6864964686936	0.6379358209351773	1.1058144271271748	0.08091973436827667	432.76483599917196
-8143.730207036987	0.0025404458979650804	0.35961715748418555	0.001	0.06980618633343276	0.08594699195856244	1739.281060776417
-3983.280503739323	0.13245433393039724	9.39836953028496	1.0612602953702757	2.585634596391683	0.06846158649117053	511.5729756810723
-7883.278311803379	0.007305128745297699	0.7378554413645427	0.002932159444480004	0.10109251696938445	0.08216351279119341	1715.9189719246287
-11299.059737535616	0.004481228286187874	0.7527962457203234	0.0017676768453613247	0.058714410738869016	0.49478895837060655	1710.992668540612
-4568.435043738105	0.2951794370116525	7.084427858693292	0.27457968953540834	0.502371053963158	0.06868401148533802	626.0736878392391
-4047.881764169007	0.22550113232008465	12.81239321000095	0.8677110347726151	1.459018289823928	0.07779410382901006	389.7775300581761
-7854.173905711666	0.0066067339213639045	0.7881429223314438	0.0026536522266149215	0.11151267647011039	0.05544878717390956	1710.5164018291955
-6240.046943788247	0.11961981824340255	2.270711501724043	0.0557159007469159	0.015078919693123041	0.07398181848218942	1281.6074356022118
-9094.675418281304	0.14241052424348438	2.7015390487169446	0.09670470354183298	0.23491887102160486	0.48385564665306213	1125.269741557768
-5758.268412610276	0.15426521076269026	2.6325076337868962	0.10349081554958263	0.384555529725647	0.06360525131253582	1116.6141729224082
-4093.9673426993813	0.27728991055823493	11.750109503071851	0.7448968403879513	1.0891011767567074	0.0786659263415346	397.12120282907506
-8005.089943420961	0.002581211408562993	0.5554939429294519	0.001	0.1417566853917782	0.10407787909624337	1718.5903630862435
-4017.367722431085	0.16924769316595115	11.031472882450418	0.7943804545697153	1.9588392583781784	0.07765001183295418	454.5132045463976
-7905.447795999147	0.002840439063144264	0.69364508000951	0.0011427089467646763	0.20303931812024087	0.08522264479539043	1712.1140362857154
-5809.728127797476	0.2488313928709532	2.936980762737649	0.11846349065113794	0.16194855460607044	0.09326251299670466	1021.3531618154734
-10483.670254677128	0.002711855270325456	0.7386755362422599	0.0010514301018841748	0.09205732041811975	0.4308855806971674	1709.1131136607073
-7975.379451353699	0.0027954415060010575	0.6667240481533926	0.0010835814030954827	0.0013398151244849283	0.1127237134808913	1712.6602779933644
-4006.792343214313	0.15274822426645163	9.38589888637776	0.8198712551427026	2.1449970007897345	0.06831280079161267	495.46359026593575
-7934.631863718885	0.00550693317671593	0.6952355856659415	0.0022130543802749763	0.2844116714530038	0.04868297928500667	1717.5665128291303
-4209.617987514788	0.19192326343580232	6.798890222158462	0.4385856292936661	1.4582725558986431	0.07887255884381861	596.4408162387991
-8056.504177576984	0.0025587507308175647	0.49206275471877303	0.001	0.2347217795810561	0.10825438298378083	1723.653811376022
-4240.09615274187	0.4100070667544675	13.217914664089633	0.7343220874209061	0.5842808660994598	0.0843566631047273	353.11075427414147
-11215.6612631195	0.011215763439185837	0.8449605234224108	0.004539572883228536	0.2111539534029554	0.4942193928578222	1705.6706548088634
-4272.9701500426745	0.3205669353760208	8.289778261135226	0.44128968873758206	0.8491373348190758	0.08135201703150644	515.490353968355
-4457.197404450455	0.257379531466254	5.631052310766751	0.41209751464502375	1.0237332526755119	0.08270593893031725	626.184588605114
-7788.1083061574145	0.009734628542514901	0.8503102891310877	0.003950846812227308	0.08326160964161775	0.0691429090200813	1705.3005437459165
-6579.920254970266	0.11022431447057845	1.8437157938388924	0.05587652018999128	0.013366169790876582	0.08339152594295789	1345.911320135903
-5251.386313968273	0.11578246911502876	8.967332582235487	0.3411013597647538	2.639641143008141	0.28220838181597535	631.0740891221653
-5260.393107266129	0.27323287195409096	4.297392682375289	0.23252541180925532	0.23905280179910704	0.0602816098062821	779.0708680739563
-4991.344837649758	0.25913776579989933	5.1553925477495	0.20337955511064038	0.2868386626088773	0.09865925743121619	761.4274427037698
-7404.312406343655	0.04478352709857157	1.1545555215922285	0.01850151452706678	0.03984015589629665	0.08478801075491822	1612.2358329357473
-4163.4196893033595	0.2193320616200713	7.8692544512393	0.4722502611167781	1.3171096869135972	0.07722142496610507	543.8093829852453
-5573.36437769011	0.14226707819969273	3.2430150057486427	0.07920718963285533	0.3030159604826035	0.07492930000722528	1113.9982001594253
-5554.03009488566	0.14291732613866215	3.4245179257827334	0.08070889606192524	0.2363469610176357	0.08871355535615266	1095.7430709911466
-5547.8927155264755	0.12966170229457583	3.9021225445125336	0.06788926379253651	0.1476579015437774	0.07704628404614144	1108.9000365463469
-4002.0462207389232	0.1278805098343868	9.743989687729112	0.7447373037228875	2.534596438573099	0.07358100569794017	522.072506452287
-4255.008322727204	0.21757359893875278	8.74363941115422	0.32947581922550867	1.0714032968919605	0.07511647607679181	573.166250817593
-5069.102131345187	0.20459500246385176	7.789229228165935	0.11303623852546191	0.2726792133114934	0.10673696161923847	827.6859929228498
-7917.608056530389	0.004038082859262406	0.708945736953518	0.001608014961271447	0.16961740564778882	0.09864463947265253	1713.4629518109905
-4185.215563696442	0.4866102702570943	17.63280667328317	1.3283491486237555	0.6487480572573647	0.08196854390581033	258.11871775890035
-10117.961318675469	0.011321733936890305	0.8962654881018297	0.0048560613186011915	0.06342065533976918	0.41151297745568194	1700.4873839801112
-8013.4022080842315	0.0025823440477609314	0.48604202038196054	0.001	0.13354172513367013	0.062039238666338946	1724.0560996004804
-11286.468658515658	0.00991901067530449	0.8205863729701218	0.0040204009606330275	0.0491966586204294	0.49749860421808006	1708.5031159415048
-7993.824480780505	0.002532228581973511	0.5574580297547747	0.001	0.11043745438628369	0.04912194068721538	1718.6837248132194
-8504.779234769836	0.002583608440647762	0.524846024658971	0.001	0.07024170376136712	0.20634791590096424	1720.8128241777013
-7764.706346571598	0.011379443441376423	0.8747898919183843	0.004612884845202156	0.08875940022682317	0.06955538119786989	1702.0926152807967
-4294.205138459842	0.26719865886589944	7.711262468734476	0.3735839952364658	0.8940205458841264	0.08170611298750174	564.8230542612017
-7831.597453107824	0.009462707005408074	0.8002507045076254	0.003764273203552496	0.08162096220313869	0.07089535868696106	1710.3458431082463
-7787.424708435317	0.013328318499817601	0.8508672925089863	0.005504501144174241	0.26350945507105106	0.06526189111616942	1704.8483470864412
-4047.0507458585093	0.1041521788602107	6.16727263660162	0.7924510149994569	3.042861393483855	0.06863703656952577	666.1261652178536
-7884.9285202499605	0.004432984169848039	0.7489958957220925	0.0017653332360283297	0.07591613263684648	0.054149140315737296	1711.3717803862362
-7016.80653170539	0.0787752486905094	1.446145899460832	0.04711241600026342	0.08904299735485745	0.06853825175806863	1464.244919168054
-4565.496941592342	0.27160197847858136	5.344810569291985	0.3098133440007125	0.8890621542535917	0.09259293036251946	679.5618459832394
-4087.395725043643	0.16402240486341782	8.240713337778361	0.48263222732703054	1.8577029281293254	0.07824660348754645	560.3460099514242
-4502.537620725977	0.2383831974521904	5.114942839260703	0.43540501913634005	1.227644219957106	0.09146183320600038	652.4397238649317
-7833.6387411099695	0.006660328118169169	0.7961329093617804	0.0026471404969752475	0.007972943927022611	0.0707667983775965	1709.616933592717
-4274.742102973866	0.19694659381352356	6.485484968989311	0.3694294269023251	1.3356709441155326	0.08934823607417752	628.5705022457768
-4055.4869988276505	0.2284861622673019	10.986751180501836	1.1116742366506507	1.3736952856643374	0.07820324057339618	390.40095137044324
-5711.2643104922245	0.1075082847195527	2.9551804280647374	0.06223092149289142	0.4879566206382186	0.09626338814723483	1203.0604527210487
-3985.4803473366633	0.13066854149071494	9.502226247507952	0.940353586267278	2.629869861891513	0.06867357932104884	517.6760424614102
-4786.46699146816	0.25516221010563583	4.546726421604256	0.37232389976382996	0.7739869647570323	0.0845564955688925	694.3111579078518
-4104.4404051101055	0.30179217053882734	14.21852895322713	0.8864933651230503	1.0003253877526865	0.07733017687122587	345.0292249365936
-4129.419344541771	0.19669419059340623	8.303864765258895	0.4337763581327547	1.5505841711918802	0.08402353375478595	555.959387901924
-4249.839938858392	0.29354358342462883	8.380088227246294	0.6040503063669896	0.8584251052231193	0.08321041635115342	472.9536688999385
-11220.46894031435	0.0025615443359527476	0.45498046103843315	0.001	0.10655858557605875	0.47682107961805736	1727.1122991935729
-3994.2898323721342	0.10467574029119994	6.6557066430833896	0.941960100917222	3.4792454091781875	0.06536977827425247	666.378730056556
-3988.74742871681	0.14171228155548132	10.160839343860232	1.0791049961080812	2.357154247899428	0.06812280027340967	478.4674435539132
-7795.783707537268	0.0097954675729697	0.8725787549823771	0.003927978788853353	0.13937057044147821	0.09734163659765885	1702.8321712074567
-4067.5908146180054	0.16716669122260241	12.312728645664418	0.6576694722941416	2.005824964980487	0.07471078147264641	455.5248971971859
-4514.720455959383	0.2643168859176003	11.489493829676416	0.2809319148977612	0.714103917954588	0.11790390289498211	541.7691018087548
-4006.2469370681306	0.12861404419407077	9.202488704611566	0.6751544181811907	2.5896096115435148	0.06587912280584354	543.2713767069854
-4046.7536943690793	0.17734207973087637	9.023260216191067	0.7524861846967903	1.7541065523462707	0.08141104642267726	486.010997829745
-9938.885455795351	0.002556907960550396	0.5748591445220969	0.001	0.3900817751286505	0.37693800384979265	1717.4435506914783
-8316.574845932935	0.0025789064916754076	0.5854359724182012	0.001	0.0997298321036659	0.18110816184390752	1716.618259431808
-4083.058628930827	0.10540479168769544	6.229273936430806	0.5684256480042348	2.907053274670913	0.059937046812678925	674.1177048785291
-4037.6237417719167	0.11386342823008642	6.502748670547539	0.9069345210538654	3.0092760231753073	0.07999199421394243	638.8687451324041
-4057.074150604677	0.19676789448613133	9.371683610124132	0.7287040474176313	1.5795237027336033	0.0784058281597892	470.1518733395613
-4180.587580664752	0.32624266327165674	9.742770949461885	0.5268100183375046	1.1500481707832575	0.08666254998957476	467.06897381490677
-4028.752800102002	0.24132127308584775	14.465821622278124	1.8083795504941638	1.3752681199108747	0.07473544101383513	318.70293714065286
-5574.624727031835	0.16096187882966395	3.709596240610471	0.09633065013201203	0.07310711911762394	0.0638719907960606	1029.6738936971458
-4422.208373250362	0.26697809320793736	6.635040942630121	0.2816044415560234	0.9881417957022041	0.0613842308677417	648.2146216408042
-4301.1901193357	0.25454422685839695	7.4472871803960885	0.368205587127633	0.920659235768531	0.08092356395187437	577.0842641835063
-8915.682462482106	0.23465363678794582	3.9195912686404197	0.09878076271589022	0.054195878123445916	0.4903186752965705	987.1304238796113
-6261.444794787342	0.101476179421286	2.3158522854648114	0.04966840840318564	0.1789548084397164	0.12673110396303908	1306.0799000772993
-4112.137073545757	0.1728107361439386	8.572374364729598	0.4181900276062445	1.7672079155675844	0.07704546657713425	566.5490665067475
-4656.234217606023	0.23771834187921723	6.370407584114766	0.21446831676484004	0.5176365384619329	0.081207304142832	708.5329003530527
-7923.106508991153	0.0037391290530463185	0.6717312773363494	0.0014620540608037231	0.11949623639644472	0.09073846521241587	1714.9454651666597
-8312.50450047688	0.002565160089870353	0.28120427298324047	0.001	0.07257315253775364	0.10385903566084656	1754.7059926911556
-4082.265459253402	0.1904178782285657	10.702960503521947	0.5287128354675684	1.641766801478596	0.08142375272411692	485.2109943056607
-4881.092871311566	0.33555126409290176	6.911454977036388	0.24958181498178933	0.19226081799456102	0.07795669654860164	639.8382974359736
-4245.089230760442	0.2097651188288329	6.911805283245249	0.47629369984045716	1.2378745536014073	0.07263000829562588	570.647145568719
-4083.8253838896094	0.18935448017786022	9.9101709722692	0.4993168500025329	1.6582614707690795	0.0785153938142043	507.15698912603034
-4062.4728133841904	0.10057881375201892	7.627336365868671	0.4244230452184839	3.3011678957162727	0.07156972147599988	668.6224478443731
-4702.09560337191	0.24721626008787984	6.216381146473423	0.2383473408743241	0.4486207156250341	0.06793516776061362	689.4997051149411
-4279.146084058367	0.11642454932917431	5.343869350162588	0.33818850747755175	2.3332975499202457	0.08114989168741396	744.8400894643534
-6007.851580084609	0.2498336623771769	2.9153245978894513	0.17265742465387518	0.09804065480984693	0.053206008326229765	954.4826091828834
-4067.8493325094423	0.1537484906701296	7.944958353542436	0.5545443288775765	2.0152487866823474	0.07567176558278976	560.2635442594085
-4269.7568784549185	0.15531701502624312	5.5067824914138805	0.3712886630197233	2.187210818331041	0.08907279163489237	704.5827322055582
-6510.534861508158	0.06946352744907287	2.0386809190120014	0.03414511327453219	0.002398903090307655	0.054891718942544084	1412.4781151943453
-8134.824939575185	0.0025864946954216703	0.535662642262057	0.001	0.10040811333076965	0.13893324231726017	1719.9835743903575
-4348.068089077604	0.2382783502949648	9.953151882148513	0.2887758684445539	0.894375990664695	0.0843889626599239	566.9613935315516
-7935.350200859051	0.00255676985583939	0.6106523923499304	0.001	0.06556829483672533	0.07752123353579164	1715.1962214582836
-4111.988146412481	0.1104924740331341	12.014322287243889	0.9104638759120167	3.498116250112832	0.06008601328445269	532.6362492281662
-4005.165070712636	0.1563491139868206	9.756801496646855	0.8107692393006812	2.132486821951951	0.06987550367245944	487.05056847620284
-4155.721841280207	0.10870764744371317	5.254627251197004	0.5973229405075986	2.985687650060369	0.07068270965738617	721.425107203804
-7799.467007558449	0.011702601554037613	0.838621649094605	0.0047170811874852085	0.09764877754421641	0.0759220331540659	1706.231720056198
-6078.235922544644	0.23700036376592934	2.988683410463347	0.1668626634138915	0.04056633124443263	0.10622448491895044	956.2777944796253
-5536.386686864937	0.14541045119647567	3.06836854646016	0.08643935136090705	0.4651649745024212	0.0795358867670124	1110.5214073700076
-4207.182792669162	0.24455726030318564	11.251402166461277	0.42404327467970165	1.0285432580140914	0.08567770170746858	480.6913206578725
-4002.5592205852145	0.1502698844025081	9.58438340159498	0.8027977641151341	2.1960784617749964	0.07309445224648671	496.1436939679506
-4744.886742666169	0.2610105189750498	5.275484425927165	0.29212597859465983	0.5333602441627743	0.08745621008459795	689.1288345310265
-4032.3240715893453	0.16645114017038729	10.718185616403069	0.6675643473830182	1.9799842081465204	0.07428613372330689	476.8150559870103
-11297.491774058293	0.004744181352098774	0.7048183061140879	0.0018737811612222729	0.08558194343009175	0.4927121220653812	1714.853581777993
-4263.190377996441	0.23404452076031473	6.609463205056207	0.48171418558465817	1.2874914545191345	0.08216889411314543	576.2021884079962
-7932.969618241634	0.0029373948226108283	0.651676898322291	0.0011486369363359773	0.13373448734831037	0.054943860334920956	1714.0875712675384
-4386.626897673461	0.20554464596811928	5.98386508115874	0.28497122125770835	1.1668176718418353	0.0814315300069833	685.5761578496991
-7851.6133473505015	0.003293314373011516	0.8740092838603187	0.0013018716657337299	0.08420558507802772	0.09518225577414255	1704.3738101455692
-9468.439145150052	0.006779720369952705	0.7659487963061632	0.002721831246443868	0.0573399496390765	0.34038103720279295	1712.5963743747946
-4233.799743052819	0.15826943299189564	5.82859878783507	0.6065340737513062	1.9342641276238324	0.07909704866908923	621.8015590876179
-4115.023989951437	0.2017054112203917	16.745828795190775	1.0791871116338176	1.7624453937885936	0.07231155874992783	353.0952890310885
-4934.931108814676	0.31019991737357644	6.655211547977358	0.28380789832820963	0.1854438729509852	0.08380033827512308	626.2417209272255
-4200.097323650051	0.24238929810681187	8.183477414046596	0.487216664062146	1.0586944135306726	0.07788382466554883	519.7233794674046
-4195.073630611853	0.1968467455796586	8.64065216053051	0.335325268121416	1.4265903731774405	0.07712197600977683	584.8860569569705
-4213.435708124386	0.2486948314145919	10.989539579649746	0.3927798658115372	1.079496710299661	0.07929795004460884	497.8848306373504
-4351.594034078259	0.26815263738871536	9.975295608086403	0.3110719166512299	0.7684464930065544	0.0798770230604093	545.6433332366477
-4879.918629426051	0.10887181189080244	6.230165504118519	1.1420999058278574	2.996597942308327	0.2415503942275264	649.2484729752758
-9708.172848719862	0.002583549960728556	0.4810983061464228	0.001	0.02170622755895282	0.34867168639016266	1724.4795473469546
-4143.006553465661	0.17874158193271136	7.188416837327713	0.6132474737574016	1.666371154562826	0.07710107402856582	551.7357790226766
-4043.50021354567	0.19654183988950197	12.334788301328677	0.782891131256831	1.675842967955971	0.07667785457817455	418.9372694387367
-5414.008132851059	0.16302292522896578	3.6427544912082324	0.12181399107450944	0.24949888922729965	0.0867627364774095	984.8214043436991
-4866.115614421491	0.1946403652810684	3.65114492139406	0.29450207174850457	1.2278943105451467	0.07772978280347065	823.5050880483983
-3988.2793020010413	0.132792643252525	9.763199202128783	0.915834144737672	2.5889050339922477	0.06906214798919635	510.39219957386024
-4010.606183273446	0.10283412817157479	9.094530540939806	1.1160551105143839	3.6862055933832516	0.058266637942705375	602.6128686487482
-4037.1125379378536	0.16572822801986933	9.918765974450865	0.6049421738090194	2.0380174569027094	0.07424416471973344	503.58689129718306
-4335.622633776571	0.44051766154377536	9.059468839513011	0.7535017828048192	1.0775969042011264	0.07585908702343641	422.5761308058699
-7890.523952722238	0.0037375917245428395	0.7238232872856664	0.0014749936080626915	0.09692643071750603	0.058984396492221834	1711.793146042697
-4002.5704783598057	0.15076553212434543	9.596821611908496	0.8185173758781354	2.1766373579387426	0.07193624748301826	493.2928581539041
-5985.452022792245	0.14353232239655042	2.569138203224172	0.07462967333474742	0.1073740258702975	0.08332965394912326	1185.9470973701896
-7221.748855090889	0.06283366565113264	1.2829291689160103	0.027996027313611085	0.05843392619066098	0.056503898218618266	1551.190441867342
-9639.161628170184	0.002627909963198445	0.6509198218128739	0.001028703597147135	0.07782179977936321	0.35135933555379745	1713.2312433783818
-5699.774075074303	0.3494400319545354	3.5400079562380466	0.20978604744662982	0.1533632905549845	0.11414494468470489	834.3392372615066
-5313.11089430956	0.39701871759385376	4.938622983399805	0.24298531794947592	0.14645173401333758	0.11906995681525828	710.5322586157009
-4165.421709491979	0.27735943670688246	9.162478837758743	0.6054877921753379	1.0023079262346943	0.08263985165156588	461.8095425835326
-8251.295761430294	0.0025399792637838545	0.2911027804916441	0.001	0.3492984316673824	0.0805050858625986	1752.4930486823816
-5126.639091614339	0.16936551861009813	3.1751858651960925	0.2781420263210659	1.1208582751086136	0.09704861044533102	886.8694058842192
-8288.451643958255	0.0025646670967667245	0.3721393184425296	0.001	0.0041464906363889095	0.1410612571807536	1737.2312956690603
-3987.783194350791	0.1297405512977348	9.203193018134856	0.8929383223019476	2.5533643212834205	0.0688643970040881	522.9127409174947
-4088.210979421612	0.15924893837913956	9.788553233042204	0.9017344747662362	1.9307761882302426	0.1159946781233799	467.8845775127319
-7966.443731679213	0.007383145589002544	0.7835592246880315	0.002963340628424603	0.1842858321983201	0.1304120618599564	1711.4131567342567
-4241.852434516097	0.2711788814298581	8.668627972864305	0.417194217166965	0.8925492311195558	0.083345104856027	522.9368298845556
-7981.955825349842	0.0025798455834152387	0.5357495338467685	0.001	0.34512315382046654	0.059823819385418205	1720.0468978164834
-4253.425464672915	0.1344963838691875	5.423356986097478	0.7010605507373324	2.1622682820977777	0.0732697452543236	648.117031237155
-4065.8833378005784	0.1840620094341452	9.644272197484966	0.7938345812817587	1.5314131988981587	0.08754519594950214	456.7136350285815
-4092.2866315485085	0.29170286361630593	12.729281455625527	1.06214601800746	1.0225833153277126	0.08282290508118478	346.59253469751104
-4074.107745708444	0.199732962001623	9.472931801832305	0.5441818165521282	1.6171102604799013	0.07802860593177229	501.34477617323193
-6775.088160275827	0.09828293214304527	1.8074034217607566	0.04823533657926549	0.15228275578641529	0.15700006230934063	1379.0450878261058
-4274.142816463314	0.2048820671024122	9.884170755402362	0.2864565086576719	1.3685959257937415	0.074988382010183	585.5895423320111
-7189.765885689527	0.06812739275093495	1.2632330655392163	0.03233410079187555	0.2890514910572266	0.06297837081745473	1543.1130148583463
-4021.836636873451	0.1566368870636316	10.5814096074606	0.7634233551495154	1.9931900543677334	0.06598013383659597	469.83056755578156
-4224.94947711475	0.23208522926016092	8.27328828938615	1.0897778788020929	1.2015799715372089	0.08168937635205341	436.2550540825384
-4202.805959396289	0.15410714994345845	7.262729661766265	0.30305981025721146	1.8967895216144943	0.07426051953812672	660.1683147378523
-8041.577157933255	0.0025614711384509587	0.5111804037585252	0.001	0.08215841344794245	0.10748303995655419	1722.0055319367857
-4092.0675663264274	0.17556496985069667	8.49931972096543	0.4533357571190002	1.9440568693128937	0.07335757696358007	562.233927776194
-7928.579535820594	0.004166847976375284	0.6517460059636866	0.0016106421381832756	0.22687997966327025	0.08441296503059151	1717.2578607693172
-4002.0999286745555	0.09702212274050862	7.777835195604883	0.5939250207500715	3.5464722229946024	0.06664571212087061	650.2217421878117
-7982.648406983512	0.0025317120958301253	0.6316140543242966	0.001	0.03022884955077428	0.042276163152598994	1714.1323356632677
-8779.275735236159	0.020688043420537056	0.9080340817284845	0.008771319699554636	0.1269976831692669	0.2777497648727035	1691.9994272450256
-3982.382772554406	0.10235783406052809	7.921760248867154	0.7836225504320299	3.3536647617177158	0.06459376398772507	620.0333011284994
