# /groups/rgutenk/lnt/software/anaconda3/envs/donni/bin/dadi-cli InferDM --fs input_fs/fs_035 --model split_mig --grids 178 196 214 --lbounds 1e-3 1e-3 1e-3 1e-3 0 --ubounds 1.1e2 1.1e2 3 12 0.5 --output inference/fs_035 --optimizations 100000 --cpus 10 --check-convergence --delta-ll .001
# Log(likelihood)	nu1	nu2	T	m	misid	theta
-8256.656280993666	0.014650332859958448	0.5083153261465017	0.003582488313868265	0.0777906667355942	0.20258619813385398	1667.4701880858722
-9921.293800109437	0.014746166494127778	0.49758563250270726	0.0036106163001288273	0.07673437267480908	0.4864390703406984	1670.2117212223993
-7263.203107722444	0.19137200058905518	2.8785152580551103	0.05366834731936139	0.19076032901184992	0.16827077416426434	1145.8583140260055
-8105.341706325882	0.022556937037246632	0.6344902328445381	0.005604728565708576	0.0835127088454467	0.14808261272904905	1651.218319701529
-6772.738306060547	0.3408026128288635	3.9157007640244297	0.1838830748409844	1.2387927743390434	0.17787938155731003	804.9680015418494
-7129.390317246086	0.17393979225306205	1.895994425676199	0.06153096657744197	1.0176939213955476	0.13944019998986462	1234.7901867298049
-7340.53051365744	0.11519403126348172	2.6911371853438237	0.03121800631175567	0.06201611235690389	0.18196032157565098	1284.0792158826441
-7369.81705059686	0.24765886509055748	2.5072268395851713	0.06549645014431675	0.1278974081832846	0.19888449546334958	1120.403796919371
-7728.317297395943	0.07274374367100976	1.0899070045288382	0.018645684162578825	0.04734673974751964	0.1549858981913432	1526.7823127469333
-8376.861219201106	0.005983387225971239	0.35245208182053683	0.001439820216276633	0.082179376795448	0.19219606661195368	1667.612349109429
-7256.90504513326	0.17525476331712367	3.0600950932659194	0.049573741107092784	0.2210289569709289	0.14728788380010568	1154.8129191504906
-8370.895875425702	0.005654011148244301	0.33385366010030526	0.0013605751634173369	0.16951044530749856	0.1499342158906935	1669.4053222018333
-8428.062229908066	0.004561359474065447	0.29569183981913766	0.0010806359733144992	0.11200334189504407	0.19658118284733028	1668.4393202036083
-8008.991392563732	0.03401563323065271	0.7345425979723194	0.008477049255386084	0.0680884085714464	0.15498840759952728	1631.7455266633592
-7506.749951321921	0.1119857971667517	1.5630873332826452	0.028568284843576867	0.005671921471060864	0.16081825405915467	1398.594624005821
-8521.85489393135	0.012215281771965462	0.46807610747722633	0.0029739215187018562	0.09637901445980017	0.2778087001662085	1670.0985935211177
-7175.324792042613	0.33470098005583554	4.243641892651803	0.09330294405704474	0.6829736825155251	0.15629298050491622	917.482779327372
-9654.167976802304	0.012729592542693126	0.43204333229581293	0.0031122613740275982	0.11118382935640087	0.4499908229391974	1680.7654398601487
-7127.00348446299	0.3127489172284905	4.187414055529025	0.13007453049384693	0.5298156084877522	0.15229580639639567	855.3873354072005
-7468.094399349143	0.10553848102067491	1.7015923091368923	0.02766775747341771	0.003979555708259855	0.17202185044232104	1388.011526541648
-6765.756166382512	0.34489103871126625	4.965465582743295	0.25299721641889367	1.3069243501845056	0.16611475645845486	692.6331604217478
-6847.50890921479	0.2858217871171029	2.5376716350972846	0.18016143407156132	1.164105879269073	0.14854289590112335	945.6757090557649
-8012.645785424465	0.032281446419608936	0.7084515388460522	0.008274325288599813	0.5573673810654861	0.16373396278748356	1639.3109708392142
-7269.757472027693	0.20134787499586962	2.9648370702481386	0.05644939750816154	0.17438133928459426	0.16769442326691686	1126.7583729823589
-6837.977517175892	0.39319386333245426	2.8942886451285346	0.1912288457768419	1.1465155410748353	0.16859002738157408	865.2223233199283
-6573.601070771239	0.41895901659433893	5.394586515668121	0.6796548442650223	1.4120510922575122	0.17396116600250713	528.8622265110574
-8075.292247606566	0.02917921221383899	0.662910217018511	0.00755935433973765	0.12582297482165797	0.16670773498629138	1649.9141400644742
-9013.103253081266	0.0043458670557352565	0.287552093482661	0.0010292559764654382	0.09308390954378148	0.3450634644675183	1668.3482920638728
-7375.612242074854	0.12680696443009237	2.0283076055309603	0.033164443177493126	0.08012850573997726	0.1660704089970005	1320.453547873661
-7141.98737038832	0.2490002195046732	2.943688123042221	0.08167120450081686	0.45130055990379925	0.16807856953985575	1044.607332110929
-7127.143856073325	0.3630453620425721	4.593342320519152	0.14482629760373286	0.5575342494267065	0.1530895021899526	803.0346205565999
-6424.602475023447	0.20637935905189492	3.513617586731738	0.38457411622572024	2.969133843802709	0.16651240959073668	799.8382035633052
-8247.215205621977	0.01231624304648453	0.4893580827801512	0.003011442819975321	0.01139525233499901	0.18231624184887835	1665.9971946247902
-9777.16447425275	0.016083239405183747	0.5189081157329297	0.003931141657650781	0.09216074162135826	0.47318371634144324	1667.971122158603
-6404.369560894716	0.1885224007257097	2.9463757251839873	0.3851957660174764	3.2443634834537356	0.15875730926603543	874.8154059569289
-6410.538476581007	0.2057256843282942	3.3516280758390677	0.41925321138501837	3.0337361231391062	0.1725409552479122	808.8375792066986
-6658.238776242863	0.3612461545860055	3.0419223849118815	0.37080058711891895	1.326004022402082	0.16580893503081487	766.1415769517539
-6526.662899540213	0.3680856549001212	5.9182840279716675	1.0591198709468566	1.6917038302821936	0.16914753811200436	485.6701856183053
-8738.50606066507	0.012036228471188352	0.5389759692462166	0.0029436047870572434	0.055027397935833076	0.3329037054452144	1655.9510654225999
-7813.7039230789	0.056537439108284925	0.9933804616139266	0.015672845966423696	0.05638966502459295	0.14058010959780073	1563.048235284569
-8265.281350661897	0.013189140747103596	0.4571951798065091	0.003224559749646836	0.03315718143935342	0.16326851875132287	1675.737754264729
-8137.464389439713	0.02118393990657538	0.5970038242670895	0.005263949659719177	0.07882389413590708	0.15100752137988202	1658.3188167328683
-6432.015654389391	0.20910834974745057	2.794640553915017	0.34702520867568437	2.860999390329744	0.15884907820354477	883.8060040009307
-6594.967981328386	0.32063283596562975	3.5234111823627687	0.2812525613157238	1.5419544014762478	0.16465289066603178	773.4260662687395
-7368.927957528179	0.17027774281094307	2.1707451074639112	0.045630925378869425	0.05101491628294142	0.16269674977418672	1241.0129981816965
-6471.478028655391	0.28409678042898895	3.3052543507460763	0.514207133985891	1.9069873147191367	0.1701203366841274	735.0223268332228
-8287.556506492732	0.011708367511687455	0.43100570601311694	0.0028632920563482433	0.18365646461279012	0.15567696483028154	1677.5470755050019
-7420.236900414971	0.1388489489154086	1.9088782343097694	0.036290113713849284	0.001	0.17003483600549815	1315.1500063680219
-6408.458057856617	0.2664747321012841	3.7901459057877975	0.8558766626978895	2.2950705399028593	0.1654072305457917	665.6152341601096
