# /groups/rgutenk/lnt/software/anaconda3/envs/donni/bin/dadi-cli InferDM --fs input_fs/fs_020 --model split_mig --grids 178 196 214 --lbounds 1e-3 1e-3 1e-3 1e-3 0 --ubounds 1.1e2 1.1e2 3 12 0.5 --output inference/fs_020 --optimizations 100000 --cpus 10 --check-convergence --delta-ll .001
# Log(likelihood)	nu1	nu2	T	m	misid	theta
-1718.705018716993	2.760171031678734	0.02994037313884649	0.06548215956568922	0.08140750378551344	0.13392135775540642	578.5884867536093
-1755.8173673632439	2.5583217588799814	0.030356308049234254	0.061041349830664976	0.0024910359824693007	0.13239336165905266	594.4398119889404
-1627.0962224005539	2.8467816416116096	0.04625049726806945	0.12230881053684683	0.25104204416918924	0.12007114129100413	513.4691025557745
-1590.8035963565974	3.7088393299008824	0.04615731067779651	0.15190321120714756	0.3784283557862951	0.1301979450113564	452.79008218553855
-1650.4896534260386	2.9840107441125046	0.046199046584788565	0.11288472828136853	0.16568845179218955	0.13153079355622257	512.7358886789016
-1451.4530648023406	4.807651085569174	0.03645631612858235	0.5677236783235703	1.0115716626394116	0.13455145306770888	319.04000300488195
-1616.0519603476648	3.7797822401474055	0.05035931437633257	0.14508461113286292	0.2680503823247015	0.1270828764940247	452.7154153708551
-2161.77049957014	0.6607886571527531	0.0025865460834799026	0.004831676014897303	0.021386830405458756	0.12677662643731993	808.4924975737449
-1738.1475513637117	1.859906185027122	0.03899331521332969	0.09785337496143737	0.1896971663561773	0.13494370053484572	608.9077388347862
-1454.5301284196403	3.3334457551299406	0.04201302623889264	0.3440499453899624	0.8839957450308934	0.14093860237546357	409.86888568108793
-1416.9658606315043	3.522287865811824	0.03178415653750032	0.5042187874153793	1.1903360257296862	0.13503710779307007	385.8699200212785
-1457.0520933158316	2.807207572848323	0.03332008996058281	0.323326244103612	1.0284268821705296	0.12844093911805096	453.55337332603045
-1450.2928724680282	3.4882303025967083	0.03751175629058026	0.35559169739828217	0.8685124612301558	0.12691865702769478	400.1369845098488
-1494.9891926394585	3.278396508218685	0.04710571550602171	0.2698937900080035	0.6305867192782747	0.1329412363796858	425.37219376543675
-1732.7559821716554	2.2277701900885263	0.08514222264944915	0.27681782845892555	0.1153131439494776	0.12735153905163737	485.30029669937517
-2100.0291015785037	0.8517920402554392	0.0037319975519533306	0.007144758511673549	0.20425432034598304	0.12140565642708233	796.0370141171898
-1401.2059875449015	3.8700230912131217	0.0336211730776107	0.7870269209890475	1.1056269283085471	0.12719908974549615	343.45285811063286
-2224.499480744975	0.6406787590570994	0.001	0.0018316904407739243	0.06905074219173564	0.20770524987634287	798.2794586459823
-1420.8564442176219	3.624287552118015	0.036206622934490694	0.56047877461678	0.865269066600815	0.12721950347229063	364.436855105327
-1465.0007730667112	2.5911307772062595	0.03693929332266978	0.45209730357187106	0.900996770718679	0.1280800566820278	447.07692273155527
-1440.1476887442368	2.5294258793728495	0.025363685660379567	0.46286011707120855	1.327794806319037	0.11946494146529024	468.0776765817118
-1399.522908218214	3.5563909626170744	0.029168514010332817	0.7300440133591288	1.3105942737252196	0.12344135192929162	371.72081836277675
-2684.1978599134986	0.7885601773122606	0.002891709969680973	0.005725567639134808	0.001	0.38035872852110036	799.6740902033367
-1403.818162680905	3.09983439874157	0.024506861372290016	0.5798733973687471	1.5713078040195987	0.12353626496625937	420.3069917596361
-1963.9550726700224	1.2215417473032266	0.014386160887333544	0.028897552126343266	0.07504643579686088	0.11726047645420028	745.4374947410747
-2155.341977796791	0.7682960671540655	0.0070978428163381005	0.013923759471898431	0.13146445425155434	0.11430435198176199	811.49957290345
-1722.9702029877046	2.783277611612993	0.04175547844465797	0.09278312992923066	0.022045274105413248	0.12452885386699794	541.8897933411134
-2097.8652867789965	0.8581726117702597	0.004078648398358613	0.007678069384860258	0.2061397256387801	0.12380943149972132	795.7790104815248
-1871.4975148444728	1.3245988966486404	0.033677010800739426	0.09371614771756438	0.2983847717649959	0.13586408466022004	686.2099578291758
-1415.1647759092148	3.165311493570252	0.025238249112577434	0.4706902171929573	1.4617428274020368	0.1297753715413189	420.8354227408305
-1806.0095068377761	1.5988897375828914	0.029506977770580957	0.06274253700965036	0.2256808298443717	0.1349668738393836	666.7771396210396
-1520.2248218808434	3.5795650329785684	0.05618252280473411	0.2811729369451766	0.45584915337643395	0.1478342329243156	402.197198090628
-1979.6834068784722	1.1675676191208129	0.018787984329295227	0.039524937805409686	0.08665742697419704	0.140276857130845	743.5235035656258
-1437.4792231336735	3.864689671072258	0.05339658983057052	0.5943508216514174	0.6138757550110284	0.14260926212431396	338.7884986478748
-1624.7907691139803	2.5518923702794085	0.05777248421200487	0.210681484903159	0.23080186899019386	0.14688925517675974	484.99873528368664
-1821.90928596947	1.5788465365528863	0.02479457022520408	0.05482152117909601	0.18624775542090954	0.13664005504590396	677.754777701051
-1469.6823781404746	2.6495838275554657	0.03525720172901862	0.5796483353013164	0.820533169762224	0.1472203736546376	426.86545029033294
-1513.5028234196293	3.026021199240127	0.05396534566274276	0.23246022960855614	0.6888452338563096	0.12651388646522993	450.589095195873
-2729.129521520203	0.763011079310113	0.0024078145398614787	0.003874370720063837	0.3869618427232923	0.39056445600509987	797.9298203007244
-1501.9925388598572	3.82486811890235	0.055422550699741335	0.33420736166046366	0.4651745188707218	0.13153064029281847	377.4587804026633
-1421.372556451229	3.6146573120606993	0.04237682126921039	0.5794680408854105	0.81300446074121	0.13038023536527335	359.99179883665687
-1413.1258932168705	3.056220939733468	0.029367118628165715	0.586499797240825	1.1743196050360327	0.12432543095854383	407.71384941512054
-2192.7444464082287	0.45736164071929014	0.001	0.001736289504396335	0.1771575525976094	0.10994176831860389	808.2669398634815
-1455.0811954334645	2.9698542883226473	0.04192420985542387	0.3495187967536252	1.0708682430649556	0.14211909411578555	434.84979791216915
-1928.2517308097265	1.4755295853593169	0.009108822205475212	0.01823914723799649	0.100930556342572	0.13432316290804935	738.6540936493093
-1641.6546889572908	3.8121055143536084	0.04701688234872069	0.12399520863467532	0.2168353662027984	0.12997341073881513	467.7785987822149
-1683.9795030189262	1.9752926473570391	0.03861651722974688	0.13316328273819503	0.506586620123449	0.08314786998255927	578.8876163887484
-1396.9809568598916	3.993751436069981	0.03643846842024038	1.028322075048059	0.9882855856261663	0.1279623265099637	321.64180668069343
-1492.4050487809386	2.922260931648007	0.04286880163582272	0.2745875227729933	0.695432619369542	0.13487990973810468	447.82907594139454
-1577.6745836526084	3.026274798284131	0.050697186240314815	0.16705766246181045	0.3590963784404782	0.13001659967112317	475.3800064353299
-1514.5218891416896	2.373020184805781	0.02855324315641966	0.19528090903598952	1.132475829280146	0.12885209778041815	525.4426782215654
-1452.554123223603	4.094083406141996	0.048357579912229276	0.46851818863820915	0.6460730007196261	0.12365441303249544	345.9464307641352
-1447.8811356634435	4.806942093414541	0.05516180526565189	0.6354986517706269	0.5852436665717757	0.13379115895360347	297.9431224645951
-1852.0505771624667	1.5088796895292718	0.01954140185576891	0.04173134396471539	0.18600083292752878	0.12667038767309496	700.0378753750467
-1544.3335313924722	2.1095163938280064	0.02657977375275145	0.17126643373145994	1.3610397675871777	0.10962055138100367	562.8856516309548
-1411.361939067106	3.347056582590345	0.027824143920158532	0.5197036041395566	1.339324911397621	0.12570930656846158	400.03825652377753
-3185.949307761937	0.7221819280912944	0.0014410641721782267	0.002691934562098308	0.32197286655513885	0.4910465532701199	797.7090840590552
-1645.3578973305225	2.6017976964578917	0.03783649115529661	0.09806042990243505	0.29159569483308073	0.1418345235555942	550.0978165058298
-1651.4315187728882	2.856066823800403	0.057987779771817974	0.14991227281916605	0.12514514287368597	0.12185258509975151	491.19281613130227
-1611.49952827342	3.4318955389259918	0.04529680257411816	0.123369407632128	0.6084558891479601	0.17117922857240828	486.3058405593443
-1817.2337057618122	1.5489377696547002	0.02041353176944346	0.04919530534474994	0.3655239283221431	0.15063490401136834	688.7952773083975
-1553.7122996410021	3.156586212208739	0.03690403253132709	0.1393593017138821	0.7093547010898416	0.12691351459508138	491.0868663990695
-1869.5043581034292	1.402833477340828	0.03520827420918471	0.08699511890361752	0.16064044325075857	0.12792623910865725	674.768085757355
-1597.0160351752945	1.700374724225937	0.020185936167101876	1.1665336000973776	1.7462214881606193	0.2195994111061805	599.9713136851215
-1398.305098123093	3.6225337114105987	0.0320537794660192	0.80477269489554	1.1466205914291332	0.12697098956931124	357.1670615048712
-2237.9277163533397	0.6037346933536217	0.001	0.0017914430783174506	0.004129579331683833	0.21129278318699268	799.7283016509576
-1505.3462026117852	2.301844952666102	0.030713985038667894	0.3605731482326464	1.0610449745519588	0.16560901078474932	493.65631195941137
-1693.80550465636	2.2768185826521843	0.035824001577351244	0.08496706858918247	0.18554789168108946	0.12951810386989446	583.7228333486496
-2051.987534079962	0.9874868942052732	0.010369146724961094	0.02134801936213092	0.25724373034933173	0.09725007267009528	781.110621503164
-1537.2324922401012	3.344168110998343	0.02950726814599528	0.14707271381374212	0.9515844110680888	0.12271265048598053	481.5674086425715
-1472.1089031736462	2.859547083600323	0.029710149869140494	0.2636095685620861	1.0230421614700445	0.12432970289394595	464.51110344043553
-1713.2644538823533	1.825495626434657	0.04197448273093723	0.12002753488959556	0.34661120901407	0.1547541639601073	599.5638763915977
-1411.4122018548871	3.2605708869888215	0.02589389198345416	0.5032288682798397	1.5017474681816079	0.12410430339316265	412.43710687364575
-2503.482176734975	0.6709425139275259	0.0010119397505263035	0.001853070357728326	0.09893946120846325	0.32349837168242357	797.0960348199366
-1664.662856201205	2.2215714461872462	0.028375068004636367	0.07635124617234539	0.46530432856077913	0.12436811508880209	599.9985067844309
-1590.2349813339363	4.260238391996627	0.06162668694516884	0.2180429944293907	0.2976364454454284	0.13529953692941277	393.86092991360846
-2064.850538622685	0.9652612530960221	0.00722207598451598	0.013521509750896013	0.09950864575957803	0.13259181041616758	785.7892578328491
-2106.537247016408	0.9600968669745501	0.00972579517029814	0.020298350363860577	0.16031665681596255	0.18712456538355515	785.2058133493915
-1393.1991265306513	3.2564153939124463	0.02649985640104281	0.9537891810834292	1.459127130373496	0.12119943275202072	389.50362676504074
-1623.8755969494473	3.5240937989585523	0.04701215233622031	0.12629998648565793	0.25596972057817885	0.13070291228496725	477.3151890793658
-1461.9798897219184	2.846126332554504	0.029751643352590652	0.346664173225123	0.9253603320683763	0.13986520644511855	445.47753796695594
-1816.409458263285	1.7979638763348833	0.017242853057764664	0.03659833988335982	0.18790572574386338	0.1092959749940154	682.9358009257065
-1645.9724717397592	3.3897550317707665	0.056123172008022595	0.13996887322104287	0.13541412649689233	0.12882075574678156	470.2342165071731
-1515.5859448586677	4.010856660879682	0.04069476330778036	0.2346088417867398	0.7780259231592085	0.11782652956370075	406.2836746357786
-1406.5086939710093	3.245944677327278	0.02723603337879815	0.5925669850479912	1.2839273033454373	0.12559924483335427	398.8489708750973
-1441.5365943200943	3.4050105519497316	0.03918500451160524	0.40719342526748376	0.865866122176344	0.1421524966408183	395.0025706580634
-2037.1056404708838	0.9739432891415302	0.012161332737103	0.02598856368077955	0.36479294299392145	0.12039159297033475	781.876792383522
-1528.6701283540333	3.4767995321232066	0.04289983085328554	0.19175606197004172	0.657607644209941	0.13217011862655592	444.83135158762093
-1753.8954456768113	1.4922520129547412	0.0260663419613431	0.0842045579987636	0.7994010424680971	0.14378609652659574	670.8201684496711
-1476.4286412508714	3.611895612182172	0.038866825356405205	0.3994402957697559	0.6094692519672116	0.15685646921088964	380.19605037960656
-1454.1031034965283	3.513467998323281	0.035091588264592743	0.35291678843427376	0.8374880217031836	0.1282037486421816	399.4228620698065
-2029.6544354164512	1.059461208258551	0.01649570253201717	0.03381774279598201	0.05910782522463943	0.12279321091671518	763.6442981863484
-1452.1097700862165	3.8392804248448775	0.05553165676255594	0.5341819400631189	0.5394937341581394	0.13509970114714537	344.53921307381756
-1530.4626940536255	2.7760744866195575	0.07149246359464295	0.3202005128231402	0.594622240630697	0.1465553083344184	437.92438219515157
-1614.4704118775437	3.305382339323801	0.0531828897956456	0.1537092936252319	0.21445653370547624	0.1316558008773059	466.5486215953521
-1405.6630793762815	3.181607950544925	0.03322331786722553	0.7486050702019726	1.1287959331938522	0.12436252596655122	385.465845626801
-1425.7554190608937	3.450252761669626	0.038331060973850174	0.5008016702767546	0.8847777332620476	0.12535812317118541	380.2667350463213
-1464.5284685044228	3.6792274602241357	0.0403514733271026	0.3586018438560853	1.0456131301264835	0.16274107971338847	392.51412960913035
-1516.149186161936	2.3541940730971125	0.033345456882330676	0.39825581218398826	0.7479353676951815	0.14098008380485624	474.40478853922974
-2130.844977858262	0.7391848796496553	0.0015370631140564728	0.002838195500782164	0.001062858141022258	0.12130172381883099	797.1637643262303
-1515.4766004194373	3.1207872530363967	0.03605068940810392	0.19884709529997233	0.7347471043016783	0.12682382471574866	463.05996092143124
-1421.2125077966264	3.1924655175668764	0.031058074676629296	0.4426276670206448	1.296937597359267	0.1235551151293762	415.34038021533746
-1735.8792592540558	1.6709420471704062	0.027365853386963478	0.07610857741767836	0.5331305045139694	0.1395588613743236	650.9755996853038
-1448.165196919442	3.7726565368157705	0.0353565843370973	0.3624152224060713	1.0761858244646443	0.13641916240848165	389.3949571433359
-2170.0330357195653	0.5378969135223362	0.001	0.0017792722409013815	0.018323000689818337	0.1124004086180586	803.1609983319348
-1851.9747087016726	1.5507050214513236	0.023990784719513235	0.053334606488028694	0.07833898168525744	0.12142091665481422	682.1878254567695
-1547.3578486494387	2.9050689536891476	0.03388748313937382	0.1403693905525915	0.7989545911706734	0.12144527162245575	506.0005721562951
-1461.2722647459218	3.5131744561299967	0.04165865173142133	0.3401131371449309	0.7629997732913811	0.1293576996226367	398.93247602663183
-1404.63581771646	2.7808421762296547	0.02057157470022141	0.5475880769882964	1.9828196091098185	0.11720308030927873	463.58713825858524
-2048.5906557130747	0.9801665664294563	0.006607745764770679	0.01296261993733701	0.2955901381819595	0.12514119559792297	784.8881745523647
-2015.3614151079425	1.1195520331017097	0.011756442268610967	0.02078226921963364	0.010574698227773016	0.13051464718768843	763.8145295868705
-1684.9942205945656	2.3413507041949457	0.03165516828803018	0.07787942490120398	0.2584014104175992	0.11302583684049748	587.8718716217726
-2142.0900923254176	0.7755429057677042	0.003791938297697559	0.007169845620350419	0.047159595085749066	0.0968387036728272	802.7168844760012
-1919.4544417625432	1.2704230442637654	0.04066398485472608	0.11423934155141731	0.24185075580979315	0.14294792452609484	685.3672188239142
-1444.7182553998111	3.825146674231892	0.05059066424606745	0.47721586721527376	0.6703257062138692	0.1367750263129946	356.4281344037639
-1577.0398530639197	3.2110813582550506	0.052905157659239165	0.16840380824781115	0.35413552710066015	0.13302793490937195	464.0815669274943
-1963.339192239115	4.820730666680784	0.04632407913476078	1.025030399459697	1.1893502456302836	0.3680033162495155	294.926286337645
-2145.710740867639	0.6992867100611132	0.0010280315345972298	0.0018907282646414981	0.10542815536957115	0.1500900967039374	796.1246515834875
-1446.262465734047	4.0247655042490305	0.04697669541051068	0.44521545357782166	0.9878620399959106	0.13504472207939527	359.7518781122912
-1506.5850192843172	2.9741399510734166	0.03244817023829489	0.189364327473962	0.9285119521077869	0.12504155770489342	479.1509774471979
-1656.2900217915042	1.3612947706601228	0.01727215249158842	0.23938813982426957	2.0064520079827677	0.12614264659699959	685.6191047134877
-1448.681942791945	3.162901668722541	0.03122815110744404	0.31425684700865053	1.1125033033641933	0.12436812588814139	433.67360248719973
-1703.8852861522405	3.674957269802504	0.04570103147886335	0.10506750978771326	0.06196688821090544	0.14725807858196377	489.3250224673558
-1398.2250387921436	2.927902215811226	0.025279242992525677	0.7453667247975552	1.5594510903614989	0.12243216161137442	424.6368075848592
-1858.7728824941976	1.584629127719284	0.03525071307116721	0.0736907590506527	0.024330533054590497	0.13249999476356913	656.9865301934572
-1616.8507223697027	2.333137823730647	0.033774882422497876	0.10454917924510373	0.5617079849091934	0.12727743027278537	566.2853692548497
-1720.8575014003898	2.4771067235133937	0.041562249903472154	0.09050897636157598	0.04844455479035167	0.13011391865210795	562.3716040727056
-1463.572756857665	2.9898355599897366	0.03827171510285612	0.3202563812537132	0.8587137172863055	0.1360788681613048	436.4746322613266
-1419.6989560767079	3.140480288362721	0.034292526692982245	0.5007868560543713	1.1532342075220432	0.135676550686741	407.2496736190858
-1713.8355323474511	1.8087650365786174	0.023211278226044633	0.06357075743480851	0.709713022171527	0.14663000424477446	649.5805464543046
-1723.2458357302962	2.85516473586971	0.03374965798733646	0.07287177585277821	0.04425484616011993	0.11715153617445136	562.8769687748929
-1994.3644029496354	1.1954718426792168	0.018624955823027103	0.037193716472789434	0.02799898599313615	0.1626923062626795	740.7401919707103
-1663.9387997063814	2.4629698681498122	0.04873425485901059	0.1248494157367006	0.16316263208795573	0.13243742033946995	535.2549235859434
-1608.6532490983761	3.0520769794841183	0.04638235207322815	0.12855749273651665	0.3045171667933315	0.12772634481088438	498.03606402195373
-1601.4198851137205	2.6192522059276104	0.059526137974779215	0.20149004415423935	0.2929383643062428	0.14834374155034533	483.4444085968723
-1468.3305749474935	5.043750419338741	0.06064828350371414	0.591589221596662	0.5270253269502158	0.13294831643814944	293.07698875545987
-1949.21478542641	1.2809953301297252	0.010284433250665864	0.020872773871394506	0.20003221876948166	0.11546492871305178	749.1476725846123
-1468.6545479304996	3.488831637663747	0.06009365201068442	0.5188463747697657	0.49125420170603257	0.14117058664765475	361.7050732939425
-1500.9617265151276	2.5392929732197773	0.03094714051725791	0.23703659602642244	0.9322024783183458	0.13353197597709998	494.36451713734726
-1757.7443344625874	1.808472498684315	0.030855681252500187	0.07378811664727299	0.21498501838101486	0.11052367501990668	635.178016652175
-1824.95181701568	1.5639840570549526	0.019220520944094373	0.0423586152213165	0.3400382339242506	0.14443791010371165	694.5205175928784
-1446.6420021970735	2.800782564660212	0.03590619544766545	0.5463072742633683	0.8778927399310545	0.1287894907727385	418.941166180343
-1409.0725128386111	4.112112631164414	0.046972041389399845	0.9078964670224481	0.7363029671514244	0.13757712880969486	309.68148911940943
-1531.782077857013	3.3852139582108194	0.05692960381889143	0.28263284072708117	0.4083716419785395	0.11170870984937016	410.73417009492783
-1855.0484110866912	1.687227648268026	0.020637641388428215	0.04033173999990267	0.010645881617419946	0.11242317857820841	684.2438636922203
-1554.8079711655046	3.3950477597506845	0.05235115693801028	0.20658421854821488	0.388421308840354	0.1287620021175628	437.20056928346526
-1459.8424958138646	3.20604426768703	0.03196996663353595	0.28307167816999845	1.0595470720821312	0.12320768387229793	437.02981712103417
-1915.0476420200007	2.269472913680918	0.008134931729716617	0.013509494676247753	0.001260060404337926	0.09727963002104216	719.7465599143612
-1457.119622582276	3.018862733625531	0.020303389371838204	0.2521921674942152	1.9624732565203944	0.12466305726906785	477.24127985708066
-1575.674560673854	3.7277962378977727	0.08653736098538509	0.25984605193194327	0.26877177120970625	0.13600756404535835	394.2376379891842
-1400.428557217677	3.4300142935486613	0.029770056867513585	0.6984249269462635	1.2544376567614375	0.12570995299762577	378.507292423437
-1529.4279368970926	3.613556208998269	0.06257553868015675	0.2331481854629856	0.6623834895789584	0.1389728903110013	417.13913191581713
-1421.1654800051604	3.57337767982493	0.03733600992585166	0.5231119833360341	0.9245290147084388	0.1350772663874125	372.33556160566025
-1424.3396237952745	3.2828702913454944	0.035940565165157784	0.5549091361849698	0.9066625296025461	0.11832830875840981	385.40195582523603
-1632.2235978832728	3.0435340217799425	0.0710627260941734	0.20033127379956564	0.13297851630211155	0.1262656472123455	452.2621828224722
-1554.3500178516283	2.5591370711434207	0.054412736099358164	0.35884486940305255	0.44096817935933175	0.1531583276432737	449.18672545953507
-2174.714518041626	0.5197525997362727	0.001	0.0017717792853466992	0.19812944774434052	0.10913676435130316	804.2341191243756
-1465.0903895696526	3.261384304560285	0.04040637635982217	0.29999961434756184	1.0429882708170608	0.14826118861909376	426.72601355560585
-1602.664827629334	2.773435686089302	0.056117921142366814	0.17344230566993352	0.30953694827155925	0.1587088594159055	485.79974215286757
-2185.591414939307	1.1361237477242911	0.008581012822841969	0.01693706274433445	0.03308374550323026	0.25686338557389476	766.6780490577023
-2213.0586948850732	0.5950344486053546	0.002577195065515968	0.004906936235144349	0.09652264951415611	0.08589390440897786	815.6911458052462
-1491.8376535801417	3.5156628753604364	0.02636452357221457	0.36056559558049944	1.4124558358491741	0.1924544977883883	412.6428319639799
-1513.7777928553041	3.3295461036447467	0.0404578549634939	0.24560547593445198	0.5842077917308999	0.11864050492628658	431.14987051735955
-1860.9530360351412	1.5524967949558672	0.014655974393509642	0.03159672120705338	0.2592568096850986	0.14712782277171543	710.395983671208
-1398.4422014972054	3.2737760396161977	0.029319468915803452	0.7632038989808846	1.278445757235158	0.12587601768834877	385.84317663344
-1458.931772339718	3.724429676280775	0.04607168080796672	0.3669863520364692	0.745151881452985	0.13278420699773175	381.6617257694257
-1785.5304557599038	1.594018688712023	0.04356884038699581	0.12908497350411374	0.2517272628748213	0.12494055991523968	624.0387620536068
-1742.9454142537334	2.3419283553603263	0.034224195983732185	0.07248328318733555	0.04898445299205404	0.14571606014768373	591.7400308138897
-1407.5081463311428	3.744742899791668	0.03637379496218589	0.7456517610658616	0.8962169124624296	0.13206562037084765	344.0196424805106
-1518.019376776565	3.35210932772731	0.042200344244421116	0.2039659573164364	0.6788786166114179	0.12868139321549174	446.067902523226
-1455.7230100944594	3.99517116228681	0.0448140123597246	0.4175790376581674	0.7619991456391405	0.11402054123411959	361.08294436389053
-1485.5876966240976	5.308931389387992	0.07861650689664054	0.762743389155758	0.3316393165054911	0.14605903682081628	263.23255903632753
-1427.6341918885896	3.46407079822795	0.030987841830295588	0.4205472707659211	1.1552132864849378	0.13273432113933648	398.7095016265364
-1549.8340334981278	3.5390556749277473	0.09675056702568872	0.3281332309304729	0.386763834762027	0.14497801235099153	383.5004440268754
-1489.340619838591	2.868399445633206	0.0381513146959437	0.2590160669716072	0.7893030579231107	0.1252041589114426	458.5698500066411
-3163.5866837852095	0.8425140797977628	0.004730207213650284	0.009397989716357243	0.4678644573001206	0.49376078690414127	798.6990274972779
-1652.8974345445556	2.280114995393254	0.04471884329862327	0.14505818614259383	0.24800584214062943	0.13019620738654447	539.7762229571692
-1494.5018955079884	3.4305673897206135	0.042433783666213025	0.25351733826552214	0.7002355571688653	0.13356097994416027	424.3750711836128
-1408.9839246439544	3.5322370352836083	0.026957647909338772	0.577295005108485	1.4738739991327268	0.1260936889950358	388.9147409664152
-1420.6654944274092	4.1986573499498885	0.03518036593330157	0.6100373309236168	1.0579394229763692	0.1295192656021811	338.9484494318013
