# /groups/rgutenk/lnt/software/anaconda3/envs/donni/bin/dadi-cli InferDM --fs input_fs/fs_054 --model split_mig --grids 178 196 214 --lbounds 1e-3 1e-3 1e-3 1e-3 0 --ubounds 1.1e2 1.1e2 3 12 0.5 --output inference/fs_054 --optimizations 100000 --cpus 10 --check-convergence --delta-ll .001
# Log(likelihood)	nu1	nu2	T	m	misid	theta
-14372.979641385662	0.020468739789140804	2.8566655130227874	0.08425515976878725	0.001	0.03793484498327613	4566.290278979366
-7516.165327251366	0.014349922125199008	5.796767307793132	0.16886216142435073	0.7407820666160112	0.04349808544434415	3245.9331775057954
-16789.111582716683	0.005764584685957041	2.0987373526939073	0.09916205194820503	0.5160041192150209	0.06539364624276374	4963.30744245158
-26231.76939279292	0.001	0.8153693538720632	0.00205181896461032	0.31911048840944817	0.04763194382613249	6541.024700071281
-9691.820004811429	0.045246747285571556	4.8663620037622985	0.14347821547163564	0.006735885504961912	0.046887665518048675	3457.5824166451125
-13807.425810627803	0.02326622850349439	3.026581419273564	0.08297104419864698	0.008797906811583827	0.0420774897269719	4502.460428805225
-9632.439769531024	0.016735272308448366	4.411857408206279	0.2961488576619574	0.6208216289202216	0.045109455797432536	3094.198295232291
-9447.539103641893	0.007686139606599142	3.9171709944445423	0.20063182644492858	2.0134416363619074	0.044371741744111404	3743.716392484868
-11568.455310913329	0.010542116728913076	3.2950225705079124	0.23526491974081884	1.1564897481022451	0.058812764212695524	3758.049220376325
-26585.736473343084	0.001	0.7089454865428675	0.0018639704020822223	0.13260515374170762	0.044816992731884206	6565.422135124581
-6435.739506210995	0.020165303553230162	7.578860914831468	0.20508049513253931	0.15107279758296605	0.04567169754181722	2749.5778564284215
-5464.575895895234	0.01062405645463562	7.516107110963923	0.24845150745506195	1.4659456579351426	0.044222293346645736	2777.6756726955864
-3943.3226992353943	0.007368466787633824	8.93829781173736	0.4273843519014788	2.2850592820844935	0.038745441304368126	2445.412175560779
-8714.12278095296	0.02185256262688779	4.979329991897761	0.20566571075617804	0.32850730086180646	0.042454428670951436	3178.0353430049677
-5834.648776109996	0.030429463117314065	8.205628918929833	0.2996940706935481	0.21235088637793675	0.04547758055047312	2349.188772876132
-9148.463309400855	0.01824097120107919	4.5880842153021515	0.16315425744668202	0.5793611542525207	0.042094566114725784	3498.552929864163
-10992.742546035966	0.009548797184856489	3.477782925438998	0.20188395579923768	1.1069489340637166	0.03783441453933432	3773.824756651399
-3507.119992554967	0.010327561985518104	11.924690192938666	0.38257427411167383	1.2803251084137408	0.03770326464251305	2073.2697066826563
-10164.737530821858	0.03552548391698027	4.525331695559103	0.12479222601851112	0.038782536326584	0.04638299777099564	3678.330417022067
-8345.474746741793	0.03555067006520919	6.282216212041516	0.5846027827068877	0.5965393368709958	0.06153173472856144	2218.2276437694004
-4360.89980982558	0.012591130185584965	10.463009390830493	0.25973208258405417	0.9664385550058483	0.03527097164885653	2398.8442924946157
-17060.960117751103	0.001	2.3047362567130403	0.13137934184462158	0.06333987084749348	0.028858231915860892	4608.637206645892
-6610.4258463537435	0.02206664299158382	6.8105788048973706	0.28178217435584657	0.4138723992389935	0.044287878093601664	2602.903417416964
-26211.57084875433	0.001	0.8906562607982318	0.002339909514573437	0.12652264688230444	0.06783117628351666	6526.195755067155
-4022.5402593120734	0.02859097515355243	12.286957138098279	0.31603926468324506	0.41927002269003205	0.0639508390806684	2032.7484599203042
-14146.387604546973	0.038194694103532295	2.8336379663010187	0.12661121989454904	0.018275363094967936	0.038935513780604586	4224.540781904772
-26207.479196872984	0.001	0.8154218949140282	0.002075851811146027	0.5362247004680197	0.033241710370824615	6541.810757981149
-10533.628900010219	0.00937237518741632	3.645128149545338	0.41808739436870296	1.5968070477033154	0.04296310493701784	3382.9799638122518
-26633.158447849914	0.001	0.9061087021843778	0.002227860096521172	0.006270260508061854	0.09510832211953396	6521.254426978842
-6138.630143210807	0.03178515807308418	7.980791299931311	0.31938895568324593	0.16104533732064788	0.04410767286309481	2315.376415973432
-4121.81494558643	0.020609440371648132	11.56581503789764	0.3051524795144097	0.4249209373776645	0.04421828059255214	2109.2144526134894
-10571.671915911555	0.05733427381917841	4.409573181946216	0.19581012527682265	0.006669005570583902	0.05920306230998846	3279.296254207073
-3929.7689977146997	0.027620307079093985	12.111636004010622	0.3375931014350542	0.413398522458335	0.043439682784202925	1990.2922018094375
-2124.62766424563	0.011717428276606245	25.353179456497525	0.9295862807540005	2.012795166002818	0.04094374728013775	1430.7154985040431
-6455.868577332073	0.057312709702470446	9.595089097595729	0.14872029718561544	0.05150802898913799	0.04850685921623838	2846.719201915313
-3400.315626015855	0.009511920515912278	10.997195867488555	0.46762806197043744	1.8227495334452435	0.03930208688445436	2124.488416467042
-10582.857142054549	0.025274906110120593	4.12369411506199	0.121848192824273	0.17902415094093058	0.04749901054613799	3826.8962021441557
-12443.08277701108	0.013944326463860082	3.279598001531146	0.21250223927555037	0.253001687570858	0.04320496628490105	3701.065898877073
-26503.893337436893	0.001	0.7369869070412315	0.0018595530079725585	0.06677013847205884	0.028996837883879623	6556.971779620415
-2767.691637697614	0.023448365658408528	17.503192145454413	0.4486767976438526	0.6748281557099619	0.045701261192381167	1614.5114763079757
-7005.617914031044	0.0575648979825239	7.154525096164631	0.2502395669610364	0.046094743923526235	0.04808451951461408	2577.2798994511386
-25802.631004249863	0.001	0.9568631918799455	0.0024278350964547575	0.06451967283235958	0.03660289020263619	6511.384962377575
-3697.2136368550555	0.025511424715437978	13.508307861703116	0.3070998915813158	0.42042738298909965	0.04555605217888627	1999.2232273076518
-27592.44877213992	0.0010000000000000009	0.49921941469187087	0.001367764066244055	0.19986276109647347	0.052711557624242164	6614.316668906181
-14118.978652064456	0.01648787908665584	2.648793441003061	0.16638824576460318	0.43903942902779425	0.04810331664113925	4217.015066032144
-3709.7593287281566	0.030634987646939723	13.457785163134673	0.38559442450380704	0.2794111649729628	0.04712755021002225	1801.277060669667
-2591.463416870628	0.01801654538439561	15.730419916913329	1.171305038964647	1.7219965469875949	0.04756699095059764	1529.9540455831739
-27701.632870202586	0.001	0.4704085807307567	0.001307504039636048	0.037263803921813596	0.035572821620600985	6622.0735995872965
-17649.77830001533	0.01950185378409074	2.0157486041775767	0.06887547067436445	0.0912623953087604	0.05314707315647951	5160.055791338413
-16969.517898063717	0.020830773415523404	2.2652132410818555	0.2678836403698858	0.16602606352796648	0.04745344670925179	4144.459061041603
-4552.833267386594	0.051586385058905476	13.485456072800169	0.2491329459172926	0.04063870141347025	0.04825404255925629	2121.242896670242
-4738.9585392917525	0.032640389566541486	10.517713211600618	0.337402403822654	0.18294628871117474	0.04391510445835511	2053.6740140591523
-26599.229962675297	0.001	0.7325126987942338	0.001855730708472364	0.08734184449925474	0.02228081811882554	6558.14890947421
