# /groups/rgutenk/lnt/software/anaconda3/envs/donni/bin/dadi-cli InferDM --fs input_fs/fs_090 --model split_mig --grids 178 196 214 --lbounds 1e-3 1e-3 1e-3 1e-3 0 --ubounds 1.1e2 1.1e2 3 12 0.5 --output inference/fs_090 --optimizations 100000 --cpus 10 --check-convergence --delta-ll .001
# Log(likelihood)	nu1	nu2	T	m	misid	theta
-2739.5088668087983	0.0825281183615161	0.2191244011470203	0.001	0.11584874870606084	0.4194712045535494	101.1968128878808
-1435.8974632754475	0.11261164494276418	0.0690789440804243	0.09689873734903386	0.05462415572404669	0.3426010017785836	221.11672869801995
-1349.647449139339	0.08333644728079281	0.049352800453046804	0.0804611800863625	0.3554507353538863	0.24415437547668808	250.79395312803206
-1304.3033825732934	0.14176736105317644	0.08657467282100693	0.1904435948646782	0.4493566839605398	0.17685535712580858	226.15047161927404
-1273.6852744359967	0.1060756604327637	0.0604156455164949	0.20574158988146837	0.9386169674393701	0.25628049556110205	283.0776729267709
-1311.2458553621304	0.13945063431305918	0.0835751999408438	0.1853372545460775	0.39072390221123493	0.2120041308414169	228.14122224814255
-1288.076229997927	0.17217850857844505	0.09379288662095675	0.3682642365949916	0.6065397195800054	0.21800806171562653	226.7583233822167
-1272.4489750192033	0.1132978390154107	0.06042383794719751	0.28963625346848615	1.0312197782032466	0.24254277131504431	295.0169813796402
-1268.512711106531	0.09377808734208684	0.05113223085101857	0.22384549476667298	1.2432157725081578	0.20564610703700328	317.7038859342504
-1277.1453404332	0.10456514962003767	0.059639302233437046	0.1643361877857803	0.8476871263256192	0.22269519713390906	270.76727897601126
-1268.407297511893	0.09141556726105218	0.046951919508814506	0.251785478498615	1.3672132597574882	0.20642615235201836	337.57423357271534
-1280.5870806578384	0.13408331906353843	0.07540850777785067	0.23552347079027547	0.7075686912115053	0.22701758484888793	249.7306773890845
-1308.7974790386913	0.15076217479946344	0.08720462354552765	0.2036408128723681	0.4133830466731914	0.16231819026586486	223.08828751194278
-1308.6109300180074	0.1663519924374861	0.09874632496979519	0.24560819310461088	0.3933429394982104	0.1882679993956879	214.85671382446796
-1267.6203885687828	0.08440370400142289	0.0469670335070416	0.19400895937118592	1.3918930301229817	0.20680682479653165	328.5476718383626
