# /groups/rgutenk/lnt/software/anaconda3/envs/donni/bin/dadi-cli InferDM --fs input_fs/fs_087 --model split_mig --grids 178 196 214 --lbounds 1e-3 1e-3 1e-3 1e-3 0 --ubounds 1.1e2 1.1e2 3 12 0.5 --output inference/fs_087 --optimizations 100000 --cpus 10 --check-convergence --delta-ll .001
# Log(likelihood)	nu1	nu2	T	m	misid	theta
-8434.379446166606	1.3999861912508709	0.2368602099810259	0.13851238049378709	0.8136998899279799	0.060803185255364024	1307.5831265579397
-8401.946220308386	2.3827810917728147	0.45391168186478187	0.43939504653773687	0.6456529618358202	0.10390298805257751	854.0092776295993
-8447.432481182583	1.3615008567201228	0.305531285741376	0.2267702238770445	0.67901028218427	0.09540421271568443	1227.9216372411115
-8365.236679279966	1.628510391965763	0.3370610867663055	0.2319813406002278	0.7060029337582766	0.09829954301899917	1130.0307968982545
-8271.032866524802	1.8260780127227734	0.25447927544031385	0.18024378497766178	1.042186641105925	0.1075819277742251	1156.0598793632767
-8101.8287844143	1.7685043499948498	0.30041789168552113	0.3825512821536452	1.3325910498889793	0.10365968997131526	1059.6971818655811
-8846.009489409049	1.4710202851950045	0.19054398031289435	0.07241141004687392	0.16503098959437165	0.0987878490522479	1382.117146400588
-8785.640080423567	1.2349776927810632	0.19910323449913128	0.07808181373355973	0.247966679948849	0.10081358714719721	1434.8334417615774
-8065.98196458423	1.3654754569709993	0.2123019794225032	0.29171569174816947	1.916219850962361	0.1020574873973988	1278.884229514376
-8077.79346420732	1.6588863308021558	0.24650752190290443	0.3700479815864941	1.712718237027879	0.1036739945800001	1130.2182368078666
-8154.360804706597	1.5886250688787704	0.3441375762203794	0.4797034942733925	1.0541193452119841	0.10711970916378159	1059.2026728805267
-8581.319481781336	1.3513257588135974	0.18282506302102278	0.08004441354860252	0.5666238337636774	0.09453355930492584	1409.7348444603647
-8864.061426532664	1.9758261823857994	0.2853620889302725	0.12355983666059132	0.2165628385074005	0.08817905277468414	1160.4422494886578
-8479.599128534504	1.6867002565205693	0.21728956614851289	0.10622909175784942	0.7127559569600312	0.09502398619929583	1273.452417550343
-8045.315908735096	1.3760582862556199	0.22577551266023177	0.502318166114647	1.8920328725685982	0.10126854179075973	1224.5838732632449
-8045.677111551892	1.40682238315607	0.23505824476683504	0.47304227443787245	1.7990901765641594	0.10210929283663112	1206.1829581450786
-8123.661008330909	1.5155901402923873	0.26295227878426297	0.2644163153107428	1.2984349287256134	0.10708898720085772	1191.7246698998767
-8044.3511136160205	1.40964381370887	0.23404410975416354	0.5054755638797059	1.816950566604144	0.10158570961010671	1201.623069971249
