# /groups/rgutenk/lnt/software/anaconda3/envs/donni/bin/dadi-cli InferDM --fs input_fs/fs_094 --model split_mig --grids 178 196 214 --lbounds 1e-3 1e-3 1e-3 1e-3 0 --ubounds 1.1e2 1.1e2 3 12 0.5 --output inference/fs_094 --optimizations 100000 --cpus 10 --check-convergence --delta-ll .001
# Log(likelihood)	nu1	nu2	T	m	misid	theta
-1986.6250366111974	0.3827366224665323	0.0013707760171500728	0.002283610884428205	0.06980322968322558	0.14144344108989626	612.7230093541694
-1999.854458173178	0.335141463033052	0.0011944305209807267	0.0019959631441330726	0.08764177445053867	0.11988952250792465	614.8952911284703
-1927.7573887397164	0.7772668005858157	0.006787570937837452	0.011524339288489045	0.050902555533978947	0.1386922296108981	601.4566496355999
-2401.4569690569083	0.38051023490196867	0.0011024252130594453	0.0018060719340365385	0.08138131701414071	0.4276133322094615	608.3194332446393
-1875.9973295352786	1.4401088767663803	0.017692088479456733	0.03170808291901664	0.08380208101868131	0.15703411635266626	535.2027026843375
-1860.7146232695331	1.229028716292754	0.020737842943686358	0.03930927277589102	0.17793574731409684	0.15646911359330995	547.0258320315995
-2031.239392391582	0.39390947930905984	0.0015720118181157734	0.0025836341764073683	0.2228237148023795	0.23096485201952394	614.2361365120846
-1864.0124740254469	1.6175293600853633	0.02237334536296034	0.04152431785141915	0.14435227657303742	0.13254294944613232	512.9777601635388
-1792.9286930069995	1.3358032542999687	0.03441656801851098	0.08501690030921365	0.5162939426134974	0.16597571941593572	513.0293905424476
-1874.9857412320594	1.1159485413463002	0.019222690197739943	0.03559720311690539	0.14824176342958204	0.13241437101623887	561.0202895556301
-1957.47794566864	0.6106059335670188	0.009426207621342957	0.01687704032550443	0.18629106619702876	0.1309221297719041	630.9576528286392
-1873.1288285192077	1.2240829059927596	0.01840502677655153	0.03290944744803613	0.12001348249044974	0.1399441299259627	551.4701893280476
-1970.0252283170219	0.5044058734847124	0.0023196072586881555	0.0038511195988774564	0.0014243863580822704	0.153979448601264	611.4823249440175
-1879.6813419030357	1.133227532123566	0.02329110681262181	0.04341388913975057	0.11280119408547368	0.15502447723953452	554.7682426038219
-1881.3863178479232	1.3343198183657354	0.01746273159674356	0.03091633105247885	0.08491305370105878	0.17288373754114156	543.6932898326127
-1789.7656600147031	1.4403025902770052	0.040307995429132014	0.11040623925592147	0.4872422241107869	0.1511203972831702	490.3139265462241
-1862.4003363122179	1.412429889162909	0.018150955364181667	0.033362759557485355	0.15418738809840837	0.14335106605584266	535.7907027724591
-1837.433431063143	1.2117425404910969	0.028280686651929045	0.0604025284405999	0.29121318233416726	0.1357680948193958	538.101387195517
-1877.317305360631	1.294294350391267	0.01952754821911486	0.035237129569739144	0.08289459497402911	0.139817138510462	543.3564799492002
-1834.5832169047378	1.4615569093338774	0.05879009410679566	0.14691216975096444	0.29118820694031194	0.16558136728933642	470.9258769588959
-1906.73735686168	0.9117083320718585	0.013626052793359045	0.023988091508861387	0.08050374555201133	0.15533476959052334	588.8554928423033
-1980.0613862357106	0.6128843489230926	0.01337112714495919	0.02379746789292469	0.09648071358181486	0.13419864907313686	638.6431211741703
-1854.1669805561157	1.6393180269663152	0.023009945111798075	0.04374641718229276	0.18384335295829224	0.1467370948977388	509.47461430499186
-1853.2157957558077	1.2982307411229252	0.0210414953710237	0.04053755976340525	0.20053412889912905	0.15242333153574616	539.6118511580304
-1802.6830597217736	1.4680514292174398	0.04131534460469973	0.10617278037203312	0.4362673675392491	0.1777237221978935	487.7356866768624
-2290.5104816315984	0.8570194087375088	0.00696215384322986	0.011696681151452979	0.001	0.41004862240881096	594.029229375207
-1854.2266065510792	1.4530108679812468	0.024733619573765603	0.047487561748953966	0.17345786619836012	0.1371829352010247	520.1932412486959
-1888.026824167115	1.084597149971056	0.01019722493342972	0.01788006570268946	0.14089438613484223	0.15859761313157425	574.0540527547979
-1942.449739948293	0.637961041681471	0.005774195753932166	0.009735524404860767	0.1717932307543983	0.15191444363314566	614.8292136698038
-1989.5887780237044	0.5354332324823649	0.0024699878614384786	0.00414061024092716	0.05568195359200862	0.20666262389940565	609.9989755337435
-1976.1417884904256	0.4890567857837484	0.0016186042984583846	0.0027028822186648386	0.10541855000990683	0.12092769610328732	606.6036742797492
-1855.7404832851923	1.447110873773267	0.01616435260587178	0.0299096524647283	0.21691397001910256	0.15334625917314887	537.0863271750264
-1954.0287669687264	0.6510265142979028	0.004586497859977916	0.007356452140762837	0.059730012348908464	0.17684927440180037	608.5404382477908
-1802.110712526412	1.6151369849723276	0.040927535168330725	0.10467260099200655	0.4043481525524423	0.1431026382576344	472.5776127927036
-1836.8997223157003	1.6867812655946206	0.04352876050729763	0.0970896548988978	0.23937391484980888	0.15008141299693226	467.40771178064034
-1866.3108591262414	1.1378908118454034	0.02197135148290646	0.04246438775887212	0.19363433915099418	0.12522598292915038	555.2454808974536
-1969.0743155428165	0.5244618356709796	0.0028505615025872693	0.004777630828805487	0.02925833660671595	0.16548753227094867	613.7732710365096
-1835.267965363129	1.5139355303252782	0.03208260349328927	0.06644750708052555	0.24298426796314743	0.1521786257046078	501.4631723464185
-1824.0293853013895	1.30407024451771	0.025372660140740855	0.05206530433013462	0.34963689763748323	0.14369546320204807	531.951530930238
-2567.36187507905	0.25860284228390107	0.001	0.0016224314644220953	0.07925064480382739	0.47781432835626314	619.8273798416118
-1884.448553735467	1.1214495088503953	0.015813002728758147	0.028499759422112594	0.11697568350893027	0.17137318307285968	564.3138931573128
-1708.6762394950088	1.365003057049983	0.034720304111485745	0.27015862627139775	1.2327485032518373	0.146140752506757	485.8457028045734
-1796.666186214538	1.3334928599115414	0.03003830604776522	0.0692537257448836	0.5125272832607036	0.16453319933290508	520.3362804705074
-1840.1933393558916	1.5249711290084877	0.022145349601804497	0.045743429316978015	0.25998477554297383	0.13704705355845495	516.7014245385758
-1861.120637285708	1.5761676058785616	0.027488235092259204	0.05347930882344111	0.13832624333137375	0.15155265283120228	505.116365489619
-1910.669690658026	0.9440141738667869	0.022125534640115012	0.04033013831403133	0.09295156143279026	0.1715789139701408	581.281822695811
-1982.5742263458958	0.5241474362663177	0.002783336639642384	0.00466303193945185	0.07054773978723114	0.19547447492475353	613.3266473145165
-1894.8993896612544	1.2810438771288952	0.014310869079725456	0.024333797462746252	0.001	0.15916537559557606	553.6293786827924
-1835.7888887996005	1.5050419759281433	0.028247923124454958	0.056830632575134384	0.25196524493905903	0.14075177887968532	508.9202263463416
-1903.9999795941058	0.8509029069484503	0.011644943917360536	0.02075207943091892	0.1649662938702899	0.14505564922483682	596.6767762766195
-1883.6241239901676	1.2712064430107397	0.018870802902517428	0.03353519549088181	0.054485007227961034	0.1478792763574747	546.6002132065521
-1819.1091449703738	1.5941741425874354	0.0230619184844232	0.04937219356742535	0.4652954540309156	0.18382380742542967	508.933942449204
-1879.978015554519	1.3663785932572203	0.014449652966402233	0.025406192037051908	0.07563495090286422	0.1536761903032058	546.9053550344373
-2016.516916590237	0.5250612804890025	0.003107401675959256	0.005478568871699262	0.3592749572163779	0.2417041341357167	616.8323769889862
-1853.3059280226944	1.7538792742789815	0.024098002223792343	0.046320410907239984	0.20062593267349432	0.15238909718470786	499.46265403663193
-1862.1179806748285	0.9835549160398295	0.021570941949883928	0.04264822709763005	0.297510025616112	0.14138112635262856	575.9374707907231
-1940.9953054719588	0.6290407594260272	0.005318400088138281	0.009216037135783244	0.22296136647347867	0.14083621032116403	615.0688680090462
-1677.9674504766097	1.3622571451271996	0.02547535744610281	0.35011682007345035	1.8079703037758201	0.14096204326178005	499.0993097702355
-1978.212665507804	0.44359557778636016	0.0016986347551428693	0.0028344351011421283	0.07013867451064859	0.13360860638149225	611.23838899356
-1795.6170425072414	1.6256447391096769	0.04252402136484119	0.10945029302473452	0.4439980119654737	0.1393153951682453	469.42478338957096
-1874.0288807762042	1.314220788674185	0.02803742735665211	0.05268177612984967	0.09859049074377561	0.14965783427590626	528.9899243171981
-2414.699026396863	0.5426747189206361	0.002560841605863408	0.004315645790251623	0.16498956085223127	0.4428215319433101	610.1199753580203
-1823.3434713431811	1.7405154593560515	0.04334815743994212	0.1005739601746775	0.3045500813918564	0.15644854727748514	461.4572076289279
-1892.5106733505008	1.1001279223665739	0.014486206158991466	0.02523533870536853	0.05359581894867575	0.1408459741913582	568.0312683068192
-1870.1074276524946	1.0046906570591405	0.019328692547316163	0.04101775318809608	0.2583295018497969	0.16404773041318502	574.0898924212602
-1777.6822180001063	1.6127414524368977	0.03772097761050189	0.09460840163075544	0.5893227344529383	0.15361227353473564	478.4976352949321
-1872.4194355954883	1.339667086105703	0.014480667632770042	0.026075451810036124	0.12635804761607689	0.15399188681195458	548.2371736735455
-1695.6660344785205	1.7068603833197848	0.027387976472249276	0.2994192694669513	1.7456412338262066	0.1549689623705905	445.57873380714824
-1927.3889157838255	0.8262841305215128	0.007032336285285603	0.011981077439694695	0.036570949015299906	0.17136131508945857	596.9671198995417
-1888.416831014842	0.9002984202754771	0.015012879666556872	0.02795938933399715	0.23317153926287856	0.16242083471487764	590.4753568576128
-1831.9297170510574	1.3746192485386073	0.02539979473062398	0.050375031111596975	0.2929251999110111	0.1412259538465764	525.5715848312507
-1881.8244299512132	1.1443306621295797	0.014923558054883846	0.02662100481349944	0.10350686952536484	0.13898091694322265	563.2752994672502
-1983.5891872950588	0.480447741084253	0.002261529638215176	0.0038108006028038585	0.11494589556146535	0.10725563084894672	613.6779904082815
-1820.1385039255317	1.5058050940111067	0.04044202193928199	0.08685573258586551	0.31446888389918987	0.157875510911557	490.2912976152317
-1871.1361634538061	1.2849108492191144	0.01761757139936064	0.032401425558194204	0.11899012956998573	0.14177664449522476	546.7278500435084
-1859.9549659025988	1.3573809443917593	0.02551702216523202	0.04857102675172608	0.14984754598651515	0.1556093959597922	527.8197024808287
-1887.4161934387123	0.896797706338288	0.016418865470538863	0.029477180133487726	0.23296410090949224	0.14408964039858405	590.4602142705285
-1992.6144467278514	0.42864732625328833	0.0017785853150087357	0.0029668636383815565	0.049603554871939404	0.10772904648166563	613.629215568827
-2016.1260212738428	0.2484617244027329	0.001	0.0015852417885593765	0.062158975534530855	0.1278179013148128	620.7601191517044
-1790.4490237169628	1.5386027241925566	0.044938441746743524	0.1367457402673247	0.49514888287969844	0.1696574435783075	469.8396490215161
-1933.7747755124863	0.7112309911258167	0.005247927237025953	0.008963503644347214	0.11041042106167101	0.1485530739524901	605.5285606523372
-1860.0223027325858	1.1435926644923655	0.014140716264704206	0.02512386651805913	0.2899731820725249	0.1421527304160297	564.5594657337115
-2260.0067112181764	0.7579414482735373	0.011431916389035362	0.020017943945444608	0.10041790627926454	0.395508871825005	608.9943739664711
-1844.2872221182972	1.4528539512921215	0.03072364535650761	0.06041142046761027	0.20846742692955705	0.1561455407424137	510.68082034131305
-2414.0294847930404	1.2206678725911144	0.020516289441659008	0.04061748304726125	0.3492540175999184	0.48590572265132304	547.7092054464957
-2113.905412262287	0.3495437571080649	0.002205372132720144	0.0035705123484112717	0.1602119184588452	0.28229416651427913	628.9534460687363
-1811.150612483306	1.7736667594817284	0.05029165421534568	0.1310040177048436	0.36825571176463795	0.15728270521652585	445.1132087508933
-1856.902986579053	1.3128506771005792	0.023480270944285137	0.04203921483880591	0.18782753396442117	0.13613374185600768	536.3802548946225
-2017.1501531058732	0.2539833453317096	0.001	0.0016384720286662558	0.5856082780389444	0.18234006183085724	620.8991415470704
-1948.626539130255	0.6422913040659304	0.004062884830673038	0.0068426555321501	0.022613333362458087	0.14743837971705437	608.4535953252746
-1895.7953767576878	0.9885501357882197	0.015946655067279315	0.028486580785545813	0.090793442822383	0.15132499214900721	578.5655655428978
-1818.863089279761	1.3517885843432151	0.03952362751839692	0.08810707289617493	0.34081483801137935	0.16097442133833212	507.5098092161387
-1891.6856275735945	1.2051993446463245	0.013736154092481878	0.024229392060640367	0.03569342822974653	0.1603711121146178	559.7428310744561
-1851.390224499633	1.3983169660152484	0.024920615898471162	0.04885244818453792	0.18429910016825873	0.1506402046313437	524.1548767708325
-1726.777604468568	2.307963324652164	0.05258233733067033	1.0203989827230124	0.8105281395899352	0.16305771381154233	318.85937331053736
-1797.7165587249815	1.476256075171734	0.03484362898636914	0.0821035650551147	0.44217578563784515	0.15009482001472912	497.67906254632027
-1825.8917207892848	1.3551531564263157	0.025482046558699675	0.05462410086814115	0.39147497129377545	0.11359249084616048	525.5803798380323
-1704.4978529381297	1.6271708484814735	0.027194727794372604	0.16997767384155607	1.679677423545036	0.14571933167336468	468.4649563792655
-1826.5311973818884	1.3268550544717221	0.03468916517140975	0.10574512276854542	0.9282746653380055	0.25855825924802067	510.27026259777887
-1863.6082968527317	1.115313896847514	0.015962867545850606	0.029809155188876876	0.23158078773880578	0.155855979293415	564.565660290508
-1778.6443111784538	1.3439727804515547	0.02961735971455295	0.07461185438393098	0.6642007103312131	0.16583532606938298	517.8849871377
-1851.0704523060954	1.4504058836738014	0.028822256826190207	0.05957827902220589	0.18700572102505367	0.1331527870726693	512.0177239849614
-1862.5512293030106	1.3354813900634108	0.030997012395990266	0.059746572906107784	0.14233679106403543	0.1533913787091492	522.5402382926883
-1877.2813154744526	1.320519461435316	0.023559311548833145	0.04137822091190171	0.08122974782503234	0.14378736806474307	535.8128656011961
-1857.637260724442	1.4721132977876001	0.027021958857026265	0.051284155906716464	0.15117458372066614	0.1441309075569187	515.2963032330894
-1949.0807400766948	0.6707060878287966	0.004062114278731717	0.006866940931966605	0.03077495944905901	0.12246206863283685	605.889224591703
-1832.6951124774866	1.4764078876134392	0.030332837356977883	0.06278298293521008	0.2584338048769684	0.14782978420524356	507.5179559238408
-1828.4921615731957	1.2683905588966855	0.027791022898458265	0.058547026113671165	0.3235848294598956	0.1604012884907051	532.1998855520188
-1821.9542386690366	1.5565435245063262	0.038544644616776765	0.08496552633089294	0.2984704073015918	0.15077478297209415	486.61790395155845
-1902.9011280311292	0.912195882880593	0.008888336416461851	0.01570835987553329	0.1934195889631833	0.12062380768602017	589.7354270511045
-1958.7315681586033	0.5746828421221095	0.0034203397224338303	0.005819006587419074	0.10824383791484357	0.1658421264030129	612.4867912009935
-1769.613777424252	1.8259869141148675	0.03590974372668831	0.09111481896033312	0.8158521961398402	0.13324371800389676	463.08815250186666
-1837.5959774167277	1.537060246093022	0.017629052342558345	0.03375733955487607	0.3347178542727172	0.14115620151944783	527.3021243610665
-1817.4977351351718	1.2612834180081922	0.02955432986933642	0.06714119038865364	0.3777844822529885	0.14961730472746873	529.4795264456219
-1720.5715269454718	1.3674212933325827	0.02989405766272897	0.1282117516137669	1.3258198015363858	0.13974968798357923	504.66889806295603
-1764.0358761460993	1.5717132204551385	0.03572923509395349	0.10064685366827847	0.7023627689909877	0.1449984944464779	481.4761824132233
-1893.3980558943692	0.9727169301240581	0.011073536187114937	0.019662299747017165	0.15903792732761063	0.12872823729239027	583.1494590342506
-1874.3358369873933	1.0706844278883412	0.017026375273464515	0.031638092450497896	0.19524612063529873	0.12520852382221065	568.2356006262481
-1822.5114875360105	1.2043965182514182	0.021794965001937266	0.04662826363445717	0.4343473794686211	0.16418290672895847	546.7417535418248
-1922.9550131130038	0.8147612993727167	0.010739992834758948	0.01844953617340875	0.0492831484644639	0.14509978755656652	600.4598473330202
-1818.6921982614715	1.154968275359091	0.01764401264647997	0.03808603615820462	0.5453755333585503	0.14508213964283956	557.3587370283145
-1951.4306579176614	0.61371266657881	0.004375402455415159	0.007404274106762166	0.06903948915278055	0.15364228605469488	612.7154798862031
-1890.5932810228614	1.2285430442705385	0.013502060405474426	0.023346059538485415	0.031375215564292645	0.1534286061894159	558.5682179952448
-1869.2276570101546	1.4611175171216177	0.012992772554855004	0.02440642683957045	0.15989117060356414	0.14158567548478437	542.6704040252977
-1888.7002179022252	1.2482219023339407	0.014330486484390515	0.02487964412157341	0.03816240406429801	0.13828545093066988	555.7266235801264
-1813.4023164222167	1.4430414145448924	0.022164176040313868	0.046098776098923065	0.46697251254203026	0.12831625134687213	523.5321133136781
-2377.1598303838805	0.5506441915134015	0.003446133448001356	0.005781862338015096	0.07096894013618014	0.42854547200969	614.8693435310678
-1761.4190522756414	1.4925359357485735	0.04547622592992108	0.16013716269621386	0.6881412274629136	0.15237069976096562	470.9182389051161
-1815.4234874774843	1.8673101954104543	0.052778948581740384	0.174226521473957	0.4120915602583577	0.1797338276433142	423.2778822716584
-1785.5086892892664	1.7401115173372672	0.04884613479568339	0.13612727475715722	0.5155161720754723	0.1556644678835626	447.71502765611035
-1847.212245270492	1.8839465634089176	0.06781658976578521	0.26120615599315244	0.44625386474015705	0.23393556810712107	399.66602647504925
-1896.1166023914186	1.2729479546210198	0.018187716106525264	0.03108695724521856	0.016019988547354657	0.17094364926209704	548.122257610564
-1760.2126317198115	1.394911605114129	0.037034970832427024	0.09861308786099332	0.8030468159621177	0.13380725586724665	501.78687973093133
-1825.1184051546772	1.5808346645888294	0.028623413715278906	0.060572509466009	0.30689430412455593	0.14614315631000185	500.2565301867428
-1775.3802951169275	1.4696689555491511	0.04465467159542542	0.1309649670052134	0.5809678094924466	0.14599332746640334	480.06688051035246
-1811.3388125933243	1.57815131215657	0.04138744524636582	0.09765128346949342	0.36188575252442956	0.16702053456031776	478.5811673980626
-1837.023435364182	1.3561948146439102	0.029665839122567657	0.061273427838848885	0.2621757255455093	0.16731229965893693	520.4848690499347
-2465.608924326608	1.4247204661349404	0.024941186504508564	0.044740245759737236	0.050053120281477986	0.4866957184405969	524.0054441597549
-1894.1204159719794	0.7917898911393139	0.011378261497994768	0.021164463850784035	0.3829443269124013	0.13252940259454038	605.2216813717862
-1700.3934401458619	1.3592370188226466	0.0335966263092277	0.23830806268648497	1.4797912975061627	0.14893527577813379	493.05590292161196
-1782.5843489536028	1.5875441431626718	0.0385415307959879	0.10279184841720894	0.583130238862639	0.12207410853547819	477.57147385878466
-1710.1279337027881	1.3753136416484129	0.03010262630659861	0.2849092141635336	1.245888832162964	0.1296757448383615	485.72496970014214
-1816.1505800572786	1.3032384345963426	0.025296225211263866	0.05298509942951782	0.4235551344028471	0.16648251099359918	531.8390540525181
-1836.5958825847129	1.4762380101942516	0.021934646792878782	0.04258736329848615	0.28199163371973035	0.15006931973118492	522.8447063664892
-1842.6127197103592	1.249921589473511	0.03470665008131542	0.07309599368089877	0.2458061709249425	0.14561469978576336	526.5498327624807
-1754.4022120905115	1.5966006972690903	0.03041337778618065	0.0804003207708296	0.9158403823739995	0.14281559852801315	489.92186013170107
-1851.9929299318337	1.477338510896092	0.03733806263302821	0.07604954169338499	0.17428039579377244	0.14955832560555996	498.3877700166538
-1833.4400506164477	1.5107047978023689	0.027956669075977353	0.05732751627203898	0.26306674606678776	0.15405752091696098	508.2763628160693
-1866.958094775664	0.945532155658579	0.021747274243406414	0.04345140103896241	0.3037666141416815	0.14826694654264153	581.6633501702341
-1824.0750263818275	1.4187607946815992	0.02197569020647867	0.04449026821377722	0.363084064127306	0.14882146359790305	526.4560663213643
-2498.51010495826	1.2210792003941409	0.014655667923210275	0.02518002958808703	0.013490298008559408	0.4937147883515956	557.4742030767239
-1984.8625474406576	0.46731033879445366	0.0029963169879979505	0.005028702670794258	0.11177373983785875	0.18138771041487906	621.6658789969965
-1836.266262864137	1.202241000375267	0.0497060753346734	0.14397465043334196	0.43345159819849693	0.19573300370508773	513.3603691359091
-1815.4251353373777	1.220477675907134	0.04230524867813198	0.09881357684228988	0.4120814670963782	0.14656403469517926	521.4922923240796
-1863.3689762663344	1.3086925113981054	0.01717117208920043	0.03144954273587052	0.16411229724874427	0.15055741856443386	545.6104932590517
-1802.3503049681992	1.2083011360026343	0.027740945497486753	0.06142145638727771	0.5283663365289771	0.1405007451735826	539.0520291983996
-1743.0919053140935	1.3890856087292407	0.03377254107821911	0.10329098492969153	1.0122832023754862	0.1334517884322142	503.5539165309252
-2018.4248041546746	0.2943238669683422	0.0011758059601697398	0.001952031239692132	0.06618051704851516	0.1048520663801616	619.5753440516555
-1696.8739176043389	1.734546848805127	0.029864325965863556	0.3542452299426875	1.556653761748254	0.15650868869000578	433.8487485110004
-1819.4201655931497	1.6364531943650673	0.03912559333306911	0.08924984608037341	0.31567284475091995	0.14171202684133394	477.0698738264534
-1966.1434238178401	0.898901084309588	0.010638666932871372	0.018699599338846382	0.12257746207307867	0.2451690416235508	590.8579305366464
-1883.7476750866804	1.3434835826175333	0.01683199148534498	0.029602016073285883	0.04674363481350589	0.1424389857275075	544.1520774398709
-1976.200727621645	0.4546835974219514	0.002347470345092651	0.003928982674015824	0.08251817901728772	0.15025757076234209	617.1173690902674
-1862.7545596936645	1.3663369765533202	0.030039261960858408	0.058636886735578535	0.13708499241403466	0.15297817713788722	520.1669032455533
-1863.8415111426996	1.3749957583975871	0.024744272700234656	0.046815305035040444	0.13308242278164828	0.1577453768896157	527.3999818081058
-1792.6631170234114	1.2851747172762313	0.02421799026588551	0.05661119381728852	0.6177038117355884	0.13216496114834336	533.2913281210988
-1818.2156879081335	1.3466159854318793	0.0401280378336301	0.10264180425783503	0.35335329950851274	0.1610236888223665	503.73313420085134
-1838.318433030309	1.1887464556923197	0.030001309989048434	0.06296796174661347	0.29102077413655003	0.15743078363273164	539.5444759055919
-1914.4915055195531	0.8584517799607129	0.012823019673278964	0.021215240219140858	0.08243106106253235	0.150381234013024	595.1495481765003
-1805.1007284940647	1.166029539563275	0.021817730480969483	0.05020016135437644	0.5826232868892067	0.15190224003198297	550.4529163627242
-2024.747513683746	0.5323499827059439	0.0023096595173071853	0.0039292689227018755	0.04375596195545348	0.24179628577664244	609.3797806971608
-1966.1642695469598	0.5101348243374831	0.004775292983585602	0.008417590942514016	0.29185298908134727	0.13849360726738205	629.802930742316
-1977.176938300214	0.44680042035796746	0.0022929012205227255	0.003853901612169251	0.09223314064417096	0.146380467180597	617.5859194185881
-2448.7178323760118	0.5216963595349485	0.0010219453917292632	0.0017136115541156844	0.46815124802215047	0.45056436708590536	598.9212775279776
-1911.1809695157483	0.9274241144088415	0.014840971186643506	0.026263774070975323	0.04146700316879891	0.1482169755362135	586.5237392317778
-1719.6605224574057	2.1620618223464176	0.044649352176731036	0.9373133005080412	0.9257950450002134	0.16824212023773172	340.45306267110016
-1801.3103340645646	1.5656391695453944	0.036690400622807526	0.08807062691449935	0.4122031176400717	0.14749347175683225	485.442307057194
-1884.7945713561755	1.130829558334887	0.013569639816649236	0.024219474291977884	0.10228783237538745	0.13367527591217934	566.11678795139
-1881.7784903241577	1.351765349962076	0.018827144855305237	0.033468524945392056	0.0549021647768507	0.1522939159606052	539.9347933293354
-1875.4721458609934	1.052118369536746	0.020819056289077355	0.0393863039800076	0.16638573519517674	0.14975317730770868	567.0142263923117
-1827.5790896210403	1.1434575519421757	0.03230879647473209	0.07160630830463012	0.405483549387349	0.12318811028292137	542.9992435815257
-1706.1650486748663	1.6050907022996275	0.034561335831349155	0.21903397990155002	1.4848255568767075	0.15913485504970268	458.6583286869736
-1948.5975260074838	0.567367195197732	0.004424549894681641	0.007689684638620792	0.3456265639036354	0.15509878241092617	619.1760982147644
-1896.029027529902	0.9952031574967334	0.012283993096939557	0.02187815582964001	0.19375671180757506	0.10879925869319286	580.2323177922948
-1716.3524502587347	1.3034871407037962	0.03365814631178085	0.2048829872527744	1.2542414559185695	0.14747332105941494	502.47983427962225
-1908.1312707076145	0.8943173830203975	0.012629811106843788	0.02277379754252229	0.08568273161433378	0.15312497772548492	591.3021540123495
-1870.2032339669345	1.16334290745116	0.02473191393019252	0.045057440966677895	0.1898281457554675	0.18126995613993968	550.1802496601424
-1708.596143857323	1.6125958462735484	0.03756875416555961	0.32193645114305547	1.1321983409796448	0.1475331125918396	441.10521770904404
-1730.1253404452316	1.5917381519546392	0.027502348674071257	0.09624133728942552	1.292498410565553	0.1434981970390819	487.0446864892525
-1867.4971369039858	1.5605739222453883	0.020454806105188877	0.03751033845439738	0.12292228771830352	0.13706318048567595	520.9524511239736
-1868.8508204957996	1.7003594600057002	0.023021322700166456	0.042792712825483546	0.11965657623003526	0.15071001326305072	506.195677276219
-1902.9902525830623	0.9609265024291422	0.010275084861943918	0.017808107804129888	0.06893563240801164	0.14624020285965272	584.5718301583885
-1732.4496985426135	1.5167956647301983	0.040925300177003895	0.20109713083219144	0.9510152354965418	0.15079636568449176	464.2977656087072
-1743.4086682896293	1.955979803771168	0.04213492033496403	0.22580052327024716	0.9606662015877423	0.15453061944447083	411.38599261505334
-1848.7525765101536	1.1264514598545101	0.0176248327865168	0.033162223989071565	0.3252949972062122	0.15638071844358414	561.6615772754169
-1938.2506289658065	3.2500748141799773	0.05332881507849336	0.15706995884891445	0.5341275381969818	0.21998134004292505	350.0503655225707
-1872.5360639878681	1.3922451942252707	0.01966117223470396	0.035641155535470884	0.09502951986971227	0.15086549127661475	534.937190734936
-1821.1956911018297	1.5603995388884342	0.02682811627447937	0.05892572305614682	0.36028565776701427	0.1702285926777431	503.7471935157676
-1900.3594367730657	1.3394380648764097	0.02690638369941665	0.04730770169756966	0.008298324020898477	0.14281317982162237	529.3689245526826
-1997.0836388972164	0.3104913322463521	0.0010042849262974593	0.0016664674208611801	0.1874364363228755	0.14639115009928264	613.6164880108373
-1741.7119344676444	1.8524685002882748	0.039528332152557584	0.19009545243790452	0.9575407568712548	0.14633039553394506	429.019431782698
-1940.212586673456	0.6472965798851936	0.0062282169174502425	0.01066116021079422	0.18023362018868472	0.15228535143835437	615.3436080917807
-1792.6549541004592	1.533141340461738	0.032842193671931884	0.07740540154154664	0.5080376907515904	0.1671279848710777	494.8986628280493
-1841.1025024048552	1.6097925136731308	0.026503149460468278	0.052544508907350865	0.23658303278751783	0.1406831774526721	503.718752200627
-1811.7676039758935	1.595196498491381	0.03400149496567864	0.07367426121811023	0.3665944622299054	0.14945676335636038	490.0711834371575
-1853.147807519505	1.24758086247302	0.024216171255515558	0.046180401899524895	0.2023253195195656	0.14276960318221174	540.6429560313994
-1853.8320546090617	1.6101376334649196	0.029793383131058313	0.05847498035546214	0.16813226020900127	0.1501158503995582	498.40740283952215
-1771.8301284156294	1.4351272689838557	0.029725484199314953	0.07168835823488515	0.7368814727805479	0.16539134539131103	509.1098254264086
-1821.9596109155214	1.6203608965427665	0.02977786128192567	0.06408989482652022	0.33449658508802366	0.13302864880100254	494.5586887150085
-1894.645527343666	1.0101465036210238	0.018602965244005218	0.03356816081184533	0.08826693776241258	0.14497038953220223	574.1499387787462
-1728.939325212325	1.770216247279011	0.050709677532557645	0.6688739056808055	0.774597753172512	0.16195651968850874	386.08308061436685
-1874.3319561672315	1.2680883416489022	0.015825030857889784	0.028480866348859723	0.11400488714329572	0.15474061136644954	551.3051096803661
-1832.3032309492683	1.6768708833208548	0.06039956800056754	0.14908310166031544	0.2812084006266778	0.16057312904865823	445.53853558978176
-1796.5842215239793	1.5461786433411981	0.04522011796370098	0.12240849908389645	0.43221683665124877	0.14606284309455483	472.581110975394
-1988.7647535627157	0.4572008006653412	0.001	0.0016849813845798188	0.07055976883834232	0.17934682472679617	601.9721572274086
-1930.9912599867976	0.7426285246631645	0.00998996817412254	0.017343627786470993	0.09469861886423978	0.1552648158052214	609.6669528991534
-1855.8334721024917	1.073485338529214	0.03089096818901226	0.06639894528456763	0.2735574272818885	0.1335979090044455	554.8703699627426
-1998.4223403726676	0.5048789444104947	0.0014011171087972589	0.0023398254484628916	0.08695883448445538	0.20785387789607923	603.3939024121491
-1786.1364015210875	1.346130587625525	0.026073895006803356	0.05995128488184841	0.6437640120442808	0.13260416179132492	524.5655182468014
-1831.8600844443285	1.7663528204769348	0.048158248640325016	0.10723595764802295	0.28146975402922686	0.16768423758104425	454.87578528441725
-2086.3769910191836	0.25140874247729195	0.001	0.0016540969630228395	0.1585872235481411	0.06335979620031981	621.5684499377978
-1827.6851699578642	1.2772596855212694	0.025286232308218075	0.04985730927609037	0.34157670196980944	0.14881193627520078	535.7496443753322
-1744.1992843916223	1.6586221395463323	0.038332878335277695	0.1253278462013023	0.9263700430212094	0.15053494759832722	464.73348060539666
-1763.8610223641817	1.7803487713432375	0.043388498898731594	0.12864239416583043	0.7500461690910057	0.16481768060143068	449.31390360908523
-1799.484163566854	1.5074048214878952	0.030544934472756656	0.07035641618354738	0.4506639867055345	0.14768802861610814	501.2954362983198
-2106.2091416587964	1.9046241435318851	0.05226676535842167	0.09761965287727283	0.03727619653429452	0.3268749267158754	446.2770409956191
-1801.1649993946432	1.4696591332626228	0.040934744358105485	0.105055929621531	0.41574147900321967	0.1603204404687477	487.95899920188356
-1750.982501758798	1.3906543434430807	0.040135192590326954	0.14455145879271428	0.8198391166858829	0.1477861486271302	490.4850371709794
-1789.4654768528758	1.441762880762375	0.03897108783796188	0.09576329887509925	0.4960381997477692	0.14040273594522173	495.1654767968898
-1852.7673798312555	1.3948161714350231	0.02182688541837935	0.04131249608204631	0.1931397456845652	0.15749706042270248	530.2134319589424
-1874.6902738896993	1.1833180330477346	0.01879098531220169	0.03426662382166411	0.11854284814344211	0.1420755962026916	554.574150863309
-1945.2444301405214	0.6461178211354642	0.004639721581572565	0.007866411522589985	0.11722846816745638	0.1609224518929573	610.2862451905916
-1680.3171521107442	1.2353570004153842	0.025175094982494876	0.715944214416395	1.6504547308011777	0.14599469988029395	526.3565733998133
-1844.9156854993716	1.2218567781986307	0.026907960431266933	0.054366817327616015	0.24612478564912693	0.15528698951379294	539.3320118633195
-1787.252243136667	1.6673087034132745	0.029515021112653847	0.06786491387600509	0.5898539574277608	0.15334301541392314	489.36119039483236
-1963.1198881703358	0.5444721240529579	0.0026969551428908016	0.004510320871765494	0.0204056200492415	0.14240545913601338	610.691772095609
-1959.1880818670313	0.5992606841240367	0.005013378816735134	0.008551539162756501	0.10308419137822641	0.17493046987455177	617.2059896175757
-1822.5598267144405	1.4252179044105322	0.03382875012370913	0.07217044058676321	0.31638446419407545	0.16380296483926263	507.08299047429324
-1810.9799920378462	1.56005826825426	0.03432122832346269	0.07833253181804688	0.36757161245320086	0.13831540459410005	490.93081730152846
-1883.2986396158863	1.277908295355724	0.014607336465780815	0.025777269300448366	0.06111614652042006	0.14774116250190436	552.7901187724816
-1920.930430099365	0.9646106168986881	0.019706148812679063	0.039757196430870057	0.3129347171367195	0.2411775962144352	579.812455943664
-1933.472376621153	0.7070142564360852	0.007986908584417009	0.013366573104574784	0.12195131603636533	0.14284307898914714	611.0538199135905
-2437.360011950828	0.3639266558669047	0.0012981302166359128	0.0021476976019808177	0.07510217648660868	0.4401105774478604	613.3421345911487
-2339.198869038327	0.6469747947735414	0.0049573822580920536	0.007880081389962231	0.04925166728963849	0.41894010173999635	609.962754839871
-1744.8839826782296	1.3494718713483036	0.03643919828459737	0.12945785864984716	0.9218675909067153	0.14607408649930487	501.36459141018776
-1865.4634415311527	1.2188464941249049	0.015617144254563868	0.0301047630990792	0.1797642703846223	0.14501185179744244	554.7341490567575
-1777.5909916186904	1.5716984976830435	0.04873315766209992	0.15401326414888394	0.555116451693049	0.15300047897222094	460.72356292236555
-1812.233568138894	1.1722190129320111	0.030267993895244007	0.06999940333245623	0.466377549636964	0.13287440710166856	540.3281947650465
-1800.7978150247652	1.1690805461626523	0.032445559972748235	0.07858270460418867	0.5340932825688598	0.14457976727602997	538.0894249813219
-1816.235578449479	1.7099913480302817	0.06713186875580093	0.16445358127449317	0.3821791677592892	0.1448913836402212	436.63552010279886
-1803.8520227138827	1.374894395395903	0.02972027589224036	0.06655005746006713	0.44978148628013126	0.1627525435633868	516.73193649963
-1772.5586394562747	1.7948266009022902	0.050962003993796634	0.18791140926393846	0.6481284480782452	0.12732420436169162	428.92878321509386
-1687.2013686385637	1.5396227392210935	0.034792522230255356	0.921758398620167	1.2733992993861794	0.1438339197922694	438.0950491115489
-1912.9289925319772	0.8226193269911919	0.010556346484770069	0.018673739950693335	0.13624814178507733	0.13447390204832677	599.7956517916392
-1873.968705355576	1.4006699049103521	0.016901391088134078	0.030283252579764035	0.09658502183393493	0.15382069528859538	539.4947396718275
-1875.1025483780174	1.5331635525581635	0.019493012164551324	0.03542282669198149	0.08191623514967186	0.14765080527003585	524.9239120204259
-1955.580905019959	0.5826982041525397	0.0034924836828721774	0.005895690369195068	0.07383378982991559	0.14151038223743304	611.8748724342709
-1777.3075303053033	1.8602081785957552	0.04708187350975591	0.13847887618555182	0.6122308413215483	0.15054755326043684	437.1325100242333
-2311.9912462925276	2.039091558951621	0.043144190437947635	0.10009669127842198	0.25477529940827065	0.4471726773630563	438.7184948434078
-1895.8807045215267	1.2214244963310428	0.012217508742601024	0.020926662509876005	0.001118885117308872	0.15057575941761958	561.2106395633815
-1860.0733560862227	1.414946922336785	0.020838961455471212	0.039702852454656455	0.1595353413687705	0.13434687536820686	529.9454579613523
-1869.1646098677256	1.5138079701774134	0.016912490387197537	0.030468195304549507	0.139972052534439	0.16627904902777269	531.8204226644692
-1726.673868762397	1.8911629113513881	0.037441270010925724	0.33546652878737965	1.04322362845132	0.16729120334497138	405.23912173459985
-1782.384756223439	1.2726809793938418	0.026830512561556347	0.0657173046779631	0.6673704203080357	0.14076554754457848	530.5455115359917
-1886.6408737791437	1.0949260204930245	0.009324368640363196	0.01641160758077049	0.15980454479947723	0.14535809787783607	574.2690978137172
-1770.780635935175	1.4776766945987185	0.032924861610127774	0.08721714792354862	0.6930381083156716	0.1283654642877853	497.1990102230934
-1750.387653413392	2.2039418297836773	0.05838038961759172	0.6602013067638375	0.6786546984980216	0.1583641864042367	337.18459767458376
-2489.404078817073	1.2251264232179144	0.013061760802853836	0.022667442311705484	0.07672859513664791	0.4936237724956986	559.506486254234
-1866.65347818455	1.2075387500305215	0.01924089321529793	0.03648251125901234	0.15259528275467663	0.14746916975918697	551.0625096980864
-1748.0696597298215	1.6283940862031698	0.04049188739597727	0.14501607870532865	0.8276349772784152	0.15137836854048203	461.12804901451216
-1697.3743364300494	1.4386933077612103	0.024137795569344096	0.20556277883899665	1.6349096863296815	0.14613552390352227	490.32420655533065
-1807.0252208881777	1.5811536206920136	0.03999502447105593	0.09520542785097984	0.3742607898269861	0.14505280009516736	479.75266039448746
-1921.196906241493	0.860586472054001	0.008848610009575361	0.015041303130269598	0.001	0.14858038326490708	594.4218543417554
-1876.6182401989938	0.9905515717399411	0.012472990573880632	0.022744982082105014	0.2734722697201313	0.16366017037833397	580.6543629436575
-1825.6516087770872	1.7173535335950387	0.03785868897342587	0.0838782618752515	0.2937835290428037	0.1504767117637156	472.89047984464975
-1984.5957938577915	0.4131006765035915	0.001820213120165901	0.003035043958923261	0.02488571243469045	0.15854425036627226	615.7889918391345
-1867.3088510552095	1.4353923217555316	0.017083941240798012	0.031198779735988804	0.13291673852693792	0.15444246620682658	536.2815064475941
-1847.3315084866517	1.1906915046862772	0.032460494361488644	0.07117079026421624	0.24838519127889017	0.15507352811797015	535.9169031424864
-1750.7843532585784	1.692724966313852	0.04468646633919329	0.1631505077325904	0.8218157020557542	0.133722586341175	448.29620806586706
-1911.8325512522717	0.9136920606119324	0.016894317877560187	0.03004229876194093	0.07243622635920947	0.16430231578310142	587.7272872694205
-1819.4726277089053	1.4852792975709557	0.03423292368963766	0.07582184526215163	0.32756357167124445	0.13290588420282204	499.24295287988787
-1884.1013980368414	1.0718195829699493	0.01531340623423159	0.02734575920045888	0.13584535751499494	0.1671318488383715	569.8995057892513
-2105.8745502489423	0.6155979823710843	0.004362789582364684	0.007427309855162406	0.10575092578382053	0.3094841037913954	612.5991415419164
-1773.5738547221865	1.3500026867807435	0.03684756161617802	0.10485598241365861	0.6440424569127049	0.1592446933660631	505.1853484994435
-1761.347077575892	1.812330558618266	0.03169186193175721	0.0871193824543819	0.8896152997978227	0.15470302676379297	467.85936141419506
-1735.0644700883956	1.646329149452597	0.04021241308571572	0.18388027374738108	0.9477190801376504	0.14751527747734397	451.53972943589207
-1862.8970595828891	1.198231223416026	0.018604288949474967	0.033957333790505986	0.18325052512449747	0.14922901100387803	553.4238942419231
-1761.4602899585518	1.5798554358546346	0.04368632599394377	0.13797508198024855	0.6865010339408053	0.14804021224182431	466.29850625978014
-1987.6032970393503	0.5266249034147839	0.00708059009115991	0.012231687935740388	0.11427207840186457	0.11828257182144926	637.9308530491628
-1768.8704946296177	1.2512686655992182	0.03598663612746572	0.11754252722688374	0.7806937340396223	0.12593588998563227	517.4784628714212
-1821.1449700514668	1.7650611940157788	0.04903219453678973	0.11660917924644372	0.3330388071457771	0.17122225134186841	451.23152653252265
-1918.7714872215968	0.8376521439618514	0.00877898133244018	0.015097976873060337	0.06279389637055666	0.13454230099841652	596.924067017202
-1858.0619979151438	1.0120906028297083	0.02198496702025411	0.0439563304559282	0.2945271539874962	0.14692220425267385	571.4744089793868
-1976.995838925994	0.5646412937251396	0.007324410415520505	0.012596882429967655	0.07536338131132571	0.17169132062371942	631.6107133417677
-1944.33087267314	0.6319823675483517	0.006196049890230269	0.010765056349683567	0.16320443584562136	0.1507916588347875	617.6031057467536
-1978.973976064005	0.44561969354438224	0.0015766508946996945	0.0026073619581104862	0.059024725834595615	0.13085254844745395	609.454571778167
-1915.5194324767688	0.8561472729780641	0.009612755398204954	0.016356740874278897	0.06201090747885499	0.1506124785811591	595.1355407192627
-1836.3750437244162	1.4740019015259418	0.022197046652834212	0.04318038412173547	0.28085300096538485	0.14513405405465016	522.5033316140507
-1822.6453286712274	1.3091328134352318	0.02049135813909648	0.039658604609581656	0.4284285416704201	0.14603261432210207	539.7073278631157
-1955.7897268519857	0.6114836749467819	0.005181468198388206	0.008786850457393766	0.018877006035038293	0.15457848321612777	616.154375180859
-1779.9627272248076	1.3495160284467775	0.035589187902287274	0.08597157748889232	0.6079449892892062	0.1438868843417168	510.8898633711192
-1790.6509516592964	1.6088444101666315	0.04600348781975589	0.11344717923945422	0.47836206363933015	0.15622515036126042	468.7043443615948
-1826.247286072288	1.4204506430029982	0.02264896987890881	0.046965083969028806	0.3367667629260534	0.14519023949361834	524.4899549430537
-1688.248058696551	1.5370310807929317	0.03151555790033832	0.4229685882859121	1.3982430823397807	0.14442887432526402	454.02134972559776
-1873.3853903935199	1.5065722849574679	0.01962937580225518	0.035555141579417665	0.08937362274285397	0.14464833035254243	526.5803375645842
-1977.4608346648574	0.5209888350680087	0.0030888522655444202	0.00519394648328606	0.06677157323243527	0.10932010898647504	615.9143980945179
-1934.6735654279685	0.747035094409954	0.006838126794027203	0.011660318327929966	0.025447743123724956	0.13315364450777645	604.723293368664
-1876.191580279959	1.1209238753544544	0.01972569962195596	0.0357367043156645	0.13048486872114087	0.14536450090956568	560.1601057417392
-1752.8083378301806	1.849859535363876	0.04366219122084418	0.1716852898087918	0.829966207703087	0.15278739399920105	431.0929979716428
-1918.0099971062273	0.8897719625741123	0.009013916518270779	0.015339409270916298	0.0014304493310587502	0.14246394207040522	591.5524623564195
-1883.3118407171207	1.228240615590151	0.013858275553433268	0.023954618357516062	0.07644765026703065	0.14915889579662714	558.0957354709096
-1828.3857193406593	1.1413140938305115	0.025266659903263412	0.05890566543702204	0.3894719409809532	0.1517054224000774	549.3316941649645
-1697.2959764523227	1.3917409169553232	0.030483436386963457	0.26495785333713423	1.4187946288057511	0.14595807234991187	486.6920747986084
-1923.1808105709647	1.5092197921503874	0.06876903298242058	0.21889025446394123	0.3450930091966071	0.27424547772340435	447.7901670408193
-1742.9432894843271	1.3041720902321892	0.03321848842453866	0.11956601875719394	1.0050049964676604	0.15808093352366365	511.68115056158035
-2332.196974005089	1.4088707164686873	0.012346540681916958	0.022063860110418828	0.19850426997875384	0.4468906173481702	548.3967041273941
-1735.8867089093935	1.5107172138569522	0.03747079998111995	0.138062574347545	0.9861823548800119	0.1494256632349704	478.4491736008037
-1837.4543470353126	1.3037022602982902	0.02743206056148395	0.055431838596510664	0.26201279604841604	0.15391549440186716	529.4952374761361
-1882.9895418871397	1.0855416484589808	0.017093913274940854	0.030886793834057007	0.12123657130723445	0.16244374615497453	566.6561164003402
-1818.4414132618715	1.4056388745940738	0.04023730709351696	0.08839107952557744	0.3307968550726456	0.15761463693172903	500.7368752345954
-1872.2316536869178	1.1543692176452205	0.02550844583428038	0.04815859606641136	0.1395101733129226	0.15278709461499226	549.851204830148
-1777.5532914092357	1.0574611909895337	0.024802355486986886	0.06515001594902345	0.9903482944247027	0.13116614415168223	562.6129840734055
-1870.5107671393184	1.2403751249000399	0.022778011923012785	0.04275333381678224	0.12046239114199353	0.14637734611623132	543.3483386574611
-1728.3614022545185	1.5048611829651788	0.03408899147085449	0.14146936164524604	1.127203466073368	0.13350469290108355	480.7627131478839
-2165.6718456025537	0.17310501432795822	0.001	0.0015493397774089398	0.15310055826752064	0.28487631533727836	636.7472487051842
-1952.5035379018655	0.7306798564708661	0.004404775042087195	0.007387733701507703	0.0036258223630360837	0.10641808947845041	601.5822046618518
-1875.3857722360822	1.290246938571434	0.05084560257753154	0.11808916740846172	0.1711647915022691	0.15621545046584137	502.86236549924985
-1901.7722491832549	0.920788025496717	0.009311145526223388	0.016556788708454378	0.2264955768285526	0.18129416803789103	588.9089016904684
-1754.4557191801377	1.5930693630298527	0.04334390038658303	0.1547154803233376	0.7457364056007343	0.1507048561204465	461.15557016167816
-1882.7804798638929	1.0989423142246064	0.019342861438283187	0.03543616270393614	0.12371781447373566	0.12636052908054907	562.8805702136366
-1848.8691290507231	1.344214691120313	0.0203485634889024	0.038753085713439106	0.2241881216729242	0.15084278025293557	536.801208996846
-1955.6548599029038	0.5911924679722241	0.0037170634350370733	0.006314201336609671	0.04847482629219154	0.13764473094329524	612.2567421400116
-1776.4360509753928	1.2213457005606363	0.03198155181239028	0.08416581936186959	0.708309900608396	0.14135617055628072	530.120069343642
-1813.5420947300522	1.4838071961124788	0.039013787883520425	0.08993566955314987	0.3415024637331318	0.15237010650409882	492.0075699970716
-1909.9787780918725	0.8856129780754838	0.011170166519594465	0.01924844745616808	0.09843012366123126	0.1280393634934723	592.1695381315895
-1845.4473429464886	1.2887054104689064	0.029825692254003052	0.060828901599901786	0.22500636146657946	0.137289665666387	527.9349882955502
-1852.5100666380288	1.3164849919988677	0.022626927729029696	0.045275068396618406	0.19547852703775312	0.14235431431552223	534.7418553332079
-2550.0650412274913	0.3563568837290584	0.0010705908572973804	0.001782849909884003	0.06541229552288831	0.4785242500264558	610.2596086050715
-1856.3051962052898	1.150523227646601	0.03108704895991408	0.06730724497794202	0.225050522061082	0.15544485549172732	543.015006861584
-1803.352822513118	1.3215851927371358	0.030452900217079283	0.07037241549350327	0.45433875645724936	0.13660414686673267	520.9775795897583
-1932.2028635345969	0.7264070896106	0.0048911984688681884	0.008339950698857247	0.1177636732754085	0.1489659597250602	603.2874406428165
-1912.5502120147848	0.9019668988493813	0.010103763504367822	0.017302597288233808	0.03910855229006865	0.15155787836146678	590.3700972104426
-1744.8884906379042	1.6042221614607501	0.03463545803021842	0.11064820846366091	0.9271709057233768	0.14745642452028696	476.22715528524367
-1730.5108293988305	1.5396523946211504	0.03625381407039999	0.23336271469402228	0.9798236305395726	0.13415945672494606	458.91754401051713
-1958.3928751815963	0.509394811338382	0.0033116340338504332	0.00572442799285416	0.43452672343022725	0.15844025320233068	619.6864015563191
-1847.441027601096	0.9904301170906772	0.020079300977078902	0.04300705250554041	0.40572273955442417	0.15694741741067525	575.8822985986773
-1734.2718214919582	1.835454634318345	0.03662926607251463	0.16372815684679973	1.1566308822290445	0.16034039316930068	439.2991899310561
-2093.2360196702684	0.6238084872830638	0.004712784000597809	0.008013400555129195	0.07374240025067746	0.30183853061544513	613.017108095421
-1916.6494441470384	0.8304698782901883	0.010934907546406436	0.01919845777273091	0.0994258306961353	0.13079527937735985	598.850268728438
-1850.853415428365	1.187581765441459	0.017038532002910584	0.03240826577247668	0.2770719528165009	0.1473864725955083	556.0002035154793
-1884.676130354041	0.9284299048822316	0.016494922326255126	0.030578145035686937	0.2182497421722459	0.13524178271135398	586.1630404504103
-1953.8656122003972	0.6259650091658197	0.0028087045967704113	0.004788401596584219	0.05278750873318019	0.13010449253650255	604.8077065082176
-1880.4203748084567	1.3662685108768082	0.012697438710008668	0.0222617114004458	0.08448153792432175	0.14729081411410117	550.4672154293638
-1784.2982011107995	1.5764206650484802	0.036845932674142184	0.09436228660317046	0.5682974357473485	0.12452348626766711	482.3720939109601
-1825.5415181843612	1.506681774024159	0.026570282885504885	0.05606978960476242	0.3614063142686225	0.11799745401625031	510.113185328159
-1811.5502580962577	1.469938647247317	0.030503765311474463	0.06761912794444717	0.37416179736383653	0.1439724000672039	506.0057353214638
-1859.1850354894832	1.1686537626818434	0.02952197496650768	0.05752125293831903	0.19556540306329034	0.14966504024310723	543.6730261305942
-1876.9351619763559	1.1609394029015803	0.015103260049051385	0.027552915967463253	0.12637689699652285	0.15279570840666543	561.3139502623494
-2110.937828519697	0.4038180296518185	0.0014750356509048422	0.002449959268602474	0.1450757662287035	0.2921441960361013	612.097046216886
