# /groups/rgutenk/lnt/software/anaconda3/envs/donni/bin/dadi-cli InferDM --fs input_fs/fs_074 --model split_mig --grids 178 196 214 --lbounds 1e-3 1e-3 1e-3 1e-3 0 --ubounds 1.1e2 1.1e2 3 12 0.5 --output inference/fs_074 --optimizations 100000 --cpus 10 --check-convergence --delta-ll .001
# Log(likelihood)	nu1	nu2	T	m	misid	theta
-46689.52798069407	0.2672710542896273	0.2970551438306625	0.002138151554632488	0.14087444076670314	0.23433028995045624	10553.816702257835
-24930.98051758489	2.0737858672589127	3.5008104944682636	0.035675195786399425	0.11939240493848405	0.25024236898544655	6915.044542251687
-20052.010936062892	6.9925173084189955	6.483510506329476	0.07171920367212087	0.17857810940300886	0.24880745887399788	4663.763503956795
-21317.239257042966	3.86661492666049	4.903313910648337	0.06704371780413089	0.3292254345767423	0.23783630151364185	5205.645093966197
-23306.63134066846	3.6684333104766247	2.7807366289871362	0.040734821703731175	0.07087065732491658	0.2635650236252206	6511.022901170534
-27513.11980047459	2.270030693424474	1.8316741130245884	0.026357058275699157	0.001	0.295284992062798	7695.185064359279
-12589.861357580165	17.35624541501188	6.538491245360414	0.36203082871896114	1.3328235433250353	0.25911815723936	1967.7122558253027
-24664.502454919217	2.413869041480784	2.8837260013540367	0.038162147841014446	0.14038047591902097	0.26314417912963234	6813.56634496134
-8458.660001851835	9.676840468027523	6.07221459012909	0.5852728361993488	2.4251424973396025	0.2442695703782397	1879.6093983251662
-25152.635344231334	2.125615130472245	4.030831844804719	0.03367475240487273	0.012373200981150455	0.3037516387032014	6929.4339803129515
-9531.860347875927	4.49656181945796	6.485992261431248	0.4019931701477736	5.566861351389629	0.2678448966257231	2559.6663358139576
-12852.557717869418	13.077660081982671	6.308178817872785	0.4425750541928926	1.0079792790080297	0.2609415525816422	1922.6551268348308
-20904.971748818843	4.342545739793905	7.243876409439715	0.06153018248648096	0.001	0.2534269389688396	5195.314343613183
-7638.595846485422	17.448349295906954	10.194612176715925	1.0031775473221842	1.5068062569156935	0.2612414710759918	1148.735178020519
-20973.621259594234	4.607696467382848	4.981224056452581	0.05670227583762093	0.001	0.24219256295313937	5514.0367613136095
-20599.875472829975	5.820783802688885	12.30708364163685	0.06904257042765835	0.03637319301263847	0.24213864379477817	4664.558339530267
-20870.500020008498	5.214140507101809	11.993236043950938	0.069108294397025	0.027418834065891497	0.25904988764322995	4700.323948710829
-7459.333332175801	7.571832323880825	9.452688944098718	0.5815787456489263	3.0144540407497806	0.24953306521301977	1794.13018224823
-7863.007484462974	9.650644009942964	17.48432498835686	0.6157472076943403	2.3874016626337693	0.24964722546282472	1429.5068337169566
-20462.85119227999	5.163890385665307	5.337900049780376	0.0705872235990611	0.3115148863927031	0.27854728173849413	4911.8997547107
-7085.87753326437	9.530157500115367	10.535786557818579	0.5717702949004961	2.1287331756832972	0.2557328561966553	1661.7344954012124
-28666.121548918374	2.8253162124579636	3.0864112943648436	0.043706845334414685	0.6594155376972357	0.455105382582978	6400.312547941148
-8229.347661425267	7.954404693313268	9.072336813724034	0.8353664529173976	2.9463835595101417	0.2499912788554932	1570.7952130313097
-10737.027068973977	4.683178326321437	3.556072397337032	0.28627096960531806	6.611152424523504	0.2507062399417014	3264.9453373155466
-7151.590919566751	8.995258909649653	11.075612545349124	0.6174219154502528	2.9334057772264526	0.24829666166047684	1615.3273684482108
-7761.386921728061	9.86413827926256	12.350989327598876	0.9511025071372461	1.5403155946336649	0.2528366033221121	1297.9889260745551
-7232.005955369678	10.673771726344567	9.491136780975527	0.4892959400720072	2.4311181566326034	0.24117125203771067	1767.6992164915519
-9277.062006583601	7.550188641581084	6.75670834124436	0.725974967936312	2.108106036216873	0.24685700404141922	1812.1217011009726
-6845.3924181311395	14.290654536550178	10.806637489784817	0.7310893084428115	2.059439410366014	0.2484834745805736	1354.4225905471014
-20263.85794071495	7.838745228209757	5.571713688145837	0.06827406090377863	0.08788086035805395	0.24722277443536403	4811.571236166241
-47392.792609192504	0.28353235427206114	0.22996530593958525	0.0018397587300770244	0.2545114503814765	0.2837029711056646	10581.807397286426
-7098.072304422059	8.931812830973907	9.842015417803728	0.582406965449143	2.8145873970671347	0.24933886637752195	1703.9533497092527
-20852.932546883658	4.307064474669553	6.340834612206102	0.05885125339281899	0.12314628776627987	0.24538127338977972	5293.548689052499
-24820.752012025227	2.3932534925669366	2.7901021925883285	0.03615941749753308	0.09024941743178624	0.24618385358355116	6948.680930298468
-7139.316407092072	8.719056503444353	9.792683595838774	0.5986788923505763	2.790256580723974	0.25183542864526903	1697.9550665872528
-19795.288971784146	7.3932419280908395	7.0887242985006385	0.07095345547093601	0.03526626363337361	0.24780412847709873	4727.963368031692
-7168.389350273924	9.328211902533855	8.773040702737708	0.545782951222744	3.0132712398975325	0.2494757662469213	1778.461327492507
-7212.320709730804	14.354200287232775	10.74160671566404	0.7306109589367321	1.5092132061187051	0.2435309825720554	1354.5588955162987
-7585.152674926657	9.191886581127825	7.256925337080865	0.44276920971463357	3.3764454328933198	0.24989421432892658	2026.2120734360938
-21506.06194188673	4.305068065822175	4.127718684265077	0.05119077543919573	0.03741815811966595	0.2613353303475068	5829.3557386566445
-7402.972577004058	9.577526310144865	7.570227528352478	0.4867510985980186	2.9421551266568984	0.250245074387609	1914.5301069756028
-8553.441511379757	9.49498521653575	7.64264355595924	0.3138499439298301	3.356295460831255	0.23372822861093584	2289.424515949722
-7878.798184070987	6.683469057226571	8.095476078883072	0.5076460430342892	2.8356554562347682	0.24034196999212562	2022.5336954587692
-6962.828008045676	11.448756564264231	9.437773826637045	0.6136861111025218	2.460917042191284	0.24725069354467136	1587.0722462228741
-39741.79884103157	0.5646840754243867	0.946531662413963	0.011089106381061442	0.0978858768529621	0.27694432117131373	9691.015509230754
-8412.380673123736	7.634021374480142	6.844685227950475	0.47160741675873313	2.159090200470855	0.25602509917092636	2095.2701768553325
-18102.87064417432	4.198859366459379	5.005826461487716	0.11720546658743132	1.1499794428953836	0.2481478338147711	4208.727109968121
-7174.686176249512	10.371489440375678	9.398806951791043	0.6734152743386739	1.977197963881159	0.25018417390898345	1569.1966239671542
-20842.855519033576	4.580671179949665	5.361566061855376	0.05569465459416881	0.0073544373457291295	0.24893216403114982	5516.477869456625
-7517.815700061522	7.999983141359475	8.086945555501867	0.5813862955019425	2.764958453361504	0.257089282108263	1840.2988127836131
-7140.299668632776	13.935575079818967	10.960014018031355	0.5901216023024726	2.2929552470325083	0.23970674777789835	1486.9355481308405
-20025.446039579445	6.584400392955465	9.999204965778022	0.07361146380976001	0.037607883174669954	0.2513054487250138	4562.802341502855
-6759.375593813799	11.73886991521323	12.035841446037397	0.6651888915458293	2.1982829730494515	0.25312059631677736	1439.0560163561006
-11926.257953339744	8.207512100136054	6.358163421796932	0.5367596909432085	1.1997435274636068	0.20802036053414205	1997.657725604393
-8726.3759833056	9.692444494282244	5.6939900923888525	0.543066767994198	2.4793941844491596	0.26715289025025135	1961.6531150081587
-21487.823498623045	5.532820203446567	3.9755101001081163	0.044917930850963704	0.001	0.2651783874178554	5974.320296572032
-6543.601609201279	15.507526517240795	15.56236231494067	0.9734308200077825	1.607676162047561	0.25095432479441004	1075.4453071506591
-20010.64167983138	6.767452882075534	6.168222197171482	0.06560246707117741	0.028126933628952418	0.24099514732148775	4969.448465573151
-10308.312166752416	5.236016853900588	11.065551735863462	0.3384733552573308	6.750334045927678	0.25106424695610297	2342.98235124137
-6536.690367771368	16.408782949094164	16.12407082169139	1.0248598023757267	1.5271929584361816	0.25082498142045656	1028.2165994601053
-20079.6305255677	9.937171479848123	6.137624782625866	0.0729781337238007	0.040744114595861886	0.24163211502647436	4610.0824383371755
-6947.2957022574665	9.67461502894648	10.417979376545844	0.6344237277305248	2.40090217052482	0.25162932075061545	1593.0252043349033
-7371.859387531951	11.292186063277915	8.00389436094384	0.6623764646436002	2.373168583696767	0.24812426351395123	1609.8691140826695
-20457.5595844222	4.896872065634504	6.181826659346676	0.059313830895427286	0.05105017397260284	0.25270909372781425	5300.765843409737
-20609.5175387879	5.160203485611369	4.593665574467968	0.06347520349645455	0.3104513822763555	0.261221855943721	5184.69136706046
-26407.563075516377	5.044394460637996	5.918125863469397	0.06019297408809278	0.045769353914212996	0.4615968259727141	5281.660480275792
-19799.919258033253	7.102168445196368	7.305458780750234	0.07040305443781224	0.03520040432540324	0.2493661028866145	4747.930927666091
-20135.917317631494	7.881520068442625	5.984674027549456	0.07452043056834444	0.17343434837184543	0.24779494227829912	4576.675170692229
-46390.45910487973	0.2791204423336218	0.32217401160790893	0.002232999279738327	0.3442194452440686	0.25684060927658797	10522.725379127422
-21132.480994955582	6.710928123327533	3.934336065714509	0.06114997026375074	0.06585071026228678	0.2374212134532585	5285.787148757239
-7373.853076526392	18.914237163445165	10.811540124607465	1.0100419897018524	1.914156357342308	0.2599871946026194	1106.584145689198
-8571.365318883662	10.582038233886927	5.462048507262987	0.4542471066886232	3.912815042280005	0.24570105740814646	2078.9230993916362
-20228.667497801234	5.708999877711688	6.486209217217701	0.06908170694790257	0.16073286520949012	0.244811304971355	4828.808284363996
-12100.685929788719	7.592746867744768	6.114525842855179	0.21365982748278214	1.7007518492461513	0.2550819270042433	2925.6793579395194
-23900.79610049089	4.852137347713683	4.463776251002817	0.05920311429945846	0.24299084415715133	0.39702434212737825	5366.208461004931
-6697.616801628507	11.976287788308746	11.91199852316999	0.7310813457066555	2.0900602316783012	0.2509716127431095	1380.93145634293
-19747.628479122995	8.6473754459936	7.740352762678201	0.07613972136015562	0.030931359685101394	0.24280009454190202	4496.531997875755
-15290.32776189623	12.454801472056715	7.171108635110333	0.3099381182694171	0.7775662089343178	0.29692713826878386	2207.8180685730213
-7814.710907138047	11.23766463102373	7.876566941710326	0.521785036434497	1.9235154682090554	0.2462690095781854	1775.7297020659944
-6648.2529290592165	14.636166003429805	13.594620377089708	0.9260163599763397	1.6602395039158822	0.26704544761947546	1153.1010185582759
-40930.789473782155	0.6313239381660622	0.7897713577163864	0.009046101872814915	0.3593761566952284	0.15467195450658927	9800.540927476452
-8121.72328193976	7.390479180615238	6.106997795437667	0.43216045196756636	4.185857519865044	0.24555660363371518	2242.5246553551065
-6535.796600981498	17.059911940213237	16.655861795177476	1.0643020395123648	1.4814159237400302	0.2509548802387409	993.8111240502461
-21212.105128841435	4.44996129551482	4.450775816813144	0.05493195240111414	0.04431347069205398	0.2438209428486308	5646.674188732414
-20825.919285478576	5.290878216369844	4.531066907258811	0.055414551983868236	0.056269145301851585	0.23796994491480908	5531.891907277969
-20275.863451262027	5.520423840589546	5.829569196090523	0.06259075510248777	0.046058986847934184	0.2536791970363863	5173.164778341614
-23561.52594789666	2.7603763697377333	3.358040869957521	0.03975186264971703	0.07540836841438237	0.2400920819278704	6606.197258553696
-6618.475278102977	13.276309926698948	13.10809848381777	0.806129734570868	1.8289247903118617	0.25160341742212283	1262.7078030766986
-6906.582827858829	10.588716249834699	10.004033618118463	0.6673369375340432	2.404397589051331	0.24470773521520092	1542.4629043668638
-6617.024674524673	13.50654277794695	13.132434046136277	0.7925515860741401	1.8836233463835599	0.25049899271848447	1265.6549673327909
-20478.456241022104	4.874095771974575	7.034952427631538	0.06464330587961845	0.1823809194009482	0.24504707260837752	4990.05309783512
-6824.135628521801	11.780917553568326	15.304538488740627	0.7989562132391771	2.068736072788792	0.2510561978539253	1256.7413656628228
-19806.025764889713	7.763023008641118	7.009073085659366	0.07471480142917539	0.034368558257375385	0.24743959755449438	4610.2018097866785
-19993.59746326533	6.314460230735774	6.424283655761887	0.06803863908452001	0.039025148388887	0.2492790237543606	4912.915720351829
-36084.610190698615	0.8923540284136687	0.9436690837325635	0.013358869334496022	0.23117764128623833	0.25049433375433466	9320.734412245143
-23172.674778311928	2.766038611601416	3.2528721706026613	0.04176152447895527	0.5557754636145615	0.22654038863399859	6461.45625721868
-7016.412029117396	10.327016003348351	9.82739497657899	0.7020268434578301	2.6126844809947696	0.25366723546221437	1528.8680366293809
-37465.28906234616	0.854804527391978	0.8395823967286479	0.011500340331810376	0.2279714018156745	0.3015833534229922	9498.045181544152
-6764.086912091901	13.089126086087095	12.264818998497192	0.7150153565228655	2.286958931644047	0.2444808577127386	1354.0175037367776
-6703.793648906084	17.802889425899973	13.75415472007627	0.92701001367737	1.6530438055033028	0.25070441585572045	1094.0104679631877
-23484.24860718173	3.1717290934112086	2.7560782415741167	0.042987163581392804	0.3246863124998571	0.2376313678965673	6441.172054168587
-7376.2359624383635	9.248024238832437	8.965270471612293	0.5553755008357938	3.53765621454944	0.2587380755618712	1761.032352397379
-7870.163135081742	7.645465631145951	7.25906616699998	0.4391966473865097	4.130038736994041	0.23248533444592576	2121.734874926045
-7484.962649600002	7.383243062399845	9.505079909417613	0.4999378737499753	2.849387863286336	0.24291946456839078	1909.4618397601025
-7226.406409550202	10.567258307407368	8.18069334026617	0.5897330788492402	2.838441533234433	0.25258347802981423	1702.8976539767102
-19763.88436486502	8.475256336696573	7.402048736976639	0.07469214361941069	0.03377429828756408	0.2481868009117105	4556.288109597399
-29120.527238209736	1.4035302708188828	3.5986388430445033	0.05589874381005874	0.8291457794769697	0.2248254787213184	6387.785244940534
-8180.2041564975625	5.797050510369885	7.987208591236892	0.4187072811327883	3.618117929373997	0.24377629165547376	2254.5343628013093
-15603.543868848297	8.344424878743416	7.18352780082261	0.14652404574487324	1.1477082276190507	0.26735131275033225	3299.992941125876
-8244.94745763774	8.073293042505552	12.83412144843511	0.47555940095093746	3.8605966145943778	0.2564742980757909	1783.9218992455337
-20006.820087487584	5.91380595058971	8.13479975604209	0.08165714927620181	0.26587964085245896	0.24706433420387156	4386.548722290914
-7076.405446729005	11.447880118815993	9.140606888056004	0.6134428283791378	2.8018773622416164	0.25387546115340504	1600.0960989194814
-20552.301126894738	8.541880795977463	4.7718968979282	0.06355206581610914	0.04996648151611045	0.23953860367581178	5026.039076072164
-7761.196004459185	9.18136586415729	6.9078398590410295	0.513129937374738	3.807765784703394	0.2497411013949266	1938.4954779157374
-20222.901761401743	6.008181299292813	6.163595948022761	0.06754383696628519	0.13310896665578575	0.2476719877548092	4879.439221013658
-6568.417096090281	14.76612285534658	15.011958034072377	0.960635482881374	1.6027492580057403	0.25535990578454476	1104.9584068091137
-21589.0895888384	4.373177960808167	3.285610204540768	0.06006207861872078	0.5402302636984389	0.24955867754410602	5553.359665745117
-19663.327737815154	13.672479769997599	5.81636972237653	0.10448544370709321	0.6574572185528161	0.2523079507190422	3743.3572848756876
-8932.785693751843	7.297528962805924	8.921480718598366	0.2973505824412109	3.617359759579976	0.21101687321207552	2393.467652934336
-27840.56924113036	1.6352524398305124	2.2826661043139165	0.028999533499145514	0.05328662106422066	0.2637879819992267	7620.03639810069
-21521.770296549552	3.7736098527372888	4.585279330583153	0.055890988812610204	0.39604068040232954	0.2945862950619883	5580.671252390901
-27439.803479472153	1.644432957750193	2.5008546503393054	0.027158431681690243	0.022982172638816335	0.24955319702816364	7656.943391741499
-7252.626565291459	15.629100263444641	9.550493297249098	0.7468841686785598	1.9593718512817313	0.2516617698633809	1353.9854594270641
-9307.065758913672	4.743462655481677	5.585930772809887	0.3671101068349151	3.8917802034777806	0.25276221314641373	2697.9791580027218
-21790.574445281392	3.3700307693307487	3.6361212078260814	0.054502724627346046	0.6156234941563646	0.24336126280822723	5815.415732071742
-26117.448627014262	3.01642039620031	1.9278723541919645	0.03905658283167999	0.019844288796914435	0.2523181824736421	6899.426069788999
-7359.738765581535	10.283268316013071	10.740332368725579	0.5684487846727829	2.953992965694849	0.21172413297566672	1628.717474276192
-8146.606539026278	5.942539526991166	7.491469216717897	0.44871839444115924	3.7208667506852597	0.25082740359434696	2219.4331673687702
-6686.712651947993	21.04600985094734	24.03779908607403	1.4569747848597003	1.1229654485923897	0.25069506163245053	749.710877041687
-19738.272027725376	4.180344613028054	6.216556235596767	0.0683027632430976	0.9244420089715606	0.20970115552936683	4993.3342430572175
-7998.80221519751	8.053850293082915	10.220570510281581	0.556959660681759	1.7423381719970807	0.25100125888637975	1760.9111120936223
-19215.05330502853	4.590845679285582	4.740152787991099	0.09331999419196556	0.9006588354134621	0.27470551980119595	4546.246722129138
-8851.636025799813	6.059343513384592	5.828054521805686	0.36368674672540424	2.946554691954788	0.23100308633077965	2527.628725679099
-7191.414447081129	8.782982137601259	8.799084319055824	0.5571256920243823	2.8553781058864303	0.2533528007883423	1789.0339171273606
-7352.486695567086	9.02621200745061	13.610415439814629	0.5986222000288568	2.6836759865033417	0.24733167825939242	1555.937054356798
-9596.66533101218	7.637309568300428	10.611884142362937	0.27173450079210076	2.7892620788522606	0.24691427895459692	2386.3517141990715
-47114.40130757105	0.27139581583296923	0.2426355244450976	0.0019410824236417614	0.17756959222137073	0.2473569382471355	10591.435275479893
-6600.54051517081	18.103841964974936	20.285504220536065	1.2495649311665078	1.302324224402774	0.2503033843399317	869.5950687403355
-8960.644169741887	8.951049981449723	5.444569776821258	0.48712276726295806	2.40926836298199	0.2459566744940022	2104.1873692619665
-20209.711906203796	5.790789578429391	6.4589564013717675	0.06584212176822299	0.06560542343921924	0.24383349286933584	4965.7290398654195
-15178.095564975147	17.683549879997614	7.960302837070888	0.18617349911288703	2.2050147439859478	0.21228113718044805	2632.6803032385933
-34849.33605091594	1.1176105175340154	0.9420670587546776	0.01347966544263952	0.001	0.24744032158351859	9183.589350845643
-22498.376010032065	3.024281223032141	3.5654381487833215	0.04568903601609462	0.48401365586284095	0.2465770481873067	6202.953512414447
-6570.736210482384	19.540425120387216	19.709770630863115	1.279232592992957	1.2784885707674718	0.24788670924121894	850.4568501157698
-7092.963210999682	9.011719026082432	10.309269512218057	0.5971284484215145	2.8509370738806306	0.24989160153198123	1664.761153565199
-8191.6007800763455	6.859745347807889	6.685889294766375	0.34569592271276167	4.302501969894249	0.24585306569371887	2426.604323871548
-23092.319883697317	3.3396533751948234	3.53181210598504	0.0485447725156893	0.001	0.2880845501539518	6128.938658289312
-7928.091855074354	7.265782176389134	6.627369537973729	0.4881394720532865	3.214172957761126	0.24932347441967775	2111.8418965069077
-23603.09780925207	2.5133232449864664	4.932061766024436	0.05066302071221405	0.15342912408486603	0.2758832680317249	5984.667974967924
-6938.906384500953	10.651537589990827	11.315405507204455	0.7173723712055846	1.8920861920874523	0.23812728020931456	1451.148176309361
-9182.62848199544	10.566858547097288	6.028526667173812	0.3798601412015125	2.1256215228589386	0.24068669418280217	2173.158982904967
-10540.101672492585	7.973135074357613	4.816136930440817	0.26113894123510617	2.4585040329102767	0.2629742487428901	2802.292706348772
-7560.211300930465	7.406634355455631	9.505693443319622	0.485598614525933	3.4499596936956705	0.2568646001662639	1930.2235380271356
-20807.978705196452	5.5403996604275925	3.9394241631701314	0.06184575015923424	0.3774532405366748	0.25111524671906066	5274.29925404315
-46455.113760753535	0.3442911577893669	0.27903257776855916	0.002366425766272328	1.6905924141587105	0.2559739890523668	10533.462423486859
-22645.91806409344	3.6884731255022607	3.3599911336484864	0.050677770713829645	0.056237513532580385	0.2408434699156601	6024.8583415567355
-10313.993502074749	4.945168744882518	4.600496869437168	0.3239243795558522	3.1115090506657817	0.26957248836754316	2915.4164990416616
-29415.627779752635	1.9094273091195741	1.4344731785095866	0.023841661997953897	0.001	0.2292865249288321	8069.280437423461
-7859.072235615787	11.796524427864306	11.927929479964336	0.4502606054019172	2.513918814850561	0.2645859453032191	1705.7951265462984
-20757.038887958377	3.694019835836725	4.937806467467579	0.05734230456240168	0.6328514254103957	0.2561010953701608	5499.734004222207
-14890.028271382034	3.3998298664271736	7.678657314711603	0.2730883664548321	1.822293906704661	0.20920583679766006	2977.29997320385
-35352.70568105939	0.8197976721692782	1.5926048570169535	0.014786439437365384	0.21515630108266864	0.17534949114232612	8992.922345446723
-19894.091688465487	7.879059962673546	6.354443879801579	0.0710247509412779	0.03932923918252385	0.24765276522476082	4739.381966271104
-16458.34406898732	6.419802596214574	2.6623867481132155	0.10996715674722884	3.065946448686242	0.25680942448140753	4445.253075827641
-8735.225125683104	11.42797515051272	9.550160465119212	0.3394259375184396	2.673036688551952	0.2514177564789549	2040.7198001789832
-21283.881090458894	2.293014931666179	4.925301925436579	0.07262734212207266	1.761090043675746	0.2130297066659588	5383.063440978699
-9360.345008222688	9.652763201314245	5.564124840453374	0.27685544177659654	3.545218286177875	0.2600517663266323	2563.9084473216926
-7338.449168722767	13.840371832424028	23.25610568176377	0.9790537487935687	1.5831541364274289	0.25122275466697164	999.8359760951361
-24511.443989420914	3.6386729203775015	2.0754264414650114	0.05124565742216217	0.7093174684518763	0.2558411860062236	6233.231522057342
-22515.889660162466	4.3179276671337945	2.9405252189083035	0.044985688120365575	0.2299187955446826	0.252911441234761	6160.611215886097
-21056.48234558289	5.265297310162294	4.258909782453949	0.051200500286233734	0.09318276136648329	0.2536408699916539	5671.720186256228
-7691.889326706261	8.671212857835698	7.717982063776543	0.5199808110311125	2.2891584364709803	0.2707392552467814	1902.194537287488
-7298.203444962649	9.577935471650488	11.061497965619708	0.7074717618953138	1.7583383327132165	0.2502825308754319	1507.2028392781074
-23317.990756391915	3.3300312365207243	2.992535752750833	0.04024141798243737	0.005833625569816554	0.2554878564915433	6550.00457247881
-7543.891963719613	10.468965064262285	7.260177486523266	0.5793316903076788	2.972872272352602	0.26048914533036005	1770.3063508415971
-31831.779077122377	1.4069433060327017	1.257986254020919	0.01877584865281467	0.4590040184325216	0.29257195922310103	8576.845922063143
-19971.626188639515	6.614879177346712	9.704450347694552	0.07660938659006492	0.03915922152906413	0.24733538650237735	4495.351018350269
-24945.881061942633	1.954248472987896	4.627871235629563	0.036413817470168655	0.1356669077768458	0.2323355096867163	6763.321863422694
-23821.785428866046	4.099963820141749	2.156829739666207	0.04207701367738228	0.6728237915842502	0.23433930360086264	6465.2334488533525
-9986.662119653118	11.371524447121352	5.801127984386224	0.31648313030684766	2.464612380824818	0.29469819310305195	2326.6471148659552
-7439.560451984649	9.527339430767224	8.252840477628226	0.6042269854667828	3.4479566805996074	0.24848063652556548	1727.479780779645
-15249.227817242874	22.17194055249506	6.4677277521470335	0.25862612119212286	1.5148700879818018	0.2560536348697391	2232.4383820180947
-31829.640913038893	1.7824096812682477	1.0598670683124263	0.0200867127951588	0.502119585679577	0.2159504035284101	8468.699907024442
-6926.384987069391	9.979395208458959	10.502560999853678	0.6025500475332091	2.555933459573132	0.25193727179980563	1610.567982691157
-30134.741559709466	1.4717984755500124	1.6658678997065135	0.023182497864530048	0.001	0.2900793914196547	8174.808179047023
-19823.00815276993	7.341574005339957	6.89470910347491	0.0696091391845665	0.03625943069598409	0.2461282726030884	4778.002399107799
-12261.865788131992	8.446605172844587	10.745767087626565	0.25950622656028827	1.2728086217284014	0.27003012736236426	2385.6602080395346
-23023.870804731676	3.1526049772937803	3.0709243623952154	0.04189215610501022	0.340255379044151	0.2514280720747837	6422.869271511186
-46817.97528791946	0.2741562467169666	0.2700466200409973	0.0021604427062872117	0.09846183473052594	0.25288590067751	10579.09440840503
-10056.483437997107	4.941896560496305	6.008053896204718	0.3444878008045921	7.987349777160574	0.24810410800722574	2685.6193543976124
-8620.862684078464	11.950095586215667	7.590385455867262	0.4173463642765341	1.9174951606918142	0.23011272887620865	1936.0889402966272
-8486.374816157877	6.1125179932920926	8.648692131036954	0.5127178658208444	2.370791019811128	0.26109505041795766	2025.6658093486608
-19989.79623841747	7.492878600124851	6.503319427333307	0.07701437280196145	0.20365478704247228	0.24650346214182975	4493.850924494798
-7078.421270736237	9.756917415498041	10.100385178768079	0.5261263463900508	2.7451246892218664	0.24821705118699822	1726.6029006793638
-6852.723794756001	11.191529939964985	10.370269802498875	0.6299572253841523	2.2021526291712195	0.24990632267419147	1543.1739315754983
-8327.701862349271	12.156394787303947	14.393853590213695	0.7162560275671442	1.0343920304175012	0.2309710829335955	1324.450320294795
-22394.4722729793	2.3425628204492663	4.724329806410825	0.0556126074993367	1.1197177055758216	0.2525009399236756	5847.251166718845
-9285.38715449732	10.024905567491327	10.0343065830336	0.30838972693434663	3.680628761457141	0.24862113053303922	2164.737935612002
-6907.762863981637	17.473339507577563	11.927102713683196	0.8585148283479981	1.7526871565824405	0.2513256752485929	1176.4609234623001
-20841.940084906862	4.273910935730157	6.802471132170501	0.0576328463604788	0.04698028228286435	0.2436204224366261	5358.765780594499
-20204.866355437967	6.536724009556952	5.9212675889171935	0.06685202557130261	0.10472468385079789	0.24681220112621136	4891.902273330536
-7330.6570874265335	8.493390733252747	9.80652056037219	0.6316257273629048	3.1635061411444534	0.25105304748830615	1674.1011998086135
-6656.773580137343	12.408424267274643	12.676619871651384	0.781711432792141	2.0251997557761108	0.250912665255586	1311.484480007371
-21303.82842540284	3.666838421447121	4.715263994012559	0.055764408597628684	0.3646390868011636	0.25405355353083336	5587.424371308092
-9245.383310864952	20.469130695371586	7.546534474499173	0.5745116681528247	3.0240925519948867	0.24435774319477038	1513.577179701921
-28865.504785942907	1.4507563894553719	2.3949578726588707	0.026739123675016702	0.01973678990370553	0.299402395321938	7773.43990249616
-9975.68341984052	7.020585218742973	6.542838752024873	0.44939930228300595	1.6598418741351861	0.2543387063000258	2200.0733221336322
-20815.23765053946	10.49856434227249	4.710381852883833	0.06399124674753913	0.05195402730638546	0.2485446240585913	4938.310741035403
-7083.133300838043	9.697218015443466	10.291863594565314	0.6117256159568518	2.045494579127	0.2425820244531225	1619.8402173269722
-6697.922891448262	11.971496701213088	12.752193744099989	0.744688206151736	1.897843056988167	0.2536585824236271	1347.70562595602
-6912.268206062637	10.49215012860546	9.89054097041179	0.6309160716914164	2.499803669355531	0.2515685006364202	1585.1071298273448
-37878.93687526662	0.6596364522959104	1.012677103979873	0.010149877853141568	0.10355677238829299	0.237822586299712	9599.318310254203
-6953.331377015702	15.67023936626901	21.688274387619874	1.0463178012376737	1.243507954347602	0.2511174066640171	957.0925069205939
-8044.0416052082965	21.626066936927977	15.700228934913264	0.7454322525902232	1.830245093563692	0.2849392168194553	1117.8317648779982
-7282.450521477308	12.048992980120339	10.058264984551133	0.5705785424006298	2.3416429872478632	0.21078289264552977	1591.0012821687837
-6670.775951068378	12.928991102224096	13.342349996133441	0.7937040024441101	2.1280765763911242	0.2503632297804539	1273.7581291134193
-31484.903222420944	1.933220748985284	1.0492766341507507	0.02033777440388884	0.43275944858430093	0.24261384468930755	8414.953049489346
-25609.085693225396	2.0663355482447634	2.8430151082790585	0.031940250131514754	0.04242822977289523	0.23647403398156006	7216.131041650861
-7033.544595423577	9.275191557961357	10.30074399052425	0.5591202111927689	2.5455855711912854	0.2506250542978676	1697.0047199044163
-19800.156600674145	6.574655900421215	5.560244020500075	0.07654410632151609	0.37573608805468856	0.24774542207526673	4622.46819811414
-7148.570980024567	9.418874392947194	13.2082764149207	0.7479977682716715	1.9786311002194004	0.25074016597842474	1415.9698533823098
-19910.969505809644	6.396934463938331	8.327524299597915	0.07230100485104561	0.04149303905800553	0.24673995882152433	4679.116227567355
-20105.662284651156	5.590458877503434	4.899224385818928	0.06680910706187573	0.41943688644701255	0.24503170631113738	5011.750038526541
-12231.741984937871	4.966499439282419	9.184948882149635	0.21359726196792184	2.354978825007797	0.30996781149115893	2937.4048640096603
-24817.492210469107	2.26555577388448	3.6574661543171194	0.03438602704557091	0.10157526468964882	0.19896529099332919	6909.468536290013
-7731.769212996608	7.3199113430703315	11.138850425629153	0.6704222597063398	2.513467678099454	0.246172967809804	1645.3685988272418
-20116.024445024916	5.921029835668895	9.408800729850913	0.07105298407644013	0.042222624424371434	0.25616356480835784	4697.460690648628
-17191.867505600552	6.82870218188164	5.661616909078945	0.14326115117441135	0.8962332136124711	0.2643055381984142	3552.9965865544673
-7113.737453156166	9.20526739152923	9.506352398942676	0.5335669337879293	2.8440029152998716	0.24301191692947066	1765.6858727166148
-7150.052692120666	9.214140720026716	9.7002722977441	0.534692960649553	3.034274192542521	0.2530353636736375	1755.4378008644164
-6639.5954662433705	13.27593004398139	12.737219751446833	0.7880184910893769	1.8690257211417745	0.24328040299864093	1283.7606158190565
-7213.4567790569345	9.045551767235365	9.411203727647747	0.577598713177944	3.1869776062811446	0.2559527630492958	1723.0764279701793
-7546.501246926557	7.2722492143131925	8.789082721714387	0.46861649047968174	2.978086906923348	0.2595528788657362	2001.6549801187743
-7506.698952138592	8.533169001589988	8.013580326933553	0.5253313563330703	3.6518934407864827	0.2549349270050341	1885.5989647038678
-7072.600812706455	8.950279692677759	10.570765446865503	0.6119993918730026	2.6858254163615194	0.24993209567479271	1641.3582198793931
-7734.614880555639	7.406072012349738	7.256047007951225	0.4319180319981675	3.7665903068834514	0.2476879101880624	2151.2599832185347
-21154.760669079777	4.56105228443478	4.651571520027291	0.051634772471912005	0.001	0.23191438417654117	5731.476813897543
-23519.127073844917	3.389116371324083	2.6880932893171234	0.04329426586021944	0.22305530972026402	0.23965751080780626	6416.5875539971985
-18286.42816272932	5.503246136089703	4.93583071851486	0.0780320163614524	1.3846278240753662	0.20554622078269613	4724.691744208478
-29019.405151645275	1.317053065790646	2.5641513630893473	0.024415038773915237	0.001	0.2361711816941288	7912.496471185851
-20080.56356716255	6.946386311705192	6.695275292406562	0.07341010472138212	0.13984422139661246	0.24363796128288087	4616.177470554993
-19979.317609354828	6.694743565290346	6.174302810387912	0.06756325676496383	0.04440232325209724	0.24705237734751634	4914.945428329272
-8224.339805548192	8.04329971685948	5.712554960067509	0.4276908196306373	3.248677822228767	0.2540000923174094	2240.5698883793334
-14386.621187823388	8.745661556356419	5.838428017817974	0.1864175905820917	1.277036884612411	0.25790043264765805	3046.6105915457088
-25907.922221682886	2.1598016689741577	2.494691947178836	0.03329655508270678	0.00266542181229543	0.22945919362829206	7204.346986056981
-7049.122000768612	11.527848024618486	10.965101496314817	0.6356768992574312	2.015146203604574	0.21649434588469077	1506.013192223804
-10579.471133017196	9.967433721176644	6.451223117390418	0.36883399937576133	1.8336239625530741	0.3383583524637729	2194.397589853984
-22075.74132196832	4.521092253336625	3.282087164502086	0.0719789113183573	0.5113317868753557	0.22001464716077845	5221.813767696512
-21903.114304265302	4.363267860166831	3.2153753057244425	0.05171134835849157	0.3830527592615193	0.2543140666913923	5839.139978871445
-11023.381892676025	5.772822937605544	7.253755059981031	0.28056943042994253	1.7671436017836413	0.25808946034493974	2678.4507448151467
-25524.313243531335	1.795401745694331	4.5539295383632306	0.03619267967860861	0.17572507589484798	0.24616680391654686	6815.336291023673
-6940.871349071534	11.155777536669786	10.35891119090147	0.5817018966525721	2.567236027079244	0.2531956898101625	1596.0483842217525
-7658.187090728739	11.077100827737521	20.986338870322907	0.9114322299044733	1.8758682639035813	0.27312686391424706	1118.1369196759522
-20558.6544730418	6.388723831120477	4.754817136579734	0.062431664831319816	0.1847425866480249	0.26369739641943374	5110.463934472676
-9194.602346622585	17.94932176541722	6.949806004144365	0.5038822546962431	3.233731772647315	0.24564802201822877	1678.526206243475
-7146.751979476554	8.932176967262784	9.016623634291253	0.5368140782243189	2.7920113313113015	0.24891257127300867	1796.8233886981961
-6933.78547656839	10.288839926999701	10.00290530164252	0.6188155160008095	2.5353040241978912	0.24056705418031435	1600.590294914261
-7467.243869125226	17.53801785149959	26.026006363665406	1.151446450169482	1.6930421262241564	0.26005330024286066	854.3675339704319
-9410.230733863353	4.915855721141444	4.984071670046255	0.28365692906195267	4.508282626137697	0.2601037825753681	2996.5126669592287
-21472.8610275708	3.317217047542985	6.064681098552793	0.05622300269570354	0.38322270818746074	0.24814881306818623	5499.952186339565
-24297.877632226697	2.563812272718544	2.863256719391244	0.03860687418329574	0.2882532965089903	0.22230014260256387	6730.12352824893
-22863.27182074451	3.4006670067108344	2.865445573364155	0.04430521980632606	0.48534365524967293	0.2539709373296976	6315.464467790607
-6680.41187383995	12.777704928535677	12.702124198448905	0.7817295859299492	1.801561738774983	0.2610622594963568	1301.1604268814604
-18747.908667883123	6.858026696222712	13.809981134910645	0.1296242394535505	1.3469993491603098	0.15940167850946022	3306.5276690496353
-22561.26034379464	3.502633195568383	3.3212295626467667	0.04330402710064757	0.207016782004448	0.24246264880643426	6278.136182507748
-9029.871905252729	26.619682544939277	16.543576047582338	0.8266340615587278	2.286630001621683	0.250169734295822	1006.8574610860088
-20200.306945385193	5.35898279130616	7.026988648415673	0.06427786955306039	0.04089473919013539	0.2517123999869953	5052.253862618485
-7233.615467971067	23.662784612868677	15.33720126186177	0.9784911645226166	1.3062831080655708	0.24802414830763184	970.5938150752852
-20498.452495560425	5.396023835255804	5.26953079683633	0.06276457839737151	0.16268179893423604	0.24593321598538684	5134.065933267688
-21179.220150920217	3.964289932796443	6.804511197006106	0.05660684512473498	0.001	0.24534955644217626	5424.296105756495
-27977.26867198194	1.9565165063847356	1.8986202526901383	0.02284109181046864	0.001	0.2237277002858563	7964.988827017303
-7036.467015263231	9.982261060626962	11.890524169094089	0.7581150836452507	1.9021949173104096	0.2514005646922334	1425.4476208667925
-8551.603072976406	6.282458587477106	7.597343109544305	0.36624831325226137	5.216226460573093	0.23655140731671503	2353.9887096755947
-20162.953271765535	6.522379859702429	6.201618559961919	0.06843427288508892	0.10225825421035763	0.2505033369803566	4828.03768769858
-20319.62685179842	5.416049594282745	7.658168181113726	0.07165685747865441	0.1604451628955762	0.244088643001578	4710.774825556379
-6992.674472566033	14.29725717576203	10.491869432152223	0.7615212233074352	1.7422530541469674	0.2565489300219089	1341.0941797548808
-7043.383969924434	13.808695851060595	11.271464867305191	0.6377914690514817	1.7373281873711053	0.2550350391671776	1431.2778226086957
-9291.707577737232	11.256439313409286	10.87090816535805	0.32551652764404776	2.330927640905562	0.23164209534968105	2035.092288964812
-8346.296658551328	7.651519783888581	5.544366430403139	0.384681123340319	3.445846338218091	0.24468141914835498	2373.492057137171
-20196.255018204127	6.7179663131354515	5.3361646120981066	0.0639835898498522	0.046781216068485905	0.24924326432870614	5082.695411654051
-22383.539611108663	3.1242377865068063	3.8919877254424047	0.04875957444325018	0.362250704813684	0.2702878100131851	6025.451092717685
-6912.151208449646	10.056768799902887	12.156599570938456	0.6926459335136778	2.447300453089405	0.25133909339605814	1466.7747141561583
-8059.683563570286	12.217271928662115	8.381891493500486	0.5160580175085319	1.68822524045319	0.25046276889460517	1723.904181924539
-8205.069412611165	8.303401061851993	7.797147212934136	0.4045560002848327	2.080864808559477	0.25114372622201364	2112.8524796969896
-19853.893437368082	7.378711527204829	5.247204797467192	0.0806962528223646	0.3920304781960245	0.25478511013472144	4500.547266761345
-6689.991169800484	14.244032482513049	13.053582900577373	0.7984687864367024	2.116964588870232	0.2488886280770522	1247.2818152484886
-20620.2674261189	4.708569724329366	5.336381071117659	0.05931761510921422	0.2395412757954467	0.2516171977329356	5288.8072681022095
-10734.164935103883	7.9159011676800946	9.873564902431582	0.251459550680293	1.8570515526395555	0.2499590169784997	2485.01914214398
-6728.9618377167035	16.187039631580863	12.591296664854584	0.8507620352413591	1.88528368232591	0.2501810844498085	1187.4157988414372
-46979.457166150336	0.25386750245471384	0.27397118255606245	0.0020308903680219402	0.18328012928566167	0.24499079155032197	10584.82101421601
-34436.998920156424	0.9896820497766307	1.1375808236689184	0.014947080019087166	0.20730898179352286	0.2257221400089171	9069.9745806399
-19009.05100200885	6.144873516696166	5.203953552991086	0.08448756948060104	0.7070155874900494	0.25515245685656246	4503.811874738346
-19890.23319527592	7.434113102235775	6.405754540987055	0.07014058326846996	0.039135525180918534	0.247463703086226	4784.549626439856
-24411.116111193234	2.576407919968062	2.676018545575497	0.03426725877658358	0.38677163208272464	0.23558984136845645	6953.483502480458
-7769.186886268794	7.167000818890599	10.023134655492706	0.5396973439982916	2.299947967300845	0.24500633128137783	1842.9559600550147
-6538.262508412799	17.316200989569197	17.43424600599415	1.0955443115403238	1.448021963871842	0.2505905003125801	966.7176596218245
