# /groups/rgutenk/lnt/software/anaconda3/envs/donni/bin/dadi-cli InferDM --fs input_fs/fs_085 --model split_mig --grids 178 196 214 --lbounds 1e-3 1e-3 1e-3 1e-3 0 --ubounds 1.1e2 1.1e2 3 12 0.5 --output inference/fs_085 --optimizations 100000 --cpus 10 --check-convergence --delta-ll .001
# Log(likelihood)	nu1	nu2	T	m	misid	theta
-29013.002572772457	0.3664061418956936	0.005207985329284968	0.001	0.21922227413717885	0.2295959887814836	5706.545420508573
-28165.227750631715	0.5973132855546629	0.006632311681996036	0.0012995921738074285	0.09567633625271925	0.22789243455515604	5645.41562368835
-14271.039827708411	3.514527206690768	0.2865747566427831	0.12519479409287917	1.1374455043526317	0.25215024893168536	3163.9323000258305
-11886.43596975727	6.703571903603019	0.39338304827013204	0.14395994349588126	0.3131120637001314	0.2193775088969388	2507.9045512887474
-10067.298571064808	7.843857673162603	0.37463833075005426	0.28449993099373155	1.6794889504402284	0.23680227935963347	2007.033342123601
-8739.868474744575	15.332039691897357	0.574054223746497	0.4359260383988062	0.7840999809156137	0.2191062259827173	1317.5043850375112
-28107.92232402059	0.6121927127590104	0.011863334871178166	0.0023704357099480064	0.8000891966313713	0.21158210332720404	5664.294564040391
-8870.879607061697	13.548257763191074	0.4222356899038733	0.5267794628170113	1.5189735037068774	0.21638778965935848	1374.7294355788335
-8499.97615170474	19.395493491686455	0.669852079539229	0.5305210241519104	0.7441578873506636	0.22282366539890316	1116.821406206542
-9005.764588229016	12.185345523478075	0.3823224526630283	0.46732143711195806	1.6859791667045745	0.22683614265289914	1504.6901349294526
-8791.957254375791	14.677648448834232	0.4400988017713323	0.5786802900780353	1.508518176833153	0.23680849150066038	1294.7335089343019
-29120.943821672576	0.3492084264510291	0.005204683534718638	0.001	0.12325296348037085	0.20720367670046444	5715.177884685446
-8623.110524537784	15.244066836755984	0.5018471870562052	0.40499307191825445	1.1022803026160186	0.2248458960870151	1395.5266518717542
-11317.452190738994	6.577904508162392	0.4033850308074909	0.186375639710252	0.6420403711903826	0.19850407210065088	2332.130455568722
-28925.10769651328	0.38296276659093753	0.005487396213733645	0.001	0.2904921712827733	0.2206360935862739	5694.836024990781
-8529.404063651507	17.394846849081734	0.5594324395247473	0.5075900731397933	0.9442743290207527	0.2243826377481195	1209.0619752549528
-9647.139935014733	8.93750243768957	0.3207935285715201	0.34617537458291675	1.9887244723369313	0.2225741903403641	1868.0900356560232
-8375.073435112743	21.032022901201707	0.5178148830343131	0.5310071913515952	1.1977634027080328	0.22655177124550507	1151.5103460996404
-28438.448715471106	0.5019614814585838	0.005207478035351262	0.001	0.30221872625672697	0.22480260634137933	5658.267322432136
-8666.337846403268	14.766408890103182	0.5035697362134967	0.3980509590279312	1.0892404135545029	0.22436681962034838	1416.2578017849614
-29264.738151007707	0.3411314816434731	0.005206590882674942	0.001	0.11687878899997757	0.25662039269125947	5719.4710432710235
-8355.795231648226	24.194327689766748	0.6787532479616574	0.6332377475931608	0.8917270183685417	0.22792929980497623	982.591514850043
-8344.55155312845	24.589337446600236	0.5964664724745282	0.6185415937889882	1.0532396274018303	0.223735836306059	1013.0446582498497
-11337.375104008132	5.774961751303334	0.3380389970356322	0.2096879872417911	1.250067518089888	0.23188903769113522	2398.455987390891
-8414.639784855195	19.2341470196033	0.4907612672191319	0.5145192857425839	1.2679462338197705	0.22540774847904638	1207.1613228585863
-10268.42013923462	11.724869735567648	0.6005948538080209	0.23161274794810507	0.23633758053154993	0.22697776315298634	1785.2269133506124
-9608.26559835468	10.637434107093451	0.4589041129882356	0.43698482964088065	1.1217694796646773	0.2744191832452267	1534.9274659748403
-8402.793936417607	20.816689620864157	0.49267284868324646	0.6074007678758438	1.2791488761361605	0.21615565610836435	1110.6873082145332
-18419.175345651558	2.7178316377444873	0.3266169997365942	0.08553308127364614	0.004145368973134863	0.32665874855118093	3563.6258856635045
-25168.758412248295	1.187463402057202	0.09888621463695002	0.025202918910180422	0.22591624389213766	0.3542877732544723	5112.666105130287
-8772.794949082101	13.720987626497376	0.33989527195880626	0.3795055728685324	1.8514178408883424	0.22822907180164823	1581.1312623805934
-10224.765806343403	9.674068145577968	0.6134265072880528	0.31599543429366883	0.43531772807195007	0.21546215455418846	1679.9159436985185
-28744.34377924592	0.4348557506612901	0.0052061472761379315	0.001	0.25278558830203707	0.24960489113205797	5678.647285203643
-8362.962386887826	21.605231130123045	0.5614779333343584	0.5556338674489562	1.10299633617607	0.2241272769210844	1106.8239367344559
-28058.92515130599	0.6253130583701563	0.012965600381444075	0.002644402385495679	0.3567143545049795	0.21094560877805257	5664.845153261173
-8387.617733403993	20.258471766517854	0.5122241304840885	0.5332265255029465	1.1840725096137565	0.22457086955806146	1161.9477564217625
-9732.06132038612	9.141676797414613	0.4064052893596563	0.2257478328270407	1.2638565482991562	0.2335924138354405	2029.4005161125767
-9124.380704111556	11.11932005898801	0.34193858920001047	0.376596203931444	1.7164201148929907	0.22503219677647776	1673.8409921706764
-10055.262041598242	16.59066941120485	1.26618521723334	0.35942079515228675	0.6581259781189377	0.21498319658059753	1275.9750262393788
-8549.350429038797	16.295394120275503	0.45883520945242945	0.4829817160837089	1.4069253043784486	0.2216475433270053	1316.1930078609048
-33144.280988109276	0.4046931280911936	0.0052011273207722775	0.001	0.0899980159654326	0.48518494711785337	5689.879716254332
-8468.226671010549	17.65233962057289	0.49916464389588855	0.4648677142702743	1.2355612616029297	0.22550194521937797	1280.3273760158302
-8500.108985732948	17.136623041464407	0.4624517574073745	0.4344942127227537	1.22822146592422	0.21914094016528568	1332.8111649686932
-9871.808588531241	9.924026468544975	0.43162689092836504	0.2346726424242425	0.638636535877291	0.21849619001076553	1922.2558833017777
-8393.390641090267	21.224616985681944	0.5123686813823597	0.5949861552631668	1.1021947416080822	0.22518036964437513	1092.5725331694923
-8349.67020864395	24.832940342011096	0.6144021770204626	0.66453007869406	0.9762944254156386	0.22926967158561606	972.527724778299
-8419.993530285741	21.101715949900665	0.4645285205242236	0.615304125126558	1.490593522791561	0.21765196829613556	1127.451732561214
-21133.935568008554	1.6889254729497294	0.17718237522780578	0.05193113691112393	0.008889543369667434	0.19941869857209005	4437.150738276888
-8806.135457718436	13.679183255071017	0.343589426321541	0.38971413871433275	2.0795509019528136	0.22256282867384813	1585.9457472842842
-28210.648348419985	0.5821887364432008	0.00818724358500562	0.0016046750559022872	0.2748966371542372	0.23032824212198	5656.9783484130885
-8890.931765741634	13.201953685720847	0.2818365069712068	0.42374869310219326	2.481874865235098	0.22316275220740403	1626.9279306385922
-9733.313853526053	8.733895456744612	0.28971664883564846	0.3098906516633187	2.55842419684675	0.21613024403788622	1999.3347150700806
-8889.487928451903	12.677920856643812	0.4337684002820523	0.4110794244959508	1.4154725656599183	0.23291305368277174	1508.5401131775081
-8453.359435727587	19.21523834372853	0.42938441390178395	0.4841759141581769	1.5659832816863606	0.22686727902343345	1275.7550155909998
-28024.253593522863	0.6343218632300248	0.010106449247243554	0.0020750981417985512	0.1838799612970137	0.20687906799757863	5653.458147618897
-8759.28475007214	15.93903680369802	0.2747824641044195	0.654055599345761	2.570688804464093	0.2157639647048976	1393.0995351822746
-8480.769038442517	21.575308348446026	0.3875070161949777	0.6878552927670892	1.8186403409343193	0.21980411742528536	1133.8243844382196
-8717.856672739006	14.142764404482673	0.41197667606141597	0.389777494570232	1.6204027511474184	0.2295364610729399	1509.6764078521092
-8520.148601776056	18.047365164186626	0.5817744751401415	0.47653182312506914	0.8497586946087379	0.21488044945955176	1214.4265862519367
-10024.400095958517	9.05321297098044	0.3117572452738464	0.17614972668187528	1.6010478064116023	0.2548651255333534	2273.854901551729
-9700.084718914813	9.609963867760104	0.2565724098847763	0.20750919503982101	2.424456778900911	0.21122895594102487	2201.3419677404836
-8388.587773238103	20.22824306046176	0.5225806053668536	0.5328371085562562	1.1682737883917924	0.22857273446074897	1159.3433508878713
-9352.891761755522	10.593473473572356	0.38567399735259067	0.4607001561036091	1.5935490780727097	0.21881227987701904	1572.9876713001777
-9049.27138229278	13.461175507705285	0.15063440656615143	0.6779538326295843	4.797195412505563	0.22020122677448498	1877.4194448868816
-29219.26175309995	0.33506137440266004	0.005163394781097918	0.001	0.275310767903779	0.20460105663879544	5723.580826327251
-8378.70666485587	20.70526314848264	0.5568468028636236	0.5516740252064446	1.0797622495676544	0.22287061983033934	1122.4761069288056
-8357.981846702723	24.832126128418565	0.5625751145919782	0.6801369906012528	1.1777458560231155	0.2258593830148558	990.4851842659696
-10872.160169516928	6.279466471930513	0.3146905904248118	0.2756287842411687	1.7562213898799235	0.2137672599485862	2211.1151917262323
-8618.034989713991	18.871564145985513	0.3154735077098548	0.7278699580560921	2.269900008327003	0.2262367714262602	1239.3950806445334
-28002.87476695683	0.6493385946410141	0.013493635880980752	0.0026634248718879912	0.20718050739674473	0.24725693194051868	5652.225183668897
-10419.21076367687	7.252461982437876	0.37837255583526797	0.250934093220692	1.1891664035959533	0.23111126091014245	2104.6789336476572
-28449.28318800081	0.49873191517903903	0.005205995279912305	0.001	0.20672626992285656	0.22560636780921534	5659.1125167732935
-8889.745783452094	15.974109813830246	0.2206898681369245	1.0896260449459045	3.2998013273068043	0.22209607014817748	1423.023652689655
-9141.604042109186	11.001534253123943	0.34386420722943245	0.2999838610908588	1.722307893067679	0.2250682390731983	1805.168092063258
-13874.151044143846	5.131525245310362	0.5845056565059662	0.16110708796792797	0.10447935948162426	0.2324309754761196	2494.722022586225
-8743.718833104565	19.203659465175097	0.7134804841895902	0.4455562731312806	0.4997071018030928	0.2220980929518336	1182.1999912617935
-29241.85181467819	0.3289823616132317	0.005207453800195609	0.001	0.20684497741966587	0.21898137178444424	5726.368086511088
-28910.246460640956	0.43086208356055117	0.005206006948197183	0.001	0.1797481115431276	0.27379294800998843	5680.0212777143615
-9126.118284974345	9.108854379662716	0.09277907087595665	0.9552613633054778	7.116456034827002	0.21502033063675763	2700.6655693461175
-24138.141055552172	1.3690852316314954	0.1841975639238382	0.04797575161929219	0.0919334706059982	0.36175879329530314	4651.785877883854
-14467.187683359625	3.9925535447761646	0.2769677292144166	0.08301520902360716	0.5374243934997419	0.19748501397404988	3348.086967228204
-11068.312890244186	6.207569013097151	0.31937884950486173	0.229010837101285	1.2709291897613328	0.20245162186068197	2302.95295052801
-28439.269905097106	0.5076841805471766	0.005207600632796175	0.001	0.2545974098243393	0.23573443955222226	5656.744501502768
-8360.964990902152	22.55565180143731	0.5820801271884658	0.5766733862380167	1.0493307909555998	0.2346301912664124	1069.4820449067006
-28349.97783357063	0.6178121375745071	0.011044057489776849	0.002233898827536731	0.9210423513251025	0.16532977949901473	5661.063430340773
-9929.917257610585	8.0723528003287	0.24942400302390455	0.3199946653856957	2.560549001099365	0.2194416143606821	2058.9959120774192
-32458.48242461902	0.47446008522266625	0.005207519704629345	0.001	0.23493469149514365	0.471698586104768	5665.933520507711
-8926.823754825704	12.727931653861448	0.29152924089390847	0.37487786410502133	2.339145479292912	0.22290682973473985	1684.268541999309
-28399.881880607332	0.546622621401732	0.0053303600186810985	0.001023506679110742	0.19789577858321408	0.25404708729638625	5648.093802482468
-8544.411898188277	18.65303347786619	0.3487730353123441	0.46861853067801795	1.9774352655363339	0.22187901868893645	1363.4093178030846
-11454.051683226855	6.953125159450667	0.5057019920005839	0.2062900171411637	0.4409095964786397	0.188272725010274	2174.847762381073
-9614.984577812134	11.225328964476242	0.49357340723186227	0.36163244075408163	0.602554131016511	0.22927808742429343	1565.6127087888199
-12598.886556722544	6.1607066364247	0.8590234337594704	0.23117873519273452	0.6351319168275138	0.2223912027533769	2051.307462390961
-28578.617694954242	0.48063920787592673	0.0052077004181309994	0.001	0.10419804512685968	0.25047465912818256	5664.077190472963
-28569.509079527077	0.4687642977299499	0.005207735784666517	0.001	0.4755882618241259	0.20312356622717528	5667.72668735871
-9046.289936153236	11.621936822782533	0.314362428445047	0.3484335099294287	2.098584169970663	0.21828841768896298	1734.5797244863152
-8526.8744162837	17.15078091096606	0.3963345492263845	0.47785233446765274	1.6874220649402025	0.22459506893040787	1343.3022473529313
-25931.35757124815	1.0781424237554158	0.0952311321073374	0.022900864680154766	0.001	0.3465613834956232	5210.210287811739
-8824.960719234505	13.033472157157988	0.37571440600119116	0.39012582053787576	1.6721056138484232	0.22072732028207295	1561.8982980543099
-8765.227633377266	14.179686928009243	0.4793304488802151	0.39306956049254793	1.008477949637598	0.21373791727687338	1440.6129751591936
-8357.100612984523	22.183966702334626	0.5492684210262033	0.5628747453566771	1.1267931190452087	0.2248347370225957	1097.200572969009
-8518.756274694393	17.14699627969895	0.5237412361544703	0.41043191667336026	1.0288257532850942	0.22177485348163148	1332.9676850268831
-8724.087648989147	15.536833285108347	0.5183682644775311	0.3670189550047535	0.8215106227896037	0.23053118924343466	1419.511163308506
-8612.644404241792	15.327039726702122	0.49631443351095444	0.4473918230806181	1.1898411620991058	0.22487470364381285	1350.333705305381
-8343.944205625508	24.49644640324108	0.5914646901774891	0.6250622744382954	1.0448522472766066	0.22515148485795705	1009.9696700907772
