# /groups/rgutenk/lnt/software/anaconda3/envs/donni/bin/dadi-cli InferDM --fs input_fs/fs_099 --model split_mig --grids 178 196 214 --lbounds 1e-3 1e-3 1e-3 1e-3 0 --ubounds 1.1e2 1.1e2 3 12 0.5 --output inference/fs_099 --optimizations 100000 --cpus 10 --check-convergence --delta-ll .001
# Log(likelihood)	nu1	nu2	T	m	misid	theta
-5927.565707129344	0.0013020992035459775	0.4768396151855359	0.001	0.1226130037015786	0.10803095984514016	1112.9699008360242
-5814.087848420652	0.001302179388997076	0.45759551834784745	0.001	0.12757241655838694	0.16039776849027443	1114.1932074786137
-2905.0561010939396	0.09652006278228631	4.732266700736005	0.1284629142134229	0.18500304874061108	0.20484754265994934	595.3855507408894
-2717.073998980114	0.10434998754444107	4.9770973682873985	0.19578056911374786	0.5090394332709967	0.18588682987418956	527.3037585736793
-2390.314171021777	0.0969823797934944	6.574975151712512	0.41225595596775133	1.0205521080034856	0.18566143882273212	400.33464202769807
-1940.167301243114	0.1526845019284809	12.913410213924339	0.5146406586210285	0.5305569099909038	0.2111776673271063	272.2943388498264
-5731.814908450576	0.00278334187048393	0.7145727710861637	0.002233376215861592	0.11236148761744091	0.14972470278329986	1108.0801190817035
-1762.51530722302	0.1092494821952845	15.437754247048877	0.5247112465961453	1.099336635015518	0.1840636477325943	270.41273814019655
-3819.070176014542	0.1262812661577905	2.6543695363819446	0.20901022398798558	0.18059872428295662	0.18411879853892532	644.2960612221148
-2519.8109016315652	0.14032862594708032	6.154631886822893	0.24259414572944915	0.4216926536375005	0.2171489283035933	455.9500890249313
-1662.6102867219474	0.05905849605243372	19.170808484325757	0.6245823709727448	2.4494737274954947	0.1843889651124722	286.97153896730185
-2242.8135063165137	0.10373870076436477	7.695145925728224	0.3551338410685112	0.8320773618287076	0.1700659407822103	386.8327920219993
-2258.7145357349923	0.2089986559168181	9.332977393946011	0.38787078785201434	0.19722658723996467	0.19410858631721123	329.20193790795463
-1633.3617609798239	0.07128745928370886	19.911132096729055	0.9448660225467923	2.023395464465203	0.18316690636151065	245.01412331010485
-5662.817674497493	0.0018934519704022212	0.7520905864486148	0.0014463025462614963	0.06303060958504801	0.17305887020631722	1103.4475542398457
-2875.0240811092026	0.11089382492709836	4.711462265552228	0.18746802826840064	0.2373751646739618	0.16817639658126182	538.8223162572673
-1631.2309453600233	0.08442499634469698	22.503046524787752	0.8810540126566986	1.6860239515887359	0.1860968266269407	223.79195331821347
-4368.3543246968675	0.039425742703169675	1.7851411764190273	0.05881187116619631	0.49911852966983505	0.19089655824813315	903.8924580177279
-3902.7421405976743	0.06540811780892415	2.5990287475315457	0.056972809860268626	0.001	0.17659458483921914	818.6667565083154
-1833.3333950140482	0.08181532070865952	12.338226608648533	0.4203057273379272	1.576673896750675	0.18817472713715735	329.62215637980233
-1632.022790173205	0.10425069414403099	24.232655062616015	0.8655580125247957	1.4874348619403979	0.18620780007403412	210.24039288998208
-1653.31335334703	0.08423552245179167	21.73789462592314	0.6694787853539319	1.6845552876753178	0.1870452813969622	242.6233555647416
-2762.9084870129113	0.13022499106291457	5.1751887300636925	0.20433760745415408	0.21748576134038256	0.18669270320067005	506.83054907535916
-2782.2290449973534	0.05184050505741474	4.093941211044571	0.2210079703262777	1.9826655795741368	0.1803456339945583	587.2082294658773
-4262.514186249501	0.07594135305658951	2.0142570663277475	0.08572049322356988	0.03984098978712453	0.15375256691719286	822.2303004261605
-1817.9950176043694	0.13549150725555653	14.573977188182656	0.39835689485216125	0.7982313220830185	0.18776089832290505	294.44064907523665
-4275.544162435163	0.05890942931313549	2.00123593365371	0.058043940985727724	0.009426140349722218	0.18288825718736015	868.32208683622
-2322.803689020731	0.11058842678280822	7.166357547804376	0.2232155905003829	0.6160876993436202	0.20651462245765206	451.5232702961621
-1866.9972976398233	0.07356908497385176	11.498846280675064	0.3950552867192264	1.6535940736875743	0.1851646430485857	346.95226785818244
-2291.3197462763474	0.13259497480157573	7.669369151539225	0.6121076316312619	1.3962541918878089	0.1838470369843568	345.32568484574
-2191.3682197704306	0.02757843145131876	8.575327398159972	0.23178609544778805	2.037719281923691	0.2205694500643827	465.6839332504833
-2817.156154416883	0.10546854780269461	4.47851385174907	0.1789184141098248	0.7385432156373214	0.21166523463102954	560.6470436189991
-2230.9833562289245	0.04603486157315273	6.443771567660211	0.2673399140169322	2.723300164434937	0.19742515546249928	499.9986279616861
-3196.2904841405175	0.10109438414354283	3.497928260995387	0.21576375424152938	0.9215303332402803	0.13715137630439034	590.5574999311285
-1764.3843793133242	0.08408640963094324	14.697178480980902	0.5978431475625103	1.3865182766655741	0.18215667529576068	274.8866487625653
-1789.0262779667928	0.1412268837127244	15.52736838966564	0.43870892898424796	0.9435092612110529	0.16963547785193098	280.7692460863924
-6950.049361253821	0.0013525492417295298	0.4891585571162611	0.001	0.13152216264925431	0.4970721956373661	1112.066992537082
-2720.106675373873	0.05573503466477049	4.699230994320516	0.13866945896762373	1.8766483906970364	0.1578294242946751	614.3028641354406
-5664.674509829999	0.006721337202137841	0.8919610283010366	0.005521108421691232	0.07503996849659755	0.13786770009238705	1100.0089001661809
-1658.7323253704003	0.07486632455554405	18.297920373784468	0.8324820744416951	1.8458030127616867	0.18531997732243422	250.23672213800324
-2629.145039085858	0.10753631627578944	6.675731933038146	0.11942718771973303	0.1818195129444936	0.1834138252248817	555.2485654305146
-6021.641355983812	0.0013232849348698136	0.4528970325459443	0.001	0.21780567796316264	0.30969267044892573	1114.444749501435
-1803.2313630634858	0.12440856669115842	14.78900910781606	0.6095281398095114	0.9887094360450319	0.20643800146582908	257.02245278622
-5803.743661229545	0.0015533402179286632	0.7347467335220192	0.0011680507955616384	0.03290505052993304	0.28501546922843807	1103.0478511629947
-1772.725681803117	0.04456945966972084	11.242455008347424	0.6095428367435703	2.7934645521779964	0.18959377429767027	360.0071377312158
-1859.9223648525744	0.041585977459202624	11.0369999771106	0.32779505138711607	3.277897516164177	0.18582374972341978	420.6604097753381
-5892.106555163853	0.0013684965270082214	0.44484664022261466	0.001	0.08926430903281518	0.2583142539930334	1114.8291606521223
-3187.1607286688104	0.08720226728003426	3.7721298879548715	0.18530844171929234	0.2657751019938778	0.2206446412319878	588.9349775716512
-2597.2205966879583	0.10416912260990707	5.823753484474126	0.1581471990217955	0.38198858037851274	0.18435293084387558	531.1356540765478
-2183.3864774424464	0.0877754949523703	7.807463130302435	0.2813457016539209	1.0441521050484166	0.20022334422291285	419.08755901015644
-1945.7804051932128	0.15864110434445577	13.82917191460849	0.3135550018610432	0.3194649657576213	0.18986751933206267	318.17730502198
-3246.2448592533483	0.09621522825375234	3.563279077350042	0.17083222891314254	0.24062382583966557	0.20323015806912756	608.7959612711248
-1764.4323471270718	0.09374435101221326	16.97009918208211	0.4052958263403804	1.065104293092194	0.1905368725568247	288.71385230522935
-1874.0841651287578	0.05948548002547038	10.491923871968499	0.43911388255644157	2.26702628212224	0.1713454208327571	367.7268446887791
-5886.194110298222	0.00132359980961526	0.4937582425820986	0.001	0.13022656134655128	0.2730158713612865	1111.8987023901132
-5734.930582468104	0.001697808068667595	0.7206062933192966	0.0012764483238587503	0.1170685543854899	0.25166940214604544	1103.9200916326986
-4994.253922944626	0.04815690561009819	1.3287993381252443	0.05041264302744287	0.13412167880453305	0.2069602597087817	975.0956241083478
-2481.394418517454	0.13188067083402727	7.552774819258046	0.15863717383985312	0.10657042423038059	0.1892040140778212	487.6382946261207
-1685.9768016392763	0.09212468876074908	21.227912855758685	0.7674758515151798	1.122929468438912	0.16589588002857714	215.988231612571
-1906.3443487367017	0.13287475293045717	12.912190820012967	0.32405049688322574	0.6337934596132909	0.19798210729597437	327.89832450103364
-1713.8030879204732	0.09077674421279454	16.687530347227998	0.7099935368040884	1.4517984001482502	0.20008196688408253	251.6876742183695
-1785.593586596458	0.09423425249733583	14.711812463823222	0.4008550640100449	1.2895152607263343	0.19158301839777994	307.9451464832733
-5655.406883978329	0.0013621085333928445	0.7556990220586182	0.0010235824456671144	0.18934830605498873	0.20468469272183618	1101.996311276978
-6511.971947143007	0.001315971685733406	0.4902305529055446	0.001	0.13621952722981548	0.42757918869237793	1112.1276165716147
-3923.5884500428465	0.07088377567564771	2.4902311622951427	0.06922450302169034	0.03427472310432565	0.2255720687791577	801.6775539528037
-1965.7737432140166	0.08585987471619522	10.596309477898794	0.6586812949988367	1.4091256272617712	0.19648990576777764	304.04532780125277
-1699.8203208558102	0.043691789032635354	17.114532569572575	0.5051877510994326	3.3481704996120905	0.1775314088242783	344.98092315306144
-3592.1832803492725	0.06802445177930075	2.953486832137746	0.07360694385312488	0.21322920482684002	0.19249626861046226	764.5172216839263
-1944.9297808932436	0.08013179312568137	9.996128089373284	0.4285152416538065	1.6366912690496151	0.18929686685817984	354.152975851107
-2684.167858488819	0.10517122743451685	4.955176353394776	0.28408965497194744	0.8885906899379021	0.1903526769764012	486.2801908999579
-5598.197307034481	0.004723044290984319	0.9017395702659956	0.0036418345828747455	0.37987252254616893	0.17479661873480498	1099.0872033213602
-1768.644789418718	0.04609473377467798	10.924015735999472	0.8987637113005729	2.7466053786567226	0.1705164859380642	348.37655991004175
-1836.5312527032524	0.056621953727913024	11.361167356890371	0.4839970508353586	2.090315666561073	0.1764444567121186	345.69938703092936
-1629.5738767425973	0.036888724791635054	15.225962990868046	1.396541184185019	3.201131950540487	0.16049215258469512	336.1083162462588
-1682.6119463367147	0.06957796310594846	16.37745595272902	0.8092056661745385	1.9417001133228355	0.18718037858280992	266.0698510248636
-1678.6942943530844	0.09068424654008646	19.755251151729215	0.5771003193801482	1.5039322330807756	0.19048551333483923	254.53403874729108
-1711.3421628332283	0.0787285167810716	16.928259450781123	0.8621694233158327	1.7057953098762277	0.15424818621668793	249.40450012284327
-5853.00051480847	0.0013374669913837492	0.4760004176079498	0.001	0.09253991095616222	0.2516849927704861	1112.898637320109
-3127.2172199777765	0.06300512846499096	4.980453231828202	0.06986818783876836	0.07413625596170673	0.181373708059148	694.1041718261171
-2681.9350627904437	0.08515030811269052	5.052045566630868	0.4270263696275716	1.2134060173064407	0.19679368758861693	451.455651384184
-5680.599861612537	0.0013023150384239175	0.6832384447148612	0.001	0.1667619164774333	0.16853680756236714	1104.0313296167283
-1705.3703492138477	0.07269037399751134	17.065479143855907	0.5113349212684356	1.906870929054434	0.1911648921686619	290.8476197157532
-2288.882797087881	0.2339212513517297	9.645717315488428	0.2576117984229015	0.08019449892803031	0.17701326377202345	373.6331293538866
-1988.8579804725946	0.1744453936454583	11.709675836830344	0.3790578514489958	0.42144387666611166	0.19884685283771134	311.7608651333606
-1741.7903586855175	0.06950986231768061	14.710900926126637	0.4826334505716645	1.9616944342119063	0.19136201815676215	311.50409145964875
-1614.4766319336209	0.10379179509598584	28.499594052497173	1.3455321502366069	1.4270284218270766	0.18549663628024232	178.1280125842163
-1642.7645037388843	0.04776810779536586	14.067547634671584	1.3846040919626244	2.8794765542183223	0.1741457695290441	320.2542021797082
-5935.014528074491	0.0013174963349647387	0.6489492379530705	0.0010005894462731615	0.15538459397377333	0.31873897366846615	1105.0952791558186
-3122.8809746175643	0.07555130015396239	3.572920225944585	0.1372866609053772	0.7391596634391493	0.2099587392891291	647.0383976246683
-1776.0239712528344	0.0766238040047775	13.659864574515412	0.5274272827963349	1.6466044776003212	0.1809081106221168	301.1093490656097
-1961.7757992841443	0.1803074241043463	12.734930081317845	0.3327103816006016	0.35521473812834037	0.19777655743360897	317.4587111251878
-1656.9875754174598	0.08845638756119831	20.7267430522469	1.0135133173477688	1.4501042086003155	0.1823245117333428	213.6734438867037
-3095.675780940415	0.061253889081886975	3.474339515687488	0.26147553775368715	1.353755270466755	0.18046703160245806	591.1970565780692
-1643.6707868422088	0.07041299359639032	19.86090212832855	0.7494980575218118	2.145206738019003	0.18755694885889976	260.74149309103177
-2143.3316208131923	0.16140941639921091	10.007258292641351	0.3956253658878225	0.32638385705392414	0.20132118257484666	324.0804362058625
-5903.031696433027	0.001337149706833656	0.5880545110010753	0.001	0.19835096299741464	0.3001063793857398	1107.2984315100252
-5742.431171550155	0.0013311877352114132	0.6464980365319849	0.001	0.12400572767239985	0.1359532531823297	1105.1256174663831
-2575.6568784016918	0.10991678858455761	5.6111439507108996	0.19874113023095366	0.5341788530352332	0.19308733672951073	504.20558124256473
-1946.2227045326126	0.0401556203027455	7.711450670115261	0.5419809225813987	3.335473012364928	0.18664424719350625	442.31307575329976
-1963.3681585749882	0.17101077436617243	18.567300267941864	1.528582694553104	0.6270786772465843	0.181867573344651	166.1021091490975
-1809.310908790305	0.05525818053680997	11.001659238870348	0.6279293831447857	2.460783949338372	0.17962505167459644	345.09101130387825
-2969.44243379644	0.03344183216458907	3.2461195593456105	0.21508573295100178	3.4199895083095813	0.19074987280552108	682.4548563906138
-5856.72340122808	0.0013518286470783848	0.4284859166072674	0.001	0.11444475022494646	0.1476563537674579	1116.0681007532164
-3310.281085111952	0.07378832943699656	3.284109639035953	0.126062245097186	0.388697866082382	0.19400748064666634	672.7862330338977
-1946.1715744833687	0.12369716125266035	11.398400391616793	0.47768850834690024	0.8458411556461463	0.19095162385200987	302.61652361014336
-2470.3625100422405	0.15444038935852195	6.70421946184184	0.2607964395142147	0.2833055312280865	0.20231859592420398	429.7389289706676
-1655.2720413018903	0.07355322596326201	21.84942689194555	0.6614369001495891	2.035021027313378	0.18500322821280055	256.2131887920269
-2060.858726922733	0.10869630185186399	9.289172340467761	0.29397342131415605	0.9242003929821581	0.19597595198573228	385.0690515475323
-2636.158623960082	0.10509812971723106	5.704128189884487	0.17514669983082976	0.2710343368250151	0.18895540663664998	517.7526588046765
-1623.7814802910018	0.0866186566973664	23.237242613664765	1.0407531030953179	1.6877928928194796	0.1855157667731635	213.56442181466355
-2007.1704123237905	0.16599594250376679	11.328407593055438	0.41549075780562744	0.4619891763546959	0.193201395565214	306.2818225362798
-4954.195868776162	0.07101990844168751	1.3878018811773056	0.05757994717066582	0.06712186676546109	0.1812660078636893	943.7029369086157
-5652.777759089038	0.001342504740455568	0.7481673813416239	0.0010199716984851258	0.0012402718213442613	0.1830214492359554	1102.2050934049898
-1946.4949998659713	0.3075778424285621	14.597639870566455	0.5365907569349753	0.59407775773395	0.22106179122717043	248.94303855991134
-3002.741247931187	0.09473094129944602	4.217255136539864	0.12747111450621942	0.27903863172532994	0.1912297344670466	617.0956868719701
-1929.440522870362	0.04151914592872658	8.36360407053168	0.8929645727715263	2.735122706869635	0.1791087935214354	389.9278647381367
-2517.0388351002844	0.15914114578189278	7.7199916870037875	0.15231268602895026	0.06342925466118446	0.18923217496101652	487.4110056960829
-1640.0428697498512	0.08529291781433002	21.57514632151229	0.8012874644923101	1.6619163605877283	0.18712774301694124	231.0271894676767
-3370.1102723127774	0.18640885443298977	3.928990113517142	0.25261015075236165	0.035281477575789845	0.19359469951853417	519.8816256289541
-3416.756601718904	0.07409927775445305	3.054424594829122	0.14078025359905705	0.4567606367320643	0.22010034875440782	674.768243477518
-2181.4701021321657	0.19808422465648032	10.212274312450708	0.27113307503048273	0.1518278860112556	0.19785470753916826	363.81321834971664
-1773.342960859117	0.14777500333405136	16.912207821902825	0.4372378860416819	0.8269613341105995	0.2160300444823322	270.66827046820157
-1911.5161758899458	0.1717321344929416	13.140918741118483	0.3731759946161868	1.0079359453814578	0.15390584815709005	312.63014480942786
-1872.494458597812	0.047884419521716806	8.37775259187664	1.1350961971193818	3.1941577136936123	0.13608639741621573	409.5082021894322
-2674.731159893131	0.08205656926433777	4.889281848985011	0.16392246632069954	1.0426401444823787	0.18424018926002006	566.1397948483761
-1770.7345913520298	0.07914054046016142	14.212486409193449	0.4858970758408384	1.529360433256283	0.1840051859812977	300.4752411110993
-1675.1053537175471	0.11652045625577874	21.013313825873766	1.0151412272567477	1.2069360286291606	0.19121634586531921	200.80232049982712
-1760.5176264852303	0.10248194304607211	15.414525745785076	0.67561625759517	1.2399688018580572	0.18573365322983737	254.42356303666503
-1642.92133715161	0.1505482656921236	26.539326245221453	0.8028204255549674	0.9470673088670074	0.1927025176376603	188.325356174315
-2187.637872506918	0.13535303998290008	9.250535566832545	0.2258791972527101	0.6560926436535437	0.2481863204668743	413.7117055919317
-1720.1763463832326	0.048453065628363635	14.087614566682678	0.5829970244387772	2.7526961031725072	0.21548229184481688	333.38724762068944
-2360.7915730095865	0.08711325818735932	6.301614653922401	0.2418508391664089	1.2059117892821345	0.19140586563607248	473.2774158847963
-1764.052262072389	0.18417917807736203	17.63159527916603	0.552653649067056	0.6056115080040344	0.19542535188702023	236.653254170385
-1641.8009639361783	0.12738225746176396	26.2032331533487	0.7699581732565394	1.087368371519224	0.1847640351109411	197.60476666259885
-1791.5584185876369	0.11245882090284606	16.32768768311309	0.9454069630949534	1.0957249605860409	0.19128712467889572	221.60225830925947
-1924.35882747573	0.04061945575395446	8.567815204389971	1.1067558923321519	2.613266202539423	0.17409175066228627	378.2708684798192
-5644.099477956002	0.0013901921543676217	0.7764920651899254	0.0010229635429685865	0.10048629883037113	0.18114952155167988	1101.369288045387
-2049.7809470121015	0.05347422401443477	9.100905595579334	0.2850039970691199	1.5779044144655414	0.19078032538459874	414.25518498266126
-2328.47593120057	0.12949842717272209	7.709416835882863	0.48688550310732687	0.6993864241645772	0.18773875562067363	347.2233205710446
-2076.0464648033594	0.07175817316280544	10.548600121764212	1.422738428334094	1.4861473603994655	0.19154162715768117	272.8551468416496
-1649.7324279509226	0.11539260165362909	25.766272702931673	0.9556874547741097	1.0969048888741402	0.2166833140490936	186.29766765471874
-1963.1888434711082	0.09490602135974438	10.342495704490798	0.38732472177525673	1.1341722481836896	0.18925102800186233	345.6409986744978
-6112.921222712048	0.0013310058354425375	0.44829190326417595	0.001	0.13632544616593262	0.3347078015875472	1114.723138663808
-2166.3786655582903	0.1738683892025078	9.446143882005957	0.285981036271094	0.30818845008930545	0.17679001653788723	369.70240886906146
-3145.5723164125693	0.08067181937231131	3.753740534942449	0.1080961234700299	0.40338824003965223	0.18970067113515957	666.077287853583
-2346.5215832010035	0.13856673567951852	7.733405674032956	0.40173899740807434	0.4589197538450291	0.17559596620075812	360.8080499777189
-2433.300943465417	0.09483920787936537	6.866801163861026	0.15479565103215104	0.5611048112233696	0.19432945517835779	514.4551053640068
-5850.277108300071	0.0013697039307319792	0.984598209725573	0.0010462218551879373	0.0021474002968722298	0.3219098741975108	1097.427899110516
-5691.915296339525	0.0025560761247658864	0.7476707510906132	0.0018596986539833253	0.4226983989864831	0.221857051478187	1104.6743917703482
-2074.79558087737	0.08002270393331529	8.40984833131586	0.4087680057799633	1.594322953549551	0.18292789945026236	380.62619925529617
-2201.2257512040396	0.060410773224085806	7.133928290113454	0.4523674777775863	1.8099534038567153	0.18413812604263669	406.9671568497727
-2894.3640688579485	0.07341381658691187	5.879100534436851	0.09052137959823203	0.12850305347001212	0.23659906499070366	626.1483752247649
-1678.2029405838402	0.05142540981990595	14.022594602014312	0.9291171574442706	2.6293973031814524	0.1784657720538296	309.7669933023417
-1631.5317031618476	0.06616100028006953	19.084020627234565	1.0249132662069935	2.204425684155948	0.17990643800884054	254.24756802261908
-3580.836760152194	0.10726469672101711	3.0533841451865342	0.09482675052676819	0.034114633856726334	0.1943420899209287	711.796167400301
-1713.3601113625218	0.06682621522662636	15.42257381234627	1.2165979215418725	1.9401299917057706	0.1881511105736101	256.9893768430959
-1789.1408044977675	0.1631586299298799	16.25533088365565	0.5018421528868603	0.6236266058021875	0.19531512791372826	254.39530371319836
-3544.3235713175086	0.09356811013172042	2.8388055225493907	0.14666294059844012	0.49162947516324984	0.1491591425830125	680.2551897238496
-5807.041014091282	0.001369605563516766	0.4764698754071118	0.0010404198464298202	0.18531008990559647	0.15800170438947786	1113.4860042929693
-5778.991858808985	0.0013171817628890672	0.5475445776317628	0.001	0.15063839418348773	0.2366560455720486	1109.1365460026113
-3286.3720543170907	0.07186070158215593	3.253826145903913	0.2973638083269259	1.0060207300709298	0.2018583038546652	583.9266942115248
-5736.696082692418	0.0013230645246817194	0.553112788523002	0.001	0.004928632013105753	0.194485877977298	1108.8407929441244
-2013.789627847988	0.11548369446916133	10.024703696916367	0.31927811496905184	0.8492077132623763	0.1902385705030752	363.2047921466135
-2791.4597623913332	0.11950752334320569	5.03580344237548	0.21113245476225587	0.2702305344280328	0.16464391093534092	509.53031830906
-1629.5719232372057	0.11910302317454172	25.312743115046086	1.1717123022802796	1.3570810233263255	0.18441154744818936	186.52686313538146
-2357.016893920168	0.04805127026617152	6.003570191079186	0.7285474334608854	2.1513532618892834	0.173084401294078	424.7867598732351
-2451.1393102228076	0.14111375240694077	6.753202250643346	0.23611692368952505	0.2906246459515204	0.19913697139055708	443.8409267819549
-5629.438238629879	0.002405151713332716	0.8370124793913231	0.0018368978812437274	0.10166502190022013	0.197999324013682	1101.1618222419368
-2204.2319893527983	0.08944206649601576	7.374290178155272	0.26760627288380046	1.4874207133490311	0.21085787589193933	441.2882949482334
-2157.118807569513	0.04753337679028685	7.640282370852652	0.4845528870538596	1.8061089683786955	0.17992575322794874	394.03660203177185
-2144.973287657966	0.1769553665057491	11.600579647457076	0.25885861445966984	0.11398697792935439	0.21371423358913005	357.89197791786415
-1641.422248000917	0.03823929013697879	13.984365371654931	0.782516004476345	3.727925199014388	0.17641872675370812	369.56619944275394
-1986.3713195307641	0.17158868631921825	11.57951929645237	0.45882644048078486	0.5441918493545715	0.19842658513281902	294.3530414852334
-1923.5661819513202	0.06533698110705174	11.800996994279272	0.26503993136517984	1.8260893335075363	0.19303365651287968	395.3517313974396
-1669.0555315313234	0.03924556051530165	18.704063601253285	0.6438241265136302	3.0348386902018967	0.18559417459486252	315.2290160337568
-2018.5827674350915	0.11137308690282027	9.901360492593424	0.29370951945517815	0.956236484951701	0.19953376538744566	377.59444311919714
-1776.7638861342698	0.1613288455720711	16.404261950884692	0.5260913879798407	0.6946733511882254	0.19265123215984706	250.71261651021334
-1639.383322863744	0.06041177462199635	17.522549962522447	1.0555081378586733	2.330063745882467	0.18182951212811566	267.89799537271125
-2071.2439424772706	0.06724216930263836	8.312859894365799	0.29798298347487956	1.8375322580942872	0.19164175254214688	423.5885961934003
-2499.3383193921572	0.13960662561648404	8.402948692931744	0.1881202728530951	0.059144814781653156	0.2661315582234621	445.64605991533597
-2687.7275688969835	0.15049819490228983	6.98393152377878	0.5838261142130561	0.33798343047997526	0.22784640089127522	334.67170938395026
-2771.1465426988984	0.13795235033597059	5.308244961140337	0.17343879872944207	0.16770476124976458	0.22136319227157097	523.9153615361508
-2036.026570077468	0.10632567845205942	9.844456635998815	0.2690285357842023	0.8992473057100892	0.18999764320572168	389.40952936233634
-5868.23379214031	0.001330151700140486	0.464232511753653	0.001	0.031968884343925696	0.25467330929062115	1113.6551907107214
-1719.9680686842112	0.09019939495262082	17.219747248544678	0.4801725179101133	1.517086711351122	0.19043678293607083	282.0555413147688
-5739.5284765876595	0.0030600080817751495	0.8363641145922495	0.0023486056133729437	0.04319028304282727	0.11698659716613076	1101.774490756331
-1932.5791455208218	0.13502481302806224	12.002567851835185	0.32155517757108887	0.6829346634063881	0.19634813546324395	337.0193209548709
-6846.134628202972	0.0013300451252310256	0.6642096045339893	0.001	0.2735571259824486	0.4957984112762296	1104.5547253501486
-1771.0316715849553	0.10794174751684633	14.894386141446844	0.45053826443544753	1.3055928556171548	0.19309461743361514	293.5422997617127
-3570.4786966156544	0.07933376577095927	2.8794700770505033	0.13542367513801715	0.24975288112707691	0.1611146159949697	689.2677616977388
-1711.2853515304982	0.07750838736358968	17.142937095823687	0.6086437705536168	1.4403044369103377	0.20075157794523493	261.7923607952328
-1712.3538303542161	0.10047703832107022	17.510778215685548	0.6177680919268745	1.2002947276004214	0.19389571362136448	248.97802058026133
-1697.9283882187185	0.053913532475049084	16.071144530040765	0.6362119511227078	2.048057532757639	0.18142639239591343	288.57737671683066
-1644.630114037038	0.0697003506142917	18.57232213125946	0.8979810096367303	2.0470717367420868	0.18526424733632502	254.12559453161273
-2475.7717286690813	0.18196776075560608	6.881485342832709	0.39770967182914085	0.6072082660784858	0.23676152467656925	376.8968030775027
-1676.7970105307973	0.12726473772913519	20.32286532331227	0.7060138847553219	1.1572654086296916	0.18290820830833282	223.22237801149646
-3729.8543949235063	0.06462152394721785	2.68341000303311	0.07447177085814517	0.17212999728128128	0.186433995949008	781.872122166903
-2919.5226748571304	0.11799969202608433	5.5210543664812	0.10738347653104288	0.001	0.16436232215145788	594.8205293273537
-4216.119955748232	0.05988947530883606	1.9428665674254586	0.07191849807122751	0.41182143340795924	0.15841897181215794	856.1137239375688
-1682.7124112572385	0.1088991112422873	19.511083201108466	0.6901189338974756	1.1751189781958669	0.19203434504941055	230.09594843957444
-2380.264239731032	0.06038137099673405	5.812088456635962	0.34816996476137196	1.8930337280095344	0.1888978436713946	467.46497428329513
-4864.436128573607	0.04837576559180884	1.3489189718373338	0.05696333317463123	0.7665077176408215	0.17132768650488395	967.6981921178409
-3104.083923308504	0.1015155575983388	3.744118899312346	0.1330645370150601	0.5107729750045623	0.17996156565005428	632.7317178726213
-2101.927068344688	0.08064392693676532	8.27631203272593	0.2639309161368447	1.6858178880436048	0.17837761675669211	432.392590822666
-1640.6061053352491	0.04676025540915602	13.527656449513847	1.412299444509487	3.0277100419254976	0.17846886431281406	333.8667303113581
-1780.6565635856653	0.06913479357638842	13.158143510478908	0.5617645749535154	1.783788391975189	0.1889664112557243	305.48045776124786
-1861.4607692586187	0.16287286676923723	14.816024536738109	0.3439373760898859	0.5315607617604461	0.19320330356147936	303.09505339198745
-2643.5090358952857	0.09186006306180469	5.501802199379679	0.1479491839768802	0.4844808946496598	0.18806975675556117	553.4687984161109
-1646.699623866489	0.13766496386544202	25.095843325830153	0.7568697739529697	1.0221861882626566	0.18936763229849432	198.86978898899426
-1783.6564154974344	0.09623383746015476	14.741622372761062	0.3996488584517393	1.4105051326772493	0.19908444169494935	310.7016488048738
-5331.191322887261	0.027387636200690346	1.132808514458838	0.025652295097413156	0.11453063733785163	0.22979808371202087	1046.158825125021
-1639.2677809706065	0.0762267958291824	20.090277726632486	0.9584058061336985	1.8256917214527693	0.1855809060571778	234.95737789257564
-2611.155557504943	0.07095009753387141	5.760250642942292	0.14843182306083708	1.2484630846834825	0.26490464364544736	559.3159758118594
-2485.206286166939	0.09011452361037403	6.946851169544072	0.13186048267809355	0.551187950574195	0.19589744057135075	539.9055361438909
-1717.3527278912024	0.04529309126922085	15.276777017734059	0.4710775078281341	3.04986197062576	0.18668217989871908	349.36956007636655
-2348.17129385502	0.024107258141048835	3.886653793400425	1.2613736736880485	3.521876741562418	0.18513312388054223	648.4170439561149
-2236.171071615523	0.0976887424906088	9.290282389151502	0.17433214433702732	0.44963007113041037	0.18358570252141307	455.73042303752396
-1835.360519141509	0.14615457952818775	14.420811553911198	0.44232794737700437	0.6484667345075406	0.18959371348466866	279.9314725245245
-3237.5030464024853	0.09949575404751183	3.5964500056073203	0.12780100600070451	0.18980192381022462	0.18520672672863586	643.987781405569
-3684.1494240992843	0.08993911943389134	2.8880426706243405	0.08146936905101265	0.011196470925920804	0.20333428822453517	746.9767911338623
-2771.9863699600496	0.09515850025669063	5.181931175678415	0.47713892535194685	0.8459111303126424	0.2061461936901762	424.9821442690308
-1627.0989332138938	0.13312842295472013	27.464340493440215	1.0989106029503568	1.1652543413422378	0.1914190153154874	176.22172701624515
-2005.2567310433787	0.0750595015661876	8.996456334362243	0.3475522757232129	1.8765779717763251	0.18620927933500264	395.3323525826869
-1661.3623931040324	0.20528256458034636	28.550128773030472	0.7940397185408679	0.5671436543524468	0.19329481572980933	171.7545820967921
-1652.211107355249	0.1129796707344671	25.64792171058821	0.7820898301584155	0.9933389784401617	0.1763420435312461	195.9241472359225
-2654.715755754978	0.03971049974969646	4.137247894610391	0.37512631085612347	2.8424727435652004	0.19580677911796332	567.9885114435104
-1759.13059628035	0.06207154324429686	13.00126255854665	0.5950898966887715	2.131332507827261	0.18307042228326167	315.3942828063319
-2067.6822391597425	0.16374239962187537	13.456811129999526	0.42973678881034755	0.6455059194745972	0.30651775416571436	288.33221925517984
-2353.356070694129	0.23545239641859206	9.884968605927808	0.8946856747245099	0.6544855286644882	0.2095433835654492	253.8634335031527
-3638.093119104634	0.10072060596244356	2.901529549256768	0.17504450734174573	0.13642586046403593	0.1772517922737585	649.4437258170802
-2196.7798579901564	0.12997758728419417	8.463022021550724	0.24148506045970874	0.5224874837014799	0.18518405238338012	414.0217402875428
-1729.0011463594874	0.1225439755556435	16.89324644325096	0.5623106528588389	1.1358556052353863	0.19248795798666152	255.9736920026282
-1714.7872602420691	0.08467525201012077	16.114978442585148	0.7613302975749028	1.590335437658403	0.18908417316785442	255.8044252680525
-4470.489704383996	0.0710239196758794	1.7599444417473626	0.07677323274676479	0.20689785881377049	0.14240022845168154	867.2228217384851
-3640.467044794162	0.09018395577082328	2.8708106565187657	0.11594096173825823	0.0699930195939564	0.2141220892207894	704.1745658132562
-1991.53525118356	0.06805081917578781	9.784871816274144	0.7818141437200488	1.7455863505781142	0.1826997362212596	318.7841888567244
-5685.884209301418	0.001330192068511176	0.682867475098754	0.001	0.07703358226781981	0.16240588153954444	1103.9432776700248
-3246.175475200781	0.12893110753394432	3.799214855814384	0.14290628785812592	0.051900216065054204	0.1802601025798076	610.2858713217058
-1893.7547116397202	0.10629203517635584	13.536581193718671	0.8775704123283717	1.1070001499153923	0.19772106940848047	244.9264701544582
-2861.4717444407006	0.1554732934529918	4.852345957280728	0.1436084646489818	0.812345268307482	0.15818039378668486	567.5327977632817
-2615.5586472100313	0.04919289459814667	4.9196093612074305	0.172947176530845	1.7635383951739871	0.18549355382022611	577.6387329241436
-1863.662125222458	0.07748997117442451	11.478207616083806	0.4477337338715016	1.616239300129491	0.18596781171454632	333.37821705137674
-2209.017197223047	0.07875484615856837	7.324120487851036	0.37517379398989414	1.403778048662593	0.18438154848120075	405.063806490028
-5346.114786803293	0.01694482491148642	1.1448932947974209	0.014380794385898331	0.17024871088218319	0.14943155175446568	1063.1340042990191
-2324.5770719874045	0.15672329847173475	7.620504352274528	0.32741045611675573	0.41738779401167647	0.20266159290080585	383.864509349009
-2101.8809932839495	0.12055994918541704	9.482798827340373	0.27498689615062344	0.5561322498048323	0.18563248382873357	383.55364910048115
-1713.70941535222	0.08065584120684079	16.377622829722064	0.5384089147146871	1.6601492005511367	0.189195522665722	281.75319003183034
-2382.9127893351933	0.04625681058726289	5.446493670449994	0.26896962746930336	2.726448305495697	0.19722364385258445	528.7227209404574
-2056.4052483827445	0.03937301678718234	7.675398792724493	1.0684405028959094	2.4320968415205475	0.1680869641768605	387.9935373085025
-2581.4528857803725	0.12049676757656674	6.186637421370718	0.1810875014095656	0.23880772083751362	0.15951949594136647	497.3954605361283
-2235.2041276525906	0.1501332912572312	8.426771613875548	0.30933066700852496	0.5227212634092369	0.24001051282902497	379.42829038985013
-1892.8817708662139	0.08023746709475281	11.4550637635446	0.492449685531841	1.3281325526495382	0.18360709940733608	316.6767695359626
-4595.703411377817	0.052637297406799836	1.7165229769967882	0.056340289331618935	0.02109815958302402	0.2503943021936592	906.4886846025968
-1651.2226183327894	0.03726739987269499	12.238630536322335	0.8636963802925941	3.7322754017346447	0.18252819672685539	386.58080005316293
-5662.587094856268	0.004140411735060059	0.8096684593966628	0.0032249410751614147	0.0036535075190744755	0.19465534322757297	1104.3910112742842
-1720.8189610012937	0.04163582649982671	13.937145086810688	0.4744943432666104	3.48818669818374	0.1726179125885477	374.21221321803455
-5685.56671171396	0.0013300021152409152	0.6590113669682253	0.001	0.1305536382234059	0.17738131357824002	1104.7086830616474
-1956.6713990900528	0.10629242790179037	12.037991797413033	0.48589460979884846	0.6753064899869394	0.1996285618498836	292.52846071452296
-1670.998728718144	0.08953043649340264	19.564909186843334	0.6333456673957722	1.5120956600276905	0.18857077719333176	248.48327351689696
-1622.6769214351914	0.0549036033476837	18.91534999695413	1.0223858750139085	2.684763908325144	0.17870004557793542	279.57563548404454
-5769.314604572593	0.0013228934741207554	0.5502631629392903	0.001	0.1065352936323566	0.1462956492925641	1108.9843096513287
-1655.247282071801	0.0787869671021294	19.82344548872551	0.8900721633389831	1.6069472606825703	0.1807377299005319	230.72733741705076
-5742.844017097974	0.0013445013659271487	0.6610406268566694	0.001	0.11580652901656817	0.13323347026578228	1104.593940688656
-2949.1421407466073	0.0943112837408456	4.1392207370602465	0.16764952098746494	0.5268777973735171	0.2080617651705282	584.4706347832381
-5840.237611771449	0.004008685922266174	0.7865305682071644	0.003122485750115084	0.31577676982588077	0.2929336982048504	1105.833016898717
-5712.3207418518405	0.0015328851235607802	0.6219248508792896	0.0011335803568005487	0.13342143740281467	0.20161966937631276	1106.8392193967704
-3054.989471714622	0.14864568504355494	4.451336029023527	0.14552880724859488	0.04416004162033782	0.1856209463162165	575.379064540378
-1828.524562349625	0.053185758372024994	10.652564309014368	0.5085065775060734	2.576210544037124	0.18297685415414708	366.27995800854234
-1761.0643121136216	0.13770378197710242	16.64550667200374	0.48114084507012356	0.7937222329594125	0.1889950991173896	262.11263579926714
-1739.1602646710435	0.07355161395740321	13.506941527285145	0.7682743966421001	2.219738954959105	0.19318196567031048	297.38506081394956
-5798.026803594422	0.0013370620782845357	0.49601240876048236	0.001	0.05319166230573122	0.22642464156307424	1111.716224895629
