# /groups/rgutenk/lnt/software/anaconda3/envs/donni/bin/dadi-cli InferDM --fs input_fs/fs_058 --model split_mig --grids 178 196 214 --lbounds 1e-3 1e-3 1e-3 1e-3 0 --ubounds 1.1e2 1.1e2 3 12 0.5 --output inference/fs_058 --optimizations 100000 --cpus 10 --check-convergence --delta-ll .001
# Log(likelihood)	nu1	nu2	T	m	misid	theta
-4381.941699763392	2.345188970578015	0.05479969825213919	0.11580757348563063	0.11705296623014183	0.0036675989790967644	1830.0540462021534
-4795.023094503386	1.2854035958044512	0.021101230355160767	0.039735253107293846	0.11647308994729393	0.0015935280619595068	2424.9724575522832
-4041.1701061279246	2.769690864397147	0.05416570706506811	0.17126059751489628	0.5720166952300844	0.004689983256963793	1635.9942842322228
-4941.644737311092	1.3040141255717796	0.056622962283450394	0.09943527956652236	0.007031695349953628	0.0022716509179428793	2254.2979819633797
-3854.785605005732	2.1524854702862695	0.055766193184231705	0.2539875506599725	0.7112191028855824	0.004445829183259879	1716.823556268726
-3793.2551832327804	2.163028112518021	0.05063729435702915	0.34866434641354344	0.9186111536020434	0.0051012840182106155	1667.8127272638935
-3820.6924511710076	2.3129316264808413	0.054175043453263926	0.29258047716354085	0.7470164707144026	0.004138273582937974	1636.2667864967805
-3757.4462744928032	2.2577962986075697	0.059443980380177605	0.45663279778330046	0.6994491950010391	0.003346842883622971	1557.7705377777868
-5948.121297421809	0.3772136022046204	0.001	0.0016693243873061392	0.011450370230484256	0.0	2721.5082697534385
-3774.627427192104	2.222387275578872	0.0481957605677088	0.3872040594534446	0.9096104851110653	0.004404665501962698	1629.334106596214
-10770.96832797247	2.202402070696481	0.05805632628436967	0.1232349263041241	0.246500145593477	0.4473511179941211	1851.298659040743
-4293.527164894433	2.4258094869362905	0.0357251819831355	0.07674504382935954	0.41490120017289667	0.00465491928767739	1946.5362920591142
-3940.7645194498177	1.9317175019085946	0.039544634930439936	0.15909903516985074	1.0060907821469067	0.003075821131557776	1925.7896313147876
-4056.4107654401473	2.79630283005527	0.09636847373661929	0.29557781072963774	0.3085642700268628	0.00038630794172564914	1446.9284214552745
-3852.8744352124672	2.4825013932437785	0.05838267807326634	0.2768437462120755	0.6572590258264425	0.005104162314886679	1588.012938664724
-3729.0682687769863	2.4392710106790645	0.05772065443649705	0.5251083910014726	0.732389420610732	0.004962691249825548	1474.9129643397366
-4540.570362966009	1.3903174479402898	0.04860553075356735	0.10838646170820905	0.17376333774284583	0.002233802848389747	2208.646471931522
-11487.654979671403	2.1449641821067478	0.042067854675166556	0.2183724362961309	0.8545960124227728	0.4930487244181577	1774.1362953904916
-3874.223831075054	2.2910921185633395	0.04644968953965248	0.22155403061851955	0.8588822683981462	0.003136970289562715	1716.9936739593359
-4302.334099810188	1.816690422988015	0.04930089163267851	0.11099759911466725	0.21614785705887726	0.0055508587264915315	2010.0725013799117
-3961.036163844086	2.6554952883041683	0.07530030020777075	0.2559756555465997	0.4244356568931809	0.004271973824845177	1535.8934224079374
-3838.5828721517846	2.254581544832548	0.04538416674603578	0.2616522638113679	0.8642023794637603	0.00464846343039021	1695.0653065041492
-3983.500627521956	2.4660604659861534	0.052083920784559506	0.1748762251581786	0.6828933351872081	0.011166631292841048	1708.84498509479
-3814.2283736129953	1.9982670402072593	0.05660157397971853	0.4213838344253889	0.836503384193743	0.010901500556679712	1687.4311342932617
-3875.8935296939108	2.3371961479852392	0.06917174408654887	0.30795385058480357	0.4960568201909388	0.007668405267133491	1590.120700607667
-4042.9659671378213	1.6856185182283803	0.04743760010502225	0.15482788510594606	0.6479535249011573	0.002419241368444279	2012.4924060775743
-3678.640527489362	2.8069265335860423	0.06666180081812717	1.1666124762147743	0.6341111501251275	0.006848990267990778	1215.324106459746
-9748.590054660974	0.14429364627852775	0.001	0.0014266637546276415	0.38032263430117613	0.26707812161768396	2881.659872972248
-3763.4704168880317	2.1632385583241986	0.04818113227432217	0.4401525905145584	0.9109514864372484	0.0038166384874075915	1629.220007491674
-4391.164673785324	1.7086098914158532	0.029851502291775682	0.06269992510370617	0.33697543265863233	0.0016219707440656682	2189.274025315373
-4074.6646708712115	2.2489671191930984	0.0663616573370497	0.18538540820676072	0.31222730578710645	0.004226087220523179	1731.2064159929118
-3736.86244096116	2.3444954979455543	0.0535381174984975	0.5023055159301537	0.766045231855657	0.005942983467522949	1521.673086456205
-4625.6228857556525	1.57007140648289	0.0329100015458646	0.06246285855469832	0.07242476241161826	0.003312418006131767	2231.7503601158214
-3862.5235249943935	2.3587229370184186	0.059763310572322495	0.26426998346701563	0.6186927027810127	0.004364483138686261	1632.0116330535375
-4016.891056128335	2.4515126808831345	0.07437576743345183	0.23526490184224746	0.33361889189579624	0.005928735400650614	1607.8985468917324
-5443.485237760111	0.7789540439876017	0.011041368895387683	0.018652102052447023	0.010110532726432742	0.008370551591280518	2711.823108869437
-10421.37929799337	3.520874980954883	0.0728066686959181	0.3014030640558646	0.5031436805235806	0.43677362815649917	1325.260361143884
-3959.2347555670585	2.12719693970931	0.05774827901765614	0.19272247307948154	0.5226080522897506	0.005161823827247126	1776.2243841582672
-3839.7587828326823	2.2283571404522236	0.0411598850335028	0.2855958159883186	1.1047158173924794	0.004370206389287121	1705.061336634884
-4709.27979585387	1.3144290768848759	0.027943908546274494	0.05221891071886026	0.1350255224171866	0.001698163852618553	2372.1689045175726
-3805.620334136053	2.257946447460191	0.0545232954586947	0.3207384194376143	0.7252652423229895	0.003642647842249428	1634.0308191442505
-3793.2592613287165	2.474443148656747	0.05353041516784454	0.35070005013165517	0.772393458140944	0.004709749053129315	1550.0901524839837
-4426.991128639045	1.8833094398826808	0.0818326355244982	0.19743437718084572	0.10555303057158841	0.004203074730334267	1823.965775780714
-4660.21112844554	1.9449240161117543	0.036934455567942184	0.06578837946987755	0.002031328238058249	0.002277754623182312	2093.6010196824877
-4308.720235271249	2.330551041573891	0.041642329651521454	0.08873218927758116	0.2601098396602822	0.00297738226970248	1919.9161084902848
-3787.7374288587466	2.462691663803864	0.06512856225449563	0.4101575053047526	0.5756902265949781	0.005418910120939424	1497.6747846695423
-4031.1122400259355	2.1824373752136474	0.06334922611306963	0.19389901894384667	0.36749903644365567	0.0049845827678966234	1746.0223175810045
-3727.6064906674387	2.4511534470868233	0.054826864502237845	0.538123515008816	0.7702093297693081	0.005074248087145265	1472.925180935775
-4652.082658368318	2.4748223243860665	0.023111196526428044	0.04391527718009291	0.10384070133880235	0.004517451495299588	2100.352221794928
-8547.54678080458	1.0119338788493222	0.04370030551757034	0.14311099006432382	0.5457995343644815	0.3031368958966969	2482.519013373113
-6066.912047734713	1.4929602722145223	0.02698352720162734	0.047289879074342074	0.09167309624346849	0.13780903814489912	2312.5302977655742
-4057.508831187755	2.2189540108506893	0.05622203495593837	0.15567516745027968	0.399377566923683	0.003935656218431019	1794.745921298452
-3987.858817385001	1.7940943700637673	0.037516617691850114	0.17359011180329076	1.4800451552195792	0.002605543105102272	1987.2864489515275
-4228.9564745657335	1.6427566067335992	0.05831721221737303	0.12885659817311712	0.40612528482865706	0.004774338290970654	2044.066404185915
-4424.986946743449	1.9499285452856663	0.056319604531282964	0.11935940893763759	0.09494485641815623	0.002797394033842965	1936.5568031112718
-5903.9289065642315	0.41174837916723156	0.0017691157418932518	0.0029022356616109335	0.07287811161776896	0.001805612806252012	2755.838475335591
-4572.89856910636	1.5231641176212412	0.033861432199138355	0.06551345155201495	0.12724174383758427	0.0021197346394044143	2241.6921948521904
-4913.60991021267	1.242615380032129	0.03461156042279399	0.06187993604197496	0.001994687696180285	0.004416392284118839	2377.7183782847515
-3737.5429064807095	2.670653805764525	0.07122798855797656	0.6288043628842346	0.5185426183334609	0.007155795331777948	1342.0044545174228
-3687.040664234995	2.8106015857823063	0.06707748265002986	0.8345846032108089	0.6282432076936202	0.005821755069611868	1267.1233185441952
-4556.55116033586	1.9047380111209962	0.03664331373348747	0.06720377991136438	0.06740978024802999	0.0034850877497750255	2101.4553139527843
-5481.185461761117	0.7210218205486363	0.00873326793337743	0.01459465139441244	0.06881769491689387	0.0	2735.374316771738
-3776.514271856467	2.2147810497656772	0.04682099857840079	0.3885380954909755	0.9339306529878684	0.0040117670277986075	1635.0063206772309
-3979.029816584931	2.639543751498786	0.07619393732843127	0.2584642699179085	0.3791174927041141	0.005228204298530626	1535.2029009829432
-3754.67921760957	2.985946918132732	0.09268307285104668	0.6813754582846795	0.5176315075261595	0.005881879608886506	1232.803148541912
-6746.505376902164	1.1247890380282173	0.014915183113450175	0.025724917088269204	0.10228756415926615	0.16520148714883887	2534.07668150877
-4833.24589692655	1.1840829993911948	0.031508455376602386	0.06079663941284064	0.09173801201185003	0.003425507255801971	2418.6788338948186
-5831.384909348119	0.4690147920168806	0.0022254513212776814	0.0037909268694666354	0.1091783248725957	0.0	2755.3173529525
-3702.632194088482	3.2110519514144986	0.08639510732406082	1.007135422572009	0.4438569169978185	0.007725040871667114	1109.9060816485699
-4495.401842011425	1.6286466660693473	0.037391057802146646	0.074827048460361	0.14332252812555657	0.002298082287209657	2172.6510527511678
-10417.64164118416	0.4157305608992514	0.001	0.0016456130777205058	0.11585016870717899	0.3413966004540944	2707.809676988422
-3945.845600439176	2.362963765370007	0.05793791743279597	0.1925253677095573	0.5867994851064099	0.005335084372108744	1704.7542002472178
-4119.858096651803	2.0434033667322034	0.07146084853673257	0.19949174077217816	0.2739971337128246	0.006288437745760003	1775.9507146583314
-13485.510582774868	0.33100374875198035	0.0010649322265931895	0.0017227034505957004	0.10332177408141806	0.4895486587552405	2743.06018657268
-4088.7945049652703	2.161566534082224	0.07643625535466526	0.22178023169936464	0.27689991611487275	0.006393000510860077	1706.4168469562878
-4035.9354421073203	2.7805055530386014	0.07162301710734116	0.22062092860777116	0.38081853656086173	0.0060031238824561454	1545.5487092180183
-4302.879608095184	2.860433682228225	0.0655164313445154	0.15605899482357688	0.1810300794767907	0.004123756303794467	1623.1958547123022
-5388.872996126389	0.8011778334188435	0.005717056400821055	0.009762270551929169	0.3327202591207294	0.0013361617269258901	2681.0693930020084
-3890.527188257945	2.2980488327770137	0.05237977223332686	0.21868724687329472	0.6838471393541983	0.0045868414748220674	1703.8578015009166
-9117.89785673267	3.1016218788140977	0.053886945145783016	0.2607553319260318	0.4835811164929834	0.3730417411751339	1451.6861569472428
-5410.404678708577	0.8638301241392189	0.0058190194160589155	0.008862448062738894	0.12007429675537247	0.00011387171138121729	2655.04459604547
-4082.064816250474	2.095715737649575	0.07289536644761556	0.21015615634652146	0.2971028062976463	0.004491566852232536	1745.036919457574
-5937.3747303558785	0.4017933825793276	0.0014311691655910811	0.0023346236338165835	0.08320028040147018	0.007149871836490802	2739.6109227497795
-3945.7649674544696	2.3243490188100204	0.07177548411746282	0.24009788761060755	0.4456009422781197	0.0048155750745931	1645.9583802061854
-3907.751768797197	2.5043652884195167	0.07256366510576996	0.26832419069477914	0.5632611423086782	0.0013463781857301483	1571.6037868466703
-5624.52630391825	0.6276654770112992	0.0061770042638539914	0.010396709662846674	0.055227360567879316	0.00016483056490869454	2766.677280743676
-4145.284418090829	2.239557455360361	0.041996448775803295	0.10724572823524742	0.5123525515879688	0.011441917464020719	1898.434048978646
-3745.565601171106	2.4418029122229896	0.0565526728890494	0.46168651884996204	0.7333432209375811	0.005245769580124573	1499.5847284496715
-4116.30323758759	1.3433373875218095	0.033234537869308044	0.19314587415975315	1.3092301595254248	0.0012136319597874415	2230.831964874475
-4023.3572002354417	2.264617320006952	0.0630631496051193	0.18451519713093797	0.39503689777516454	0.006205205692179025	1733.0398269854825
-4675.602604514722	1.5502817637990374	0.031560418071387666	0.05688477273048066	0.04885072530936069	0.003126401365145816	2256.037730322343
-3879.7791215003253	2.4439647255510533	0.07470013000933082	0.3263561344380284	0.45737546876317375	0.0063522728144675715	1537.8850980995544
-3838.8442964877045	3.2072141624085986	0.0832321761171645	0.521565125943514	0.4520812113654816	0.009091691269922146	1242.241112064781
-4167.599909879916	2.3600362468870153	0.08038275769142834	0.20463935162753663	0.2038898259790184	0.004677121974925209	1658.8877936645863
-4880.968043051836	1.2290513126392193	0.022143370958203793	0.03854865726814319	0.052983931494074356	0.001001399975329128	2449.493567750943
-5996.1432266852835	0.32756385675001265	0.001	0.0016094142707341083	0.08690043761448478	0.00018716446872923834	2738.2957399579545
-3684.1066915145057	2.9328560685341807	0.07503017554474249	0.9240216759661461	0.5487467257876608	0.006310682235928009	1204.5295645582405
-5027.427422875651	1.5598026809619852	0.0316690557868671	0.293588392796807	1.8142879836269905	0.10534315764866674	2081.3345125323444
-3808.7969273072954	1.9287156499252307	0.04469773686597408	0.3733033641830903	0.9721619641900869	0.003464719137494291	1765.1362953696246
-5892.984999389512	0.41779818577265326	0.0015421177666516822	0.002509810183164974	0.0754736939829317	0.0002810343236599622	2739.2846739892884
-3882.7937260783624	2.4921630336005838	0.05619931980280467	0.24289562231863035	0.6732007705485684	0.004625042875544643	1618.2055655226031
-4145.50441683497	1.8409023229974457	0.04448927964170038	0.11407423246278045	0.43146732637028806	0.003230228104103616	2005.5730485397137
-3750.65443763923	2.2586636915814946	0.04974758006796439	0.46488239975504836	0.8677499928177196	0.004441817070781045	1578.5045455277475
-5666.050301153299	0.5944545663589866	0.005624984689526157	0.009485656455907125	0.10855283717244414	0.0	2778.5673577610373
-4124.614078168432	2.1136184460705207	0.06397660062432099	0.16259395967211324	0.3084182718365536	0.009881927095585651	1807.0534977983348
-4586.80315988802	1.99382114849547	0.03224109614670355	0.05931375721698795	0.059265322526818015	0.002723404097326187	2110.472661283147
-3855.784118294299	2.7833012875686074	0.0860237193866886	0.4283150979724478	0.4243337039551216	0.005175511075048496	1375.2960051713278
-4509.921729965827	1.5930467626381992	0.03525201244438382	0.06642324897561455	0.18609527687912517	0.006874731294664403	2210.4154178911745
-5368.43838112352	0.8473457102055497	0.0087953895088512	0.01402246263518589	0.0023452033977589652	0.004356375127329701	2667.670881410228
-4385.130249230591	2.621077126640469	0.033896317858551926	0.0723932112880221	0.31186689761075426	0.0037137488856810326	1925.3573553487788
-3840.3232051067935	1.8835461043734194	0.03938902588447006	0.3314513502611514	1.1511274837297873	0.003656038793546383	1825.8683128444466
-3776.0010586214767	2.4486924547018862	0.07125863832316134	0.5252977926589942	0.5128719617087195	0.00408647924778047	1441.7365432111253
-3711.039930057977	2.6288219926177896	0.06463626146345333	0.6372721272719017	0.6309212182812614	0.005033373634848242	1366.5746229498884
-4421.639402940261	1.6271805311065348	0.04308714035831778	0.0894585775977631	0.1870653615474292	0.004739109004588128	2133.8866354111697
-4314.219857222636	1.7531586476542946	0.05693921865619379	0.13151575244177818	0.19542818716738478	0.003522332225144155	1990.6668667148444
-3760.38808167312	2.1377365733054763	0.047918240282489935	0.9107541429938706	0.9491380806330432	0.004121702714795652	1538.4033756669924
-5703.336995824465	0.583988254088269	0.002847183868134892	0.004655785923007405	0.04122702058151235	0.0008979193234350183	2723.467486022079
-4331.192326565234	1.8656805010139543	0.06026270999953967	0.1464296136887095	0.1554888366454883	0.0022254211483621065	1919.048934717566
-4087.212079228252	2.4200318059263775	0.057788267572029726	0.1554390324728751	0.365187528591649	0.00441178236269334	1736.2275116543187
-4431.493941918635	3.8020271185881773	0.1827428766952746	0.5582685262594287	0.10253766984434597	0.005218847496015492	1064.3591719049214
-3812.5655285925704	2.2094232989724905	0.05919002038025957	0.3412700766450301	0.6574038544443311	0.0021795898158341355	1629.4158916526335
-3811.0665881621403	2.3938752135328865	0.07386800713466186	0.4036230581680362	0.5328359935363224	0.005697734477905639	1511.6440850456622
-4628.4829129491845	1.7539834245319832	0.039279402595023806	0.07449609380488799	0.02597351566400322	0.0022294246231780506	2123.772478730921
-3781.194445178038	2.3751217697187186	0.052997871873223246	0.3741358489248777	0.7183125430223268	0.0040725352055467805	1565.0761315257632
-4699.601164464558	1.4064020960425274	0.022343859111645315	0.04055991191601144	0.1741271420327131	0.0030172077464613338	2373.0322552309003
-4057.384334851453	2.028742213854938	0.04379808119850742	0.12367211911490095	0.5770620323926358	0.00625111103994589	1926.623678833894
-6920.784529358949	2.771118035820167	0.08018595840302055	0.921454083889847	0.38066870656537716	0.26487743910009515	1222.547077323968
-3750.404008846847	2.3197361575097943	0.04929424061563764	0.47952490996374936	0.8977723509506923	0.004383543059394321	1554.3957334108775
-5702.125558868903	0.5694824140675573	0.00367376377772493	0.006137325029014761	0.08602839967913564	0.0006640366492359949	2751.7989445093544
-4278.034799241385	2.2841383517317104	0.07863910646106435	0.1678452373806323	0.15362571568543104	0.0038192419179286664	1729.7706087862293
-3957.6288280544036	1.8723738604642963	0.02731967015412322	0.2050597064491062	1.5605559934599147	0.0037165767533543334	1949.742052244322
-4533.927348654615	2.697195855285252	0.05006244619226562	0.09757054732374305	0.07100757364963434	0.004200225960960458	1803.7668412193248
-3724.738830596564	2.7147268552618167	0.0595601153394167	0.5871262958967487	0.705983014896696	0.00599379839708011	1369.2625241944706
-5372.850268522961	0.8124966234982082	0.009392674276250509	0.016291312082343194	0.06517134045092118	0.005779814792514028	2689.738840196682
-3707.7831311237132	2.7437828603950707	0.06133500402650754	0.6705678205506691	0.6730869087894007	0.005867784079997338	1332.5422100257458
-4065.7177379770833	2.049699628697927	0.05075459673040619	0.1318953165521855	0.49458288182263854	0.002540271310418541	1894.8488940051648
-4158.843855785058	1.7548654152250744	0.0516629174368915	0.13689746426299199	0.37051140055007614	0.0029624222290858537	1992.2914055781307
-4432.715470526361	1.6756310061493784	0.04845917720021493	0.0917546740687423	0.1722169743851431	0.0015045880906020372	2101.943326686327
-3837.898237133873	2.0271087486499635	0.04748482283588732	0.27060652499955323	0.8489041824649465	0.005301964590911001	1768.0396669418524
-5939.3114023761655	0.5232436522212761	0.008499618683666527	0.01456324528684055	0.04027139730238541	0.007752761616815226	2886.942314242281
-4388.682191104778	1.9670871475197098	0.0856840926194448	0.192458290950959	0.11091427439105588	0.0035169390183138445	1793.4354778140585
-3985.3953459740947	2.348287555930554	0.07147851315091855	0.2373011969528524	0.37383579574816034	0.004776806625361911	1639.4124646443051
-3690.1537678259515	2.604818283390425	0.06191582279495568	0.859490826479844	0.6905664640003953	0.004726806117544842	1330.4399065332498
-3860.3115586034246	2.892061708363235	0.07514731624020274	0.4336274919985214	0.4350330008897877	0.009339251011739904	1355.065190754545
-4021.2734427885625	2.183412969273816	0.06637301177901543	0.19357802210692845	0.3842290464168496	0.004850624989567376	1743.4346623969466
-3814.0335447739367	3.048534467213955	0.06635416416084056	0.4646798173058626	0.6190409543562132	0.00830304000215659	1322.6807895983209
-3780.8017753778254	2.1474589529659887	0.050594691686255425	0.37040969279903674	0.8316672236506395	0.004181024692539403	1657.0519342902421
-3814.4409603683994	2.1738617141740604	0.051865246795131506	0.30083392767146294	0.7902809336779254	0.006114986035982262	1683.1004372780296
-3936.067978663025	2.0383598015485753	0.04070474733690357	0.16044012840214533	0.9593179331582021	0.0026027514519781064	1881.6217182667092
-3797.4691954880773	2.125917786363721	0.046027384124270945	0.33261707902621496	0.8973919107302621	0.004181048555839003	1695.3020725427323
-3853.980982480426	1.8981760882115721	0.04451981349541556	0.2639690373993266	0.9478435893358403	0.003663382810673633	1835.9833225507443
-4316.764693977509	1.6303330961804565	0.03631225417333509	0.08142273394144685	0.3614822372340432	0.0029734290052039762	2161.6607618549724
-4528.265244357042	1.6001669965461598	0.054682129198541436	0.11610038780849996	0.0957788955181829	0.003403156033542718	2081.8083585978843
-3802.177066174425	2.7245071163769152	0.08244464352374646	0.580396547466798	0.41536042621464486	0.005658786906393633	1327.1127174885214
-5752.956832680972	0.5380548923930571	0.002426288016311169	0.004012800942026769	0.08275347498613869	0.0001290800783739937	2730.2928803213413
-4704.220850963078	1.4094643753035787	0.02632163321865013	0.050096346852506	0.10152136719900068	0.005656050954190967	2338.2437887819306
-5034.582425512028	2.3585067765856653	0.04185801045242023	0.8285652995298984	0.9310569538218432	0.13274424443886595	1469.8704048615753
-4047.365186589265	2.468119507096878	0.07073972500419223	0.2142491332590227	0.31775404045829175	0.004680496941306692	1629.0469706813733
-4401.118018716956	2.5473605547959313	0.07101708351437296	0.15343295985144725	0.091552432156564	0.0031866838285896024	1689.8815819265333
-4588.643899404027	1.7061550055044885	0.03916330646809622	0.07382896937262627	0.05460449429224096	0.003208913502848765	2142.7115960168253
-3815.6386655496904	2.303379763329941	0.04976792226045524	0.29592935898931977	0.8242235376384855	0.005654742562282368	1646.0659399902054
-5188.7494166176175	0.9468395125230598	0.014693131449239139	0.02412043326846897	0.035274603603258306	0.0018717733914281637	2617.5718299401715
-3888.4259948491544	2.3373010562892746	0.059776174328673805	0.24724952934255073	0.5717808149932265	0.003958546300530078	1651.6731308230983
-3968.0079229800986	1.6354277147002978	0.03377193191613084	0.1959766701892416	1.3485306142410318	0.0025566818939285986	2048.3058335056285
-3778.8418725882093	2.8658744640392215	0.07586837353972307	0.5252382866725227	0.4992735776142682	0.006917356947249048	1323.2617731335292
-5998.76589828664	0.43789885079048796	0.002326702183598064	0.0038328514238613145	0.1104532071068992	0.021222687828899627	2771.8405363257066
-4177.474537175768	2.007651191935515	0.0643728318240056	0.1624832193733613	0.24341222031743223	0.003734149162933503	1841.2148207330458
-4098.502918134419	2.640652665437435	0.06625399186811502	0.1843614179454292	0.3175950781671156	0.0042664653610649675	1627.7747294478606
-5998.307710147443	0.35348400788484036	0.0011558603668036485	0.0018771710048768062	0.02635805392104764	0.007819273427506568	2740.7563510859322
-4099.41824952685	2.099630497312588	0.05620846248966616	0.15283576976719218	0.34052936120878646	0.0035381516753779023	1835.1131473737887
-3935.6032164633493	2.2873029021263442	0.06385876503136283	0.23071891423216856	0.4810955706886935	0.0029933092381804554	1675.4962880530811
-4319.521125832599	2.5343644583051907	0.055144002851270815	0.12346709351026135	0.16915711327627636	0.003849625207445013	1767.8887366761492
-4078.151106278683	2.16727557516809	0.057842917200157724	0.14770105352369609	0.39359862648954513	0.0027826804995500646	1821.0881731685856
-3758.1266967148626	2.235202998170559	0.053001073812298516	0.4429366906945298	0.7404197781842207	0.00388519993845689	1581.9091799826688
-5644.288887691944	0.6088376149498447	0.005282935889715578	0.008875717057065299	0.0959870885288901	3.976616220869517e-05	2763.843874043948
-3927.776697582664	2.092712669750343	0.03726628727060429	0.16862511138660008	1.1057413701744452	0.0031742674389075923	1862.2969308933255
-8674.469381377547	1.7246377852731527	0.10713248668596738	0.3495429424356257	0.1377253691466632	0.32268874851616636	1754.2615579171388
-5483.939660607636	0.7138178419174956	0.009164045514665967	0.015606632196362763	0.09679701805432624	0.0014727195072947255	2744.261638691966
-3705.0672791315283	2.4697067368438215	0.06241603344083651	0.7195791828241485	0.6584574526910043	0.005856853191358618	1397.3850780410676
-4024.564859444984	2.755916229126016	0.07136754773348827	0.22335688356289274	0.388411160097954	0.00590137468490228	1548.3774687491505
-3834.7520569532708	2.2223126817159953	0.06154301595959861	0.2956283287053421	0.6695273899781706	0.0030402119581547124	1652.413824411361
-7263.545193989685	0.4433116490073418	0.0050680197338425935	0.008958418282731879	0.34619024131210413	0.12854587538441378	2887.964909143347
-4594.527654094946	2.3138493999243805	0.030045696612084758	0.05726312773120033	0.07513050849886342	0.005865887655358399	2049.769258189501
-3745.094527019395	2.700792395710781	0.07242743239366968	0.6373842051501322	0.522938636497206	0.0018735738375863593	1330.63475671796
-4315.676603771829	2.1428020791859455	0.04942155521161428	0.10551022828345075	0.18030851212123405	0.003993351909845341	1914.652449638787
-7990.544980000778	0.3747229745188119	0.001091730269116556	0.0017786043300316732	0.07409927612349135	0.18545247171426485	2727.3073848079694
-4193.653821098116	1.8183339923216497	0.05966771094451055	0.15394301909676447	0.2780159816519715	0.002240047234947519	1930.5372909318392
-5829.366407873004	0.47460898418893704	0.0023159329008748007	0.0037734624430680905	0.025793847874645823	0.001386823753472267	2751.7201943354025
-3748.6658992879557	2.522393482400842	0.059745851528207834	0.46708610779938275	0.6833306923029949	0.006578454657636517	1465.6930701456188
-5712.123575215951	0.5567980824887654	0.003589101490470908	0.006014479712644837	0.14880736987580168	6.952246640002668e-05	2756.3749968403695
-4123.038310307216	2.1009332195844186	0.057375430658835526	0.15559956483476098	0.30991845446070004	0.007234395591282495	1828.5524755868653
-4778.664494170488	1.3327020322331034	0.03183778401156041	0.05988085897057735	0.04271926966676471	0.0014840919906817832	2340.570861735137
-4194.810086692178	2.8167479171046477	0.05976232872446079	0.15263474787790865	0.29765105376395024	0.0041749476103070905	1645.7562242587076
-4021.7200209416956	2.1020286480525248	0.06665975199993562	0.21416148972071533	0.36987805465507967	0.0056878984263912255	1747.0946998599184
-4513.023734761941	2.461948709713281	0.08758290439558161	0.18740582173433107	0.04741835198323743	0.0028968596546564596	1643.8848778593335
-3838.9064408090626	2.1398136515353436	0.05928616467985023	0.30456250064813295	0.6334992831118796	0.004583054999019483	1676.3083455355682
-3926.2564651357816	2.4114056772018815	0.06549912209763582	0.2411682177400762	0.48521728305345907	0.0061544842806628645	1626.457643761153
-4119.209409203329	2.021751497919074	0.05471880406818667	0.14466013650823906	0.3366011830130135	0.0034723332034189403	1875.254117765329
-5203.360209609859	0.9409327872870621	0.01226743556914613	0.020947701445919228	0.0381689166204609	0.00016433080477562453	2625.1963124332424
-3701.304316165331	2.7342028010814445	0.060405585100902645	0.742402557491088	0.7169865453905374	0.005338351544885117	1322.5841254973357
-3800.242158643844	2.141649011504818	0.04684545812839644	0.3338472808111945	0.9677180279645312	0.00456764197632096	1691.885695121081
-3734.805799188203	2.2960893301512724	0.051890094258522416	1.045521944739807	0.8527165423051063	0.00424823198876698	1437.7889692353122
-5074.782492074525	1.085770227358992	0.03474828475797289	0.06226445096680271	0.0019536925702054414	0.004221681088254062	2471.011632028233
-5848.631233460639	0.459168339793081	0.001828150170933794	0.0029682787691194612	0.007259091595140856	0.0	2736.767023507397
-3889.866532305027	2.629249628853625	0.07812350184895764	0.36965212617800647	0.40489692441923175	0.004642581229977743	1452.6286553444706
-5932.474246678886	0.4108886529414353	0.0027274812892781235	0.00443463873417505	0.09661374840007625	0.0	2805.558328008962
-4578.0362793334425	1.5605955370102758	0.03182228754680302	0.060943689083238994	0.12334114371733032	0.0020613130228690933	2241.5578514076615
-3797.348746991972	2.5937040871484394	0.07079302857859797	0.43927337269022126	0.514265783394811	0.006807901227203824	1436.325330800281
-3786.0930027493914	2.9552679659287633	0.07177151623692274	0.508930399342322	0.5393119579197091	0.003849436980025905	1314.7333581822854
-4741.6787134897895	3.5141626233461336	0.022320487620383904	0.04207352278677196	0.21072859818792952	0.004859534487240036	1995.406243689715
-4148.035387631247	1.9615482432308555	0.05145681942330635	0.12591376000910287	0.34999989915616797	0.0035742411546438695	1930.9459951159504
-3772.5311920169615	2.310909380189018	0.05137341265269714	0.3799637658080648	0.797287978141453	0.004722702390825613	1590.2003611517391
-4498.151992010944	1.5361048754609685	0.04629267673656632	0.10513740028619861	0.1409824448895747	0.0013558137994332505	2141.2646589143415
-4666.187414151217	1.5137068379191236	0.03378501437610739	0.06243719310430496	0.05569692460164168	0.002542991552959064	2252.2876788978974
-8040.120922990225	0.41203431928478923	0.001	0.0016484884711323027	0.11218927970620617	0.19108672679218308	2709.0461831494927
-3861.1757177496584	2.2648774783788928	0.06347711759528593	0.2962657388801717	0.5484862878376309	0.004081080131902438	1629.9499211422697
-3787.2378856589075	2.5690831893883965	0.06776261955504712	0.42372991037662155	0.5623233630646172	0.00646913758295788	1456.4454320407283
-4057.592329398153	1.8934739196640353	0.07585808379449005	0.22378853669202958	0.47823956154764646	0.012839031441164871	1809.9374563149056
-5223.368094562906	0.8478738700515134	0.015407050174897824	0.024987824484359426	0.27707973906388217	0.0010109376982175425	2674.3926623223992
-4551.986900421495	1.158636486426301	0.02966678366681222	0.07071808045658096	0.5495475187165393	0.0010396745180622326	2431.8616229398613
-4085.0567364477884	2.002954385892073	0.05890762363359408	0.1521935613285695	0.38389032795757605	0.00402245685536193	1866.6103163392581
-4099.755815122116	1.993978164296243	0.05285801716465992	0.13964978365565647	0.3853949052046107	0.0038360564060208827	1895.9117690312687
-5952.224809892323	0.3658369211068793	0.0011396106259543774	0.001847694099105255	0.1056402818918956	6.772998643391159e-05	2734.0417912974826
-3921.717166704409	2.4324800526425943	0.06813579581065658	0.25482392572134915	0.46978071187016657	0.0037525959372267147	1604.4082114534879
-7728.342372268991	0.7170156975208006	0.005286978434291301	0.009059442703695414	0.18149902649124114	0.19888328211147982	2712.1020793763423
-5762.356519413623	0.9456257350383288	0.010007708403881264	0.01749230594215058	0.1594962845438643	0.06851071454524772	2627.3597874273196
-4645.834590420823	1.6367902090608275	0.06096326498617466	0.10585071734007093	0.04348417967223784	0.0029090270876655326	2073.1553887928276
-3883.1536450531853	2.169728154083404	0.05349970253416082	0.22432765524418108	0.6814790706785454	0.004202536560839564	1738.6527066592541
-3779.1625515566357	3.0130591846604395	0.08041426104714854	0.5476506761937792	0.5474966068228813	0.007389256868081917	1280.8188502750036
-3761.237360120915	2.396210517511075	0.049332196281096884	0.48042253322165984	0.9425183574759983	0.003725556648532563	1531.7112164631712
-4314.236128615528	1.9625646224333413	0.03843476134450796	0.07973035295600868	0.28751434504199563	0.0028370010100663558	2047.434012916565
-5835.758114951965	0.46529723110644206	0.002473361132495683	0.0040767002418676665	0.10056155243989798	0.00014624805753805955	2764.069287411633
-3755.014368221718	2.397472741670356	0.06126909296119498	0.4442744072225732	0.6820490321860755	0.005420848726976253	1512.5906637648352
-3762.9480187359636	2.401611030944668	0.0605908528059075	0.42462245129612103	0.6695364895541106	0.004493512930185608	1520.0312542093302
-4266.959096598693	1.9163865202867256	0.09443587076426	0.26299572286349454	0.19594484363067993	0.004230295692675	1739.7702449445708
-4355.649382954591	1.9773500632685141	0.050534427248518816	0.10843449833672313	0.146687704627915	0.003815673800801473	1956.619727491406
-3828.0864964759535	2.895421275029384	0.07662701602192172	0.44419887562423127	0.4776214700688031	0.005063184619323398	1350.3195861317122
-8151.024933814342	0.5411216796324795	0.0032213226404588396	0.0059687319463869095	0.1553245164892353	0.21035614518613946	2764.964137592781
-4285.432258408256	2.1046707011495704	0.060659957002624366	0.13321938199269656	0.19375362336540172	0.012849146930012097	1857.8098400670674
-4126.056801386409	2.934492458690049	0.10608233991781213	0.29677871196529715	0.26060180822984685	0.0005673058052470875	1407.4860664587222
-4401.137912649911	1.593489401026778	0.02951432530960238	0.06230867092033448	0.37494654584855663	0.0018809332075388405	2232.056663802797
-4424.73227916488	2.0518651223794775	0.04939357125800388	0.10071676839134067	0.10200578469411922	0.003102591672291957	1951.1214971537001
-3948.8503552150946	2.4697343250045622	0.059996236186626244	0.20419994873029026	0.5476752290318299	0.00427726622245951	1657.4542907457362
-4069.169688920395	2.3206492708234303	0.05891165941197565	0.1629113147214091	0.36393744175906234	0.003625517548317692	1750.3297902739866
-4643.703982968545	1.664257107972426	0.02791656570230708	0.04647730042870566	0.12687126001523868	0.005218364450597057	2257.2328474715077
-4346.737099735173	2.4075995856577554	0.10109415933401249	0.19008997119914756	0.15904571480682378	0.0019070537880951316	1645.6818888249595
-4402.389123791998	2.657724539454487	0.030181900778372947	0.16574408265264798	0.5657076983819426	0.0288834829175722	1694.830517076424
-11846.8178001628	1.957653690718157	0.08230891954474281	0.22220832825544146	0.23063209290777942	0.4973023763369312	1772.0310066747757
-5727.264830169344	0.5517608131539552	0.004203191348583659	0.007069837077088925	0.08941614523688753	0.00042133893603373327	2774.567888515612
-4280.888796266584	1.8249256252964003	0.05243296169920909	0.12766821128928874	0.33422844963488046	0.023203324019374055	1976.2926884015762
-4025.9772299768897	2.7119690154741813	0.06126719102045495	0.19400655181448354	0.456375061414251	0.005998034954524332	1605.8958648355085
-3938.8853096625644	3.1084385608083154	0.07186653317429366	0.32529373949574625	0.5124413950320693	0.005674556585538633	1381.7882731051898
-4169.432545389131	1.6456353892593631	0.0303869068395371	0.08267216391601688	0.8540678367893121	0.0037943853250566725	2170.22221390854
-3992.6346350156955	3.091903800733201	0.0860569275394155	0.3421625756722526	0.35263325044251725	0.00823134034050325	1355.9258677463965
-4026.50217910289	2.001857494150601	0.05913675233739763	0.17360544114628607	0.45542871302972265	0.007675497961141299	1839.6348880797495
-3974.1039613356384	1.9759043519259245	0.04445680251371901	0.18412048840893575	0.6218449283419778	0.005861856834656699	1859.7994701797015
-3730.7491101743763	2.437699960967487	0.06046450541040752	0.5260755664983131	0.6881736588010566	0.005735665227180712	1468.634588441694
-4557.207710132706	1.2782934183769	0.04706952615999419	0.11530429523387682	0.2513794490030775	0.0024893115310418244	2271.976716635506
-5014.9087187310215	1.0404528085626081	0.016172542449170036	0.029707363495481223	0.13471735119473233	0.001583622738423775	2565.187719859933
-6472.408951628314	0.37502396544533734	0.001	0.0016003551269449393	0.12047553899622292	0.06296616383815509	2718.8648718683003
-4143.211038635597	1.9912403878328702	0.05777480812960086	0.148164732172223	0.30082584031666465	0.0038532467727260228	1876.1603380085203
-3883.918488998467	2.2319410979031047	0.0562589471773667	0.23355028091781485	0.6335353834906642	0.0035589554531329803	1704.0434686764604
-3776.990974254429	2.491690810487988	0.0621357953850478	0.41041532901826344	0.6213076723878723	0.005438432149069765	1494.4772521091193
-4009.436456628344	1.950431199941312	0.027763830971314366	0.4629943456998691	1.8572411965994193	0.001391658129989259	1842.4166843719365
-4283.4039485889425	1.9580340211081768	0.07251748706839684	0.18014777621059724	0.16288293333870274	0.004261571329698012	1825.880667664095
-5990.346720635872	0.33427061692448684	0.0010008577649401576	0.0016143336267921274	0.0010091075879989002	3.3421247435886956e-05	2735.564242059993
-3713.437655245925	2.4397281620631412	0.06572866988140927	0.8314291840755282	0.6052118550197736	0.005200695810744779	1373.1974426857105
-7843.340573868547	0.4334209111472478	0.0043788841093654945	0.007199407651841677	0.09208795532260793	0.17246567402239724	2859.165765647019
-3701.124639973769	2.580188070737259	0.061793570696546604	0.6938645111632396	0.6792692736352045	0.005538686510502685	1372.5955868893975
-4190.44480263444	2.1004106670187577	0.06634751301074292	0.17984429426681678	0.2188908418023303	0.008163511863779928	1783.6114957654543
-5111.991867291051	0.9704039062822826	0.016280688414955665	0.029098824791545668	0.08454197701474489	0.0004757319396295409	2602.0183326782417
-4070.582627228848	2.527648711895974	0.05848225364812035	0.16296446165706788	0.3972311268453162	0.0053946678289527525	1696.6642503639973
-4322.972083767366	1.8982530115028322	0.041176985127226506	0.08890625828575016	0.23250116878752816	0.002823911600366841	2039.1999353969716
-3730.191883693901	2.963541947840295	0.06917804029103848	0.6381752755379017	0.6050979241689343	0.0062783087229902265	1274.4381197382145
-9547.485993305465	1.131575187315444	0.023453438404266613	0.04069029014149996	0.01586398858770464	0.3462376317623025	2489.8163912107652
-3710.565143383978	2.475499625817038	0.05827201160858204	0.6327888901852459	0.7172234526808873	0.005024842545556819	1427.951709208885
-3771.0283934812455	2.609630359119297	0.06436859059238698	0.44059592941526127	0.6047960815501986	0.005488671785353514	1442.6010509072446
-4244.970429974595	2.0322798350571745	0.04047775942440108	0.0911710122611286	0.32801839159742463	0.004139327700161102	1994.3937910132045
-4230.353163382815	1.817458661560661	0.061381151561851206	0.1573744285819903	0.23798298405963805	0.0033006208678999023	1923.478933655185
-3894.093553285327	2.143261444755487	0.04852839930011568	0.20153320658387844	0.7704267515724493	0.004335580855059351	1780.1083035593133
-3837.8520665290625	2.303008002262495	0.04458755202581945	0.27653489891638583	1.0083874470752938	0.003934981244594754	1676.0782759803785
-5765.415294982131	0.5453620510679776	0.0057119723055600894	0.009595568511549324	0.06511089394739766	0.0010089351362233708	2812.143686464902
-4001.968583457007	2.144209096668685	0.058640884676839804	0.19144062920854196	0.4325083664276511	0.0063214681546417285	1768.348840104327
-11625.37453997925	1.6843753927203176	0.07221365980807816	0.1389501941204115	0.2462011230918315	0.48039752986820256	1990.926980734066
-3912.840863937245	2.3658141610507477	0.05401794077538876	0.20515292343138336	0.6644880878494209	0.004587426666558736	1695.6311666236704
-3752.2636914334594	2.4463403720397423	0.05915859380712809	0.44783727151835695	0.6929082622071789	0.0058327621259929765	1498.4480982668256
-4128.771288972266	2.5575280027341654	0.07373509510215273	0.22796392266242319	0.3120410952715504	0.02261020963365934	1587.1814050718233
-4172.352348687791	2.9467741543901	0.07302695803820547	0.19543154787400702	0.2696635239752541	0.005045327367726047	1538.5941292040304
