# /groups/rgutenk/lnt/software/anaconda3/envs/donni/bin/dadi-cli InferDM --fs input_fs/fs_023 --model split_mig --grids 178 196 214 --lbounds 1e-3 1e-3 1e-3 1e-3 0 --ubounds 1.1e2 1.1e2 3 12 0.5 --output inference/fs_023 --optimizations 100000 --cpus 10 --check-convergence --delta-ll .001
# Log(likelihood)	nu1	nu2	T	m	misid	theta
-6682.243707404375	0.0012449241789267269	0.4770309525128613	0.0010007893704704726	0.015472852337802715	0.08900782590681496	1540.2179158345264
-4055.8125282681444	0.17376605755732222	3.949118708956064	0.1299806156792104	0.0046851600936661355	0.030668399524068725	839.2504531668261
-3027.7975283791498	0.15281810882231636	5.973697614990819	0.31077921100411404	0.47449823956546494	0.045090993904688285	593.0034594793169
-3206.08476997205	0.06948024402054917	5.2187446194473965	0.13804576820395179	1.353853183905798	0.06706389138919466	812.0896900176974
-2352.1695068523723	0.04517087516497226	8.461221742543346	0.6189019100693591	2.6576725309944407	0.04208843047659611	544.5118964241974
-3443.2751226511127	0.08014835005674756	3.866549347577839	0.20764516862934995	0.7972428315356745	0.061256968399321356	799.2760619479612
-2635.0652927188003	0.07182174816207387	6.818517880988828	0.38523593133420553	1.6649200611621024	0.05557883527032519	583.4213528467901
-2933.668186688157	0.15497997949451042	6.807139997239509	0.285791175417077	0.4066879616099194	0.06320880199291135	577.2595509470885
-2299.7552090871623	0.07365869821104433	11.349672022961132	0.8695125426696855	1.7492769574577935	0.05299111806940588	405.94897406908245
-3351.819394558496	0.06239461323254429	3.7734536520491924	0.20663330170313562	1.4574288208437223	0.0614991071597018	828.6205111306451
-6501.924695637808	0.0012384179015105814	0.710176741556219	0.001	0.10368583195385447	0.06538381545079763	1526.7668984185616
-4022.80452719581	0.08459321125511879	3.111183679075944	0.1168004460436842	0.2653856574823795	0.05730226132948049	953.931560748697
-6598.548562798917	0.0012510435529446123	0.5021080560201524	0.001	0.20065113709826266	0.05018467404490804	1538.1793955626015
-2541.646468091967	0.0590809482551099	7.293022342386186	0.46372562948708157	1.9264525954181209	0.04515317396061334	560.5899246190334
-2732.1193135250073	0.09482063615908276	6.650017689231886	0.46265738490331804	1.0567075367794834	0.05587442064941402	537.5990077874667
-2343.139958242128	0.03446453470022441	8.388739678532653	0.5332663112229622	4.022698672030105	0.04295439899543631	636.0981848127774
-2475.0585373640397	0.08350791783732141	9.610288404981489	0.44516113051917733	1.4015184000898695	0.05490357378325653	482.78712050094305
-7220.854527448447	0.002026102001136488	0.580787757025179	0.0016689420683019278	0.0724636844030652	0.19735147018175087	1540.6306047111414
-2594.4241343365234	0.04522016193005157	7.794474083381323	0.2995692967601023	2.703747837124182	0.051405191146362675	634.9524233690671
-4631.892714523172	0.0690545554951306	2.4352392216771355	0.06657014587104072	0.10200257581583527	0.07264368145623112	1122.8406492999816
-3340.2497709126565	0.13702347750769	5.141525334963791	0.23613910826017473	0.19641788595232576	0.05605266272318808	674.2814539849049
-3163.708666222641	0.12143971335508395	5.03737797472885	0.29479671127383045	0.5627349462135546	0.07107307305342214	651.2630854209978
-4037.8794973351937	0.08031450135878043	3.1873821727708336	0.1120286395210666	0.22303840279905834	0.07576438091682311	956.1676705706955
-5863.356082843471	0.020361982178866735	1.4340735402079914	0.014822548688637383	0.04220786501565041	0.0529720354973693	1428.4488614311456
-6554.234059553485	0.0012386803937902648	0.5733030428560403	0.001	0.004083549198072871	0.04941400868876937	1533.3926431287907
-2988.729469391957	0.14409306476729813	6.484346818353218	0.27778192391705525	0.3718683771876145	0.06189877399903505	593.7231397634631
-3476.84477664893	0.12576566841017392	6.343344657404163	0.15877756300851678	0.004425193974235061	0.052196935203858943	706.9928236555724
-2779.688297743026	0.08724549412053656	6.19257427443505	0.4873942997154738	1.1589333170749043	0.05832512430535721	553.3647969555054
-6700.24594449002	0.0012387271349271053	0.39041722226292924	0.001	0.8047885729400138	0.05525163603551204	1549.2037093558586
-2581.2169761423356	0.1720021829727506	10.689533372864707	0.4691837558002914	0.47486452289723813	0.05890752401736461	414.5965782545454
-3420.7047203489333	0.15768590401938104	4.671514166876883	0.42465326057313585	0.4004459201587166	0.0682390210866326	604.1860482692995
-8983.987258403391	0.007622526859783801	1.0238448693167066	0.0065682324847351125	0.18950526340132917	0.42458703591642954	1506.946458099775
-3723.823170538693	0.07730409523653692	3.43138582332494	0.12557603840959924	0.741140309729416	0.062130343246218855	921.83583468434
-2255.846072753987	0.07407291808310106	12.380987261954617	2.0646152281596244	1.7974690526289034	0.04568083397470207	364.32434776112933
-2346.362931580731	0.05895472560127204	10.67909479050094	0.597231970117566	2.1694901168525638	0.05312458546472823	470.9711625100217
-2535.3533526404217	0.08886277810529664	8.90242901307296	0.39610499677984257	1.263793458201158	0.057489484520699546	506.78433048505224
-2478.639831507484	0.07859741689092896	9.60520126340565	0.4215229753977226	1.5647371850599305	0.055947130423588315	497.05931877755415
-2498.3953581172445	0.05108432165928654	6.716470301145282	0.619196263349293	2.2594387339485933	0.051090118511453196	573.0620524408607
-6296.856769617087	0.053656601777144375	5.538387015451176	0.3876121954717141	1.626315993797861	0.48632708379549205	639.0717174720429
-2945.2095517149514	0.13112821102305028	5.926369902241813	0.2782492297434565	0.7477219216924879	0.058679119251329154	623.1985907271006
-3338.0904237988943	0.12511621901049275	5.020361129603453	0.16266217807643457	0.3947611136500264	0.061365379766403	756.2457416796619
-2677.534991037329	0.13260748929333038	8.131433483049594	0.3973571178030416	0.6530468902072536	0.06276511556974249	497.01393486232183
-6482.755414094398	0.0027168976943132933	0.8206667723072443	0.0022383688495988333	0.001008837478804956	0.0714065419526976	1525.7795974269582
-3739.823728639274	0.12538783075483778	3.5052197778987852	0.2368449471677567	0.40509204078939004	0.06551448173326825	784.5004989193066
-6358.223566385795	0.008017495055277012	0.9757773963639931	0.006909003444198737	0.0825249064862093	0.05704540234831731	1511.6620343875215
-3258.524613537639	0.10059860773374407	4.934733206122573	0.17920886416441986	0.5610816199677504	0.07045009830257858	750.3569875420383
-6312.337731136408	0.055606113632621794	1.1087918143296172	0.05816478456656642	0.011964987959283545	0.03764740364119241	1399.0747412282951
-2617.5178867021828	0.1503620307317904	8.76081507965591	0.5726853390024885	0.6735854136029805	0.06344659958346997	430.75849941117775
-3555.9125367826496	0.06353215789951137	5.899179174188026	0.1513780919758822	0.11870687309871426	0.06896607609491266	749.2652275982928
-6430.983296248026	0.006884412497972283	0.9435712482693738	0.005962734344213973	0.08269935012239271	0.08161931008152737	1516.5186624907847
-3530.713686091975	0.12948716885165357	3.949543060215414	0.30859926231775753	0.5155926785851527	0.053003720509278214	707.9893571475883
-2618.9836714146477	0.1536081796786663	8.349262714943617	0.4914322039982224	0.8342159962026333	0.05868876075000551	463.8646283760538
-2902.3970361072406	0.14996051856968806	7.063419820354179	0.3843285392481052	0.37482827548545056	0.060398244176920926	520.8246243972967
-10009.887376570696	0.001250077091742083	0.5505339577918108	0.001	0.04808020645227479	0.486464580596019	1534.7555772750086
-2667.5935522519817	0.10035311498192176	7.550534614299116	0.4182195862658049	0.9034449277878458	0.053079218041664274	517.463152446551
-2257.5706695455833	0.11737613022931458	19.14290799999418	1.8108843375592947	1.1608791064549424	0.054098860354091324	254.00218986560705
-10184.16585299826	0.0012379127207874775	0.5352179387588529	0.001	0.03920380860309645	0.49873941769304686	1535.823621873327
-5714.343469566703	0.05468113815272774	1.309497298375581	0.05988016892489128	0.5014228299004918	0.056433425315948436	1339.02932950198
-2317.4871351733373	0.05753395347681433	9.690550191358462	0.791163672575281	2.091515653611203	0.05234204921458192	464.7346474572129
-2920.2079603619923	0.20480591365996903	7.319935431761365	0.5799216761696439	0.4165192708754002	0.0525714268719669	449.3878879612752
-3186.4262124825345	0.1575949400544498	6.405813215565543	0.17990035329123	0.325226663702732	0.04803834686634741	675.7723787864375
-4835.140923559535	0.05992041262858158	1.951405441992102	0.07096868839827664	0.5191610592972296	0.052677194952454924	1185.5124656156918
-2485.731772236126	0.05040947125515599	6.162988237485823	0.5352010092416778	3.134079519151285	0.049097771658599555	649.2020560087619
-3710.5973225669113	0.09877859486895534	3.852235974954973	0.12763561492224976	0.29829243838975494	0.05920764355389596	874.8377539913372
-2379.4500375929238	0.1354735149125378	13.097285631624272	0.7688233100832603	0.8452182326191252	0.0603907030421488	340.46441021321294
-3713.244340085638	0.09115321078955166	4.148020424797985	0.10684698711367219	0.2738357303962844	0.058459530208341486	894.8525243396299
-6708.036220108765	0.0012318120739723728	0.6283276341021287	0.001	0.08090452394561685	0.12039351678683906	1530.4303152535117
-2977.556871156244	0.10668048383491759	5.905648949303911	0.35917795903223104	0.6304543559872151	0.07578162673541664	585.6287930994787
-2964.201706137001	0.08335973024321941	5.128528728278618	0.30664325927403013	1.2424977943497926	0.06074074723212194	667.759237479874
-2514.9977159874625	0.1342948028699484	11.51426851988662	0.7358078433637112	0.5637645187299886	0.06510053886203233	353.1786273955466
-2381.2159539426725	0.07402542200159906	10.75809008922472	0.5840573776342765	1.6048843376475275	0.05107216353825155	441.59149218799894
-3424.6706555694905	0.12706808547465	4.490325672091618	0.23404320910409615	0.30596062975092747	0.05506351412080375	714.1041989342011
-3372.3611952606607	0.16014241697501247	5.009001465825079	0.26155157894901937	0.19804480566943086	0.059357650860118315	657.6733248539671
-6954.274276083053	0.0012409429215192275	0.48688156143409334	0.0010019297455765087	0.05358451193049766	0.00239897357245553	1539.4523069417141
-2346.138918980535	0.07188468849266876	11.82814484493782	0.6307198744144658	1.7900137940946528	0.05068860528960617	427.1765137218379
-6309.8733756788415	0.007769774663112236	1.0183175964087423	0.006758093075424745	0.28081076092164914	0.051352228099176014	1507.3666489502957
-5207.345234602317	0.03429735052164138	4.8279739143208165	0.6497162923624884	3.4655526339852094	0.41593516933596364	752.9132255125061
-6680.715323044155	0.001702235858750234	0.8861289388038542	0.0014023636606550582	0.2590617603322847	0.13449953031935713	1521.5542572954446
-6328.674562929341	0.1395258093129454	4.959468932575124	0.20168395113198906	0.2070193395846683	0.44867583684267737	711.5366425188996
-2408.86136166044	0.041769723453158686	8.351463587223227	0.44629559105918687	3.2394516674177503	0.04824831701770294	601.0260115961594
-2423.7330540010344	0.10269570510574966	9.809206378168174	0.7327340578939009	1.287314452117642	0.06011454282845796	415.01020328153356
-2672.2570719211185	0.0867181283682151	7.77054928482894	0.2925833994809795	1.251039513927833	0.05716327102839411	579.8188030029138
-2690.3784345941613	0.11530343591643814	10.60978073237963	0.29607874755686625	0.6319843517085071	0.06507968162230816	501.329940049989
-2440.0788625716555	0.08879279560108246	14.060771875024487	0.5028611407901082	1.3703321546358986	0.05649586108853236	405.0581533682793
-3464.6759716126535	0.16272442615898017	4.761186054994467	0.21981082563067317	0.1661390209423866	0.05851403551755276	699.8150574796522
-2259.9478987214607	0.0609006107657624	11.135636095026356	1.0688946962378731	2.246602114899036	0.046444751943384904	433.0957987054379
-2927.3899002123517	0.08487840973289314	5.372475587784579	0.3125341057130561	1.1658038041914527	0.05599854394672106	650.3545159001387
-2531.603171014139	0.11594524282174841	9.02969054591029	0.46098657684387384	1.0170128078987537	0.05637178794675146	469.71432696443077
-6821.346953160833	0.001250118428868689	0.46303730346222255	0.001	0.16237723250728175	0.12249810775586209	1541.4142706944517
-6774.137424039471	0.0012320248992757738	0.5693796511331946	0.001	0.14289723717902228	0.12824512336051416	1533.678718013911
-2549.1555125158343	0.17364242998839277	10.889705085466181	0.5390097611996527	0.49974653862091056	0.06196985076969713	393.18004929058657
-2293.2205130772372	0.07105491276873459	12.781051517026572	0.8165680862016993	1.908598199860065	0.0520210564782493	400.38758182976017
-3933.0498155544665	0.09456916881002135	3.51279967547868	0.10459487429775172	0.2014756363907653	0.059894782550243324	937.1588259015972
-2779.112469893267	0.121026079662186	7.593669648071508	0.3266867806732485	0.5604945465608944	0.06235888886081365	541.219560610477
-4501.496351475414	0.07140092153246091	2.267021341506349	0.17952580731029608	0.6244139525884862	0.09509979559810355	1003.3972629084045
-3683.8100389677957	0.08138751106295924	4.235448777256639	0.11247922529232435	0.238002079651615	0.055130071061856516	882.6364853302526
-3170.737508296356	0.08517826580908494	4.991577199457505	0.18306016892740593	0.8644513206023331	0.04813709251826992	753.2481579820513
-4424.195624004688	0.06934094492203417	2.3452302201033137	0.10397148759993094	0.5271603987066085	0.04212141469540669	1068.7857600265102
-2530.931255173823	0.08895292313779858	8.422842814531037	0.5051057288867012	1.196730767080656	0.06045235343282678	482.831422327977
-7455.340047464704	0.0012379016429888254	0.34651182462478824	0.001	0.2054217732413862	0.2089154108874533	1555.1868255596492
-3814.0475358564872	0.07788228104988494	3.783843643803032	0.10459769703189996	0.26622663484552744	0.05233490798360604	925.9689632851826
-5495.19047965572	0.04371212276180833	1.5157571300346302	0.049911267628848385	0.12058242715279006	0.059727835972002825	1311.6723695738865
-2574.6215806148016	0.08464160182782923	8.547802022872137	0.3638247434996973	1.5251225536925175	0.04079845209379556	536.0232653328927
-2591.1046032880104	0.14115408865717366	9.531108510087753	0.3808288238571093	0.7491520062819012	0.061556452022485775	475.80286816281006
-2384.449449382245	0.04982504631459784	12.854710212916668	0.591930132570347	2.865113132228824	0.048764665230452434	478.93109167275287
-2381.622898278112	0.09241898325773046	10.762179592681303	0.7177047020929117	1.2855911075533597	0.05512812113335799	402.90444065897134
-6520.525118053383	0.0012597228061014163	0.6458738464081215	0.0010027064215209186	0.041063477320261534	0.05819381272058907	1529.4817799515963
-3089.860550435571	0.0906706597743113	4.683214312242082	0.2513176561582156	1.2777101114828315	0.05507229801970487	720.7382304318998
-5764.821452223485	0.019065260634304946	1.465058830389097	0.01762598823534526	0.1278963722497107	0.05921286851949259	1417.4249894612142
-7040.36047168431	0.004065447635920797	1.160785405519616	0.003380565389261601	0.06262582854754256	0.21805040851605115	1505.7141189664985
-2877.362687380882	0.13023962473451534	6.748773841564898	0.32418518416104897	0.5181122463273078	0.06493331547469096	564.2453850345292
-2786.1623776842675	0.05543436252211401	8.626407124071514	0.20483048712210117	2.2684249271071697	0.061371372533302444	659.4758087237053
-2386.9379453520933	0.09289772576692035	10.388202113967857	0.7091209470810437	1.3547049151988997	0.059551820901510163	413.06296698453957
-3304.3499568830202	0.15462354899700959	6.452648477629029	0.17691638076236677	0.0905838791456348	0.06498452186697545	675.5844193767939
-2263.330202133073	0.06382547174389687	10.9970823603386	1.1299209466496107	2.089275407507653	0.048844650917732504	421.96719693496806
-6447.35997326969	0.00412126111659749	0.8885101541220395	0.0035064162789339866	0.3445716010131762	0.07313805947476709	1522.6736241078372
-2409.6738433337227	0.17961933324992724	14.572384482338215	0.8892183371622117	0.5634227499895912	0.06134707832497835	296.54127452538864
-2959.600926690475	0.11907443846790583	6.865989597398796	0.20220703536274764	0.6686123910921211	0.05154561028133923	651.7102793350333
-2679.13800202053	0.09970795980446644	7.57775698106303	0.3569449958690764	0.915500673246197	0.06343627033006637	540.7322517197606
-2369.8412347436133	0.11325914150737862	12.028779261693398	0.7471523861059733	1.0866313381600952	0.06030113263568593	368.8318153124284
-5179.8131910338525	0.05268536854828666	1.7137124769658556	0.06425951134651144	0.27281092902697424	0.07151823264415623	1242.0292538872231
-2266.745148180403	0.07127811088210192	11.826825611855972	1.2013663381552435	1.8057512713135067	0.04911120717965561	386.06387593268295
-3482.944740690723	0.11180445918027022	4.70607647839476	0.1344847086477147	0.3496137891679056	0.0519908062109272	812.6103241820794
-2414.277999070286	0.034340301110296303	6.082512325785231	0.5995877713537845	3.477290354974592	0.03461059978476428	682.7750468816596
-2476.3101972108707	0.13031569937935794	11.585664042608782	0.4686486102259126	0.8531877961829166	0.06109253193619662	418.180490662782
-3944.87924544274	0.15794487017575587	3.3625736400918838	0.18599839112748845	0.2260196221273716	0.06941738566070599	823.9704622563204
-6595.367477089807	0.0016671447092171847	0.6838611289583281	0.0013669241219046472	0.10133613119880093	0.09405850982804594	1530.4381030246323
-2404.3848614990234	0.18134175844984504	17.546334117051906	0.7755691846787154	0.5802516798344215	0.07204551793260389	288.12121155250117
-8999.7830663212	0.0015773540204935582	0.8088931176088059	0.0012804635752895973	0.16458254652259702	0.4126602414702595	1524.1162304710003
-3168.9816748257267	0.18415722681985555	5.326304058937641	0.2623340640618852	0.7042606683567205	0.06807110529362406	645.3872633709916
-2296.0674337076425	0.06076125855438717	10.078017177334887	0.810245494621242	2.2305726997768573	0.051261851543000884	462.3755639734682
-3201.0229127646157	0.11102810317548689	5.477495627536654	0.20555499835792101	0.3615468036392091	0.07046519390775458	693.6205523943495
-2347.4821179001015	0.06337589317343777	10.138413719241877	0.6764136422721745	2.1044046416299067	0.03746572610886922	465.358275630102
-2270.21232333939	0.037480383811114654	6.866455634602349	1.1949829126053297	3.4955314302378775	0.03825213086450906	656.7857911154312
-6536.631964790407	0.003521595488215401	0.7542420039057913	0.002956074677570596	0.08722189999894105	0.03813187923324085	1533.1076907860026
-6417.517647946233	0.005254467261813389	0.9085334718665635	0.0044064933091066	0.015565090670212523	0.053101322703305	1520.6330475968562
-2296.2038837774776	0.0840610982582991	11.97731663938462	1.4645166502043296	1.4989406207090958	0.05220463402938087	352.45619102514223
-2499.9426374402897	0.10525513902534235	9.586554395577473	0.4591181132260182	1.061888647171797	0.060328416667445185	462.8892627323757
-2523.502373042733	0.17293678341318244	11.440860845642609	1.3336942754681245	0.849365290434381	0.0628963397977033	311.3590685759073
-2533.8119703645325	0.10947691029960879	9.22784726745978	0.5447606304852839	0.8764205479703449	0.053236070080484255	440.55326878027944
-2257.008945988101	0.1003861352728019	15.621996555660063	2.0826604225717706	1.343867391199624	0.05079327865065946	288.7639107491091
