# /groups/rgutenk/lnt/software/anaconda3/envs/donni/bin/dadi-cli InferDM --fs input_fs/fs_093 --model split_mig --grids 178 196 214 --lbounds 1e-3 1e-3 1e-3 1e-3 0 --ubounds 1.1e2 1.1e2 3 12 0.5 --output inference/fs_093 --optimizations 100000 --cpus 10 --check-convergence --delta-ll .001
# Log(likelihood)	nu1	nu2	T	m	misid	theta
-5584.36323605862	0.7240952872528259	0.0012072521492146532	0.001	0.023612371927336544	0.17239203260781708	1440.4662489578382
-5690.587139437774	0.5065871787495618	0.0012099441197271972	0.001	0.0670973480223843	0.1134426479475684	1451.4605709421917
-5586.046660936272	1.009374283554282	0.006827236711751102	0.005725166596035056	0.08241088208214965	0.2361854980419677	1424.6953840025633
-5767.0686792182705	0.6107423651235971	0.0012850586299518578	0.0010497269087622713	0.0790243066636144	0.2537288803360178	1445.6761591400034
-4316.952085276602	4.286018262464359	0.09269235264186086	0.13634211285553344	0.6193849726101386	0.16777138349235143	793.7585484340061
-5548.909440497206	0.8759830532439622	0.005221663778722742	0.004630693025568673	0.011022304613846413	0.15506780955218785	1438.6639934579275
-5076.075375411937	1.6316826565632414	0.038483420428268925	0.035284179054103165	0.06677318116987782	0.14133121569152093	1251.1629866513863
-6539.965358249996	0.611507526602108	0.001207354948805344	0.001	0.2703914252316395	0.41406804648808493	1445.2594653557508
-4939.011597754636	1.9986436201485798	0.05151587542017127	0.04703985045427857	0.03623687065849688	0.1419652331946181	1164.30946444273
-6799.9593173410885	0.7058777561923555	0.0012081625993794552	0.001	0.30258054090536823	0.45447743765651216	1441.174280938912
-4738.218750255236	2.175300897180026	0.0957618491030805	0.10531482739058337	0.32803420598955585	0.15883201577632347	1014.4391426328053
-6144.652898476674	0.6718748288721861	0.001120750669601852	0.001	0.09141535154655926	0.34805735857339876	1442.8587951067927
-5600.665582498832	0.6298041116515298	0.0012067197066456255	0.001	0.2023476042917055	0.16255858831417117	1444.368210809284
-5526.301840297848	0.9075530722628747	0.005104856738131241	0.0042797058980143235	0.12469884275876814	0.1502202527262627	1435.2586760089641
-4490.21881697252	3.361092999375318	0.06644586461203988	0.07251576199120899	0.35890467421331385	0.15604584529502732	973.6618104805785
-4177.745279586655	4.040412115934254	0.08605817984995945	0.17250893154502422	1.1749015855789366	0.15997359204260556	776.6415990394744
-4612.847229171384	3.6977685286424347	0.0766326818649902	0.07472549461567315	0.10131502038868911	0.15537175162941483	942.0194406837929
-4475.4946789786445	3.2838689210618917	0.046611301511406626	0.051806192816927624	0.618333880311249	0.18188173547285638	1050.2498514432643
-4124.95724089046	4.110298056941659	0.06766502451842213	0.16868745801274812	1.4864855419473995	0.16351719665947187	788.5602197323232
-5600.461364122402	0.6456787969056269	0.0012105023601440617	0.001	0.025110081972422406	0.16937729110007912	1443.5981896709861
-5583.460861938765	0.7085951095938543	0.001207622436237175	0.001	0.13634798138328122	0.15007456178932382	1441.0498872631858
-4110.473419150021	5.207569867521196	0.07109335798115733	0.2679048373999848	1.8067054558982858	0.1575350806355514	664.2374470967524
-5611.979696889868	0.6571788296948848	0.0010583021792242367	0.001	0.0014211106613420317	0.16195177175157535	1443.735608521584
-4900.027251169963	2.085348040246812	0.04227250592853316	0.038759470029713854	0.052080586959193806	0.16902239175039135	1184.0602562911877
-4157.029678074483	4.066728284655533	0.07296248402761561	0.14000814083929258	1.295306916521709	0.16326295488071482	817.3921294995314
-6518.943534187429	0.9149604032489688	0.005166250384143173	0.004350910544157898	0.0867684741410818	0.4232378331986765	1434.6199095561797
-4766.979496534516	2.7222767707826274	0.06914038936937669	0.06254535672737717	0.03100308015216116	0.15715260529441932	1042.2068240310848
-5206.74027115939	1.5236677994487706	0.029706553774120258	0.02730044479648271	0.10231448980759843	0.2281764743395963	1293.5942789258336
-4104.605573838022	5.001634510641983	0.06693006037999251	0.14564276681885394	1.8211601867993623	0.1410338781513437	773.6387482202578
-5595.470645787296	0.7095424687435807	0.002127579587116884	0.001778034659342912	0.2821282382004898	0.1768378162821184	1445.3401263101405
-4253.758018660279	3.624281549450718	0.08148509546968297	0.1417536787618948	0.9125833640201753	0.17127665518248564	835.4794849880791
-4600.852430351698	3.4328333461952885	0.09354590567581615	0.0913289411386057	0.16572815039595526	0.18147942373812234	914.4200909939681
-4471.558286674633	3.7228219489951013	0.06756539599482564	0.07605031418903492	0.33861769147966797	0.16491559342528747	942.689026805605
-5594.222362169809	0.6577939413259343	0.0012349182359706848	0.001	0.1334722220027821	0.15940637507668726	1442.9777537745656
-4040.4499032033186	3.956099584911631	0.058261271522649566	0.2498789249175365	2.2071254460096568	0.15983789046327992	762.2452353380221
-4563.532564908708	2.8634577125882466	0.09993702924891512	0.13223785722858428	0.4501799620581412	0.2197962067323483	898.5073416424688
-4398.672673468176	3.9315560592937517	0.0616136450659142	0.07211808301212297	0.5246411606933995	0.15552898740329113	946.0071771232278
-6218.637111330124	2.6282347688409167	0.07077314407518712	0.06790956624457567	0.058243371071689885	0.485122738200086	1036.7570941515337
-4177.685624404937	3.573342065760612	0.07685411610157797	0.16998847601306494	1.2656164770471054	0.16562402822019356	816.6883892159966
-4516.116732005878	2.721907892803986	0.06051862077274778	0.05793935089733364	0.7275518861334276	0.1528623869584878	1062.6256276045078
-4242.358131746997	3.8438403290094274	0.10079373390388187	0.20450795647729378	0.9506661338216327	0.15677310567106537	753.4864638188895
-5703.627623702473	0.3999029792410897	0.0012068096607593063	0.001	0.07848167912942025	0.14060018312583852	1460.9820821415162
-4384.398988097271	5.285490506180684	0.0896081297883652	0.13411977295415548	0.6842621693130211	0.22738383100765952	753.5234404251363
-4162.024984981529	4.523938375862647	0.06799336020032949	0.1189499680267918	1.305291019385448	0.15623389025083984	824.7750752211069
-4281.588685280575	5.124749999913892	0.09166639270225839	0.13455342964933167	0.750510288184888	0.15369001205881377	759.3360087787221
-4196.20438488329	4.227677527700488	0.07733476497316918	0.12825199139381022	1.0870935670280515	0.16011158132802333	819.3499205331082
-5570.16682372918	0.7738218591344712	0.0012905719092417105	0.0010704160204256222	0.13436767404493508	0.15119198178396676	1439.0678021979313
-5135.83143390162	1.5170692441878937	0.031216370176122856	0.0273464453815818	0.10212576603474709	0.18312544347279297	1293.0498813392633
-4963.988563164877	1.974797992097493	0.038453616171180885	0.03172040322414708	0.04245548257924089	0.14137175356653636	1220.503368177787
-4621.309261077828	3.189430750704542	0.07814920610732426	0.07903120017870015	0.1436208204611212	0.16220487566156155	963.229351763688
-4055.768028635576	3.813868356854702	0.06215934132287941	0.2425286617636225	2.042034374792118	0.1597533529901854	770.2170160263144
-5599.482575715609	0.7154740992935741	0.0012092138492317249	0.0010017933965245783	0.1323237591008155	0.12950326290460862	1440.80630551038
-4402.046216237834	4.280097790462333	0.08852399126074875	0.1145365500562343	0.4127702746363802	0.15799584074447492	826.3443506167462
-5467.237583410932	1.017780798861305	0.010269393897482305	0.008832224814495653	0.07039922436621178	0.1546930243298977	1418.590127435057
-4799.3233154993795	2.6461500362684225	0.04954177261705484	0.04248765241351649	0.001	0.15780427404319847	1118.8284687496696
-5639.308917876556	0.905066456205095	0.0069291301341216395	0.005962298176754295	0.15983634334898109	0.2373508230513008	1435.4321657226822
-4278.220430122046	5.243766540808279	0.07267316455126802	0.10014396486720978	0.8508390856554772	0.17956687605392901	822.6194234382192
-5980.602199771557	0.2379365101062662	0.0012036812468412695	0.001	0.24013706268396062	0.23516769881665017	1490.2823728560556
-5951.130466445674	0.6212094385120142	0.0037237770663905443	0.0031974713541016836	0.03495151212056013	0.06472084058795745	1462.8493786615393
-5569.756546528828	0.8132889552800372	0.0016405184725244368	0.0013622304305190515	0.04416096450861073	0.17870216359990898	1438.498143303187
-4897.444921101264	1.575468236431196	0.0332883367076999	0.03617968170349831	0.7873138164471855	0.16489068492860262	1264.3846229051314
-4083.9850289081887	4.282362607226669	0.06810234249160016	0.18422314724410138	1.7469376821544096	0.1589237267980823	768.6031438042659
-5507.924150861484	0.9793788778045838	0.004816060748093618	0.004037364005108629	0.1409570722794865	0.1829323335362319	1429.7850852406577
-4088.546748280692	3.850676841189183	0.042457702410055205	0.161727413834367	3.3886627376728575	0.23755410458084653	863.0227376819652
-4615.230016965608	3.142727691713349	0.07244281046746412	0.07403911726046986	0.158322344325967	0.160304992287114	980.6622767580772
-4392.72336347557	4.201832329636334	0.08715652104190375	0.11035551850074908	0.43617693281682957	0.15642079312982837	838.2608821023806
-6878.84180116501	0.42604133728157906	0.0012103674579461367	0.001	0.05108207291590581	0.45165152678621534	1458.216745825143
-5696.639903140978	0.4845149092398117	0.0012066734681857572	0.001	0.08358719506327354	0.20670032329650492	1453.11731379746
-4240.811172159984	3.1189262585576154	0.07897360550843177	0.5145050674442951	1.4695909440765744	0.17495148136938513	729.3234136407639
-4358.1796747390745	3.867188779673482	0.08844276072975937	0.10328521853393342	0.600861096875202	0.17706220595678138	870.216449762944
-5085.232006277598	5.519131216708324	0.22065464323924566	0.2733476456631994	0.6555240133769322	0.34700909228374943	587.3565790923736
-4543.77042654572	3.5945172960321283	0.05151355536995713	0.045963109617592916	0.45032287556164824	0.17891768530567184	1052.4464060512514
-4445.450077454603	3.544724839217934	0.1051764475881726	0.1541431074884351	0.4196049283886068	0.16020722639451246	812.5258725684646
-4328.469989391319	7.090504269612993	0.10192882930160854	0.17031289852782017	0.9217791176958278	0.1642299104122666	650.2240462397252
-4663.750012131469	2.8039907010258793	0.06418719676569853	0.06451048223094447	0.1555246402622608	0.1628040997278332	1033.7006267139652
-5604.091566317913	0.6942984208064394	0.0012066961580552485	0.001	0.19965787752595607	0.1892001259805496	1441.6092094717833
-4034.9001791920987	4.159408427143673	0.058784589247219285	0.20303742322540058	2.1955012222050923	0.15843425014757187	775.3833804565268
-5663.334659386345	0.5876016504782555	0.0012912129512593832	0.0010556250729599143	0.07027646286302963	0.11377830710723566	1446.9932894044678
-4185.679073628687	4.5388790654857445	0.08070301518960318	0.15175582520077616	1.1101195728397637	0.16008345314250216	771.5264789195681
-5282.603304149224	1.313786622361447	0.023109301995541832	0.020492797439862296	0.015735251778282167	0.13818430591480407	1345.6361899179797
-4595.673876915997	3.62340928732374	0.08168011138369162	0.08357790605547641	0.13273767946569567	0.15405454897532886	923.214055267064
-5628.064460036956	0.5559118735366712	0.001290692740191521	0.0010682698095029724	0.0365323499219754	0.16524237831013158	1449.0939875911843
-5008.122737138961	1.5534325796606259	0.049310108523219	0.05191714830099545	0.405508445719185	0.2034791734297395	1224.1719404198745
-5905.781532750632	0.9193799591589389	0.008160933645901283	0.006958174442819288	0.1645679315326255	0.3142630309750855	1433.216873119267
-5571.981963517329	0.7985785308145753	0.001944305863662565	0.0016178744823431642	0.04092616988880529	0.13892856379217172	1439.7773575829956
-4166.394642383916	2.944139456293059	0.07118829292956985	0.2024515393539965	1.647101983741716	0.1544496790856449	859.1555130880562
-5834.325451767455	0.8243120591829588	0.001611513925721177	0.001334360951098575	0.15177324500437905	0.287888316233941	1438.0278851946812
-5648.063735888849	0.6231210252038132	0.0012247861725970882	0.001	0.03142928660562011	0.11531897633760205	1444.5833923333348
-4618.23385425949	2.587324665638348	0.1274485432380405	0.2107549495828329	0.4695634204578003	0.1517434784059514	851.3944895063032
-4936.287667882283	1.9331358416473838	0.05913562906137327	0.05715129714263553	0.12108105503530403	0.12780008480588984	1145.2669186689106
-4763.887634491631	2.5436041564608067	0.05081108886079502	0.047683255201790925	0.09082606798879493	0.14552381606462728	1109.1438276070685
-5172.662391456066	1.617062202817041	0.025669663241808176	0.019352006189289207	0.17959271838797186	0.11523775179443471	1309.782820560609
-5107.6076766888245	1.6329269264540194	0.0265507611200425	0.023005023196948755	0.04338159900010143	0.1410300317015014	1294.8765332193507
-4777.709710015838	2.6660438394933226	0.03328838555661533	0.0322060558806809	0.1843808005130588	0.1296989782335777	1169.1453267595286
-4470.349950963846	3.5503822429251612	0.14282732669843232	0.17528786535965243	0.45542833177623954	0.16735959708588466	779.1729463305031
-5694.280979334267	0.405614577160283	0.0012029778419403018	0.001	0.06478214266411787	0.16362929701230436	1460.3693110959716
-4702.212013524786	2.541654364982848	0.06122684836603555	0.06482997828297857	0.17242415855104204	0.15847076951790276	1057.6427517399634
-4299.824339713234	3.8506576843514635	0.12315010649096375	0.19920232605870158	0.8320023236320349	0.17096274526037075	747.9643319228076
-4301.5339572557905	3.1262543846005	0.09502805148666332	0.1860664486396869	0.9202959452861804	0.1661615495209019	828.3370402085802
-5635.713136723387	0.8562079402580933	0.0022762787528866836	0.0018947616231377838	0.001	0.22685378997896746	1437.5916949944003
-6121.260461131465	0.8227510581579682	0.004978471531610954	0.004452212972461563	0.0683075304297603	0.3477492534028059	1444.0856553067026
-4358.293774812818	5.024653356355774	0.09669098235079839	0.13282646930727535	0.5147994903690818	0.16879559816941037	761.6606184711973
-4424.315464354669	5.369559238599248	0.09305687315751247	0.11345655731988329	0.3827066686433518	0.17196440371476784	780.4572932076
-5616.920221741361	0.5731105334346083	0.0012062724608306622	0.001	0.20022293363559818	0.16079520610193723	1447.2846030303785
-5294.841950109886	1.2676959930290903	0.022900049857328086	0.020175136090876237	0.04999707466439152	0.1652441091240089	1353.5243909939493
-5192.907597283611	1.6877373301640957	0.035351544297063296	0.03072863365415806	0.001635873028879807	0.241899826688277	1257.7479975293297
-4587.883613060701	3.1789218462154274	0.08379780909729716	0.08736003534571402	0.19818328868443283	0.15479689243330433	944.365068655062
-4239.718630553213	4.299164069494693	0.1260480529139704	0.3348054953769282	1.2557465431594157	0.15319282464029532	650.5110523899162
-5526.781585987708	0.9026634961777767	0.0046741830403161004	0.003952559718278815	0.1349435493643773	0.15662648956095185	1435.7895920910357
-5575.33788220635	0.7467574393570058	0.0013947887943989497	0.0011551250043389482	0.058452208236542104	0.15854636190755883	1440.3637676621663
-5590.634052250444	0.6801724087453693	0.0011980618010129015	0.001	0.17604784254932337	0.16887846536956366	1442.2034583776287
-4396.324768060873	6.35970996664214	0.10076204343528726	0.13971724918326076	0.5268285069891981	0.1590110181516705	704.9171541063049
-6851.973472946148	0.7124716011851974	0.001627127313350124	0.0013643368313786617	0.215220801167055	0.4611200169394589	1442.9862572027291
-4335.810887862319	6.1269101175264575	0.0776718723739253	0.10579369998663538	0.6877608587609699	0.15599276934926531	779.8257774042004
-4292.420913087799	3.955127134824494	0.08305997983750227	0.11366114363905265	0.798278384927558	0.18882447831778923	851.3054377636619
-5600.318754533393	0.6716732284220842	0.0012013422559507844	0.001	0.25335061137613546	0.135844277588797	1442.549535199655
-4466.06375241635	3.0832357999954056	0.07187630146653078	0.08627615928750265	0.448661448577178	0.1583286945979367	960.9140954235032
-5615.489352342928	0.5847858548883036	0.0012076016777072226	0.001	0.1461238910522634	0.14836375102033927	1446.6264997088913
-4214.886702219757	5.382372261287958	0.08479807966994352	0.15594385107116707	1.0486147851898586	0.15839041065434858	726.8770673033015
-4936.949433001457	1.7686139476923195	0.06344133770397054	0.07154338126897514	0.2287867763230742	0.16850107245297072	1143.5282044015007
-4305.784048992119	3.847745472981103	0.10680136385618522	0.16209904107229103	0.7577058221207771	0.18559321367605003	786.1897141115799
-4941.735603899964	1.9130130157323098	0.042785371915420915	0.04073775636592699	0.08126362120293262	0.14908097629389075	1197.156209137594
-4441.655665108346	3.600112638021371	0.07813211050556058	0.0920845734111566	0.39355018753868043	0.15537949811455923	909.9101224957811
-4362.638715128965	3.977611802440033	0.10374201232499541	0.14294717633231	0.546292348284605	0.18123219859782475	798.3027756275935
-4633.840661061911	2.040369776862511	0.05798334359709471	0.06847393151382525	0.7597924865654534	0.1922163179876639	1113.0059112180056
-4281.32479350838	2.5255609532908276	0.08258209702523993	0.19865948950551018	1.5126513233961159	0.17916811336831864	903.9744048582077
-4900.130741695073	1.813893157942221	0.05936677218822013	0.07682221908305692	0.2863073293049475	0.1531338941420642	1131.0141238143465
-4304.739330841788	5.116160024664209	0.09182838805938842	0.1440504034720313	0.6683346053383631	0.1622241013724075	745.2660090825585
-4804.866630483694	2.167154114726375	0.03966440460176475	0.03772315812669096	0.24160412576787232	0.15751910929382013	1181.865611205587
-4873.088607394622	2.297274108098572	0.05318907160232021	0.04887090721175459	0.001	0.17798737503341022	1125.9089617595723
-4482.963531616737	4.349986928398581	0.12380219665539094	0.1672001520840505	0.3095820973752333	0.1622408028284363	740.2782424038437
-4224.915621282372	4.538898990630866	0.07965594888164232	0.12518635770687955	0.9580112171607332	0.17140773275179855	805.5121217397319
-4209.255639692815	4.238681038953447	0.08254212174565577	0.13321530397499212	1.0243757366431046	0.16561163281003577	809.0541637347998
-4589.626088300892	4.151659030690937	0.07166758468088814	0.06926296101303077	0.1075797938676077	0.16097337765586683	936.6727133845378
-5595.641420409846	0.7226358292271852	0.0012086148952571928	0.001	0.031859512726472014	0.13199484905428266	1440.5143491776764
-5649.8121152932135	3.9693824337166888	0.0661093036071091	0.0828786185532064	0.6690020810855319	0.4669940363170083	916.1248719635973
-5533.154849555289	0.9123556657687175	0.0032634968051338427	0.0027670869333744808	0.007073533402138688	0.14557630104449182	1435.1612420302415
-5016.3091330930965	1.731222626675107	0.032731051908057966	0.030814457635975796	0.21250045499845907	0.20151555628654882	1254.9291135053734
-4313.777178176867	5.96839669291997	0.06861999839848616	0.1104012747197273	0.7817615402673646	0.15869460212564293	779.0030764570644
-4542.6481491948325	2.2647986075743622	0.07558843849065028	0.11237551220241138	0.7433712422288224	0.12834407988257	1007.2785948902474
-6483.180991456603	1.1701950636668284	0.030489270545052963	0.02814131675745046	0.6437684558178782	0.45849551468425065	1353.622284576547
-4565.888342065407	3.9882292263806587	0.07327258755684804	0.06833078633807962	0.1628603290091469	0.15113128537168874	946.495216853841
-4064.3603548642545	4.314858052971449	0.06274747821947971	0.2856782242598504	2.0865609015969597	0.14753144820551622	715.6333462032504
-4080.14124305234	4.108385186594233	0.0620902891394463	0.2860842473698122	1.9827595644401788	0.17835125037233904	726.6905258257594
-4546.790993087895	4.432183510392568	0.08523032984818844	0.0839113661704116	0.16317909104414507	0.15699708972418105	880.5088553192543
-4331.719101668747	5.340979764593203	0.08783030565341053	0.12391921546177785	0.6449634965603229	0.18789516043082943	767.5314132816161
-4875.686298958451	2.036907393813122	0.058618764207741356	0.059204714545313224	0.11616845563563476	0.16575500724313372	1127.4536213591039
-4109.465286902247	3.85590747493048	0.07484786076547291	0.21943980195914575	1.6601104428558682	0.14123422156923626	765.5983695834807
-7048.60976288486	0.9277720980995224	0.007886304670673703	0.007037923826830968	0.7320392608678231	0.4984922422739534	1433.1800164853637
-6651.251953069063	0.5695269257865924	0.001211784824325272	0.001	0.08831751034892198	0.428495021912352	1447.4474405938408
-5835.0009513821105	0.26146935960570167	0.0012070719188829449	0.001	0.15622810167002468	0.15305577706635554	1483.929664065395
-4918.637218452663	1.9674279073975236	0.03879691164801774	0.03608319161337535	0.11349159292703716	0.14471515688044514	1207.2851533339185
-4650.565453113381	4.363271676223755	0.06683112095906622	0.0621388653166017	0.022858237314516684	0.16043359302530366	951.6751424515016
-5677.240228787678	0.8418895945905597	0.0035099381506419904	0.002939396061808597	0.09043773395310935	0.24218398892421975	1439.7941491890058
-4338.18332313622	4.721273939763753	0.10236189852438064	0.17514401507975982	0.60699396400477	0.18111922671701583	722.496331767484
-5610.401980026962	0.8269667971866874	0.00216954901913037	0.001820771495999851	0.054910816282090644	0.21161558733130842	1438.9417690014843
-4709.858357857226	1.863885037923339	0.07710748246278065	0.10298209576858074	0.711877241797492	0.13151143189043538	1080.8203863046851
-5643.791215680634	0.5042634041742002	0.0012094425745311347	0.001	0.011745641473396183	0.1617451771207455	1451.6210328870486
-5667.163063939842	0.45314160872275083	0.0012075708228818584	0.001	0.040093735813720485	0.1528429592867072	1455.6987074967083
-5555.862828570827	0.8741837477595356	0.002944507330279823	0.002476565376886038	0.04732419777871295	0.13296014144646198	1437.2649767913026
-4749.062388296153	2.8994395842875997	0.05567190983843302	0.049182959343113494	0.02236799128558101	0.144721662614329	1074.809990918595
-5589.006090207903	0.7540581184426842	0.0012325339823924366	0.001	0.05875029766409107	0.1850510088483175	1439.3308568951636
-5216.254802991603	1.3795919077828143	0.026784304695343403	0.02473904470729972	0.06459649102134031	0.16036541322847958	1323.2051730333305
-5615.742478337652	0.6037695143894718	0.001260457688949162	0.001	0.001631849043612545	0.14302150871827068	1445.3826134525714
-4589.219571214835	3.1890392916193093	0.07489348599212146	0.07720485183132549	0.19050860765766442	0.16158654280632212	969.1106109742749
-4338.8442245682845	4.10148650165283	0.07618588171298653	0.10073098305863656	0.5974246741556227	0.17305448773732707	866.6815451051222
-4133.436885344076	3.6408087344225186	0.0806501671921647	0.33784434375522665	1.6642339912475461	0.14535668714260114	724.9910298118641
-5532.9535840310255	0.8919946654345787	0.004100482421261156	0.003535057366398589	0.1451260534030131	0.14986547866946542	1436.762513573446
-5442.237391294933	1.13949610804594	0.020808820500298548	0.018811865205732997	0.1418862257565931	0.10460000682860444	1379.227547019028
-4714.887003495196	2.839616953543027	0.08443026144360515	0.08795925374411287	0.21713065171001808	0.23272593328937702	970.7301747262088
-4123.026329806602	2.9878391407533496	0.05590829310470304	0.22987151391527483	2.0542350847058355	0.1892434083255129	857.0901632215903
-5598.361356935487	0.6438603762609957	0.0012090901744105638	0.001	0.010631730214687662	0.15989324426676937	1443.683725087571
-4028.3670300913545	4.394875842058094	0.053856702215428355	0.16982883015290204	2.345130552850692	0.16784931904571151	793.4315705147958
-4724.465829512128	2.855842156281237	0.05637605848877389	0.05308624532649279	0.07449087226802233	0.13792592596394843	1065.2198126888293
-5470.789149121559	1.391696778162201	0.02700856680623601	0.02461484681440982	0.14956058489464383	0.2910602284188345	1321.6279996530284
-5571.334253726697	0.7712210915124722	0.001287592340807437	0.0010730984879681255	0.22783909741790304	0.1688361914927932	1439.2049516146733
-5673.644653957573	0.44993335180375876	0.001203463269315552	0.001	0.02071559720365075	0.14252985121920517	1455.998788673882
-4560.631510598667	3.1372081215086256	0.08847399316769	0.09732218258891509	0.2513117610711199	0.1695323746341952	927.3146215080245
-5596.378556970831	0.6598953918259965	0.0012065989771642119	0.001	0.2475159193003757	0.1721237840984222	1443.023781876653
-5563.706617336121	0.8501742491447963	0.0027733327457615097	0.0023157174883966726	0.07906616764703585	0.18552765689459627	1438.4546145843142
-5586.759876510624	0.7365371439562294	0.0012070723823083408	0.001	0.12308168123896232	0.1802395478667464	1440.0418902848396
-5388.081053730983	1.1797465358289987	0.01424063621960271	0.012669504450251058	0.15602190897228477	0.11875195807294604	1389.153082410183
-5630.098323652508	0.5410378422174132	0.0012088740096763266	0.001	0.09038561785676102	0.14943354218913954	1449.1643716290312
-4147.465972617672	3.393140273064081	0.0731217803476363	0.1659182634613906	1.5848203604966076	0.1381830944553729	841.7217410051825
-4323.7342916119205	4.210333715271787	0.10037365365575399	0.12596783386213276	0.6459653116607779	0.1667852186022274	810.263805295174
-4499.492963049707	4.526395896747124	0.10777698461261076	0.17178722869069998	0.32456122819308486	0.14560802235663894	730.6185780928606
-4177.14377862248	2.8276839223793435	0.07216506525513103	0.2276647787064665	1.6806580123468355	0.16087615239822278	858.1295769152425
-5651.556849591682	0.49068325649024935	0.0012100877252832582	0.001	0.03932943552040847	0.1689230070601103	1452.623459830452
-4185.706527710291	5.476917583566241	0.08129302535405082	0.16544983711618697	1.2265199258580048	0.16045076336236422	716.0854958796677
-6961.401396591489	0.3952865621004656	0.0012118563859850524	0.001	0.046152845168390716	0.460113670904605	1461.4747737751054
-4074.22305980095	4.382958892960016	0.06031057284107732	0.30220160400823204	2.0537084761554336	0.15832662107838846	704.8409007563484
-4037.3374750301596	4.473005578387522	0.057472231931970146	0.18503260672337893	2.2069796698529554	0.1577549262553811	771.2413867329483
-4783.984527260151	2.683872016676899	0.05280606188353289	0.04822033058151038	0.00726451719904353	0.1599750657844679	1094.8561070490273
-4330.872421977031	3.1729941780309114	0.09098618247818403	0.15275866730406365	0.7743920714270695	0.15696968322304583	853.7801871980878
-5643.266475021457	0.5038262474347328	0.0012066737588175393	0.001	0.06584858444625041	0.16018128013069474	1451.672386315002
-4346.6638841218055	3.5264234676844115	0.08983253739568377	0.13122472419966286	0.6430817945323956	0.14289560039045393	849.2546892299233
-5195.203452412708	1.2374151125331696	0.04810828624954916	0.05256187059575776	0.48434497080388633	0.15605524877870094	1295.3294831268076
-4382.351300873496	4.380202573629332	0.08266866916664882	0.09107532557212052	0.5244466659201179	0.14235673779212615	869.8700527731515
-6093.892532752557	0.5305337041278291	0.008862538685407213	0.007871087569112178	0.027672822543901056	0.09868099524200831	1518.191196883378
-4645.974936376751	2.7527713370059215	0.06805603530441875	0.07185041268625884	0.22838141662515077	0.1922019086573779	1019.0377435499265
-5659.9168862657325	0.4794269642114039	0.001207239677366648	0.001	0.11514396913615255	0.1405490179533927	1453.5176982039386
-4281.680232277241	3.895167900098285	0.10632350505181729	0.256278374429475	0.8776356055466155	0.1731063168761284	712.5335612560958
-4403.417255589892	4.119621118249494	0.08344011412458828	0.1034767189303014	0.4184037497771558	0.16095136942541702	856.1690519486507
-4415.619211305072	3.577617425752505	0.07933227914865011	0.1002974306879558	0.4500865587149405	0.15356470398797664	895.6507015737725
-5556.814667949235	0.8966127243519467	0.005237061777091482	0.0044141400331414934	0.09822307436816012	0.1251590585250358	1436.2508909284966
-4817.416568476923	2.3674633994514953	0.049526160017144716	0.045907300783743714	0.05801826263619913	0.17154180552281237	1130.4136825196074
-4307.028220365976	2.9508299509074862	0.0699394297260932	0.09513879619631904	1.069424713591597	0.15837108792834567	961.8326261137912
-4662.105373019593	2.9412882269751406	0.08267210952527161	0.08662606706632921	0.13829066321969855	0.15435040076642698	964.7140531041701
-4976.676523554433	1.7093970931074283	0.06417040925017224	0.06528314306529023	0.28059356669063107	0.2065919201780623	1163.163046387252
-4239.543569920064	3.217964152832198	0.08098656441055767	0.3832735875756378	1.3026810859824636	0.1625215492017205	740.0966120336985
-5681.359273776068	0.429302098553763	0.0012038889783520354	0.001	0.32746814883686187	0.17245070344465724	1457.965084122091
-5703.852305205419	0.4148151857837713	0.001206978712745424	0.001	0.158223783116585	0.18692205881057253	1459.3862870996409
-4943.376476504201	1.4735412237055918	0.05145854775308901	0.06149883940440221	0.66399194054842	0.14343836049158892	1226.3401223508865
-5012.011722355444	2.1560370032124423	0.10505644455308709	0.12029537414127031	0.15751826946051292	0.24405080840833296	993.9607511729812
-5676.816869626193	0.7049823135823408	0.0012105722862748272	0.001003408556151991	0.13377959551881577	0.22991652152139477	1441.2104093352666
-4544.067380812547	3.3566365941069343	0.06687354520729569	0.07138284318487503	0.2572830745552893	0.1773772249331408	975.9386978230316
-4653.921921784808	2.4603869495585693	0.061563861627040015	0.07048659943620332	0.3359305181231261	0.1939944026905092	1053.988498866347
-5603.867475919003	0.6154935385523211	0.001208746792153323	0.001	0.2646006219196763	0.1537216473066044	1445.0558456070087
-4972.665224261807	1.8302318502280344	0.035209924446983634	0.03234613340304595	0.11431268889223453	0.14907682901016428	1236.5046734726784
-5147.641900158417	1.5073899142509715	0.05556741127361967	0.059116841572771826	0.11950373518691833	0.15643289345325287	1216.3842330194902
-4250.952635574919	5.2436413050517166	0.08321981006108739	0.12530189210638615	0.8874260869945291	0.16843148076961598	773.2413774030613
-4539.66350588406	4.010570361362819	0.08569436861995568	0.0901119198448939	0.1876895663370056	0.1508451448606242	886.1057412740448
-4412.503563461241	2.9739210925883772	0.09046045395547085	0.13520840108333265	0.6114504593309154	0.17209043492429368	889.7844797730176
-5638.793091490574	0.5194853658439398	0.0012076140502417774	0.001	0.09492840858336853	0.14773714846922492	1450.5778996066906
-4682.562091332428	3.03460192400717	0.077150929200979	0.08375688595929431	0.12918207742836232	0.19858815212679615	965.1794574193533
-7080.961239394484	0.6402788040508905	0.0012101562383703794	0.001	0.16011622930721356	0.4881297901018114	1443.8631629885463
-6518.52841959513	0.5428316320479352	0.0012107215067105818	0.001	0.08438602390458312	0.40715814518234544	1449.0431361909946
-4352.438180153579	5.358973441636113	0.09336511105167228	0.12966911305860035	0.5447859947033102	0.16465881534584037	754.8142529190643
-5696.678169022354	0.4039237733654383	0.0012066149602500175	0.001	0.023941601139173672	0.16671802387506537	1460.531145340511
-5569.59236147885	0.7706265996081942	0.0014431152015468725	0.0011984848351151458	0.16462611379227063	0.15308277150538033	1439.657057109084
-4559.01068162459	2.883104533282493	0.11518774574499405	0.16816142627462813	0.39077709531596533	0.1557311222012299	853.1276828075055
-5501.638050350728	0.9672849041297025	0.010367047478382775	0.008863490151459959	0.09126982182692912	0.1710051390730758	1425.1461002073702
-4073.6562577787863	3.987792942135992	0.061659057191653106	0.3482850809950676	2.334088888389125	0.14013092148751818	724.8814407998512
-4535.679535151004	3.4653647968101065	0.07853369016372057	0.08428392797761106	0.23573440385084685	0.16605348808364018	933.4175636281566
-4090.3668364734476	5.224735315733614	0.06155632154920588	0.15832464492191403	1.8939013769732205	0.1584776381954225	752.8847265587222
-5690.473561268222	0.7569798709621335	0.0012072428521531277	0.0010003826918910874	0.18698201399404424	0.23951706046894028	1439.361826083808
-4710.07329933296	2.5879611723330167	0.0674326644516642	0.06407145856425987	0.14586707623316197	0.1618383460705261	1051.629544459664
-4717.015687560189	2.287998886000375	0.06118823130682208	0.06593770533835552	0.2556340085060165	0.16760707035031402	1082.0226831372843
-4230.51257669903	4.067266410570516	0.10317915074423839	0.20304399625531616	0.9721631334632744	0.16455555046154843	739.2081808436369
-4574.172515749916	4.273098050728924	0.08144020844428275	0.0743612187378366	0.18740421113661349	0.12690024817795392	913.6427933046135
-6408.928111116354	0.5016984425283232	0.0013329948887581312	0.0011139312275226982	0.12360169578713098	0.3857743155071135	1453.657978576584
-4363.383181241546	3.294164256490874	0.08440921718970171	0.11986082049927138	0.628428798302293	0.1585495612594432	884.2959702714712
-4853.952318482121	2.026472592898354	0.04805104533712492	0.04487553601908834	0.17320276058303613	0.15890683239901068	1169.495030905062
-4574.45795780834	4.458652161795162	0.06940521766940726	0.06142164334793986	0.39398709067165727	0.2292915966101767	951.6960872032439
-5454.93614132178	1.0367798024751493	0.009115400716906795	0.008134722082996159	0.11084539215319411	0.1608985993168011	1418.1373939211555
-6093.078411869617	0.4143889834638874	0.0018279835408471557	0.0016022326754825205	0.07818843149912988	0.3032765591133042	1472.8320311396817
-5549.849387821082	0.8655897153436085	0.0024303069620561528	0.0019919127380331656	0.029136069150878626	0.14498568417306323	1437.1571261138188
-4307.590379266361	3.3300923220840732	0.07690843295540321	0.11721052912715514	0.7961333394098447	0.1616460408672919	890.1730322751527
-5773.193768051286	0.7357752937736012	0.001925205637926279	0.0016085522915381878	0.09946504337401538	0.2644050966593602	1442.9340960508043
-4507.256090559419	3.688958120010812	0.05630780394465645	0.059159239583640354	0.3241463949323687	0.1642722252747583	997.544084757386
-4512.8523083765385	3.2242348148584656	0.07058926642455611	0.07300541679235441	0.35656172478009346	0.17904217977473033	979.5535435983913
-4407.778055399333	3.101239732698192	0.06393308643009636	0.07909052550130526	0.673320211703596	0.13796134751036077	979.878432509318
-5608.55096004509	0.8626578606270071	0.0021358235559877366	0.0017828730058950392	0.0014785774622839063	0.21479195782936691	1437.190740926728
-5722.43249130507	0.5681330334243536	0.001207487999859579	0.001	0.07406526347099147	0.23358035762181573	1447.5434554143023
-5351.388801910323	1.300280787713186	0.017469235781576962	0.014727235497601892	0.003988124444158173	0.11209375422401043	1366.1194736611064
-4576.3649594138615	2.0304479279518195	0.07442914653925484	0.1174262657840928	0.9617215371832754	0.20622917910881017	1040.4418990971528
-6593.136609491641	0.4168170685201063	0.0018642753901552324	0.0015357512698982653	0.0986379475590429	0.4009780534230214	1470.6782243147545
-5578.485156192399	0.7551124871647324	0.0016428815954017731	0.0013732740319669016	0.15568707442908883	0.17436862375069026	1440.9973645880423
-5581.662503776493	0.7446001444680738	0.0012090838333630696	0.0010009408585895635	0.1094508826439548	0.14084111210091455	1439.7631005548471
-4613.002856397138	3.3659388143999824	0.06531887566247892	0.0690082555867224	0.15981093028430493	0.19005749194273505	981.6149383762374
-5248.61466859256	1.3541207371061244	0.028894213066355583	0.025609896048779498	0.008049742731380307	0.15302927415143894	1323.2512715645466
-4468.3986253700195	3.297496691025	0.0836946570723574	0.088858431135576	0.5104870559193191	0.20197298352253595	935.0614973945628
-5644.513913173895	0.5011584568753663	0.0012073476279282002	0.001	0.05404743473010843	0.15499181413151417	1451.8606541178087
-4715.993626239832	3.582091577442376	0.034235010749557516	0.03045057824654607	0.0977283218802372	0.1723723788128033	1134.3077251419431
-4644.720295921411	3.3202510384002464	0.08801119378506585	0.08806960796667133	0.1074742359562409	0.15297567114346555	930.4137602590105
-5454.713764181817	1.045395876944359	0.012044649510822363	0.010320063232387605	0.01868460066954039	0.1633823647376839	1412.0157608011996
-4849.438666562012	1.9454390742225824	0.05325185958868973	0.057716601145892076	0.22664722009330387	0.1576199441271167	1146.8022219631537
-5650.424519499302	0.49543783685380194	0.001203864168261255	0.001	0.20798479953356638	0.14269913776064347	1452.3186562877318
-4543.000112137816	4.509500282785139	0.07620481963053025	0.07939825819708334	0.1644052095220916	0.16518066793658467	892.0045776198085
-4510.451835089236	3.1674486359414464	0.12661160638560526	0.14968536219127232	0.5697845835330876	0.21665192051231918	841.6818642451294
-5619.755282149711	0.690726291353152	0.001782497754072074	0.0014801591913675602	0.08311335238005078	0.12417088009163256	1444.7153896362083
-5498.966408441107	0.9705202444228337	0.009093668625787456	0.007653221327231512	0.04524134858268354	0.15235079675831256	1425.9649345736962
-6915.712253138791	1.409409751955968	0.001459326142084541	0.0012291832494345657	0.11364405096903671	0.48058164126738245	1426.0398376620788
-4701.621498363878	3.2486549602652297	0.06526003555108185	0.06101776861363885	0.02611856430699033	0.1647657145699123	1010.4108377409809
-4447.689199164141	2.9569541254444203	0.07020007741999831	0.08826820463931435	0.5338415376545218	0.16266614494127993	968.8379061002577
-4963.369636333464	2.1053171758080387	0.06486672732514924	0.07085076268683214	0.062563340506448	0.21070986202371395	1091.6043574302887
-4991.376641596478	1.7835825819564253	0.045951020688631904	0.04102036032236346	0.08995747742072444	0.1735170074562203	1210.5723295344078
-4476.243769288794	3.352156700686528	0.08906661335196897	0.1107962075119131	0.357728039607312	0.16429893166321738	888.9788588515642
-4478.24117278379	2.683400330433394	0.05744390920946581	0.07083685386538027	0.6366518426294481	0.1666413029999212	1035.7278329241892
-5568.024057008358	0.7965575589785743	0.0012268302990200732	0.0010161190091278244	0.05677927078878989	0.1670647400677131	1438.143327431985
-4308.123869249435	3.7118779898217666	0.11370276725269866	0.24168796218334515	0.8409720459370309	0.13933708212710766	731.5626144441286
-4351.447437651467	3.5907046110726113	0.05824534010540856	0.07196396587813828	0.8066903528813841	0.18686367130795078	968.2654212069413
-4390.826561960357	2.781967101209114	0.06878355158718098	0.08060795488787122	0.9462572197566929	0.1484720839582869	1002.6868038391897
-4211.312853969349	5.130886586771625	0.08568698373267518	0.164411425024485	1.032581824487312	0.15940369574511445	726.659760380576
-5640.40482729991	0.5080516860104847	0.0012074130339759358	0.001	0.28071634423449365	0.16444216569002545	1451.3983686100757
-4633.500880628131	3.093630518843729	0.12250076041180305	0.13753393112547413	0.34359264181630605	0.10634978926545405	861.0357487716482
-7040.852858121808	0.9335440861275268	0.0057256871148198465	0.004725855025415113	0.011873107513139157	0.4929673687593288	1432.5659808747794
-5218.790579503294	1.3975372268893265	0.0391466825410068	0.03806227874159109	0.0636913921157105	0.17637712135720818	1283.6678715701407
-4619.337871422843	2.3912186551234105	0.07188582647553854	0.0894108454743238	0.4790870510122622	0.20756397803377918	1022.4020925895785
-5704.321344081977	0.5631736283962288	0.001221698393922467	0.001	0.0030646983130321295	0.22506381161283107	1447.7579750868704
-4374.416082427348	4.129747755770271	0.09684798896789537	0.1281891744574729	0.48081439188454006	0.16546326020539062	810.8708832189715
-5674.301957480237	0.43821278822938614	0.0012072606814016137	0.001	0.07578328617932152	0.1598349666528443	1457.0617516050663
-5733.872221974717	0.6220883841376401	0.001442422938266854	0.001194788461538174	0.021347163517091507	0.24187951135885072	1446.4669638324247
-4329.574266958866	3.6508369790694286	0.10683745889678303	0.2031107882230486	0.7081960714770602	0.1606537314538034	762.768399341339
-5568.718927169569	0.795052569782719	0.002008164740193153	0.0016778753836327158	0.1663625603856043	0.14179484735279585	1440.1617705059552
-5598.777637953875	0.6481268738539282	0.0012037008714916174	0.001	0.31377549547306127	0.14385260676709144	1443.5600707190245
-6313.942518063228	0.4723073838577661	0.00121352516438871	0.001	0.20902740128850747	0.3684463556139165	1454.0742923488629
-4780.649072470696	4.329966174479437	0.0973930133619908	0.1336917363096415	0.5943633486477312	0.33081966635577786	793.2584004350065
-4576.43659181589	2.5222316096969735	0.11762695213877779	0.1930840211130973	0.5438265942518323	0.17623219698641773	876.6067117563346
-5109.337509096759	1.5359811241026853	0.04686086735676117	0.04186208010889381	0.11533491882056883	0.14483417665369766	1245.624663636868
-5392.513470335277	1.1570904344446846	0.015966427433306965	0.013368649400246211	0.02133674715723304	0.18325609103927656	1388.8369299206236
-5407.288731081431	1.499173111023948	0.020452387228204437	0.01872657538102294	0.06330411031351472	0.27717858100468046	1329.0125674670787
-5601.459148395441	0.627442552726428	0.001207035928705601	0.001	0.23671513831107419	0.15114392274442975	1444.483201146319
-5551.785532556149	0.8625538346181104	0.004118305246447605	0.0035408985151495925	0.2732926330350719	0.18278758149000612	1439.1150591853004
-4344.351301933201	3.7597942222578475	0.07593906953680686	0.10873101686998653	0.6033746467927547	0.16019565564537966	872.0110050237108
-4059.0540161971767	4.301496136824804	0.050441137377393856	0.1392332418870613	2.123947112100603	0.15823564969070028	828.4111178501593
-4520.952771006548	3.30342225200872	0.0693167619037482	0.06806416069203337	0.33074069753799806	0.16483632900986636	987.2478323282614
-4849.6692387954945	1.9751454077463586	0.052237097102854096	0.05097194980695737	0.2054920275208606	0.16120368913062888	1157.992898189006
-7053.179832047504	0.9462310213576448	0.005910423820630512	0.004993489405813467	0.24124915736629368	0.496480804779756	1431.5947777338824
-4119.533176434439	3.712820456610446	0.07534425016184604	0.22112240928285584	1.5688385951451802	0.15981715445865485	773.0532139822294
-4079.965233496465	4.165247138238318	0.0658444111641164	0.1742767453941886	1.8052320258682286	0.14891061186160529	786.4862163462526
-5634.076338708079	0.6687789063697824	0.0012150159415277942	0.001	0.14917528483237352	0.20546224547867495	1442.5971595489948
-5574.374662788241	1.0143508235988035	0.008843768379523302	0.0075128060708618966	0.3079269370239171	0.24077904611334536	1421.4030123301504
-4948.4232683825485	1.8805625669548973	0.04123206473881927	0.03889723616816783	0.11587673100128844	0.13795703767331194	1207.2861193708059
-4376.367948982029	4.455772354768264	0.1528019822438313	0.3725689786347394	0.7159122331835217	0.1512876782387954	607.6512600715574
-4971.103300705372	1.8317696279432165	0.04360688590566482	0.03925403356896009	0.10498867001439191	0.13954533642193845	1210.5462222635392
-4526.970492633793	4.121463643491305	0.09987285537006595	0.10975563599211897	0.20728661629430054	0.1595634185063568	837.1954726703887
-5292.617653639763	7.366145604252088	0.05103105976733877	0.15772952572815396	2.473334173066782	0.4392980894464248	702.7360664951601
-5693.153747698321	0.5733112343747638	0.0012055100364212405	0.0010126031943195456	0.10245268557881974	0.2216872323063441	1447.472458330802
-4849.616419467662	2.3047901034769698	0.043156092404711466	0.04494380823154956	0.07210574967602257	0.13437511245764724	1143.2315231225982
-4754.589168339381	2.164368897371311	0.04936197167754988	0.05244755656505144	0.2800991536601224	0.15375639721525494	1134.1228313941226
-5554.22484373024	0.8359769499544512	0.0031761105320597285	0.0026366534917325046	0.10046394894050524	0.16528671283360863	1439.7296461026003
-4801.606266427799	2.5214563662436245	0.05773926722798686	0.05354971928585491	0.03132908288833017	0.17584963846851068	1089.492943515187
-4802.972388371232	6.547466800410174	0.12092716776385767	0.4031920529699467	1.0213875477608019	0.33162570312473927	521.2246859551506
-4441.261242633368	4.562706982317168	0.09477604153892959	0.11438980830617529	0.3304583508066256	0.1670790454821558	810.0858007371802
-4062.394813515915	5.1398911276264645	0.05751001326115496	0.16106876354152225	2.1633394717280225	0.15327850309528457	760.2228301721136
-4166.151821708897	3.8889418208182738	0.08251682799206297	0.1872454289520796	1.255103021016747	0.15988159943644162	776.0735288809586
-4255.28337251495	5.345899473100036	0.08214392266938149	0.13064417184684315	0.866511378447308	0.16304204275380374	761.1126456986273
-4605.18284234443	2.8516488935751467	0.06117621518033704	0.064702249630729	0.25254046123430235	0.16907303337378965	1031.5004244894274
-4698.145181892661	2.791749952778622	0.06526193411839842	0.05572477070066219	0.189587418169221	0.19390723162383114	1057.946419816302
-4709.748983790534	3.173267643302762	0.06231047153485293	0.054937875383615074	0.03360396142683614	0.17767733057967164	1035.1043584797187
-4890.590766065853	2.1212935632052172	0.030948282746670386	0.031079018033064558	0.17507149622770388	0.13173065341164603	1215.2146514680205
-4045.19157550504	4.3636232347219055	0.05738395726873892	0.15656277448235423	2.157494936924323	0.16228272532726884	802.6081627176333
-5791.346407412496	0.5757842361842526	0.0012041901703446823	0.001	0.016665535227080946	0.25849095968513475	1447.1171643607406
-5055.239286460572	1.6678546333746234	0.047014644836945604	0.04444711009532463	0.10169616786920005	0.19206662407550493	1218.8272017646684
-4239.6070500212145	3.881949511920814	0.07111569075171129	0.10897823048149094	0.9596319268711447	0.15558142178221562	869.8434272298308
-4578.632275230657	2.8502585967826315	0.062165090833797496	0.06687498446295131	0.30054934302989633	0.16141252254576924	1025.956548254521
-4215.753935291081	3.7093407419000783	0.07144899263431016	0.6824860807530201	1.9153725522400764	0.1587054430948938	673.5415729798642
-6214.331865700605	0.9593367879216919	0.007038803259224986	0.006180138633593433	0.29873891351551374	0.3804033124449872	1429.6516715579078
-4394.154564980619	4.200658387018626	0.07590324937946395	0.09166824942819811	0.4494295543831226	0.15792152759513123	878.8985385987687
-5676.353399376025	0.591339079564651	0.0033920997928392695	0.002806965893574986	0.4522490335538324	0.15752270860969134	1463.6202722149712
-5369.363599321825	1.1825685811979667	0.012145078721627898	0.010717493620102212	0.21423597916990234	0.13108709731137094	1394.7470233168924
-5562.239912324021	0.8008637704184708	0.0020372910337910647	0.0016941390537798054	0.11478308270413837	0.15654573506385733	1439.8832309884024
-4383.148222622404	2.752836285321838	0.0706035962043312	0.10143312123358623	0.8124417603099413	0.1658608497374838	967.5616064094274
-4794.72761458786	2.2894561610810578	0.0667120575634403	0.08119779918764947	0.6289068191916763	0.27972566252906694	1052.1750869600835
-4042.763144470597	4.308417869546974	0.05446444323679924	0.16224475026316387	2.1697673709615057	0.15458223700560444	801.754920829784
-5548.953114503644	0.8565465937196618	0.00396493908052028	0.003312773325647965	0.13431117468273954	0.14587959702925554	1439.10322706066
-6947.0630865127	0.9081231628599128	0.004978101635276451	0.004195281464535519	0.07015974008107775	0.48050389585486875	1435.2410565243856
-5764.580800558442	0.5014178827906377	0.001213265145371648	0.001	0.3340883148070753	0.24114589535860753	1451.855998149358
-5696.797712097663	0.41202099191107977	0.0012077830829530722	0.001	0.10794536976038599	0.1392250959821392	1459.6681500653592
-4072.5412474226046	3.274985560789842	0.05894801868451551	0.32034320776082376	2.278127671066664	0.1652148853229936	795.7328065956922
-5643.194014435847	0.5078823348928847	0.001205544017191467	0.001	0.2981442541463426	0.14461185640725419	1451.421158283128
-4584.020089401791	3.3762404456260096	0.0912368952646464	0.09673349366383086	0.1854705978435214	0.1481157890302925	908.99644111031
-6036.279053768669	3.6304141437649813	0.058800974814330866	0.062146215673192305	0.13069624826795087	0.48219554961419636	988.824160011921
-4340.6024747098345	4.170638794870653	0.06752421963464442	0.09017037950047392	0.6374366078794088	0.18125745238704596	888.5812581851962
-4394.687752070024	4.478199349895631	0.10655354163573413	0.12063668052480117	0.4610599856492898	0.17046499602436985	801.1385106224271
-5751.978425788129	0.3735083634071797	0.0012060200263530833	0.001	0.12285303082845472	0.11868436944614692	1464.1306066456966
-4895.728393365653	1.9858944670343024	0.04825072154672552	0.04733616174341504	0.20893595249114233	0.21045574689201155	1168.0320458190783
-4361.497588977532	5.167594819299938	0.07970464931616947	0.0960396287627488	0.567573045225216	0.18301036060825956	828.8964109858426
-5021.367447680898	1.6634462957571787	0.048529905838430996	0.04549800698169462	0.13699527705554895	0.15632451378676068	1216.3528078055544
-4210.928356477852	5.950250153448139	0.0821802590067339	0.16950406346550373	1.1974411225332817	0.16315761476198215	693.8734079900186
-4636.901726669965	2.699913278245327	0.09229653792856823	0.10753836092567041	0.24914652767891274	0.16775609125394647	948.9215572132413
-5543.657965613264	0.8663921514906952	0.0033996381596541722	0.002844408474512585	0.26592740718911345	0.14198029745834084	1438.0654204638067
-4075.30860557237	3.8067998494673523	0.06397827111752931	0.34039418260900073	2.1262949395277935	0.15203988917747494	733.1767170556276
-4264.905540743294	4.73901753101591	0.08178928849918415	0.11781015378559671	0.797019095887803	0.16248266603645536	805.4668240625888
-4384.474501398122	4.4919700069965085	0.09816548767494214	0.1329855647949194	0.4601633403286942	0.14544852466081615	784.3335945206089
-4799.494533803424	2.309817488730477	0.08535173457399906	0.09122823989384987	0.15054201206612844	0.1781399939895763	1020.2272860106813
-4296.759730226029	3.5653445697923707	0.08721884386656142	0.13125872127047725	0.772590394761523	0.15123502393752553	848.8485416023148
-4694.101944787493	2.761622067386329	0.06834792106795999	0.07048666419851604	0.225238810102428	0.2204609325931813	1021.1836683707244
-5890.001261536334	0.4620896843520694	0.0012114268383479788	0.001	0.03812139698042948	0.2745804669998534	1454.9080717981403
-4074.166870864739	4.553087085859511	0.06639859317592563	0.192945185497749	1.8501689957762966	0.15794099575254608	748.8404734224323
-5575.3506025099205	0.8039776893584336	0.0032453783652378497	0.0026729733211806436	0.061502789525155296	0.13802183550582947	1441.9373429435157
-5278.154032555494	4.436083738509979	0.10069557018655584	0.1631976676720207	0.7211501119426381	0.42316263981267305	751.7121408591348
-4932.720045839012	1.6399913716406034	0.045679119790338035	0.04832872790082114	0.41382378618158117	0.18389330133543305	1217.9645075119886
-4250.031568426306	3.1739484854755613	0.08713107680954278	0.18322798317709002	1.0866320699409204	0.16175235696958798	831.955872928899
-5279.703916811224	1.622557087181205	0.027970269759029057	0.025215616684950592	0.00905696675365746	0.08204389840686704	1287.9032898883904
-5309.856068854303	1.2542575269703453	0.02059298247891376	0.01825266443738407	0.0420975215158295	0.1469378564525636	1361.5580188562192
-5807.896176874041	0.49066879837089467	0.0012094056388485023	0.001	0.04605566511791944	0.25369707194108754	1452.6285334350425
-4731.911848696652	3.0913004922379255	0.050774271476375595	0.04428345511233712	0.014133689100979535	0.16084673529473761	1082.9732808218141
-4490.99016896499	5.435364702528751	0.07924412811836225	0.09067495213133105	0.25908046983587335	0.1624070285826102	829.7878024003921
-5275.378179219831	1.3053821551146016	0.025356914305485576	0.022464588051634062	0.04287351157733946	0.17592742192883642	1340.7623330906104
-5266.200699074735	1.333984373082294	0.02318424581518776	0.019690825683548546	0.05522755065775402	0.18342658870617232	1344.4614422214524
-5574.339851646749	0.7396352155334299	0.0013727989489920054	0.0011374342779614623	0.31074150749709334	0.15567411095088501	1440.6055078327524
-4565.654577862121	3.5307908814307405	0.10041937992082783	0.10630070497366965	0.21221388743376493	0.1850164932692777	878.2167385620028
-4804.217859119437	2.5441028313290985	0.06698698705582737	0.060390159444352214	0.042792260977179704	0.18818717407969293	1064.3686276561734
-5659.490234780731	0.5694486855082623	0.0012145157282791837	0.001	0.02999519628536814	0.2036001568536882	1447.431669594222
-5610.472476336637	0.6697057642744326	0.0013912311534544763	0.001	0.12061088974005277	0.15857997099044038	1441.8136170821363
-4119.5791228349135	4.036144809797808	0.06426033033161627	0.1286272065174039	1.5841763843978007	0.1581216208847031	841.8560990639304
-5519.8393975612025	0.9369760813044232	0.0031885839567661832	0.0026506486757915297	0.15361660755913925	0.16298972355391142	1433.7303652340702
-4278.912187515287	4.116648428163467	0.08552461951441193	0.12810015145319348	0.7473181033221937	0.15629316471758944	818.5491922586242
-4053.6850952228683	3.3358704897281872	0.05613258165970934	0.29550007253017463	2.370375804500302	0.14989044199444237	802.1220962744743
-4552.270538053815	4.662904351672528	0.06528415210572751	0.06872645249540896	0.16983360434176348	0.18040161756460807	920.775584565097
-5571.437376260092	0.7828340452204345	0.0012617708902845242	0.0010502820387218084	0.5532640461962667	0.13934961143552255	1438.7832729165182
-7074.462374988199	0.507187267015958	0.0012110373726693963	0.001	0.15374936102570677	0.48207893770690324	1451.4255350444344
-4175.085814841884	4.101663652103402	0.07864357067430612	0.14680137704420207	1.1827065983609588	0.15783028243610053	803.1868072110316
-6164.413425969143	0.5914037123583225	0.001225266270649367	0.001	0.06493703043717065	0.348728421313601	1446.1843681260964
-4607.41519305077	3.499971340340657	0.05739829105335335	0.055033415492539525	0.14548524909265179	0.16083854194536454	1019.2710869289907
-5474.839313891501	1.0888709914636687	0.015330091602229244	0.013185677998217748	0.011062216619667577	0.20920251921138786	1399.5769771189973
-4165.939736802245	4.153942904989247	0.07997064951975627	0.24418909117022944	1.2961927186993039	0.16440171555323393	719.8247053652573
-5163.6223307211985	1.4085656307589272	0.040284482667832855	0.03947901339001122	0.18940160890385757	0.13642535379015125	1278.6309832228815
-4449.4780496785515	4.531467948825165	0.08216091270247192	0.096093506799467	0.3163950235894575	0.15712001394994568	850.6937924776032
-5517.506755764471	0.9795251204213649	0.011574340582082383	0.010163842989100903	0.06082296758036468	0.19164676485520774	1422.0804700238446
-4260.84663873812	4.25452686874641	0.08791214147214199	0.14309316956104606	0.7959279948286575	0.16223182125269175	790.3634902939981
-5592.631855880312	0.6799284322622445	0.001208423705887727	0.001	0.005427172580840086	0.16984160689243166	1442.1445890464017
-5582.5773857879385	0.7105248793272426	0.0011991522881782302	0.001	0.12614757080041736	0.16349445098261078	1441.0119127924593
-4139.600601082214	4.20608286456728	0.0839337754817037	0.24135192350879117	1.4076153142388328	0.16178316757077602	719.0476169797778
-4637.310032434987	3.0621999260025006	0.06520609208528347	0.06522670884491845	0.1416157366741726	0.16251252353777842	1011.723311293753
-4827.505375021183	1.9699936102737632	0.05865947005084462	0.05573815700079746	0.27260885454947953	0.1734685994103721	1144.209550832266
-4303.807076619164	2.2965139953578606	0.055952599000226866	0.11116614691353349	1.737264057953136	0.1473821944322831	1027.0378879042698
-4418.967819145879	5.374457105095057	0.07134819619146367	0.08575457501792588	0.43836722081774526	0.18394830476341012	848.244857047202
-5543.289843562246	0.9083138870163436	0.0101841239444405	0.00881585641904499	0.07698868846276975	0.1529966229857431	1433.9270893591258
-4946.613487206405	1.9125290761258642	0.04602985925596996	0.04269222932266744	0.06329589704487665	0.16225781280330812	1189.687772758985
-4871.365750394367	2.2254243281694794	0.05871989622237615	0.053550163283785694	0.02702940800575736	0.1653872238828983	1117.6673298700252
-5571.6055699743	0.7737310214211389	0.0021829747509435056	0.0018267932450310405	0.25301802545069907	0.1710669869469327	1441.748464263094
-5064.6931439921555	1.6273023780431204	0.03641478331836286	0.03316995747605336	0.09217475550317755	0.14897856168427165	1258.6998583365
-4638.562264094395	2.5960996867860104	0.05015989903745481	0.057499703293675555	0.4585646307633458	0.11164912831009821	1078.789210851523
-5143.536437728371	1.4641099143556369	0.03124081315098047	0.02835500953402907	0.1265752362935569	0.15369737331111838	1298.3725231600695
-5010.743909103861	1.8943168823391645	0.06024395764358438	0.05563265595355983	0.004661794014130785	0.17438926196213217	1152.545041070317
-4211.441088458352	4.2810229550066525	0.09849856679285146	0.24429128260445085	1.0650774519366237	0.16265503189191868	700.3480220986314
-4198.0319761308765	4.888589036202365	0.09238422017136531	0.1761580817484221	1.0868693091039114	0.1558717901204765	723.6891488948174
-4165.13919446132	3.4947060131160557	0.0733603404085653	0.15494687928592052	1.3721454245020102	0.1503301519482082	840.5394134091488
-4692.842169521287	2.372246963472959	0.06388573634614227	0.06882153741828953	0.26687963040294194	0.14444664701609997	1065.139982325493
-4451.49992899721	4.377953515700461	0.1086052184685393	0.13671089925246366	0.35048107330556566	0.18790561907882763	780.5095462808572
-5654.964370240795	0.48154382304634696	0.0012307743795471923	0.0010052632316129805	0.001089006062249847	0.1506885927286908	1453.3487293999947
-5642.888475109983	0.5114470222538735	0.0012091377488513285	0.001	0.07804053238015529	0.14615547784164393	1451.122723810899
-5580.845888513163	0.7201737513497523	0.0012081743609171584	0.001	0.052770709993681865	0.15389517652832496	1440.6083629039372
-5599.013316185276	0.6918310510163562	0.0012089184320598447	0.001	0.010434094119650813	0.182373910547257	1441.6685541827642
-5326.735845398537	1.3164154834678072	0.02043898635072801	0.017339882288880736	0.08114197648267082	0.10969200625736947	1355.0013146195395
-4232.678811942728	5.393839829836906	0.0815810146588073	0.1360702586212134	0.9688080758758499	0.1612724396597816	752.7473842612673
-4720.63322527752	2.459135535213975	0.0517430761154012	0.0517536122949694	0.20000292065488914	0.17639736899021144	1104.3697346210822
-5009.22305280714	1.8484172286608729	0.038970425351754885	0.03407192864168836	0.014416641900118272	0.18176901124306535	1226.0663143204135
-5546.270103699427	0.8752439955502638	0.006410717225783888	0.005309353225631586	0.10416545767003377	0.16233743473058557	1438.3353647859415
-4379.184381276059	4.5051358511773625	0.09246549904227575	0.12773901150819006	0.4652391402964678	0.15013951778384058	793.2668512980118
-5062.175404380209	3.1840389864465477	0.09817769912577902	0.18261153040025171	0.8465281040026609	0.384761675898228	823.3457753828637
-5543.7640625458425	0.8778146039287347	0.00697826137317075	0.005979552787100366	0.23984681366179084	0.1726698050596536	1438.6469783556988
-5642.899517804793	0.5079064149566109	0.0012068103605714032	0.001	0.11946353659500142	0.14837374043428078	1451.3881165824237
-4435.818517963049	4.5977079792491615	0.09643267554762075	0.11744369978762696	0.34000209637386564	0.16391422870397057	802.8246268076722
-4452.61621837263	2.4719086481711154	0.08112083235808447	0.13870678354416116	0.7880420598932127	0.17461936424257296	948.2300694234374
-4141.145885736428	4.783613173028897	0.08254299469734992	0.32885034319972595	1.5626673487241152	0.1517531853189024	647.1127918696278
-4556.428061219462	4.21000139320279	0.10064831591306662	0.10746025934713568	0.1654050453347065	0.16423729500463077	836.0945290470421
-5710.184028557141	0.39164264760836454	0.0012070511921825175	0.001	0.06376511061576323	0.17682862832838347	1461.918263923335
-6731.446979601338	0.5000352844878847	0.0012133609132672731	0.0010000000000000842	0.06180303541968551	0.4362966676036168	1451.917091277044
-5195.577890356522	1.5299898490217065	0.02882929527695908	0.026097748180062608	0.10615874691981879	0.223953171186763	1296.6175379166864
-5631.844233421772	0.531995274287909	0.0012180736351422206	0.001	0.14639618738671833	0.15346004500229737	1449.7095474923954
-5087.950920464741	1.4800277582154089	0.03476948571206539	0.03344867575283859	0.29066126050106966	0.184460834336684	1282.2402406310398
-7029.962155242272	0.8497027174805414	0.0015058650275098344	0.0012491262881381513	0.10703529931697638	0.48725348710565886	1436.9980310809633
-4243.578998785118	5.088401190041975	0.09129302414546323	0.1586043815878185	0.8829862031169989	0.16122190635754877	731.140716741934
-4547.708720025158	2.8796843708239734	0.09756713706143055	0.11852340777686422	0.35266205780443327	0.1501057665522771	914.2587480993941
-6662.643267580894	0.7983158444338752	0.0016649860715691877	0.0013804724971733294	0.15387768013796801	0.43816692740250374	1439.1471382332659
-4089.2107102277946	3.8768862741865644	0.06661016266664414	0.1752910657114813	1.8005656790091231	0.14143314289725453	803.7934661941058
-4642.423323923935	2.821987109591243	0.047863722848679784	0.04742911012628867	0.25488220761897534	0.1538892847595368	1091.4361168206385
-5101.1419387071	1.540893501060748	0.04398818924469508	0.04318437223309826	0.12443621315078494	0.17753288507543533	1244.6347650292187
-5653.4578949834095	0.5177773734941978	0.001167671875939391	0.001	0.0998144076204727	0.18532657997634003	1450.8701894854037
-5238.921124246718	1.3031426236479269	0.03808909142396732	0.03671156722146795	0.23712529732676202	0.1259966306374769	1306.0644216575054
-5742.5401258106	0.4034580748139942	0.0012077304119118585	0.001	0.1946091981873832	0.20860512639763834	1460.6011798223064
-4951.98783923492	1.9974626662420587	0.027230188118133717	0.024139265966488237	0.13585403933639767	0.1646478204891964	1255.586025544467
-5537.105840291232	0.8906554267307099	0.004096768817362826	0.0034115558197090417	0.06567792977475656	0.14660541048585918	1436.5206371857817
-5635.722975277985	0.5819063030783895	0.0012074999158097881	0.001	0.12064125263937057	0.19050944216621507	1446.7798896011407
-4560.121183691314	2.4881400586616835	0.09937820527924653	0.14691073492667142	0.5153611886088288	0.17126677366717186	926.3747510133048
-4515.137632033251	4.019106200705339	0.08030848698735059	0.0930855150191924	0.23316715407365388	0.17894644176437505	881.658530691149
-4218.392421002995	6.327900762249062	0.07649119819996068	0.15446293327296143	1.2581893924660923	0.1582723444477513	702.6269793521591
-4208.587359529332	3.9585386911413525	0.07636803304366539	0.12958743530983174	1.045085610634813	0.16106495611405736	832.770080783778
-5645.812309512021	0.49756639308034856	0.0012060780721033645	0.001	0.06314805787540578	0.15885211304983052	1452.1305249492464
-5678.512982121843	0.46520477303102475	0.0011920339689108076	0.001	0.15606509148825687	0.1293646279921578	1454.748966822636
-4869.412427176864	2.202212255251084	0.04971709765502374	0.04662785780599331	0.03532698060040069	0.1554727699970923	1144.0162666834874
-5003.5270638855445	1.7546461583867947	0.028961525828118232	0.026669648493909046	0.16794765996441813	0.15512440475906628	1267.9171282364143
-5609.0352563387905	0.7652003712919241	0.0012083826473907558	0.001002051780444222	0.05829434783961023	0.20191637513871716	1439.0845110449272
-4094.537328398908	4.357899676133522	0.07414706437725685	0.25142755300888536	1.7117854369583352	0.1575480937800927	714.6164775037416
-6444.2645363601505	0.858105943297125	0.002598611316782659	0.0021781952970819853	0.29446342347865706	0.4090081261047366	1437.9494790604374
-4058.956299391725	4.060157512469653	0.06343364357921664	0.21083696125179482	1.9594109821160646	0.15974640651378513	768.9336345571867
-5719.946540102879	0.36755844905139645	0.0012083842702436426	0.001	0.11645682155941708	0.16061833541061915	1464.884657519133
-5692.630566105107	0.421455069888869	0.0011931660331359944	0.001	0.05285485203261644	0.13824873310345684	1458.7535183396253
-5516.543478088526	0.9235510958658892	0.008857700142123306	0.007765650981945072	0.22025730807001517	0.15230610806191247	1432.6159525864512
-4293.461347178916	5.175408603142242	0.13094108731792162	0.23732788725157422	0.8792967862750959	0.1472395997575611	645.9914063935382
-5033.259910633562	1.677273123750055	0.034047847464599074	0.03113669544331394	0.1722565194784633	0.13262395496635332	1259.5255341239192
-5708.530585219193	0.3887392713197523	0.0012060713727552372	0.001	0.24604314096410126	0.17401150327707962	1462.2876057033586
-5675.845053125577	0.4522056926384745	0.0011025513100096542	0.001	0.1284555607252881	0.14879298764320126	1456.2662281798473
-5571.369564659804	0.8596882991751845	0.008072519432065935	0.006866015640865826	0.06807928838601959	0.1712623818476328	1441.0090454020597
-4827.704336823563	2.1777106660046837	0.04295534690374825	0.04139997000386012	0.15253764201400036	0.17433044058160346	1166.6574837591597
-4576.2629518138465	3.364549086190021	0.061423857865935	0.06407469410519685	0.2123078845974964	0.17931973354279293	997.3709775034662
-5602.3418670243445	0.6313896777769137	0.0012083433303608242	0.001	0.07029860161911629	0.1659162344161009	1444.2677460393757
-4768.323084374747	2.252438302671095	0.055921867215919574	0.05549136026893337	0.18404787053341845	0.1574980760096012	1112.3890039494227
-4702.868778586496	2.970000014152023	0.06276470488232931	0.05921149857275593	0.09073696715038028	0.13259469959129355	1035.689733781901
-4588.479290376643	2.3098627626667243	0.06510945675003765	0.07759385852636848	0.5227619905144637	0.1640057867481201	1056.1796815795176
-4556.383913318762	2.9142863994948356	0.09807454891569989	0.1250441354592509	0.32844330350556705	0.16116711386563468	902.0065551702606
-4470.9116418002095	4.1238224413392714	0.06684343426699182	0.07160627069490026	0.3287143148296513	0.175063584138653	934.6475772168914
-5662.12011968623	0.46644336260618063	0.001204662040750533	0.001	0.12931649121221359	0.14631027439958588	1454.5852930669655
-5519.786512213779	0.9399206010256297	0.007522900490934882	0.0063943748114652	0.05197833591221259	0.17462063700044178	1431.0194886528002
-5712.6195302176275	0.4136248547499491	0.0012084213725977579	0.001	0.038757577985780785	0.19265267096121963	1459.487042418473
-4734.194538713324	3.383936724381265	0.08757297620520808	0.07533276399910716	0.003144310948081478	0.159102526433525	953.9207833478376
-5586.844783218049	0.6902281532179957	0.0012254285712293583	0.001	0.13262167147614998	0.15309069882604912	1441.679929938325
-4173.457567424966	4.824464490434719	0.07695659560036235	0.140682279561397	1.2113023915152394	0.16790721605704836	774.5617711928115
-5122.503594366064	1.5038489890638473	0.03327595925097983	0.031045818626800496	0.1098471175725349	0.15994502950277042	1284.4190600308405
-4218.455393552259	5.469884385326527	0.08949197063048064	0.4383301504320966	1.4017493730631578	0.15686526144753965	571.1666241270192
-4396.582921086043	3.5860455195718646	0.1027584737531136	0.13145362105246652	0.4986244982877112	0.16470475999427014	838.4462680758653
-4260.611064269562	4.558017433796746	0.10202970419841996	0.18415042968987086	0.8139709781621901	0.15749986607939429	724.9844913427943
-5779.334061386899	0.5391484339471942	0.0012106386184770415	0.001	0.10551443724310514	0.25078104595552214	1449.2779605542867
-4697.1011776446185	2.703549471413088	0.08571021485860505	0.08727521480360424	0.15570503114095938	0.14369186368663184	983.5976834549597
-5374.489236355536	1.1796361889111893	0.013193249767931046	0.011436165036573801	0.001	0.15413414749265894	1392.2761610861633
-5523.811697287276	0.9001857887849101	0.0050842988720085375	0.004302502445498725	0.25543031948489575	0.1519824171853363	1436.0604272028124
-4435.325809205525	4.732060839799418	0.10127081710348679	0.1286877237410301	0.346436299104948	0.16586534429849478	777.2987981394607
-4121.591458954838	4.482092092077539	0.06512099672788996	0.12415500523965385	1.57924978443722	0.161233662540432	823.7004776256873
-4565.332813483249	4.465820410953476	0.07058089953852124	0.07146226134476136	0.13487072646069473	0.16635945980327563	917.7017334157514
-4640.106728896377	3.4546214105050557	0.06456439151410784	0.06362874542220227	0.0873137741281374	0.15137941613623393	991.1424616230601
-5785.103553941994	0.3448993138361974	0.0012077660182573562	0.001	0.03446507741435855	0.20692777774602839	1468.0195549234616
-5950.293452914743	0.3180740308950384	0.0012037259996997157	0.001	0.036174383590139	0.2620660285525496	1472.3001550812905
-5123.887180885921	1.6059797855962128	0.04476694485443847	0.04068331384352232	0.0023068250135242496	0.17848506341273146	1237.7413520337677
-4129.833015510386	6.2526155487774915	0.04512762621281098	0.09432330530623759	2.3295307529868654	0.16284878758440233	834.2952140877485
-5085.765167791894	1.410147974539579	0.027213488276124475	0.026956818405866396	0.5127979420539011	0.16560747691057046	1314.5281193371354
-4641.908774848951	3.22301512481867	0.060927674456853896	0.05828019854807687	0.1363878146535554	0.185369809988575	1022.8574720257037
-4635.436236826037	3.249294403068673	0.0771326525174238	0.07572419310058229	0.1160231712675291	0.15709628815619295	966.895853670527
-4198.488226001962	3.7505481676591756	0.0790958701259433	0.17418913089764224	1.259391496191215	0.19869549592151278	798.6400671549891
-5800.835439848136	0.3135874922827162	0.001230455915288202	0.001	0.08913796308577784	0.19808123834443012	1472.9570295936596
-5319.0939773694745	1.2310790779445906	0.020048292852846383	0.01721814421155919	0.08738504243029031	0.17302386621394691	1367.5434036561487
-6013.304621779127	1.0404761485642566	0.007054757753454023	0.0059435485306637195	0.04829405711607952	0.3484415121741807	1421.4982524569903
-4242.64262203123	4.104382451408484	0.07701925104430771	0.12077035904574066	0.8924134763208358	0.1565120773256463	834.9581405939734
-5096.911727993725	1.6281922196744532	0.05142848202362302	0.04391725742723807	0.039058828690486484	0.15097987457322157	1222.6042139615727
-4494.456806600882	3.632650229079374	0.09632262750328795	0.1157925149497906	0.2933406996406441	0.1703354127381983	858.1489217087941
-4402.6821502256635	2.437883665619573	0.04775249772637928	0.07745094573814691	1.1762264014449215	0.15349805453694296	1057.1977881805853
-4275.387862219996	5.835577960634655	0.04806567248404577	0.06462372494163028	1.2355600851420125	0.16627592096868604	915.0109674232312
-4450.056983652164	2.210818267834299	0.06887339807079541	0.21673264288422361	1.2036686717516933	0.1715015301089673	945.3240986009259
-5655.98704646118	0.49163637937646687	0.0012125824767077055	0.001	0.4225760400938224	0.18098370424173005	1452.5954242216428
-4051.725771009112	3.1267185200877665	0.04549828974982689	0.17074348285134677	2.8277581359352784	0.19740806716135592	902.0652543372245
-6052.282542463888	0.6066333614534796	0.001210057943904113	0.001	0.12162816419462316	0.32709263340083095	1445.4703978342043
-6741.6102729768245	1.1392101041379918	0.02799689761708425	0.0259421143522731	0.2147592094385433	0.4769700156678048	1364.0285579603683
-6577.266646695742	0.2812587963758814	0.0012106906122037809	0.001	0.20384268647580783	0.38791190691488064	1479.3598592126432
-4110.268842190212	5.470818775415323	0.06524915313233594	0.18071980378251992	1.7904987376973283	0.16278247636632687	716.4518154071704
-4258.503970253215	3.4071682971718116	0.062242907633618755	0.09115022412796943	1.1183899717118202	0.18071781140408508	937.9084859807226
-4355.989867098996	3.2194770805485553	0.07767212911055438	0.11048011520434348	0.6930005810939482	0.1770661357282734	907.5145265723784
-5551.404263971293	0.8447635014815179	0.003326055320596367	0.0027829826020521428	0.05176776227291861	0.158017263262306	1439.3744561039168
-4131.053609897378	4.607880313507314	0.07394799131082676	0.1560583695267354	1.4366844428611358	0.15956807875061185	770.6185820836092
-4229.425512730092	5.8783722727568595	0.08664823172239909	0.16212084413666847	1.074412553137018	0.15684189366485116	701.4015804454867
-4248.262651614681	3.34844804306917	0.05765198908957868	0.07701349443593669	1.420988897494756	0.17383440724918567	976.3555653951023
-4748.698194038682	2.2040419202302544	0.06085939912031964	0.06344505266399542	0.2522731222798376	0.14484778207139803	1097.163101488408
-4576.105801010429	4.855868776402157	0.06724699475624271	0.06476863863279379	0.11933744169397222	0.15920652098114982	925.7483552188229
-4735.5902331431325	2.8351004170326033	0.09822697686824586	0.11472102490181042	0.12051506863032699	0.15738221346538037	921.6910284319588
-5703.308259332118	0.39831189793500393	0.0012169269526186959	0.001	0.12542607028358554	0.1419155355433344	1461.1203852012832
-4655.211560133851	2.828022951816006	0.09083423614547474	0.08333039572589303	0.1958699131409907	0.16246715617076546	977.5329102916915
-4391.539464012693	3.892733611913945	0.0883571220022869	0.10641378969966185	0.47295530208676895	0.14993270981635443	862.0420999110127
-4968.960748894537	1.718171254255292	0.042911961419478534	0.046299281505983086	0.20776892070704367	0.14931028180032616	1210.7730887843252
-5409.462769384445	1.1151291120568918	0.016632216966407785	0.014643921636362219	0.018849622202779494	0.16909845204321586	1392.551154275158
-5442.547527513641	1.0471384697238253	0.011934230965558762	0.0097590119606486	0.1955371111256339	0.17130005219642894	1412.4299419521333
-4323.185267215027	3.153471514709028	0.07612286621300138	0.10764542968960349	0.8234013734214962	0.15419751967079606	919.1833477696489
-5129.009189234926	1.5283773637551201	0.035431043861730266	0.03188468026700771	0.06205025979214657	0.17270614748200108	1276.7997951150996
-5455.95462395072	1.0750951058093414	0.00953701535190622	0.007428890130699012	0.001	0.17396580916931959	1413.7487859530916
-5479.187397003892	0.9896760579072705	0.010581107634968527	0.009108551923806073	0.1429469468797862	0.15256756760262086	1421.9089920046845
-4090.8027881580624	4.811645748785516	0.06248374772422299	0.15733311741184994	1.7793796481148296	0.1596535714608467	769.7700902905187
-5161.461157038186	1.5011507685835628	0.028852035568045782	0.027337589472153055	0.02482428285570004	0.16812752450390897	1297.2232851500385
-5847.782441058916	0.30618569870605866	0.0012249385968107931	0.001	0.08181280214045368	0.21953365408424663	1474.3135871414463
-4403.16944295847	3.628427710401841	0.08230121636293015	0.10174940957653344	0.4677736733621151	0.15866569765504845	888.704692267361
-5528.1851931514175	0.9032283628377104	0.0055418308140260525	0.0046901849527060694	0.10626862659999271	0.15904907119735878	1435.6629553886362
-4454.430054420054	3.5755754786637377	0.08794812422355269	0.10883654150593025	0.36493133490604335	0.15623560882144272	876.8505813058784
-4918.346609745959	2.01487319430975	0.03906911691065284	0.03289733349083401	0.1442208175802916	0.13671219436125037	1212.4928375868765
-5149.286316994419	1.4379506997967932	0.0369786378587971	0.03463412063703655	0.16426082351030194	0.18030933844759617	1284.6337041173663
-5011.6517824728835	1.8232574050321175	0.027430016676523613	0.024665906710903844	0.08903660087406991	0.1524930077169717	1268.8110980517786
-5591.941655124988	0.7114299655703954	0.00120724469779199	0.0010000033362328185	0.1437205758350438	0.13641027047975307	1440.9468321544884
-4160.787093125508	2.626092541725326	0.06037100282396643	0.2132270253942729	2.093803563541388	0.13221472188070874	907.8203562504088
-5394.354153196194	1.116555316932516	0.013172406618413698	0.01155486577397173	0.1322618330881667	0.1603276190967291	1400.1840879875786
-4061.014969315097	3.7133954030586938	0.05958320015775706	0.33270773382396895	2.312908396229334	0.15465315320986164	751.8660059498169
-5601.486828018874	0.6573405190658534	0.0012073666884570386	0.001	0.1458698730343959	0.17739650631352272	1443.115754208992
-4193.042252802824	3.9591233227577165	0.09067755251809499	0.21628344130031438	1.1400835201670938	0.15888777436958984	743.7733102458079
-4817.777213312635	2.5307388133244166	0.04418832845180791	0.038874611534747215	0.011214669871168391	0.16615928244927325	1143.6102661429898
-5503.283054124821	0.9531833209768887	0.005985005112719209	0.005071680155937502	0.12250194229123146	0.16084783872611252	1430.8417694432546
-5593.026192340357	0.7053433095338106	0.0012148644246588354	0.0010070541062431875	0.22208124736469842	0.18109908033867358	1441.2315589830716
-5771.290895227443	0.38424031563332683	0.0012111810887762097	0.001	0.0386673475899567	0.21605780721864096	1462.769795629172
-4411.898350238274	4.887667535512217	0.06834270024297939	0.07767440267480948	0.4307201920193163	0.161769353077579	887.1846506464756
-5473.941059281266	1.009787539511414	0.008639092950340627	0.007152850757113919	0.0908026405952214	0.15112384963926956	1422.0147262785624
-4577.494504678371	3.1022170128175817	0.07858099888362052	0.08908880334017547	0.23719424426586636	0.14365137127446057	949.3635979915628
-4305.97667518359	5.391328408524227	0.052885332545474624	0.07140578648859339	0.9849203924955084	0.1326482509030274	900.1863187645602
-5584.234253023527	0.8489064022748218	0.004166153837392356	0.003600364654120047	0.09833886964961626	0.1212133625191082	1440.2544256444805
-4740.094940604286	2.7596687672992744	0.05667839307356056	0.05683757299084993	0.0654672435971997	0.1779161885879949	1061.1954105720927
-4055.423654421559	4.878900565902212	0.05858822145972647	0.19569077260824294	2.1790804237400874	0.14254850836153327	740.3930052643312
-6417.183717844107	2.717513273054694	0.030981791452179466	0.027327342544695397	0.0012196482578918496	0.4998470775649619	1190.2367092975774
-5640.031013167389	0.7105055393029153	0.0018223113253535213	0.0015048552623445855	0.007986849737626124	0.2103735776302008	1443.7100885762861
-4377.636681086562	4.966667616944659	0.08223761258300459	0.10017456185404434	0.474848384576323	0.15880952446594965	825.6578592186673
-5620.939581280325	0.5622586386155617	0.0011980768879538918	0.001	0.15127328636596118	0.15488893198878692	1447.9349688617324
-5752.89562009514	0.4979231075628824	0.0012039138897907149	0.001	0.18395134950269207	0.235675822920538	1452.1311940214732
-5456.568691025713	1.039262958517237	0.016840861962014425	0.014907652996384538	0.10302036566548796	0.14374182980876649	1404.7965889340896
-4621.9652673625405	3.608874551468001	0.07948616291641868	0.08026253907823429	0.0985991253399139	0.158131220806269	932.3429449337546
-6499.63106034842	0.9237917407366382	0.004010121445047499	0.0033715182455799587	0.0686591181530666	0.4205569945476367	1434.247193187976
-5723.867965010662	0.4505179862798213	0.0012132512863895406	0.001	0.09404601491979872	0.2126469185763321	1455.9131611656849
-5047.198280632639	1.7323449616612192	0.023292945583517546	0.021189907392945566	0.2572281806245611	0.1290925412890565	1294.2803625545441
-5632.919397342594	0.5375796774614894	0.0012154666072935446	0.001	0.04127250412380727	0.16896755259218815	1449.3471429587173
-4168.6900065573645	5.288810485529838	0.08033971297812083	0.1729921189834991	1.292800039135948	0.1567614757939636	716.8264517083107
-4191.2542576137985	4.060962326943349	0.07708626869437389	0.14168280566330926	1.1078087278516409	0.165738413926708	811.3704667504544
-5532.582688280475	0.8961273366509922	0.00391397488440472	0.0032878898433454542	0.10433793928461058	0.14931748149194615	1436.1909397564548
-4256.943369876212	5.954192827835011	0.08489174175941194	0.15301338156752267	0.9639859548141925	0.15042317628084212	708.9655737017379
-4354.073621331405	3.563918368026147	0.09084331913676738	0.1429301562952609	0.6774667537610417	0.12752702508917477	831.9301539511096
-3989.9041358089844	3.923537459503194	0.044672265493466756	0.2051423247568922	2.9089948965148342	0.14512012172269634	815.3603726113199
-5664.0724485435385	0.5748135819697509	0.0012056970899728319	0.001	0.3309989320111425	0.2088002059423387	1447.2105335590275
-5595.194768531394	0.9449210596548604	0.008303948238324633	0.007113879934188745	0.08657023743406522	0.10097693969586333	1429.941059156169
-5527.6655290331655	0.8760820898369283	0.019085563326019066	0.0189216658555429	0.8673751560774033	0.137056191483264	1440.303697677309
-4604.531661760514	3.6496697020357702	0.05718873779684385	0.05393458498120697	0.14002268992329134	0.15483335338982565	1015.577580924141
-4770.302372058812	2.2794896452337787	0.037342978074451916	0.03627127095847923	0.3127667553903319	0.17968333503562	1178.6313700931453
-6539.914695907409	1.09122346159421	0.012217205482469897	0.010612466235442083	0.016251925732915302	0.44046678246882864	1405.5333976126701
-4331.641373819068	3.3121501778756848	0.09079987213372817	0.1505520264925187	0.7349324188485501	0.14935465347776788	843.6812550610466
-5078.50648003569	1.5711406116860573	0.03910888843580995	0.03919999972988924	0.2740588979588325	0.11118377650989668	1251.8731751850205
-5577.688210349276	0.7286538287451108	0.0012060064556357905	0.001	0.23276070520955316	0.15298170084458793	1440.3394890947868
-6450.479095723828	1.1052013158244078	0.024825901369840874	0.02343748701651108	0.19088223697393938	0.4333455888298944	1376.9491394655527
-4733.423922306497	2.80491459991649	0.0636190283892454	0.0603665408596125	0.05579347982022655	0.15048649316127402	1044.187720807524
-5571.381059966995	0.8397649873309698	0.0013443080573598166	0.001	0.05447599972883115	0.1639163409595888	1436.3058189904157
-5975.7973596199845	0.6512230132266692	0.0015671140550283474	0.001258896101469454	0.048738376362177045	0.31139503226040205	1445.212029784317
-4540.339443174509	4.535390388945466	0.08514232911775628	0.09134607773620787	0.16974166454466882	0.16717999900287067	858.6966724089295
-4773.503927429042	2.3213471665985557	0.055208908828342715	0.0542003761794396	0.1781053676123442	0.1321088237720813	1108.826767180319
-5760.247496851031	0.8811856876887423	0.0034322548219088704	0.0028961794302872993	0.13434187977130893	0.2736366790559261	1437.1345609219436
-4362.1115668477905	3.2067843094447457	0.09657154980652607	0.15696331365056895	0.6761461667815261	0.15823078914602282	843.0591145947881
-4509.037662218478	4.701795862180949	0.08358288135342677	0.093078427728648	0.21484861214332063	0.16641878435603757	848.7469872299195
-4400.522953260732	4.941085794761894	0.07034658635821826	0.07789117492196793	0.4680559730170555	0.16523247831572527	884.2401619036624
-4768.044786759139	2.8642995168091865	0.05952527622305657	0.05540256447805296	0.001	0.14665334960858453	1055.5790718283074
-5623.832216596299	0.5542423255053743	0.0012072324891381657	0.001	0.11723820083753544	0.16009446121498452	1448.3647040053759
-4423.445897273251	4.5705025685636125	0.11426572799525614	0.1739172522749024	0.5173694787616825	0.11494697140461094	726.7237857443994
-4221.365732920625	4.7978003613701246	0.10259424949044792	0.22133323026632226	1.0763497879065094	0.13751918434409965	686.1507470685501
-5626.051909553984	4.36555288380534	0.09403901436151264	0.10929988823449256	0.24662510921758415	0.44353382123614093	827.8794171036509
-4630.871583275501	2.3987160345745657	0.06466476706146006	0.07957364688481552	0.3781731663067693	0.1773143249804223	1041.5453386541033
-5677.189504368463	0.4464287387755855	0.0012087965186617414	0.001	0.0849436635462183	0.13951226065801073	1456.299018933758
-5694.968760855902	0.5913471096918124	0.0012073860021044696	0.001	0.26962978099237733	0.22595465967928213	1446.2939278339848
-5172.438085735634	1.6004127672857718	0.06513955306040405	0.06852319823285173	0.06597230215866619	0.12938293244698273	1177.244198225516
-4151.42835765831	5.663836131624464	0.07353831276524513	0.176137760839673	1.5101097455955985	0.1607973854542584	705.1992605262398
-5568.486938725764	0.8459691956171207	0.002261563583167728	0.0019084095735546318	0.14364470674873353	0.1888696687900646	1438.2218030077015
-4362.471022505237	3.5557993519732	0.07025772099988163	0.08864537793381563	0.6279660000703585	0.1742423946941772	924.9470516127845
-5616.996645471788	0.6144254151749311	0.0011570079542135316	0.001	0.077308128094867	0.13708435397450378	1445.3024316072217
-5601.840975930612	0.656439239935741	0.001209846311009356	0.001	0.24226982728040852	0.17863930403148415	1443.1584688509322
-5445.706390386794	1.0397658690560572	0.009441491924515127	0.008073244969874478	0.21061530458061287	0.14912404138285487	1417.4669672387918
-4385.236810198441	4.461228104435701	0.08660005839019051	0.10916406909859228	0.4443521211973872	0.15971719048274005	827.8363378274878
-4937.085741326756	1.7676891360201468	0.058141834870241466	0.06044142820143168	0.2160540221986509	0.1466449196107629	1165.0317593287023
-4661.817626162328	3.717206862423677	0.07863960179224096	0.0760844707617287	0.0486229514798663	0.17554855410805295	936.3528099977308
-4385.564469815892	4.813905290582388	0.13574832584937108	0.2615383218973629	0.5810613032191098	0.1823124727658761	641.1143595998307
-4830.087828373039	2.1234528358922367	0.07819613179673948	0.07647952987998098	0.17166084316043892	0.17480195474153767	1072.1238783225176
-4474.0770597975	4.219800861628065	0.04572918527165126	0.049972773482554134	0.596129513036446	0.20316358896501976	1014.6956156204077
-5251.627429588035	4.464265405399101	0.059518672318796165	0.07056544930877996	0.29125824275894047	0.38746090950868334	925.9612821410014
-5625.573446440639	0.6390248333437742	0.0012153544843328983	0.001	0.031191182488810185	0.1945030360574134	1443.8794130296599
-5486.89656166453	0.9976774090399405	0.010215202179764701	0.008668706188345912	0.015510122541340902	0.16863105666081188	1421.1816772476461
-5000.818003841956	1.7858604068520365	0.04135998252397059	0.03950010950772295	0.061784248763058595	0.1526480279467799	1217.3518242747427
-4768.0039862717085	2.563509218461577	0.04092217615316205	0.048798012326810636	0.14942710894215175	0.17659273537166972	1110.3843085974966
-5600.212345675067	0.6453507728358575	0.001204758948604608	0.001	0.04628748935704747	0.14684761972646318	1443.6403636643377
-4938.956279147562	1.4282521014111853	0.04769882784585247	0.05690104677956725	0.8722255283649367	0.13249847632196848	1246.2779970424392
-5114.417413388405	1.4555663151710885	0.040697797112584255	0.03927042550848316	0.20736935767475523	0.1701032807901611	1269.9317758925663
-4716.158136086209	3.1445225335492424	0.053658906981448845	0.04836268223163338	0.02224818057981125	0.16214613650816143	1063.3533246134803
-5047.855673281472	1.7881094075322927	0.030670151636904053	0.026990147760443613	0.04272224048571004	0.12907406315384254	1261.4986686159393
-5650.63511053226	0.4928572044333266	0.0012071068163724285	0.001	0.1337593010659088	0.1707162453713671	1452.4863053462464
-4189.348417407739	4.7487983666061835	0.050534843781743735	0.08125950626059074	1.4894048629606342	0.1436647953397388	900.087320357347
-4821.445526448868	2.5903698038622918	0.03763999672346801	0.03450678881055869	0.007617166315401105	0.15347368299079786	1160.601785410777
-4061.138874084371	4.787136428879137	0.06106389649050939	0.26008249698018554	2.169546239543332	0.15451789101894725	703.0021865199321
-5373.541450924362	1.1319639359603353	0.026640220748152796	0.02347797832218759	0.15795519438548938	0.16400706820311828	1369.3220558971545
-4598.609839550255	3.159936378072438	0.07844375790978483	0.08385212617780725	0.18154781100238176	0.16049688799111342	955.1220411837747
-4584.514979737971	2.0704019641028117	0.06714464571758672	0.09245670497380827	0.7582589640138576	0.14719527152137848	1065.7942209263117
-5091.735176951831	1.5396056088514003	0.0333755524771154	0.03105245999321102	0.1838971828192841	0.13592936091385846	1279.1924894818603
-7078.253654714243	0.5905991791723719	0.0013734588014745364	0.001144759771433992	0.1378750529721658	0.48551168645972226	1447.8752564193946
-5608.445351247221	0.6562296260266522	0.0012082195211515537	0.001	0.002819977181279419	0.18348498121216694	1443.1394076024665
-5554.721265038709	0.8351647599978097	0.002537915109532737	0.0021142003970586083	0.0021520175892922387	0.15925676599655267	1438.9702827530216
-5978.053482547947	0.7279218796487591	0.0012038305475938478	0.001	0.15852640975389432	0.31735066723591726	1440.363692468683
-5107.2261699754445	1.6163214757676403	0.04236325874998622	0.03694795604385214	0.002510531307669249	0.15541405718710052	1246.212292768943
-5413.602181284763	1.1217221592396578	0.02313920287806171	0.021529409521055923	0.10946724352514582	0.19264124295138482	1376.9973260391791
-4487.680721624224	3.870059022339532	0.07759954180563991	0.085541586217658	0.2782098372018767	0.15646497575774726	907.4355392175643
-4841.0835233050075	2.2509731806333875	0.06493240869620605	0.06996534059423136	0.10258081904026779	0.18637544466069075	1075.1317506456046
-4584.496611536648	2.604742256944252	0.06324082930452068	0.07233283940430361	0.38285873073672716	0.14463061106073893	1035.0148829837954
-5616.168176343945	0.8034163631077196	0.0023363889310913243	0.001942123685541724	0.09615360137219721	0.21154586696591385	1440.3674374939774
-4688.60560670058	3.119881235667761	0.07212407629769454	0.07096183086310329	0.06672253859331573	0.1505317164662562	989.3068856539631
-5078.461467824437	1.5656654824365965	0.03450038657986211	0.031640319189912385	0.15562701325810052	0.17533462168136366	1272.9576633703803
-4490.249116595917	3.147416456708341	0.08182696978375414	0.09802189690756771	0.37664922856677324	0.1747947660018439	929.0367808005284
-4225.178811893144	5.338337400705663	0.08472271796676707	0.1277636729357548	1.0532419609207508	0.15310665178766394	767.3962165169756
-5715.386785936119	0.4463547795070444	0.0012098264344422701	0.001	0.0725050512388641	0.1147218588242774	1456.2993236380748
-4612.625385797062	2.3327892561998547	0.07765353531719305	0.11509885020451215	0.48379245468965754	0.14350604140330633	991.2472384589249
-6968.067170942443	0.7997475814647733	0.002213538212841305	0.001837956672155209	0.0469828274505569	0.47846484086813607	1440.2829554818377
-4731.7580580662425	3.0588820608116998	0.10833205480024871	0.09694370108287405	0.07578952337454227	0.16407851722047162	925.0771678653999
-4225.052658841323	4.130154156399993	0.06327510405746525	0.09657009678447026	1.060696335320066	0.16640045258158775	883.204219740982
-4668.510122412284	2.686128013788412	0.05866685151797724	0.06193979318597955	0.1932223139058255	0.17498236095307063	1053.1543289353099
-5667.854381419612	0.694086214909618	0.0012063726341533076	0.001	0.19363843548642912	0.2253533016422723	1441.6179637744528
-6648.251826037861	0.7955310558952031	0.0016337160930336252	0.0013534581163391318	0.08622737104284987	0.43591425596392985	1439.1646742130772
-5261.174148120686	1.2372857319226356	0.024494142231584387	0.024042742972621194	0.27450110889613516	0.15670931451661285	1350.9504921709117
-5613.290611598064	0.7710122390652869	0.003383874223374637	0.0028567803176330407	0.2232436369272224	0.11940357996264757	1445.2009161590458
-4768.787934587434	2.624630568784915	0.08498121336479919	0.09341321536388981	0.10273136064412822	0.18091606991444123	980.8545910500892
-4420.495832604121	4.384932292841387	0.09500391685279652	0.12364656946397715	0.3799347371368456	0.15052707054247175	803.7910382113898
-4127.717577218628	3.813042794180561	0.07864595001614086	0.24654944644483295	1.5201668837091187	0.16414826459535556	747.8072820957428
-4749.3742548920245	2.0917632075763457	0.06957700701837118	0.07539206395167695	0.3238571437392848	0.145453975501493	1084.0620593672647
-4624.327797948809	2.813567111460312	0.11226151286402247	0.14417575945967637	0.2835494505138761	0.16611927181818786	883.8184859428749
-4386.376195992518	3.539741060697554	0.09778176350008977	0.17711862982394674	0.6109021558457064	0.13677102963438872	794.8497374765739
-5652.540075734263	0.4832678967495898	0.0011848843693135181	0.001	0.1511849240186616	0.15099016094966003	1453.3205938359556
