# /groups/rgutenk/lnt/software/anaconda3/envs/donni/bin/dadi-cli InferDM --fs input_fs/fs_050 --model split_mig --grids 178 196 214 --lbounds 1e-3 1e-3 1e-3 1e-3 0 --ubounds 1.1e2 1.1e2 3 12 0.5 --output inference/fs_050 --optimizations 100000 --cpus 10 --check-convergence --delta-ll .001
# Log(likelihood)	nu1	nu2	T	m	misid	theta
-8622.907305854747	0.22394706044255352	2.8437980489675745	0.07138137431111337	0.005059922874723046	0.05142513071179265	1701.662329987596
-11681.847019759498	0.0048610404188963695	0.6375086490277684	0.0013504481351550223	0.06741161300705317	0.047176459745756	2567.809771164883
-14734.786361678765	0.00754723653692623	0.7187578461934531	0.0021217235176366174	0.09086941055667225	0.34348928644775517	2564.1295597758744
-5903.5363330037435	0.3820832016514032	10.8458902301059	0.5651251202261875	1.2536783226329065	0.04376443242848043	654.9460648099812
-6049.630117630607	0.3799155036823092	9.719082870687048	0.3999231162842374	0.9617880408670376	0.052546724123852966	746.2009819309579
-6111.458645453904	0.376205022354521	12.396067274882576	0.34862758492266405	0.9833260693222479	0.05392359990191492	724.4938883583565
-6513.235227948109	0.42745232638453995	6.28937748999174	0.40060473655622725	0.8033778985969582	0.05343671633057277	859.7168366966799
-12019.382014477493	0.003605838479915386	0.3563883380100215	0.001	0.11738821343212807	0.043635217790729514	2602.438277097491
-5984.872176665004	0.44690129379157534	12.656377069020786	0.8932142228754687	0.9053864620110997	0.055926861902353436	519.0493114567788
-10482.937255645918	0.10576066186403973	1.3193807398806667	0.031017025966806278	0.23664785570348237	0.02491877985173464	2254.544344139488
-11691.664296708252	0.00399404176247503	0.6310027617485472	0.0010967598714722042	0.085205807343946	0.05209794686232692	2565.5038414696587
-6043.178815209057	0.44076428471346873	11.830567792655561	0.5796077141481127	0.809408818990268	0.05525046448765729	604.2152431861907
-5916.309278218079	0.2799083717233327	9.165312711316357	0.3490513354725344	1.711527839266873	0.046429863771906194	839.5660980553938
-7083.56327015019	0.20206195691423023	3.601175778506891	0.1850716393140499	1.4128945090880327	0.036071676784025106	1359.4725504534963
-5836.640854540372	0.33343567465319446	11.558346487063135	0.6283446892828547	1.4088407375352514	0.05950966511020797	635.2647455096795
-7881.1769432612	0.27541573231383387	3.985868729952921	0.11369186462730102	0.12070506137003774	0.047702969765593246	1413.1439235235475
-7578.197917628047	0.27803176037030797	3.9688958507639485	0.15943333629098141	0.363299997407306	0.05276402804499352	1310.9454790478562
-7432.0820476202225	0.4142546995071237	3.6851055339056855	0.21287447064646164	1.407066538257249	0.06682154531442626	1225.4957451789026
-6206.687554382349	0.34861775709211024	11.078045210520433	0.2852877387371384	0.8947010896073716	0.052400401839218035	807.0756790071246
-6722.303276865546	0.26297849568944826	8.448184683114716	0.1584346369153142	0.5643087730700521	0.052995799930304045	1078.8859075950584
-5884.907981494117	0.22548263230269455	8.826817645222622	0.35697901372549756	1.9046599090605536	0.05208891708788197	866.4535354991083
-5793.917529847482	0.2739593588979801	12.63596627339948	0.6432749785496258	1.8221452005662948	0.05444067552411538	642.7912367711415
-5752.837484706741	0.19893407683111497	10.30692307211496	0.5524701855591584	2.5008054286806387	0.04932213604199322	774.2019727136354
-9294.881785965985	0.10643416567715094	2.1652027023734655	0.033518075448868735	0.001	0.061085524094262864	2067.7811185974524
-11908.412955838947	0.00489935471743233	0.5932316438077383	0.0013621530776864032	0.036267266486615546	0.09512052562926042	2572.879057845081
-11378.746090112487	0.020293580237863058	0.8768694377728994	0.005939719157324388	0.039402779116232786	0.05106865191981583	2537.838852259557
-6249.81978498094	0.6278155648690789	10.983788262274166	0.4757589125742991	0.7081781247070033	0.043215900873902764	638.2588440022126
-5963.520124048015	0.23457237201177877	7.389346666238791	0.36585981976853427	1.7683027489605008	0.05747429047290733	906.1745954680742
-12276.66317354762	0.0036053618100528846	0.4767383715900862	0.001	0.15037433700978625	0.1307176311522774	2580.8451046871533
-5996.645672391698	0.2664869183064962	7.2101085499976065	0.3841606126704117	1.6211145699333274	0.051199136878145333	887.9875914005196
-6785.768833603783	0.3516499614295442	10.522173101050576	0.1699396757405234	0.4431020350274723	0.046396730767917505	980.1976069211954
-5827.30682191655	0.3015590870539588	10.472430367775415	0.6215114583620838	1.508923585528788	0.053909210918568054	671.9971889918426
-6396.499491625446	0.37066877347809146	6.8599905590446575	0.3646061161843256	0.7830569465800814	0.05111774682020393	864.9058146279299
-13288.05481988129	0.008848357375024596	0.7180057288447433	0.002522815921828129	0.0033346402219019615	0.24419298636328066	2566.2223848881117
-11376.348469840894	0.02136428074847159	0.8906934391973326	0.00633694583285059	0.12719348608265313	0.0630940334903499	2534.3259858848864
-5847.8156633702165	0.2920533693188483	9.361485775290626	0.5287419580500808	1.621472988130829	0.04740813572385311	737.9342220717053
-7227.726600787479	0.38612914363773493	7.323797301449557	0.15801706737301646	0.13026670428340417	0.050778810601409055	1080.8861465819793
-5835.591705186494	0.2529049025645018	11.768537793292579	0.46709256991691295	1.9201597133908188	0.05093442190583026	726.4866246031056
-10735.729991984565	0.06218260974100974	1.1968619492964467	0.021436163550554523	0.001	0.06188198698321526	2373.280824442477
-5782.877070593795	0.2587485650630329	10.042113999728693	0.6013916686338978	1.8789225700034244	0.05258186561608418	716.5313760147706
-11669.999478131873	0.004985338741836779	0.6520391397240985	0.0013850607301129113	0.061324240249835814	0.048593928105965405	2566.6473332816486
-6712.038648401762	0.36557866598856875	6.77965628274826	0.22633516298685558	0.5697951324062388	0.08702917863624048	996.0621792102619
-6773.65706144814	0.5770910424912467	8.1979688179175	0.9667674987994738	0.5659673329674989	0.06260513436833917	583.4647825765376
-5733.399012436387	0.1816727242301916	8.779596445730505	0.7439915130795074	2.7596673641093843	0.047367074408002675	803.6121846141342
-6275.535964540057	0.3114523302449623	6.320839773926739	0.429596082252043	1.1789219780892684	0.05358264186307187	879.2314539464523
-5840.812433253247	0.23938437788692798	8.311419610022725	0.48223768394726463	1.9648588166589656	0.050265446670482376	818.6454869910823
-11794.7296561522	0.003644026476397061	0.539470448187777	0.0010123203480884163	0.10332006444516328	0.06398859151163849	2573.483869484843
-5725.145318103016	0.18137296432221342	9.424153026239875	0.6513288794012887	2.8074012928889727	0.04658796937057265	800.8052730244474
-5752.416750850744	0.19542064008851914	10.133467233334475	2.5923180871249163	2.919242887627385	0.06022473788754393	711.2477586600114
-5943.773421104903	0.2451285663799031	7.27756743937118	0.4605046543474765	1.815349383947781	0.052071497335993304	860.6864273621212
-11807.770780278803	0.005113547394028341	0.6601437545138344	0.001445227841403544	0.481813946919062	0.08924066745358539	2566.9190865068126
-11409.800513166956	0.01633781330971463	0.8588129177411895	0.004658358950162942	0.08350190777427863	0.043456251243098994	2544.018205467858
-5717.8364521392905	0.20295824461748743	11.720052208009351	1.3433613678158836	2.6109199724681633	0.04578138135723802	659.0288884772805
-11695.68009469345	0.0047197617752106165	0.6338515211963781	0.0013128320105040695	0.2114251292671794	0.03497875862564313	2567.877493559151
-11549.135115183295	0.01007157231953685	0.7698498864235236	0.0027793746967906927	0.11741190947909641	0.05281227035468804	2558.5994798419183
-5980.578720300841	0.31706809838123357	9.821564497740436	0.33674746837961356	1.336932150628337	0.054686312491795695	809.5343584148187
-6109.954431231949	0.5733549828018427	13.322843736605702	0.9490649070690431	0.6942383736004641	0.05450849447899677	477.988231861697
-12442.73438323984	0.0036958137530123405	0.4827102146608392	0.001	0.15406771268328148	0.15001394727613707	2579.411650028942
-5854.481948022074	0.253767772927972	13.089492374173675	0.5090094588051972	1.9587280446738065	0.05057071744692346	687.1950953564856
-5976.253671361363	0.38441967482114464	11.963841212651365	0.4908452143166845	1.0000062434247805	0.054455917350054485	650.1824249948488
-12265.556393984805	0.0034640797161669063	0.2801661423539309	0.001	0.16018118791954183	0.027568363082944334	2626.0395691938984
-6860.80548811325	0.26898504738108575	4.400717659294079	0.19799222780634756	1.0064607603346953	0.04658773145505961	1220.024849480713
-5736.604642872278	0.19645605129136184	9.157241562097193	0.7772285102033958	2.562609816709172	0.047324976124633884	766.8782881979067
-12728.923012253239	0.009215382541843913	0.7403277080444	0.0026612085333707356	0.23798065833601734	0.20080801893257563	2564.012350009087
-11428.434242578021	0.016008716982029433	0.8444274927530843	0.0046854935604995545	0.18026062511017524	0.04294797377039247	2547.63761175008
-12043.097977794316	0.00365187655098377	0.5615212258455089	0.0010013991086408108	0.11293236645130757	0.11227938120508875	2570.66234427571
-6564.55086398143	0.2580559317126574	4.413454436262632	0.4579020379083005	2.0896521502722085	0.05177072224714286	1057.1842677971767
-5783.223984972819	0.25351465546578994	10.81050872289196	0.9111931573180051	1.8181939075610203	0.04687868434416398	636.7691610106845
-15547.067930654004	0.003643568749076579	0.5912814474973953	0.001	0.37507624220724856	0.38458959022386097	2567.8820993217537
-5787.015182474112	0.15420917562750908	8.803359077415534	0.4177303661811638	3.457660001046708	0.04881109407003925	934.3098457150634
-10630.198517313886	0.09218639362160276	1.2646101033333448	0.034823056208819585	0.00888611261971323	0.04815159459756575	2276.025630470963
-5729.871407289297	0.20256641868865516	10.30786987111944	0.7349333857669581	2.543141169179791	0.04146441891039207	736.2997386504037
-6611.629589868895	0.1665913970275804	7.905984537597264	0.13061744411172582	1.422073745411784	0.06738448556595042	1215.129067798614
-5755.004085894934	0.21418751229390814	9.991008526603503	0.6630187397023647	2.2857254910080766	0.05992223543061858	738.1532903943095
-5774.461563060622	0.24681260892982965	9.949741916168064	0.607108567883144	1.9634198324432919	0.051196926496613164	725.0411078719316
-5805.141514735118	0.29804447478401047	11.068613372227734	0.6856680891802406	1.5649139904991913	0.052613009945116036	645.5052099766809
-6027.7988833278605	0.4107624409451356	11.72960717056364	0.4185988656389975	0.9759394918347152	0.056159829967452134	685.9546999620702
-11580.226783250317	0.009559652365284438	0.7367701996476986	0.002728240920758558	0.24983456903470158	0.043259253602024386	2564.339858154077
-5847.442793369064	0.2962119811026096	11.061385384073276	0.7247074104453096	1.4736056575857535	0.06788929122538713	632.4729214492338
-5756.856284967008	0.21578383061111836	9.996646931299766	0.5550009824449524	2.3350827659821185	0.05243647438562056	767.0175945611259
-5974.286535016086	0.33043196506221834	8.399970682657038	0.4811023642390521	1.3126069322205656	0.06030988889891213	765.9440537716152
-6015.023835346446	0.3861676614983814	10.924952382165783	0.44962563881172196	0.9481510862900124	0.053004844993865645	688.5058910515726
-9514.977266325292	0.134319893330219	1.8905799651802582	0.04213208046012918	0.0013940477786547692	0.05102032724534435	2042.9815847700709
-6781.888479627196	0.4471183031176885	9.021765174181862	0.20416779138885302	0.4243946668683225	0.029336712874932742	933.3538010471506
-6042.982941371184	0.2342440183897174	6.489630308762444	0.5529708926788139	1.898254969803755	0.05164261731195339	873.495869120657
-6190.693080845368	0.32321469942692166	6.779017734033112	0.5222720687237065	1.260226466381801	0.055888208166503486	815.2613414582626
-5973.358972669147	0.15485401356254458	7.059403789219534	0.26600890379248165	3.091222805067526	0.03793542611554334	1077.9231471638795
-5953.26270078216	0.23722266452064011	7.780434336521899	0.38272222321057936	1.7167950077690712	0.06452647507695704	876.9582916419695
-5884.1355630209255	0.3016040372325527	13.042691768054327	0.5198013647858544	1.4462993245656914	0.05617639052195854	650.3184338317293
-7455.950677163661	0.351227465209459	5.0482319332362415	0.13814631860175414	0.1850759409774484	0.05061579167301327	1244.5356972546733
-5964.044941785363	0.3020811165849063	11.409806973732403	0.3584918877384422	1.4170684648882057	0.05202283037737297	762.9418964119615
-11853.170112995096	0.0035968467157249835	0.49083737576929765	0.001	0.06998308285196232	0.06662052960898765	2579.011805068733
-7336.697154151258	0.28041146335711253	5.406132306899622	0.11852627778091011	0.23519854113639765	0.05753971634634056	1298.5062689426154
-5760.0071346855475	0.2728596942277391	13.140914026854903	1.0103080802956252	1.8733602386691073	0.04953807952669618	578.0147851897733
-11626.807788083004	0.01326401131395114	0.8004838875549779	0.00378113586978336	0.10227365214995203	0.08597364363476691	2555.350070525475
-5841.6364411513805	0.2708455098341036	9.006024782860505	0.6121251306488541	1.722898637893695	0.056988776419688046	732.5088740272273
-6340.436576256976	0.31576224619900917	7.630518204025563	0.2802544318251203	0.7878807862517346	0.047518283306146554	913.4479202595985
-14245.343571354144	0.009718446929143641	0.7211546810794998	0.0027722777820810285	0.14777674149212475	0.3124416424228218	2566.7619957923507
-5880.200647711871	0.2863692563497343	8.769249168103526	0.48618474411944196	1.5892471991781787	0.05753179576270084	772.3724040564854
-5761.524454074683	0.23315872594247997	10.476687673553029	0.6009559092324955	2.0861336249613616	0.04818524511631535	723.22169813887
-11830.65309116021	0.003599656952685661	0.4764113628699383	0.001	0.5135392511980007	0.05148039935339337	2581.0051446459374
-11906.248024474897	0.003677921172925237	0.41980298646327735	0.001	0.064458760895371	0.04220604078916278	2589.08656334467
-12085.930425738989	0.0036782435628706055	0.3326293899093037	0.001	0.2523393589928009	0.05612174751036319	2607.91409092078
-12028.869729575339	0.003606630522628303	0.35500994680012615	0.001	0.0846498450655369	0.03729322206354066	2602.7522449937524
-5716.506663551732	0.16511017155275654	9.421145491376752	0.6769807003721819	3.1410324552103526	0.04498241785838366	825.6400513608687
-12339.818611065535	0.0036068776720054995	0.31439461526015183	0.001	0.16602520020745895	0.10047894397349123	2613.5751142094264
-5726.506020335101	0.21860652911243064	11.227685196817372	0.9143687102721549	2.3519640713277634	0.04700377336834538	672.2567871516754
-5786.374236294743	0.16945574639743438	7.845410322935387	0.4966365381715791	2.8029414146236875	0.0517919001203569	899.990708575956
-11787.838049006761	0.003647178056501176	0.5147367927516397	0.001	0.15931234175651626	0.04008935825646512	2575.7307864167055
-13737.977996393824	0.022585821782319517	0.8228594090194586	0.006604490488789183	0.21466395312917416	0.2868917606998974	2548.27352475085
-7390.745619613384	0.3551323350028913	5.373698075862581	0.13785446019766237	0.18288145309885506	0.05271222728626283	1224.5171766738301
-5888.563438921346	0.38018724307930435	10.935046070167855	0.7243985919599764	1.2287956786482845	0.0558387127074618	608.6400764977564
-8943.021082617804	0.14134697519255535	2.27959194337589	0.05325422353428086	0.20092743291501516	0.05995409746201751	1916.3084117755677
-12107.012800889272	0.0035909380307035284	0.3201955788684675	0.001	0.35586926822770165	0.05028283463887973	2612.0399890376575
-7887.301094877445	0.1161436854449263	2.1232633308295368	0.22011985422865904	3.604095017685669	0.021928973593893227	1739.0607032010998
-7421.495717403007	0.21151890729828302	4.056565085995689	0.1032138974370568	0.7490112957993614	0.08431147437869166	1472.3244684026372
-13579.855219896506	0.009115930345655924	0.6965525086360691	0.0025608386011802538	0.06645529882485463	0.26410129655236175	2569.142816579114
-5760.909585693269	0.19737637137681663	9.216180732821684	0.5250327036600498	2.4641606775425715	0.048931126420254094	811.9271912268064
-5736.9863288183315	0.15561626851814817	8.964287641806015	0.5772117475471717	3.122107726554771	0.04044354981204317	862.5768966263101
-8637.731651181597	0.2010279220618153	2.527022767543867	0.08621770356249589	0.23792536696554167	0.04234835574977736	1711.0613800558187
-5809.681705206533	0.3293466741862859	11.861060862488456	0.6731933867125258	1.5571070314600022	0.052631050527690085	625.567104596623
-6983.20387619852	0.5488147064083532	8.092552693979442	0.24629772709896036	0.2200288461753456	0.05914368995392049	882.1536158024068
-5783.779937344378	0.2393142057116476	9.871137880154103	0.5327965232565793	1.9932366537409965	0.050089995022278726	752.8171124022986
-8136.056360237755	0.19182276356747852	3.8468065117292896	0.06935742741639411	0.001	0.04748806261600328	1625.586121475795
-6289.083224890727	0.36931623087055604	6.870548769545997	0.31954433210693595	0.9557199883044788	0.05262256470452349	902.3566070398116
-5755.017896313315	0.2100723204840646	9.186852804678912	0.6615922038499211	2.3294703431119546	0.050088693104430454	765.9668986828449
-5832.5872932630855	0.31360536128657224	11.267095709792956	0.572268847271001	1.4607548868820097	0.053056337824477835	664.0296538906152
-5720.688447264814	0.142673084696249	8.39690425383522	0.6331643350362438	3.731440026595162	0.039509411710941106	920.0015316960616
