# /groups/rgutenk/lnt/software/anaconda3/envs/donni/bin/dadi-cli InferDM --fs input_fs/fs_091 --model split_mig --grids 178 196 214 --lbounds 1e-3 1e-3 1e-3 1e-3 0 --ubounds 1.1e2 1.1e2 3 12 0.5 --output inference/fs_091 --optimizations 100000 --cpus 10 --check-convergence --delta-ll .001
# Log(likelihood)	nu1	nu2	T	m	misid	theta
-10267.425801819461	0.3579070862054603	4.045290593772277	0.06514375834084402	0.12147349470653165	0.18058376377154803	1776.813102921559
-10723.043610042965	0.21027801319869716	1.964157660024449	0.038014950712633194	0.19564578023103088	0.1745603617354336	2266.5018774669898
-9975.144107815728	0.33939895828284306	4.545356449512844	0.07472748230208297	0.5117983978328834	0.1947617842305112	1698.1638082130044
-9612.716616488133	0.42437984472657975	3.4152361236716806	0.13334886616188046	0.9904424027609924	0.18444904469157417	1560.9568620892876
-10797.482981628647	0.2160395549528376	1.9767604782946222	0.036157588312803704	0.0023622751644119607	0.1870048524807124	2270.938936581664
-9671.197193877078	0.5380972390913354	5.663537572237545	0.13515944706502825	0.9674906995122085	0.15392155618420897	1338.199405305708
-10371.68067833405	0.23413482628883087	2.9011720581290588	0.04310487752447695	0.14933285016880557	0.1767331905617119	2085.403254720761
-9017.90692970234	0.32004461017320024	4.053684980393959	0.14506994295069559	2.307433625770848	0.18150504507546542	1523.0687109458638
-8714.100210943056	0.5539969180811819	6.678999142306162	0.7208686127034425	1.8479914296905464	0.1728857589372362	837.3878082658653
-13226.388514550521	0.006506580357700431	0.3321054830150736	0.001	0.06158590103478932	0.24885373734588545	2941.657386147548
-12403.60444611255	0.03657227706044658	0.703119215821105	0.006006948440657338	0.2194072447258336	0.18549230997079338	2892.893760967951
-9027.090458451019	0.378535476045156	3.056886961197504	0.2151142529752482	2.342690150144322	0.19653822084682873	1509.265249506878
-11569.294048114254	0.11571992400017282	1.1632849888495664	0.019815651327523248	0.142207410668803	0.19439208165455704	2639.4765774796797
-9001.0526006338	0.4235680519800984	3.8003574089029213	0.22890093934145697	1.7773843974628147	0.186457723983041	1360.8075421426347
-12392.024203070205	0.04408199835184817	0.716176020516349	0.007245411113785187	0.16738099419390057	0.20059624083072525	2885.4526153949173
-10165.34355557885	0.33287185712947737	3.9868755636691686	0.06408390095188314	0.2511598517419731	0.18809756575151682	1798.6042726648386
-8653.572752967448	0.40144133740278154	4.450781584750454	0.5494429911674426	2.3591461911142333	0.19194802834770794	1109.0705756822267
-12493.657614830332	0.035184173962075786	0.6589097294772833	0.005845499485135549	0.06294566001355859	0.17269203260546448	2908.6088280573754
-8606.89977425938	0.406773018958164	5.933004722981676	0.728140014342862	2.471598100412108	0.18462395289441574	945.5880518932747
-8610.290356998945	0.4238438673113265	5.510970175432567	1.290039347183243	2.2661891525184754	0.17975800661213623	885.9404384370781
-9065.61909670118	0.5817847305286391	4.549019538413416	0.25575474482553245	1.541138761251342	0.182181285266169	1200.2385606060343
-8790.724843739914	0.43523593420933826	6.024091849691242	0.3452066248346468	2.2071367890276816	0.18398503485758955	1069.865749312373
-12826.684266965205	0.017905668360875565	0.5135150484404389	0.002805440804856638	0.1388264649921352	0.21888490140536243	2936.3037788270635
-8614.49964669427	0.45529954973889564	5.9085555992150915	0.8477333424303054	2.2023672042328446	0.17946777787148488	896.5249043979404
