# /groups/rgutenk/lnt/software/anaconda3/envs/donni/bin/dadi-cli InferDM --fs input_fs/fs_081 --model split_mig --grids 178 196 214 --lbounds 1e-3 1e-3 1e-3 1e-3 0 --ubounds 1.1e2 1.1e2 3 12 0.5 --output inference/fs_081 --optimizations 100000 --cpus 10 --check-convergence --delta-ll .001
# Log(likelihood)	nu1	nu2	T	m	misid	theta
-12982.622085996045	0.0021047993974485524	0.7903478056317281	0.0010519509273201689	0.1349355040319953	0.16878008347222476	2046.2148753973074
-13210.061056536779	0.002003788191385057	0.5663598997011453	0.001	0.10074435048365138	0.1764761003192018	2059.186985215482
-3803.6150986945167	0.1516274782134981	15.976720176290216	0.2205261334408776	0.6793633895840195	0.19460633781693132	674.7702404209531
-5977.790306578688	0.09392450485150242	6.351701494034836	0.21903643723231567	0.48238482593120185	0.17657636438402977	880.7981258309446
-3805.169393937502	0.16363521836513292	15.601200908868154	0.22257101569569174	0.8317697430889375	0.1775265582840321	677.6414202963383
-4433.230417440307	0.22196962287663102	13.698103880858286	0.433950680942249	0.49428148734339955	0.17108494950029093	519.1337369043953
-2780.02901241455	0.12297522632224073	39.051541869959664	0.5084367631026342	1.6330740577402842	0.17284123685467415	419.0947387528293
-5933.88705595471	0.10033372142977898	5.767847324140703	0.12075044367925668	0.8332307904956108	0.1821313886160142	1079.1438167574595
-3403.297204544178	0.1410801138471391	20.524315808920218	0.29435362146263194	1.003898232097565	0.18776092838773104	572.7515050352151
-3095.7721392921503	0.10009292704613418	25.076359093056116	0.5441098379090864	2.2680912203826566	0.18156394511871238	490.6492852905548
-4553.5008077457305	0.14117257616509205	12.026953588507194	0.17159279793667737	0.47028248027926567	0.11624753450010253	793.8839528125425
-3179.0964364932597	0.08196703819534491	21.361544425512967	0.43375830196643256	3.0198155853402437	0.1730554474211003	589.4683725474114
-3663.6076833810166	0.09073947030041142	15.39402688476507	0.3330350854708722	2.3999322575644078	0.18528238979561612	651.8003290404114
-5942.804376926569	0.07365318193625842	5.8485112364266065	0.15165775874188087	0.8783499196129223	0.17420124310207363	1021.3753010059746
-3717.902082836185	0.09833919683107803	15.25465079461607	0.32991789526683074	2.058830892001484	0.17106066774241105	638.5584409665332
-5460.1278551396435	0.1296478010448165	7.31817222672978	0.15719697293419302	0.3233945205580404	0.17545040196321438	922.2406702342611
-4233.294855168248	0.199364272945726	13.585333538415991	0.18046960341991677	0.2322789249110885	0.18877944085791157	742.375241986049
-12988.834505359428	0.005541903505428545	0.8276274631549133	0.0028925515412025456	0.040392764624197684	0.18591271301075132	2047.9060659507172
-3284.49263155582	0.24721489535838356	24.62628659674882	0.27067308566756676	0.6530115516114691	0.19523227892128683	548.8918864814534
-7430.517628420634	0.1505137757848637	3.7393092733807665	0.12097016076213125	0.3063329161693807	0.18840634596324032	1177.6180929629827
-6973.43950585979	0.29790541415481653	5.154556515886848	0.3304575904463304	0.7577491823475422	0.21622953873545092	802.4798810718208
-4439.394747809017	0.11722788311215862	10.312613489466791	0.2165325088863931	1.4869587045355503	0.18992921404197222	785.7510853864886
-6788.52118702784	0.09106376688446104	4.480740652614989	0.08169872526456025	0.8495439522831916	0.16788667984337566	1264.713289081078
-4162.37830345465	0.1519807084117591	12.648293797804891	0.25296556321732827	0.8303783573817831	0.1854916326707472	678.808021260786
-3974.852714436776	0.12868715152028967	13.737841347475186	0.27593258821284516	1.1581108856997488	0.17607460238416034	656.654762275211
-2846.7844388219983	0.1172389026592909	35.227494962701094	0.7445695159527455	2.1075504860046173	0.17410666479613418	403.1931635611853
-3226.2012536685115	0.15429118079371532	23.06719543538664	0.3448673481141477	1.7330816392026214	0.17825270461037493	545.3671133420444
-3191.1428834077233	0.09339786133306967	22.841471179179216	0.30291047258238846	2.322791432463753	0.1838337861721782	612.4843000768507
-5776.608903633112	0.08717400284391816	5.788444842671456	0.14689164481791597	1.7650015543535045	0.203099461156072	1046.274810745615
-4258.487133027334	0.17020093646866155	12.115508669859686	0.2425265851488892	0.8388292543761836	0.20884579847679377	694.5034728328695
-6924.143591705459	0.08387495338979888	4.123689057844723	0.1081923661239999	0.8145264547550639	0.18957909654234756	1213.4370114966302
-14280.629503611819	0.002020779558559994	0.7901580027360504	0.0010022804138029367	0.1512651614308251	0.4103098751930998	2045.977241607563
-13225.063555690433	0.0020167559960788603	0.700527074741238	0.001	0.19245108761072546	0.11681428114496083	2050.2737272382133
-6242.785764254684	0.1029237266128172	5.582193682830831	0.12550603394472937	0.22554075024878906	0.19680356521268144	1065.8936975443198
-3782.959521198735	0.100683165027339	14.568550425041918	0.2902425850870338	1.965522833061911	0.18119786334435373	669.8872782146575
-3357.299156963518	0.12300009665526945	20.574029498209097	0.2749665804719428	1.6062161061031892	0.16497405720944752	613.9016098803519
-4144.81995971283	0.10792139771160292	12.776054883374176	0.16382637269932812	1.2562548076962523	0.18929578759649635	824.3926794476246
-3238.428290604232	0.14100071169177353	24.81702579786078	0.2662103433773079	1.6116925652701135	0.2257270244857139	597.0357104482521
-12130.235140268676	0.05705470887353557	1.1963465027017248	0.047486423460464985	0.001	0.2434814835310023	1854.9955774351124
-6233.493199765794	0.08191428592734747	4.927728123225588	0.15018509406297137	1.6764976869736612	0.20178400876850258	1088.1724138463558
-12873.502884605175	0.005434914329705424	0.8994531761160599	0.0029040066425405353	0.06345335874416304	0.1800020181109247	2041.4284519641906
-4609.129987093934	0.12568811572074406	9.988976918275549	0.1725392347720579	0.8091189631457072	0.177748957224547	837.2538240301614
-4177.00351667552	0.20714120324427374	13.688673923356458	0.2661240769478632	0.36259722890403784	0.18432456926088767	630.4889068152919
-13122.02309995679	0.0020167459167885426	0.6637619104157472	0.001	0.2036602628425318	0.15084693207944963	2052.3606018225546
-4353.62368286096	0.08553620945988931	10.9052856555774	0.16603399724408094	1.910854032717959	0.17400746058063313	871.6746714660342
-3982.4004038038893	0.10489552353055474	13.018146759678212	0.2714180236925858	1.8382034841344557	0.17165365529833645	699.1319726222786
-13206.680056783309	0.0020169935573402125	0.8254398783477587	0.001	0.06673029494518408	0.2736890217395317	2044.5041419742968
-4355.027645399493	0.1788896821409611	12.223613082267118	0.2045043200412899	0.32550670678498195	0.17682157484628822	727.1296005874765
-4957.791871429213	0.14900169909717215	8.84365547094451	0.17845509845917243	0.4495732507397648	0.17788171437793293	838.9113360110398
-5676.858223508301	0.12682342554802306	6.430118210116122	0.12177704076491982	0.8972449855513981	0.16346251451183214	1040.514405938448
-6470.350301950222	0.11700337530426749	5.069599150507632	0.11519988055366982	0.2598734064596424	0.19386661831139657	1112.418040558178
-5455.800298795402	0.0807866111916995	7.004818700283504	0.1601058304078294	1.7103040747718283	0.257979782182464	974.4304339406558
-3721.243736173651	0.1334092569049096	15.854903628071444	0.24585691820603256	1.2199244425600309	0.18387124287128048	664.2723642814706
-12990.916680181881	0.0040132121867017916	0.8080531526261314	0.002069114809672329	0.06755772191514305	0.1763958999222607	2048.1849754993
-4517.953819254409	0.18761081095476054	10.76639046977152	0.24746702027795783	0.7159066451551513	0.19045245055853152	705.1927477314525
-2992.87249991623	0.12238980918024815	28.980079279393397	0.475285283469246	1.7312800688639385	0.18259805285179526	463.2265986509423
-5097.170000071936	0.10685569242532117	7.948005910499722	0.17717635407590082	1.2104437599920825	0.1435587943328199	893.3585635930516
-12998.136186987756	0.005156830788629242	0.8737648524249517	0.0026738688890325314	0.1592103747356521	0.23321202211946981	2043.3829253793972
-13044.007616739324	0.003010923679573151	0.8127826950679601	0.0015281399685101306	0.05973853653563756	0.13661555677026854	2046.481594393563
-3430.007692363274	0.19929683611578924	21.155666294193416	0.2651952975700583	0.627166783608725	0.1977169760314575	576.5342947566162
-2786.2661460704194	0.05314612102785317	27.969398705321034	0.7134313443586113	3.9953474643281544	0.16744624871063252	586.2072707540918
-6204.363277913965	0.06213880928228603	5.4886624767097	0.41222253352594024	2.552859318593191	0.2645595604421097	895.8500367006978
-4214.791186360114	0.15321159120209546	12.854400205550508	0.19563901162477026	0.45809061050538197	0.1824459317234935	739.1707809231982
-3405.040978928115	0.12032999453742572	20.542459720135632	0.2315181020934576	1.3706567918816106	0.19493863048872878	653.0428055857456
-4595.015362451188	0.09947026395220138	9.49984774859531	0.19268738541226613	1.599251244779596	0.18908335179449806	842.9321287555796
-4709.370223934974	0.1435895929390338	11.078820803227474	0.1409926541751817	0.16818350363687848	0.20807866265779415	866.1494181001618
-5032.627159614725	0.10684994020708768	7.933503035375248	0.16689162924225023	1.2912567385462261	0.17226799281693134	912.6533143702238
-3942.615141815365	0.11012976125401132	13.734212870199435	0.24553731065815926	1.3651282830090559	0.19749695000218875	697.4822166666557
-13135.313928826512	0.0020173697339738363	0.623651686879412	0.001	0.1260616758177055	0.1769907366020019	2054.8844347591744
-3013.9046114015855	0.05899925916163131	26.17846138733528	0.3505223328729931	3.337874794299867	0.1891107306573157	626.2189643797636
-2737.7290014356804	0.09317385985847101	40.70560028789893	0.5925617628200074	2.205688231446655	0.20369583375593017	429.1668883024915
-2931.2771032669084	0.08211959717489023	29.553375096627168	0.370769998316853	2.852374325975757	0.1919329834448426	569.8763240184718
-4280.906757340401	0.08029357209014468	12.10488538235166	0.5532552191174004	2.170957409399273	0.16853383693914917	605.8740412787704
-4760.619672124906	0.08295563642472831	9.732846311066007	0.2667859525196516	1.8871601340611552	0.11412878281576268	770.6220412579047
-7485.279963594093	0.09447163157245936	3.7544458544036963	0.0707557380085081	0.30781479692866304	0.174986896797138	1345.2652503460433
-12961.140157106802	0.006996036935453414	0.9605985781316516	0.0037342616606338506	0.11902459830751935	0.2599454008002736	2034.3701725681617
-3506.062060374133	0.0969203390141711	17.551776098493686	0.27595570576359435	2.121147530198606	0.17842848133344186	659.7059424097646
-3475.711052469992	0.15770730365744517	19.40616578351379	0.32228491515006114	1.0448188247634647	0.17651253254557223	556.807742053011
-5843.16499621063	0.1422191173306196	5.926032479689619	0.18624488510784806	1.1396562641025263	0.20569461727673902	941.6057643426441
-6005.510057635269	0.14342378845414283	6.1131919037678015	0.13612188777761752	0.16032796880246725	0.1861750498093191	1003.0055849757395
-8668.983758717179	0.08407468487448187	2.729779447823431	0.06661903902984789	0.012281063770407408	0.18906989188977277	1460.0597396825303
-12959.35959153157	0.004092148536732897	0.8575171748394018	0.0020912395258205247	0.2803899341107158	0.21192994331292375	2044.4135281487738
-5148.575742258078	0.19338017152362133	9.115285904751627	0.19508451376594002	0.09253287550889817	0.1932029014849229	790.5194757997807
-4032.2198253902834	0.11140647169811912	12.686941338429255	0.24031938676026526	1.692735576638179	0.18787801400071905	727.0294464580713
-4430.071932375064	0.08163639973904203	10.035317795992684	0.3718048763159216	2.668518171992174	0.16749096751604647	730.5484780929107
-3101.935209737728	0.2813707192268018	30.961832879479324	0.46390284211623434	0.6023374700626817	0.17549229642071215	396.17653188602543
-3045.419841539381	0.08658680316074166	26.035846877668366	0.3466003939026927	2.462438355406546	0.18100353596055116	576.6440326007804
-2937.502124992672	0.08491637669199012	30.32746150368483	0.34001668049343686	2.6821180156031925	0.1804399674490578	575.4605439713918
-12948.572851953246	0.003603867284355185	0.8771584226521991	0.0018569420059435329	0.07252638693169872	0.21709537986230337	2043.0736418163958
-2580.347089285992	0.04054967073228183	27.238388713412526	1.105949342075059	5.744089607265356	0.16729090885405443	772.3497884478002
-3580.1301640397355	0.1271949253739012	17.351128093240938	0.336736404545432	1.5281910065301945	0.18157271329509841	585.7778710256299
-12914.523810487197	0.0032428848121112334	0.8670953856490247	0.0016599183721647372	0.3384222192344826	0.18397147541308337	2043.6501394416
-4954.27144775726	0.10891589716810673	8.255345374440045	0.2081611891679797	1.2478326923699232	0.19002218840190171	840.7317672028342
-3438.086565261165	0.09604836787366941	18.311081680231183	0.38743206283669757	2.3066924600514094	0.17273803569553745	590.0492278617814
-3382.667953259123	0.15110644128945677	21.610835915726227	0.2273132480369192	0.9589343958170605	0.18460735155468228	633.9431894717264
-13686.392536908892	0.0020013927359749297	0.5434069941099251	0.001	0.16095988222524013	0.08563098440117095	2061.143580160538
-4138.789635096689	0.1284275846923047	13.505906181663784	0.18999892267384705	0.7052054036677697	0.2252998195847814	750.6670233503936
-5061.196938971198	0.10543580746500125	7.712732939159986	0.19238630462778356	1.5365362332822172	0.18696635744693083	886.6613983770621
-9630.041171216959	0.08165101529558016	2.174114171477763	0.0968237023935426	0.1312274854629664	0.24419965834947183	1471.229684127072
-9426.167889673774	0.06583349542035606	2.222584229925273	0.04666169666774466	0.17943190461584577	0.19588959296938085	1614.7118203563155
-3113.7789433295934	0.2193846180625674	28.277592374532215	0.33276038992387574	0.668940820165694	0.19961634137199735	484.9845713465932
-3525.570156800034	0.09485660708946313	17.31006260717013	0.25876526461443605	2.3175335857032464	0.18823476873234982	685.0880480831153
-3448.960603368683	0.16927052449371696	19.98379317485075	0.2602719874054466	0.9047109397277984	0.17434012352730205	600.8444639601332
-3870.627502560218	0.12960382837773762	14.721622957221577	0.20095228675651355	1.117883152282978	0.18507424182213325	730.4384246660969
-4763.207429752924	0.2520394665720968	10.73147482623892	0.23949526538907123	0.25583246805894416	0.15027354144485724	693.7530889257682
-3044.9278672454157	0.12783606017031093	27.772502706296795	0.31195119527891	1.5647448956655337	0.1758017148243418	546.3452084799127
-8553.171259771125	0.07095704374819323	2.6257704793531116	0.07988580007031439	0.7094239706593571	0.21632938809410684	1448.4189401169274
-5400.488352385742	0.08540249499441688	6.587704488197042	0.21670251078025785	2.083043337426793	0.19397276649492132	921.8422683194428
-5760.3801406843995	0.13533378489501408	6.6947301191824495	0.11964338450522717	0.19801521976875508	0.18601294483305333	1023.6265809113956
-6790.976229232303	0.17030403355129578	4.923175059231993	0.1737957467345425	0.15102881601826823	0.1475577132287041	987.2588349613843
-4104.53264959597	0.04146764293013097	11.01602201030839	0.5086232143561992	3.4675645997299944	0.17371930886922118	739.3542856095225
-4736.355628303852	0.08582591978106308	10.627076934496733	0.26711054696333664	2.3776843190138313	0.3074737120807703	768.173870938034
-4107.934594351644	0.1558413708909295	14.533065021049898	0.19160529016632524	0.5318859614382333	0.24316245284157148	726.9779981035022
-2745.596900355954	0.06855989157883616	33.06976395080551	1.0489407249222993	3.203160665325867	0.17005586473835688	481.83536692526854
-4892.388824993035	0.13921482658377082	8.58902660081582	0.1871499759949633	1.2719914238012953	0.15618998506319784	851.989252793332
-4556.0112196234	0.1525729378012551	11.4175126221738	0.17632594233664753	0.22286703947197217	0.1704420958886014	787.1910420654683
-13439.274561558172	0.001986057639973563	0.4558298614651414	0.001	0.13146907397487612	0.21298798967504004	2070.2917281169334
-3489.4491321762544	0.16701261504477302	19.322010272963244	0.2565654645499676	0.916348335379707	0.17506004658791272	609.8702156635746
-4532.864742930666	0.10325971395651128	10.509503494954968	0.14642039399799883	1.2461443268517134	0.2077769407022105	894.8078961831144
-3686.485395987626	0.20243262443045526	19.128233635494276	0.4476253399600374	0.7751559328011162	0.18042427330721966	472.3961257419522
-8194.026114396309	0.062194331035552546	3.2009610887052955	0.0851160793749541	0.05743565620966721	0.17608221183454545	1362.7728670790557
-4377.411518981612	0.10842782032030816	10.633031794490204	0.22822378901955634	1.5046277871605318	0.18081951598917428	768.8312835492462
-5099.807389011385	0.13668527610259973	9.018988799494682	0.13190224669142328	0.16376112941021684	0.19019693867743231	927.7491409795834
-5871.351599371929	0.11532393632037335	5.684232535591381	0.164901467794479	1.4165626777997247	0.19933702629089348	1000.6935058455075
-4932.298492196738	0.0516043995491284	8.444736030356712	0.44628687862995736	2.770976454464833	0.23503141795961283	769.7943501200191
-3604.071701834772	0.11058635417064844	16.385963921417982	0.27862865868214726	2.085500264911059	0.183492935882952	662.3191945353076
-2979.5709637170353	0.11157784855340153	29.100052482061145	0.34147872160463977	1.985691796231983	0.1822682627606037	541.0595657702186
-4941.626254969286	0.10201996136450973	8.294638886464366	0.19412683977557954	1.270814981015832	0.19946108834202156	861.2355728642733
-14995.390637633569	0.002033160605041586	0.6005815267395637	0.001	0.07881509777344266	0.4578132063714309	2056.3922813299373
-5404.606155867531	0.17908357845072187	7.705252235979315	0.15827583557841024	0.203349045100707	0.19598456459155345	893.5106684994655
-3606.5116798602658	0.10773310821874778	17.259384920464612	0.23361582460442692	1.3800727118686662	0.1773977185680385	676.5058171493476
-13025.040323340218	0.002006590044863027	0.733173359922985	0.001017138142129409	0.19737813937954585	0.17731455249654982	2048.9461166135243
-2791.8754014627743	0.03784713221400445	19.56709718065286	0.935868022356852	5.397709718971118	0.1611638678553158	784.1941046124086
-5728.090724756894	0.12169806889921969	6.757847049205665	0.3465710325881594	1.2256003912804212	0.18647257777643578	770.7057480002958
-3173.2613944707455	0.14231927331246	24.759693933210773	0.2832563374725996	1.4525056743319378	0.16815784438680687	575.455735678763
-5568.518867482456	0.12783463847288745	6.624995167046467	0.16369361957981865	0.8354094474855908	0.21088240318757248	945.0614267185305
-2864.0700907728915	0.08190467989367257	31.75718435080031	0.42201242241636805	2.8572150027932266	0.16452476883318293	540.6667846998799
-3187.96032567772	0.07113339136666577	21.228185941331503	0.5576393991031167	2.9255906737012363	0.17932380474448475	556.5940047521856
-5660.825109623754	0.10987189361471075	6.420896238318867	0.147993790497726	0.7036365371728727	0.19473252288904727	985.5762593750408
-5042.2753034103625	0.3255222623261037	9.83157910161772	0.273294862138938	0.2860644677155998	0.18107685450378241	667.7476945889065
-3605.6574213988224	0.07073197167196185	15.55888310715133	0.28344032740596875	2.994996797082947	0.18140485060993713	716.1290253176862
-12982.09521111601	0.0052645749999787415	0.9300085934512513	0.002773925784172136	0.015167806813794473	0.2504987433870793	2038.777559364346
-3446.1039449612094	0.08734014623447321	17.83250411964724	0.5323877522087079	2.8101937670137365	0.17016281923413573	573.9979634688628
-4725.1343542980485	0.2649243002261197	11.380369099686888	0.3529464569391308	0.4365699802151508	0.1679936359434875	590.2973093637594
-4423.168132957849	0.05498554210191219	9.887031427738057	0.32509040213826346	2.9053045685970074	0.15504781082746089	782.3013805318797
-5323.661893248639	0.18645845185967652	8.53850090524762	0.14795504574891422	0.036662320759521014	0.18269000766519802	887.855429874358
-3886.9909522448484	0.10413525130874282	14.100364644441155	0.22658179919758367	1.4998096029280354	0.1936592205257582	720.4364319361667
-2749.088817165441	0.19513154108142025	44.20132672602151	0.45584004734222505	0.9576726541147235	0.18584926878718128	390.2625297341189
-13111.103332375045	0.0020162928377653383	0.6546986974282731	0.001	0.08137121601033527	0.1623684546603999	2052.887475806981
-7840.601150604063	0.13110723562559046	3.427641879453594	0.10560930375777099	0.11993558268146605	0.14988256519205181	1247.5402214676183
-3775.650450462791	0.11341408642151678	15.291195234165853	0.41040243328051396	1.9768878708733684	0.1750607891132681	587.975319780902
-3453.155571076954	0.15632978466538908	19.49720259025837	0.2886584458481158	1.0641995925918906	0.18212455166328115	583.9917581193264
-5901.725100012464	0.1736397417759281	6.142614455431457	0.1283760186947549	0.47907369274704925	0.18895964609257188	1014.2744400054162
-13145.578942905546	0.004532227585181366	0.8336393324257683	0.0023153309250085853	0.005508104991157501	0.25832673378574905	2046.3339136321247
-6120.054078978885	0.12879654148925282	5.515282302426319	0.11916248237292754	0.5802997804262103	0.17906179992238172	1079.7014944191976
-5049.799532808489	0.09855481491615237	8.255282509363806	0.12164103819364996	1.4182720697010696	0.1954414345411435	1005.4788295275828
-2886.4635201753385	0.06653705452389276	27.426854735064076	0.7004933897102514	3.250287555041254	0.1768392750271339	526.3092542904122
-3355.0024315019464	0.15768644095799186	21.140882569519857	0.28751464816371747	1.0481155258824082	0.1833924820896543	573.8720926925477
-6009.170841453218	0.14143002582984127	5.694867347012022	0.15407200424400902	0.6178935696390288	0.18156604987011138	993.7385334938867
-5127.032264500347	0.1608124611667425	8.218306661737397	0.20269614334998098	0.544226760405096	0.20011025114840658	818.0022418874955
-3002.841015728152	0.18385617453635222	30.22195730229377	0.36845129384378994	1.0558285063290742	0.16939692460451125	472.10922382710504
-12973.245456526629	0.0020757766809926586	0.8169812456726714	0.001020186811243332	0.09863755510909136	0.15950302993795512	2044.7918799194929
-3800.9631400001113	0.20174602695420185	18.73393508085809	0.2505300749490303	0.21717038967648813	0.22459663729743054	596.8688517335153
-3116.1777642965917	0.20174704003081403	27.491773329327646	0.38274850937114985	0.8374085396807338	0.18564743812762258	463.0668606986885
-3884.9117241654058	0.06638588840486695	14.454116916177593	0.18698397432747166	2.2786168984804025	0.18504619206591155	807.5090956209107
-5716.345190595533	0.09814392160243217	5.959460848880322	0.15928717660808933	1.5665459541659217	0.164233154480869	1007.1796741945907
-4127.242040303074	0.09689704366630121	11.998205399433287	0.21934098867906757	1.790126094396642	0.19149490824379958	768.3999913640507
-5174.210525018818	0.1344632181126787	7.988468875077092	0.15873690250824218	0.4905804353993309	0.18840104531522595	900.6814441342646
-4147.87566182242	0.14881257841615303	12.600330085128626	0.24728196455623128	0.912142048713237	0.1835072171745486	688.3890359428042
-7170.91130081789	0.13008216996052063	4.30527269439875	0.11369334301519375	0.023710028271086297	0.2058538398116077	1155.272098709691
-6845.621441128921	0.10975640001817293	4.858800150816536	0.0865783230578646	0.0056514543181171075	0.16288093310366353	1208.8102567886208
-5327.012399828652	0.14265214207711377	7.320453579823012	0.1378219859035527	0.8972104727852755	0.1792143650826289	967.8103624527145
-10517.024901261411	0.0466100661208776	1.6858686852912135	0.040978498704010546	0.1271198576950947	0.1889182422242251	1745.1128024666693
-6528.984540907264	0.15324019187697874	5.092718870259239	0.2057309175471703	0.42919639701487433	0.18089796804183886	943.6157288586891
-8887.9086084537	0.1349833859829581	2.6946630098592856	0.08174904182146392	0.0011413335338903716	0.24667279797450187	1387.1736705247336
-7044.382359644075	0.08550886232094813	4.5102766249895545	0.06763803656888671	0.20793331765414047	0.1699575659117534	1314.8906850768653
-6903.194162149582	0.19213862253899205	4.483735028851367	0.18099951745246287	0.4842924730579966	0.188274845126255	1004.2722002079532
-4048.4213558737474	0.2059757140596554	14.53747658352928	0.26502421165862977	0.42071889122598893	0.16776595183024218	623.2672386733141
-3857.0406971685184	0.15923097110795345	15.455264750538495	0.24219307254597328	0.6477737465405817	0.17318602448124834	650.9051429800062
-4004.3157011583617	0.13604757369786558	13.439804634898255	0.2141459578568728	1.0807413187459534	0.18853464411321133	724.1028199674868
-3213.5988089107714	0.1851251044135468	24.43779498078305	0.3398566468721831	0.9729666245162237	0.196907350317046	509.5037537443796
-5593.497851829318	0.09427554671806335	6.239971724864243	0.1630322926577448	1.526245864729137	0.19791312728446073	989.1709169781221
-3369.8712895378567	0.0695361520158813	17.993840591065478	0.6167333776363384	3.1257825080292383	0.17891462095430827	584.2950070514593
-4737.755665133677	0.08536320581000911	8.707480523646963	0.1823740284017479	2.0812730752841664	0.18741508579207417	895.4378700967235
-4782.955831211245	0.14172369873035398	10.393539282999413	0.16012553712847785	0.1678698856706534	0.1795008082940618	836.2464646257673
-13027.769354495751	0.0020002775389378665	0.7284484182732573	0.001	0.11759821721134137	0.17871188993117512	2048.9045851472874
-2943.411084874307	0.054677788585338706	28.17221254457064	0.4570837237088262	2.98331856824132	0.18396496289595443	558.1821316044344
-3928.9389196023535	0.09385560245795127	13.481989425250335	0.34435404860276236	2.063436280155576	0.18773293454480405	652.790424428986
-4774.7697246887155	0.11912240364699514	8.793681169646549	0.19444884711533453	1.4966230202865336	0.19223110982131142	847.9249158813044
-4724.282762833767	0.16559561438008272	10.06947490408876	0.17392932589791377	0.33755621603027675	0.17922821106423178	814.3206535862059
-4603.638157364719	0.16971943114960925	10.522036959056646	0.20420621091018737	0.43603996727143035	0.17333549038465276	759.297517343334
-3453.3859003608777	0.15013656299751973	21.850675904812984	0.6797536971827258	1.804929826047471	0.1833476659547106	442.1781123205195
-7589.56823204954	0.12264640451744271	3.6105710356144662	0.1310488558306568	0.745322792058557	0.2662469553569612	1187.4597552399584
-2867.336620265271	0.15309077477493593	36.39210537602703	0.542346426139456	1.29941139115644	0.1929926872910348	393.747518770604
-3761.912405212579	0.16886432035606314	16.37519128790421	0.2194104977493869	0.7233164786087375	0.1985537904117552	670.9125407966666
-3911.8831214922297	0.02666533656535926	7.449160915358884	1.0856781739102654	5.397697865399875	0.18163179342948005	1094.9835299184138
-3131.7191367401892	0.20629146322015746	26.550977479972712	0.38188042039740644	1.1339056402518646	0.18142680217988613	477.6088231920454
-5548.333983627609	0.13152519746739932	7.071988061138677	0.14596787864616534	0.44222484855781974	0.14392533009594985	954.1325292658053
-5300.554226396998	0.16510112793128598	8.278325314171564	0.1320597094509944	0.13125483223988033	0.17738203738537445	936.6897062657961
-5914.194565242167	0.13259894349185145	6.074936735252676	0.25852003465626305	1.0289133927538474	0.16461984435365562	855.1827008153912
-13323.118668106446	0.0020327109318675138	0.6727231350865478	0.001	0.08653410743562266	0.2710799373703054	2051.7175584338224
-4381.83023585028	0.05959837527747167	10.083328096432957	0.17595240256976805	3.8026066418793616	0.18478070065112992	938.9761243442169
-4586.07470515639	0.12737891492513834	10.08531727476346	0.1572756339708993	0.974907189638613	0.17925670174148134	866.9670683391151
-3172.7423090358375	0.3037861035671579	30.637141179542894	0.26958777166037184	0.47024010704734714	0.20149015700153766	518.4847911680139
-4507.954608516286	0.1650821701533135	11.766480281613472	0.17195385346535236	0.19483029041495695	0.18476915567474017	786.7489348474544
-13064.213473459979	0.0020912303853271932	0.7302160136426282	0.0010370566258875653	0.13432308916224958	0.21291287986234747	2048.943583771312
-5677.285398675952	0.16891754617525603	6.960010344001995	0.21474938897703108	0.3285181858866142	0.18667226561063296	836.9450958699804
-6122.205594517196	0.14657695384338434	6.045439442399836	0.2033424932017828	0.24602396349161823	0.17419540920333193	893.8325709617924
-5677.895335793489	0.15069459444757444	6.446779179644825	0.14493371077162376	0.6400424337402656	0.17605244163240866	976.1304440950782
-13126.451358860255	0.0019845601351213666	0.8283465036263371	0.001	0.19281205637704182	0.2568856584440944	2044.597197268955
-10695.684713273498	0.052540630384168736	1.6388735699667052	0.05804662782865628	0.16937544980563077	0.2366208601184688	1703.7762641892
-3396.8505577265387	0.05013694502165514	15.713506023243498	0.6900807374534802	3.8229011808616034	0.17456761952850747	663.0282834264281
-6104.030499598667	0.13781447719091924	5.939007511875382	0.14814450921547542	0.15774401304965321	0.1882256633970206	987.4942777515596
-7180.832442094618	0.1015658504122694	3.925431135989397	0.10531893146854028	0.4216776939831487	0.18919169410451905	1221.8066634448787
-3934.035019502898	0.10304642549837516	13.500372903259262	0.20377787968561667	2.2397487096023174	0.1745296792616847	779.5153918290517
-2857.8344587096162	0.16635211375981335	35.78596081399985	0.45426145140138724	1.3388483064013639	0.19727941857748071	426.877954176147
-4081.235779753123	0.1306694044928621	13.01372063797208	0.24688676177995217	0.9907858120967458	0.17606774262197672	689.061727651246
-5467.990224245505	0.1601095395237605	7.758856280943953	0.1679862245363398	0.11430143011072498	0.1907862657058719	877.3564929544543
-13953.525640527561	0.002022506518089225	0.8302677958990385	0.0010030090760271785	0.09829314950553679	0.379416564562499	2044.3295002682903
-8030.566021923016	0.10813697138954273	3.249178720639397	0.10044363729308471	0.05660498420574986	0.19005579022388808	1289.1229276611414
-13096.7886489682	0.002032707935203557	0.659748272433657	0.001	0.04491564717726039	0.18765264387133784	2052.478578544995
-5632.216290389031	0.22537127760573383	7.53000690967437	0.2658766252103735	0.42061300709500965	0.14311348074033453	752.8579680601706
-5138.914498223381	0.053482850495329415	7.036266445335574	0.1570505440024972	3.5925502691161486	0.17741899679236212	1044.8832070965254
-4521.17535961402	0.15397704290433858	10.927376776268712	0.18269112277134858	0.4384965194539163	0.19051000058396936	788.2256125177192
-6740.3956112502065	0.1191203706581142	4.719374442238766	0.09097613455780948	0.24019325871239477	0.17845991612895515	1199.9452631760705
-4683.804063213693	0.089014193538327	8.940278792477288	0.23012813533817414	1.9878527443656104	0.1841142853400949	825.6926447337107
-12899.046494806047	0.005075042797734483	0.8864200232903906	0.002613105224866855	0.11675721610535829	0.19486469688653527	2042.201146852965
-5402.116046435014	0.14985339009479423	7.778672482257126	0.1657371294701954	0.17608237045811967	0.18757997781963112	884.3015450730695
-4695.5952052856655	0.2371963758528204	11.67489353471747	0.20839843036083652	0.0857608472626969	0.22504483109919313	715.8318628239117
-13090.467512382163	0.002376086722437814	0.6831438090336714	0.0011879632182503752	0.0482741251199147	0.1781045540312028	2052.818442572851
-3594.449616152523	0.14729042361965874	17.618103509068323	0.24796918611407961	1.0269098793153688	0.1845068338770303	638.0983275290746
-4625.268071203289	0.41915756773955937	22.726081075428354	0.7148496548005919	0.0453915468469938	0.22943603250454442	329.6646890596411
-5995.3932269317465	0.14661363242295344	5.991333695329839	0.2568468316419459	0.8483710277959492	0.18439154528241689	851.7135369853416
-4401.288375501743	0.09363337460308446	11.780146697679488	0.4434044057119839	1.8551836431709534	0.23178590701535184	623.304365369659
-6954.774443098244	0.1135673775524679	4.134704883387489	0.10204626904762966	0.9725895205161355	0.151663998521485	1215.413192222294
-5686.040709837162	0.07799857876500868	5.95798786191974	0.12899312470853827	2.260385853060634	0.16960920617342284	1089.2814469461975
-4743.087004387113	0.06876411069922524	8.871867773051568	0.16032946714514054	2.8336574417594096	0.22207235784143978	954.978320698956
-5421.511853358504	0.09237670856637402	7.449642047860199	0.10164872978478899	0.8944389949811941	0.18336805171068418	1078.255873933598
-4344.151183889397	0.11497506013842598	11.755996903542403	0.193649733090634	0.7386269301275329	0.15977950591851167	772.7039821031519
-6546.926155402205	0.12536987258860077	4.9160689027156215	0.09155826279866473	1.5819102135661838	0.22271406272827016	1200.2736867433264
-12904.652211670671	0.006632257861401461	0.8826708420877365	0.0034901664874790643	0.2040776607804734	0.17107587889678974	2042.5218003805462
-4009.9573036586157	0.09953418903267308	13.05214008432106	0.1899090247243283	1.996567646073397	0.17582927583286956	798.694312546423
-2587.939974377238	0.04734366924737181	34.156161542233534	0.919597225238711	4.866762548990759	0.16681432102937702	641.343361378926
-3486.832576631453	0.18737017485269586	22.46120910422149	0.5258213991244591	0.9126354440120854	0.1802085150221854	428.44758193597517
-5216.304637401156	0.06361240734484895	6.834466439552475	0.26112952554818164	2.8630383014881837	0.1857196033659578	911.0504032699671
-13421.010282848436	0.0020026999463022776	0.47977391756077226	0.001	0.031034720238893407	0.22560017305279675	2067.3824564025563
-10312.40498917352	0.11052876089335238	1.8891410649233487	0.136094872717974	0.11098571829377708	0.16609813980517493	1455.0846077939589
-13133.618090362123	0.002050185097024141	0.7920799918725258	0.001	0.15523709669668334	0.25228178183677824	2045.697911675462
-5587.169231655806	0.06979478326627057	6.473790288008556	0.10655361240459818	2.2355046738634403	0.1857858581831196	1127.7129713019524
-3331.6141345246556	0.1800823162015742	22.21989377713976	0.30775680316423165	0.8134031952609423	0.17718522617398613	539.8120142899355
-4007.5844722003976	0.09293972264093266	13.488284646896888	0.23939977123850567	1.4375129219701588	0.2142280291206645	714.1604669290722
-3942.7537088873855	0.21803187105547173	14.876249456026258	0.2836301323007462	0.8383742642329342	0.20691044662309482	611.5038793232546
-2687.268516360963	0.08818427291189607	45.62074808054979	0.463463841009785	2.5513179652270694	0.18310967263771488	477.12945703725217
-5438.661413120808	0.2596912107233469	8.159163254853459	0.17480569022785528	0.36601637788997377	0.2508728439121907	836.9425772882186
-4431.8520399966965	0.05609323127433803	9.200090083227762	0.312531277450247	3.5435645578595807	0.178517776727589	834.9184254956591
-15164.418646339614	0.008664946973760204	0.904295758253771	0.004657014703380813	0.09798396511353108	0.49397917433860056	2039.2418004665565
-3820.0564475215224	0.11124993448545896	15.074456260541842	0.20406090853702805	1.4000682025868447	0.19942991205506136	734.5289199174182
-6115.8140217293985	0.47782285996813934	8.151488906113276	0.34286161532772785	0.07763001023038049	0.16824093293371156	634.334844164893
-5378.034936176733	0.09976170773673446	7.274400015228642	0.1314962083944748	0.7046761013912738	0.18936624115836487	994.4919359613219
-13110.501903441738	0.00275625451289368	0.6827224159124081	0.001353239437744002	0.14270184166793004	0.18586868504904905	2053.948211880042
-3920.8833203616978	0.09947704381943258	14.504339464611164	0.44102490770495517	1.8136562757483827	0.17676051147877142	580.6418190415101
-4720.0821162658	0.22253547888050948	10.306007533768984	0.17274801681431406	0.3464909463609011	0.18678814595537105	800.846744609948
-3684.2158600856555	0.14337362620288138	16.341608570130656	0.2717342595409528	1.161154753724764	0.18201853464593626	629.6810084030088
-12094.95946343127	0.02876841599552476	1.1884028242099751	0.016320757428799834	0.07921707515412724	0.1406798747901034	1947.9935871795547
-4000.5421297028347	0.16478153366326384	14.172638511322393	0.21563437235872787	0.5997556764180775	0.17925160667228046	695.4398665593832
-3633.487761243914	0.14134004020378227	17.536561671208684	0.20623996540649855	1.1009584127657004	0.1811299168760955	694.6344653419472
-3700.7860506797565	0.24367411645354586	18.176663260134525	0.3733117698497329	0.7511160360037159	0.1917266400023862	511.84098647107425
-4398.646059503992	0.15688749769379415	11.660312940413366	0.16337515196698874	0.5293588629218218	0.17442147384151566	812.5519004122573
-4208.658431539021	0.1556522685190824	12.654633005004085	0.31040079493276845	0.9277959711347833	0.1850186997091788	629.9795926699095
-3675.2277624420585	0.15096591423615632	17.125495056571147	0.20978956736227553	1.0785641115518538	0.20304394339784285	690.2883421442748
-13329.21836759856	0.0020354379445187885	0.5314893191642535	0.001	0.20830948368931979	0.22568718279565733	2062.016638492994
-4437.9169084446785	0.21737398115431414	12.951069896184142	0.319531273537034	0.6301018102233282	0.2585218543561613	600.2667221962494
-3415.629223498691	0.20081872557709182	22.2675813982747	0.3502822333982859	0.5583048470432099	0.1750866677696037	497.63977814315024
-5829.488559040919	0.28761854285807625	7.3961532480451995	0.15872526232081485	0.012989441749214929	0.1972852394883337	875.6983905754198
-5695.892692072063	0.12770799032032432	6.693502796156104	0.11953288726134868	0.3666331543901082	0.2022345562297025	1028.6502052525163
-3327.9004814772306	0.18327128476480864	24.253551234347995	0.22709617408485083	0.6045661360050469	0.17129584458617414	606.6564254578686
-3826.945029960807	0.24870804018058365	19.86871608171459	0.37322084822578366	0.19325090789155863	0.16953674210818662	482.13234525261316
-3172.5640234178863	0.0786688962200328	22.148318032381756	0.6296955525727047	2.7781187056798795	0.1761752641395999	525.4851408219906
-8849.134885095023	0.07943668115505972	2.3775041419573983	0.07697831333466916	0.9768463549449709	0.2011823585222543	1489.283269115931
-3027.020366046768	0.1369850179985127	27.870607331241565	0.4325818361333615	1.6891268069889136	0.18106132122040114	479.76607905233567
-14813.681401914668	0.001984157347552109	0.5715725376519883	0.001	0.2531016014931323	0.4389426762764335	2058.9125867507396
-5520.524216977401	0.1233679413297559	6.653021918041476	0.1743589886851642	0.919856625948823	0.17908796774455826	929.5688350000527
-2920.9644060308265	0.14180658831579449	35.32549156514548	0.2984954360238603	1.3135534433580156	0.1651562719313855	523.2678942395689
-13332.077332827059	0.002033253260554235	0.49875445990410416	0.001	0.046974475002347575	0.199705247980795	2065.1726845565827
-5639.921134313436	0.23602351024845716	7.912545901313119	0.19353058732300923	0.0356847299719818	0.15133978989919666	814.8298056770379
-4807.028600572826	0.15157235581695364	9.329505584194285	0.15107874453917874	0.6898408438163663	0.19177257768788616	882.4356662092791
-5553.938423004733	0.1499716596272594	7.041650671293053	0.26005227767663663	0.8368309165754034	0.16532888387495182	802.0279844096632
-13035.483947149463	0.002052753122160678	0.7602003993260614	0.0010012795292956521	0.17195197369236195	0.21238316913075136	2047.1164636091562
-13002.453357263752	0.003343980354448925	0.8140868702026127	0.0016962390975215997	0.15595418230233124	0.21069668513447426	2046.77728187412
-13288.46921149502	0.0020171872623006184	0.5164576673270668	0.001	0.11768938461154088	0.17389663710329892	2063.5176872814295
-3055.9958388445416	0.14088678571216895	31.007849020072808	0.5725581881579032	2.080255985902046	0.23953271663828174	441.3090268867578
-5099.530950784183	0.17736845440435142	8.645951251514015	0.17041846834999405	0.35983595555788805	0.2231585143301049	849.1724221591465
-5070.3453654031955	0.1722740726345087	9.514157884729999	0.14220649989721282	0.0537999226085189	0.18102249140858914	882.5472848473559
-3128.9976570423655	0.2246600943241609	28.392531505848407	0.30646997970923645	0.5450259120812442	0.18195316900249603	500.83075279642674
-13118.071759730656	0.003989034328838109	0.8798822583259011	0.002037826713025026	0.05270454377536227	0.2660632410443591	2042.7522899847186
-5269.773670476456	0.104675603312401	8.3883919483997	0.14242901019572654	0.2766123086813999	0.1453188370282311	928.3354741216154
-3470.435473008778	0.08970183677893911	19.31895074905697	0.32160744896433086	1.5106929894578474	0.16897984045772763	588.2861885275311
-4157.7945894105305	0.055257001715530565	10.164568980926225	0.28957704383624	4.471977335087396	0.16001135702982427	866.9087317300663
-3426.4296787833227	0.1390787054917214	27.52434881262747	0.17123707343305883	0.7563708064692966	0.2127613011907406	695.9741703240155
-2903.2337745886225	0.04217209799939059	15.180912740363645	1.2925330696125512	5.747580237512998	0.18623377735904148	880.1385383583698
-5421.098723846014	0.1342632747086268	7.81319373614492	0.10292557352608284	0.4142094544413511	0.19183855934764327	1042.7753009839319
-6973.598651000539	0.12691857099340526	4.146819840963225	0.13573100744135153	0.5831915098314014	0.19825816513585412	1127.7841312442927
-5688.207038644185	0.1025374358502665	6.481132393496039	0.11201266325834568	0.7851938397814601	0.16868772048331787	1071.7022373370005
-3655.8291639901518	0.08516433997221923	16.563575043684946	0.45168790319247276	2.0995259520379483	0.1648330862368582	572.2379687302513
-12995.820558064448	0.0020641526068596898	0.7910938334193118	0.0010228338655327337	0.08245743074367758	0.20350631821452986	2045.980589420742
-3775.2279841749623	0.09694435293138284	16.036267701017092	0.42348168213806464	1.647891227705492	0.19580125588651595	563.7388125501811
-3950.0956600564973	0.14625303651615537	13.944629814545825	0.26516546127505797	1.0823828477771023	0.1768263094255041	658.131229928035
-2804.673327697735	0.0784550059899891	32.55982199827239	0.6257135391162716	2.823637023470377	0.1799969885074464	484.4393617171955
-4737.9809037247605	0.1716230450092654	10.26051362613124	0.16962258918894654	0.23962238658062393	0.18643898140577267	815.4094666442699
-4045.821345083212	0.09873646781021893	12.428483205659468	0.2330690091097306	1.9486454135100422	0.18036093658318705	750.6840575021656
-3696.8065709210373	0.04609278893802844	12.801209822633085	0.4126202530947881	4.205789856096777	0.17646951833546348	767.7610493397439
-6759.379630720655	0.11292497447816341	4.71037090458456	0.10066881180457689	0.19013963707478862	0.21061758467482497	1172.9252524067563
-3924.762237846843	0.19786613459988944	16.025042246363864	0.23791890481552413	0.2827884622127447	0.18292716266273618	635.590621922577
-4133.731308914543	0.10870530295670765	12.166058462255723	0.21726359969346687	1.5491137063434581	0.16496539950307343	757.5040663317249
-3261.6384341556495	0.16557485590747825	22.79239691690751	0.30666913414035546	1.131407055420875	0.18569135086808974	550.3502501694805
-13142.63653511631	0.002001479909913722	0.7872672419779885	0.0010167223592112088	0.06930286194420086	0.25343200431072443	2046.4039081575731
-3091.8821185104844	0.0737602011531214	23.41151628504367	0.4150890530061499	2.8761778264366913	0.17906364139809286	580.4701389669501
-4223.269407252758	0.28400859690342334	16.28588223890731	0.2125692893924654	0.01111001222718054	0.17808145637721134	649.933885651468
-5979.9364459599	0.10085469734895468	6.444473883877894	0.20593611757909475	0.5773394782775632	0.2577166110469367	892.83854052677
-3786.3097331454487	0.1665864309904252	16.017927599028873	0.2375104409569993	0.686612834961797	0.17982551141759354	650.8106839002392
-4327.272696853122	0.061649658322815847	9.859470057269839	0.32766178179532274	3.316209352293128	0.17431824675601248	796.4604897555664
-4822.1070567190945	0.13292727978532812	9.005923909106311	0.19978206318294905	0.8459552889031948	0.19485985425584298	815.0949332292604
-3347.8877703703715	0.17692794615248694	21.70804986577593	0.2934536413637444	0.8631690313507531	0.18373036482522548	556.6416094200557
-3616.954151973048	0.08364384272521026	15.763800455406535	0.29358566195672564	2.5334333113627863	0.1853363645199168	682.2922181437177
-2878.4955849837484	0.04731052381754681	21.73724190815407	0.9518590247015422	4.318657088370844	0.16845603793050878	650.3634501565831
-2669.7828007847543	0.04917000759081078	35.37235168606068	0.9206302630257311	3.781870753868411	0.1835222903228253	540.1972438311952
-5178.954519172605	0.07276557857490916	8.43266949878532	0.2144315624264117	0.7746359083387393	0.19688502419074216	825.9806464612608
-4214.040701047945	0.1329861265179513	11.872484937930174	0.24652300151219692	1.1861788880149207	0.18024495975647462	711.4157301785285
-4111.829398376178	0.14831475136668174	13.180369906274136	0.2073516424972596	0.6551092106210751	0.1803838776741629	723.1436939286684
-13078.645666580713	0.002808286681428409	0.8034177052928108	0.0014030500203266632	0.13398576332176	0.12972972470119729	2046.559172679267
-5169.331885556194	0.17478592823296335	8.055703409766405	0.253430279263735	0.8866914346449908	0.1858572237656007	769.3061616742399
-4382.083387211052	0.1711340059617306	12.318039516567273	0.18667542128058967	0.2598560897362997	0.19721254012715775	753.3259469157568
-4898.5072189927105	0.200048574126303	9.794824521662173	0.17539290504263508	0.33684974897282915	0.23958387238858733	810.0457261031123
-4481.873772595264	0.15768232815956346	10.731976978377533	0.22185533176463332	0.7409429572388737	0.17645701149428053	741.4898147314501
-4079.4953430185483	0.11816608614013749	12.639597950811085	0.2813786112301816	1.4757877733976053	0.18410812814154853	679.682977593676
-3713.629638498478	0.1646273764660211	16.365585341043488	0.2657396745613801	0.9286198935526844	0.1834436722138858	624.2976105644451
-8619.793113265381	0.09035870882602808	2.651524648771119	0.08665729982436665	0.2428737441428199	0.17802793484618795	1408.902353924681
-4013.010122407256	0.2934080722263276	15.520537539464812	0.24376962659455284	0.8646405604612699	0.1532123426018101	634.5260832280167
-7663.4210096868355	0.12817308332896957	3.368824948834153	0.1437370114221911	0.7082616934741922	0.1762234293524852	1187.192155729392
-6019.774037817815	0.1019166314825462	6.765889871720684	0.10120908875693864	0.001	0.16770401703975027	1083.9781312529485
-2950.3895859399154	0.14442415905591496	30.654611526385764	0.4461083468486731	1.7089653320971552	0.17313158705095727	464.0821608333046
-8561.311036918114	0.08200698140214024	2.9001188297514564	0.0544202115576478	0.37588432186528126	0.2509949461949921	1492.117401524833
-5411.594146911548	0.27560240363843297	8.295885153768674	0.16742485184209863	0.15154530690162898	0.15278404725176395	839.8387416404494
-4038.27252494904	0.18200509809271997	13.682383814177742	0.28899264958335363	1.0233118571326545	0.2025566501312908	631.6106188835338
-14776.246165526622	0.0020504318133880177	0.5734995266640909	0.001	0.058802300533801956	0.43580282559446726	2058.333467486262
-7215.640095579301	0.09139962418072523	3.7618723709691793	0.09986575021039983	0.8247035956665845	0.181694552701861	1259.6830921359895
-3950.1108560458697	0.15270950476036843	14.28405486130723	0.21297138226604462	0.7920197525118176	0.19091177047949706	704.8015186838744
-2708.986111704733	0.20616793756550048	48.91123094580185	0.4480814049171991	0.9000858036557481	0.18629636312072892	383.1687260849863
-2889.2602624458327	0.053840008099729504	24.6800363780336	0.6157030747213248	4.054775264027392	0.17141309787585707	612.4289824193778
-3955.807158160178	0.09229951005846451	13.097706351245005	0.22708342663961154	2.0359922180419177	0.1822530526112286	753.1335808616327
-3432.5105560450497	0.10565619625551491	18.72168398333692	0.29298566866781084	1.902419870348198	0.18067213584881833	625.8169466929767
-3733.252572376871	0.08040175792420418	14.630364127283285	0.2671664234191892	2.53157892476343	0.17960625296486477	716.5100355603095
-7008.982164388208	0.11574483147743392	4.009599729305921	0.12262679046002616	0.7917688058708442	0.18452770419973052	1173.0022540934322
-4570.153676605638	0.08083124945397893	9.557035784261704	0.26390003305034754	1.9639028969292123	0.18342409728358447	780.7012495923927
-3158.5030427246675	0.07969924949583672	22.568951150925432	0.3483947446558445	2.7298204345885355	0.184028133490222	606.7136174129516
-4045.5955712906416	0.22196135021803787	14.23192038405911	0.32152011166622585	0.8567145657000478	0.17430218293940122	588.5495700392845
-3633.057215791703	0.07032890633738867	14.577198444771808	0.38674775122820937	3.4496874311497585	0.1933912138407448	692.6259436433588
-13263.858663391396	0.001969276858370932	0.5495817167106536	0.001	0.0939217514975621	0.2096383284531446	2060.7856369158203
-5366.587817213866	0.16997890744203978	8.580178366563038	0.14253644382040304	0.06140826199093277	0.1368316821941943	902.806657886483
-2925.931721792048	0.02945535081224753	13.825809181101018	1.0551938973862298	6.199620331197419	0.18231835109468922	972.539774844958
-4723.344695015393	0.1578817392980445	9.841061245799642	0.2520347304140151	0.7075978432920789	0.16949255167147134	724.3910523847608
-3830.792153219716	0.08290701453750716	14.188478758870447	0.38555150198774546	2.3009078129981315	0.19227308365219462	636.3955471346541
-5558.7600042529875	0.13743972793103404	6.872689446724706	0.1587326262073252	0.7747990965632725	0.2376992209480687	940.4747018024854
-6088.100264527403	0.11829366528496771	5.5656896825573465	0.12790804545867357	0.5504582715482771	0.19518177607414078	1060.0431109673484
-3410.0556607856824	0.16289564511364804	20.911458017325316	0.24530211955913683	0.8449136637646122	0.1785231767232658	610.7284256520808
-4880.051943649666	0.12572885018571336	8.70095101851932	0.16010254001594953	0.9750689031124253	0.17189777071746648	891.523779137584
-12972.719753788979	0.002399669659216263	0.84023864181326	0.0011900770988022434	0.12234501803510885	0.1507134716101767	2044.1973475800767
-3276.8203439084955	0.16055404659910916	22.91207522555222	0.2660573549362343	1.0450164343080313	0.18837667869772062	584.0025095742285
-3516.7750485775855	0.14358325660814114	18.35670274748263	0.27012769329773834	1.197983253512183	0.18685445649481275	615.6276371484779
-3841.909980040704	0.046717256133493874	9.47754580175767	1.0025250295024108	4.891414390685424	0.2183640564331164	889.8482008645564
-5278.238069867641	0.18056026261326696	7.897084722069251	0.21860372403390183	0.46904229139548004	0.18577865612977218	800.9350701939804
-3015.508701301397	0.04345126512245158	16.075089926877254	2.9717539166189697	4.61679162209323	0.14582568523501027	770.6140408098448
-4513.758594364772	0.13023626296233853	10.839553938754984	0.2460813565419313	1.3696271170305978	0.251941577268556	735.5856975033718
-3116.42065988552	0.12518230998130825	24.9398212930898	0.3725636369063526	1.8241232173151725	0.1879299507447482	529.4090020984613
-8308.026319816776	0.16751679374110195	3.1090095802934443	0.11964558930574792	0.34732618595610243	0.11774095982946363	1236.2420156560468
-2716.712712320375	0.07912375212550159	37.65344456650918	0.813152835441262	2.859345940142595	0.19095904852443873	450.0562015683206
-3922.991093401091	0.12282505185373274	14.515033306408506	0.1928431825420093	0.9757245852668194	0.17840482877772593	742.7305949893032
-4030.2904615069533	0.14969987286010494	13.368300153344746	0.2009446588665789	1.051193353238498	0.1865950956242953	739.5951895575981
-4184.574644279302	0.115146580291055	12.166796855101476	0.2799695218629294	1.7282561304320425	0.2281576376105842	697.487253420346
-3024.0372798574745	0.12063701214619252	29.42004916051155	0.3059712498784607	1.4544438415330403	0.16497143364309827	542.3706366426228
-2966.8043158277524	0.18257557007856146	35.53379698007329	0.6432813044818573	1.0924432506089108	0.18260969964863827	355.85931124226676
-13165.56134325256	0.0020507021183156643	0.5992511198396434	0.001	0.05349762846661278	0.1807586259761523	2056.3818574706183
-3702.198671126451	0.15561390309517248	16.426588316607365	0.2881564952341943	1.0428334524307317	0.17487143025522764	608.1117994873379
-3916.9822945551996	0.10159460389089581	13.883289845908177	0.199373640188425	1.6734217159117395	0.18131848941585918	764.6933047776947
