# /groups/rgutenk/lnt/software/anaconda3/envs/donni/bin/dadi-cli InferDM --fs input_fs/fs_046 --model split_mig --grids 178 196 214 --lbounds 1e-3 1e-3 1e-3 1e-3 0 --ubounds 1.1e2 1.1e2 3 12 0.5 --output inference/fs_046 --optimizations 100000 --cpus 10 --check-convergence --delta-ll .001
# Log(likelihood)	nu1	nu2	T	m	misid	theta
-6401.86366172211	0.0035033421253782794	0.7857302664348934	0.0013987131312749982	0.12027430712865331	0.06703107621950825	1188.283983366831
-7624.245799070497	0.007442467014760959	0.8630169771847503	0.003048177084398855	0.0404403909011332	0.36112831229549724	1185.7196580608515
-3632.4018239077855	0.23542743515410783	4.829664327290338	0.22942369112691835	0.3841899779314901	0.0930806071573745	528.8168736920468
-6404.1943879858345	0.0031165338201542725	0.7667018061579726	0.001232080717439581	0.056980631585520025	0.08187558496378299	1188.5313946090073
-2505.026345134043	0.24872964082359741	21.13110180693132	0.668936222300241	1.3616037517533184	0.08414175203070678	239.5864745845438
-3587.508553399801	0.1743489156860378	4.53314923704423	0.16805247806769763	0.6506849274559876	0.09140376874295801	597.2736747878429
-2725.8647613806406	0.17008469803476495	11.121652403506857	0.2548207185925004	1.8194554865154655	0.07598177470241632	421.52116352321593
-2688.5810086003157	0.2061695974347012	11.289694688163154	0.38755618393456037	1.3133137677939357	0.07892448761373226	353.3036328529409
-4058.6804093737915	0.17640449996572247	3.860129927355886	0.11723774116863336	0.05439867411455992	0.08897486164511607	675.602191150719
-2701.267707736528	0.22658668557953532	12.155865057845082	0.6611703293048687	1.1942880204194433	0.08611010652839232	288.58991277672783
-2989.1698179978534	0.2588347815306733	10.150186288944292	0.5977625201634179	0.6500534866746018	0.06581942794161463	302.9992316100619
-2509.0361554730575	0.22193620722293841	18.7078343163786	0.738603008534285	1.5036074691806225	0.07853045553805742	247.6169077032081
-2566.2996638178715	0.22790250716278404	15.883168492043223	0.4901939692110454	1.2360805616605528	0.08425360412635761	289.4060894911105
-2565.533415498073	0.2122612338498182	15.498168525372252	0.7788406556918708	1.4614414338779425	0.07916826223096946	260.1568543865355
-5272.674783331269	0.109505904199849	2.2324592951008895	0.08908308956615071	0.5198239060732345	0.25663064891772275	848.0977325577134
-2536.305944007918	0.18005048244042612	15.502150762041982	0.5545792069665458	1.766291882335061	0.08040446549913106	297.70678889129545
-2608.140975588183	0.32359764952608977	18.44935199666194	0.4709986144754398	0.7129054657561488	0.09327873135440919	263.8734570668706
-2566.030535783433	0.3229952531190416	17.609855209667266	0.7161206970316281	1.1146821347217781	0.09034414310388404	237.81511511860143
-6570.207814372989	0.0030703875568170043	0.6617762749953323	0.0012002971096616156	0.06033028259759161	0.14767239284522754	1192.105008977395
-2692.107485113205	0.08027330609768837	9.191660624151877	0.5903282971512308	3.7713549351004216	0.12628645064032976	441.56626102484074
-3142.201365234861	0.16116258583274257	6.376106471820028	0.4403136775658045	1.387628747853416	0.08076560272276248	428.79229268028894
-6338.339417097684	0.007832780385253436	0.890287783750907	0.0032397023213706516	0.024821719106710795	0.07089583904757915	1184.158744331275
-2547.3383676263966	0.28934504512619286	18.259996554144628	0.6699692269424778	1.0544824523194285	0.08724575217963236	240.51690523248007
-3197.5317571742617	0.22642185263099854	6.311095887731782	0.19723198692679367	1.012818878652189	0.0641357484774535	513.2265560850472
-2847.800450076594	0.19204256265493894	9.218147745826698	0.2657966732669343	1.6266734755915684	0.05398921026731617	431.6778993195641
-2871.272244001125	0.28693832236603806	12.446992358816882	0.23720373718153204	0.4380651040840402	0.07944572809985433	388.3342567600623
-6258.002282284704	0.007407805693448677	1.04254060784738	0.0030673531436516636	0.00700348808038754	0.08845613784729708	1177.143462201469
-2769.2087921459124	0.2356765472287541	10.447762029878916	0.4131939295673059	1.0172784012066167	0.082393200153243	346.5294251929081
-2471.32472467505	0.11863721477955728	17.648114618116253	1.0063089668107705	3.0036582676449317	0.07441042047199117	304.51623003336147
-2767.525970849127	0.05868771592034569	6.694510065177875	0.9538634529042166	3.8727336756266513	0.0948523385849182	513.7676841858957
-7456.16970570137	0.0025308108762689633	0.5607084394245693	0.001	0.20650574804221739	0.31706591794549643	1195.3270854143468
-6475.404747075971	0.0033865197410185427	0.7196461938804375	0.0013378304157640691	0.20102105163786266	0.1213571057856053	1190.4569148363373
-6577.288504821576	0.002552838986120207	0.5479990508944133	0.001	0.0982309803196414	0.13237586041368948	1195.8588048184192
-3182.856183823306	0.1648497802841732	5.759975377269737	0.23399979771052148	1.3797115560832525	0.08043786347589828	518.6667768936088
-2472.4018736277303	0.09324009254147153	14.744051855914236	1.2156887383186201	3.9008648532596046	0.06498906051031933	370.0191540152986
-6699.836097261084	0.002536125072910127	0.47519277581653885	0.001	0.10398036382168475	0.027949015956740337	1200.0481473236184
-8682.525919327285	0.0025571862822709795	0.6195297003462931	0.001	0.11348382389229125	0.4741860305147948	1192.692324682175
-6573.512920110109	0.002533606782306115	0.48327877375438594	0.001	0.06695705757703962	0.05258438232399194	1199.5353238971925
-3617.721661609211	0.15551582601821726	4.422281142868753	0.14881224346396407	0.6777482584464662	0.0869330066391081	623.8675219727971
-6370.189955448156	0.008193289943263536	0.8601873145999145	0.003387197396218627	0.11446266083928767	0.10053007885885658	1185.906522304976
-7448.9399093939055	0.0029368471980864676	0.7979482481446405	0.0011384769072843237	0.08545045263442737	0.3306736565759055	1187.3013826439112
-2558.670561766394	0.18500734409973957	15.000456961668204	0.5756661789128756	1.684919490803462	0.10218633401363418	295.0199477892047
-2505.47748271145	0.1351428876624166	15.426247711458428	1.001354672124485	2.3870639355065646	0.07564424341194322	289.2189456999115
-4004.5607231504096	0.16657996214441334	3.472289636326888	0.12912215647903535	0.47249066098419795	0.1049865974959136	686.5776323597945
-2538.7327986290757	0.19535277122954253	19.448781813387015	0.4647659874328129	1.5840422258117794	0.08356535501173172	288.35534305200565
-2666.612743078974	0.29313172805165194	13.34454842658405	0.3955234701789774	0.9400153016183949	0.08640514222022384	318.54527825673745
-2694.8952402428476	0.18093064473207074	11.489785023742442	0.3169517494156963	1.4232168241486691	0.09755651083333367	380.4433116078219
-2659.9017963136225	0.18888984408153203	12.604302172106639	0.3086706567917035	2.0400960266613297	0.07603186620216912	384.2928212196965
-2539.0292358446277	0.1210974946046837	12.958042248063181	0.7342923214871154	2.6665629135060245	0.07860017913359252	334.29068283215764
-2543.436255890861	0.30049690596300016	20.047753716488618	0.7175179268178801	0.9279596260181612	0.08332331411637064	223.86578243795307
-5010.867723848781	0.10571534785532613	2.0674176558142636	0.046760302653353354	0.008905089065556936	0.08837286366894975	932.9422247179826
-2477.44706682896	0.13588446979312485	18.901117742950767	0.854068181303998	2.5380943096514232	0.07780061009760354	282.2954246688694
-2584.468494734857	0.1458412636630486	15.616215790855067	0.4406069623576374	1.6743278446213379	0.06718232541362566	320.2211016390392
-2655.0813443971224	0.26459851066330853	13.080921290105932	0.43446357219538817	1.0191165411995615	0.0866063365502198	313.52459944660285
-6961.080519387968	0.0025360829671291435	0.4813835971706102	0.001	0.08865106639841262	0.22109186453257584	1199.649179681204
-2480.1745443624673	0.11839286402940064	17.631097548628933	0.8137027362626148	2.9979630491634492	0.07605180105842342	311.0205504325809
-2503.9323119192536	0.10308943879610293	13.50440514033398	0.7565978589018842	3.255702851776316	0.07721515557809873	354.6296743538373
-3352.25148676635	0.2853380121671572	6.383205698857231	0.25218325286489784	0.3252655164554698	0.07866488046861549	461.8925456706185
-2534.9980251382162	0.15653498139059702	15.367613228682776	0.5132453831373959	2.0513189522016746	0.08935142397419801	315.67686753906037
-2572.838102002249	0.1886167616510545	14.90106628242624	0.5816845651068278	1.4032326033395204	0.08427496136104842	286.9228633110017
-6724.167125767699	0.0025302796021289967	0.543159111693307	0.001	0.3340928998288508	0.17654908368399394	1196.20121264862
-6352.047243616326	0.006898791337152683	0.8730893997197963	0.002829555617985271	0.09837201748652723	0.09039692768627983	1185.2917081096916
-3461.190826696151	0.4507609386173969	6.417875123700515	0.255966992625617	0.28531834026410857	0.0907113069481303	442.27612584153013
-6552.018456957261	0.0029773751473163622	0.7137281781760707	0.0011535962759575743	0.06726727639337476	0.14961390083135964	1189.8973635063837
-4414.231651069744	0.18403472791280204	3.0877386896276686	0.11381535574688946	0.014340858214201906	0.07054712115115859	720.679134338709
-2826.7945260094934	0.09095866670312684	8.387860174680764	0.2895538232481176	2.402858915720978	0.07853772240321048	467.14919444783203
-2655.3008154511112	0.18552944412896022	11.688067613339857	0.3982975055024314	1.496932167080712	0.08671736768462288	352.33033068145977
-2999.0373497732808	0.2180131644453631	8.022419563371006	0.6719784974591972	1.42442841442203	0.08148139809210252	347.6451444386604
-2495.335458936801	0.14164622812922437	16.761770840099867	0.70528079764664	2.3977455544784196	0.07973875436308568	296.9665040797192
-3036.9072186896133	0.163018431746489	6.617206946297687	0.24281851025798978	1.8385589864848058	0.10995277655726717	498.25547541590225
-3035.9267071817508	0.15593347962822662	6.654952251070938	0.2322748192822626	1.5774287711715091	0.07385391241741276	500.6711252180634
-2496.225866015345	0.27978386037163544	24.78708832926109	0.949706210612995	1.153692629438582	0.0844621016805735	196.46352155080987
-7038.334356615789	0.0047897627144989205	0.8350762581580179	0.0020201814157952544	0.1455748849873587	0.26829939380255224	1187.4551626869397
-2607.0088899998395	0.09705365087064949	12.284569447213746	0.7936798276039798	2.4165453024791446	0.08920692932579972	333.34468543928193
-4461.99131302348	0.11412892515839321	2.9514960757085023	0.061236276951477396	0.02526239261007919	0.08602929227840073	835.1078624234162
-2693.031657071394	0.08945505146261974	8.370286794513646	0.7747427061130119	3.2290516690222564	0.07488093219771885	423.1056179977962
-2569.2617758582214	0.20603259739738508	14.636319145091237	0.48018557443174636	1.5080045640474036	0.08755565127068948	307.3109835996797
-3835.1049331493896	0.19268507137431456	3.9397173330232844	0.1660105673387891	0.4354007656008669	0.08346770085440389	620.1299238881102
-5605.376743805846	0.05257199030450406	1.4737623065032737	0.025006632141675932	0.03312775246944148	0.07823351581307453	1066.6344586325297
-2706.0786277071948	0.1715720131897977	10.615296286102245	0.329361178232169	1.5654542823999085	0.08253636488263877	388.6954701581194
-3064.1447764649456	0.17589415034059838	6.67534761109197	0.20033656250178214	1.4626877832540708	0.08715289646082369	515.8500042948376
-2566.448277716417	0.22708013473347405	15.181859696412676	0.5798923446206825	1.3467361195230678	0.08565646888083306	280.54821163857895
-2752.1048707740624	0.24799843604195854	11.534329661284085	0.3440430671909298	0.805347762311929	0.08516105084382299	352.0248015717151
-2546.846906831698	0.05799400129158791	8.040327387564856	0.7461007850036145	5.405200414889027	0.06270713211529573	548.0661210325907
-2467.7523986837577	0.13627438519498522	19.421864915816617	1.1469808973253475	2.5719309785545614	0.07442008936295015	271.001604664757
-2931.017278280782	0.2247444000140597	9.07718712920805	0.2394171597127445	0.70134936392275	0.08711549456296315	431.0545761617589
-2480.655601599288	0.23965724068955283	25.62415254353294	1.1884330164531212	1.4119507188042324	0.08278886518976761	193.1810713761723
-6446.68091463618	0.005262207369943517	0.87043371642393	0.002119615577368926	0.001041226211098484	0.1376679863885705	1185.5048230094544
-2482.723966029863	0.1617206757428359	19.92122356275912	0.7815723376774223	2.1380098017532503	0.08099557757378874	264.6707179436421
-2547.5657584664946	0.16564446855179896	14.539717329007887	0.5242391295024716	1.9278822724975084	0.08795665374972339	314.77003568609456
-2672.145030890312	0.19859283736478234	12.0060772384979	0.3282327195515402	1.3660981192194392	0.08679601785465761	368.0784262900476
-2476.509100806249	0.08979380238799088	14.32715768872663	0.9939577009308047	4.009444939791252	0.06877581141873583	379.54459485042247
-2688.8603629978497	0.19880356198487864	10.767555518954275	0.37080314316659035	1.6758132675778554	0.08051986630332984	371.8212587210377
-6410.7963106718735	0.00273590868189024	0.7515514024157414	0.0010719764886953915	0.07572219269789403	0.08528260917738886	1188.5728896926016
-2774.667090213086	0.35811879952966735	11.905512059281168	0.6404686772799302	1.0482735435588912	0.08489738061067287	280.1987578091249
-7120.747249904621	0.0026061282038710473	0.6744814213414627	0.001	0.10989794356911674	0.2714139928260145	1190.5466120730032
-8673.972852369849	0.00253119582241396	0.5250778863973339	0.001	0.0820243006577471	0.46778667355242987	1197.1127175316878
-2532.3152229338075	0.16415427245491301	14.900598193623539	0.6483227779251179	2.0028353166544828	0.08384036191842309	297.9676003249951
-2792.6267062054085	0.3272796198426776	11.57463507117562	0.31899301733102875	0.6796015002533335	0.08424909100665633	353.39050692741216
-6385.341000889674	0.006209534317240031	0.8127432083404119	0.0025226606482479635	0.05781751814562836	0.081262378952064	1188.3848381117864
-6605.036914201805	0.0025598980418159206	0.47345909225719945	0.001	0.2527330763309259	0.12277703750796061	1200.0956979942869
-2909.581100306033	0.22623233223852474	8.974331756665839	0.631830616055371	1.2669959674858666	0.09297230784397786	331.6130272040939
-7493.252330113343	0.002531749278045855	0.490030368637095	0.001	0.19882547267268585	0.31568477744285633	1199.1362130758557
-6677.531503463083	0.002580703835645797	0.6426137195376183	0.001000010642329569	0.17832777120269183	0.1777220662380543	1191.7485300140977
-3136.994319069934	0.16459398064691833	6.074988844652656	0.31351806619351436	1.40982894537759	0.09267717608447941	473.49301063723016
-2494.631811028653	0.26633092363198935	22.898988600711675	1.042347683521836	1.4958385134156864	0.08596281880990746	208.0345485151711
-6444.42727406046	0.0054008629189096595	0.7795982890185651	0.0021507865791280663	0.11158078491506249	0.1168136637856912	1189.573660372274
-2571.016725249953	0.11161156751344387	11.660270349047446	0.5404652935258828	2.9520404206085917	0.07804236463550956	375.7233999661806
-6563.996502553598	0.0025523867641754653	0.5871423512717199	0.001	0.08947471090385338	0.13561755869185566	1194.0425187585713
-3689.413476603822	0.34751990578992986	5.818949810183915	0.43853577880703504	0.29815403732720014	0.10935426144723413	402.60599211127396
-2478.511001004312	0.12903315816139507	17.068970000549815	0.9264733563873346	2.667173396335422	0.0782038277080758	294.3458717362242
-4374.522346957807	0.1609818322747428	2.9242207677905303	0.07137644892705701	0.46828851683157324	0.06710021022603821	802.7597660508094
-2469.2672690757977	0.20513594904064433	25.88080857903773	1.4864222178171551	1.7191890604047664	0.07740364020894427	198.30220010383678
-6376.844196671869	0.005508314813632884	0.8367517619559818	0.002237209102099926	0.09667164522877882	0.0929616561283948	1187.066294703535
-2549.3281963591435	0.25437013447535956	17.116797843298947	0.6356550402170542	1.1756331449692385	0.08869476263508685	255.48355919118075
-2475.2336482690584	0.16123144880290777	21.2017502603276	0.9299840891141843	2.1190609999822003	0.08219982234450617	250.10272288681642
-2484.071835445942	0.10652106017094769	15.507594665070666	0.800584416386318	3.2726276287722325	0.07583352030468542	337.5856716699008
-3925.781675887916	0.16447510646346714	4.021907574812753	0.10334669766027615	0.18747234000845575	0.08151156150140212	691.1381357243977
-3505.0651985142404	0.14849718097660167	4.3644512693299715	0.2652441824296688	1.4255434616207427	0.08928235400009682	559.4792286107166
-6351.46707349439	0.007784816843033961	0.8728178751882284	0.0031910539349818846	0.007033284481438665	0.06906081652002402	1185.0885466486595
-6470.195868530533	0.002531581681060453	0.6077186874053437	0.001	0.2390973392736379	0.08940726572569968	1193.261891265747
-6446.557589432255	0.0025522493314239824	0.6549593578460786	0.001	0.10197047218001287	0.08507049834176883	1191.389350932722
-2688.8562812109044	0.1071957632611336	9.178946481731336	0.4050991182881868	3.0117016269536707	0.08793312711134975	431.15578598104474
-2472.2646893640904	0.19944175174635226	24.15237895884771	1.1876576046950416	1.742974988459482	0.08048302856379679	212.1831949329064
-6420.907576126045	0.0030388384982041935	0.7436181536119999	0.0012012390993501446	0.1438830421655371	0.06463510032553164	1189.2171129387802
-2478.930071922059	0.19743215033467093	22.085592967223782	0.9664169385888555	1.7299995819567058	0.08441356630329613	227.60188778222613
-2731.9492483609247	0.20408388663446494	10.413154356224165	0.3439918096075784	1.3145302197896487	0.08595009813104075	376.9981016706606
-6395.250384584173	0.0047961580145972	0.7916478744999622	0.0018944999096474216	0.10253043548207387	0.08478398269703422	1188.598835104044
-2787.0513712081734	0.26208771983004936	10.570493850902247	0.40953213080505974	0.8749322660304657	0.08854180427635218	341.1935354628765
-2484.3971870924493	0.10081077936806238	17.59900321464387	0.8804409057363791	3.587827702436671	0.0667364746264875	337.00192124717535
-2611.237569857266	0.0836555854040198	9.951014738065027	0.4381639736130505	3.9569659240671378	0.07580383399583462	449.02028326786393
-2757.49216184285	0.19484685745907968	9.78845459673723	0.36205989647617953	1.3787643672564638	0.08409528599664355	380.8502487630781
-2599.828861323586	0.21317984909869253	13.69101716232151	0.7438300687360488	1.628659309713422	0.0834066419874035	280.3067282989693
-3092.987995889574	0.2903285219716111	8.753542558625306	0.24572854847521383	0.29300975571210697	0.0776297943364871	420.6015518065434
-2518.6391138866434	0.22590625161652442	19.357182078325753	0.578547294786613	1.3607448651801415	0.08595310362879659	260.010944214312
-2766.1165498400587	0.13871327319796858	8.653488250662372	0.33704427745869936	2.8431846570095463	0.06854589756109522	444.2713784572805
-3812.786208259915	0.15629469509327448	3.8132237053008495	0.12916641558442424	0.6663058078209334	0.08754726390896554	672.1310890418056
-6691.418474167279	0.0027088112091799297	0.7250755987532426	0.0010509615898733656	0.25337013025772864	0.18916446848621066	1189.238926887839
-3186.4270846828126	0.17820362444412857	5.732121705526671	0.4817486045871043	2.0557223310811117	0.08504987821186918	451.6896214859073
-2695.293041910494	0.19889236847617586	10.92370613512864	0.4701900766439616	1.4267176521670073	0.0868358991979889	339.86303799132526
-2522.793412233554	0.2336548195139925	17.759106604925666	0.7639800222075042	1.4705885812482196	0.08472534959885798	247.73113651272976
-2597.660685248194	0.253045850144724	17.676423118333016	0.40790925032261	0.9515668458925378	0.08732520945472402	292.2073518690934
-6711.921555710869	0.0025319793729056176	0.45329273576316564	0.001	0.18406703302245633	0.028657193336046723	1201.5593676382812
-2817.564995551372	0.27260038616426496	12.97013242671804	0.5849165744930692	0.6159051070456043	0.11375019609841346	275.2440470303755
-6464.014794215191	0.0029558772694468134	0.6406419862126073	0.0011449213134034635	0.07361396827513156	0.09355604934622337	1192.6134653057757
-4006.5982238371093	0.11991655514746141	3.946419758989716	0.08384564877618356	0.17584912694878588	0.08021908117186986	738.6176272037386
-3558.200892137575	0.25443022308071983	5.34630073590924	0.17955954452740527	0.2386765513841444	0.08833036802873435	542.0650909971796
-3218.1849935928353	0.1566274191107222	5.671909513678789	0.4005032734387979	1.5803570051053737	0.09324604147049745	464.18049321168365
-3220.200843107764	0.264117139942798	6.341547330584925	0.4765876155542723	1.7578204609634975	0.1117221996504219	413.5806174424259
-2526.378296071237	0.09859874480599791	13.202932862872675	0.6442044045594044	3.6356866150894662	0.05691719548763273	378.56779329450166
-3068.411817833291	0.20354316551172993	7.252421932025469	0.2110762488564623	0.8415010011817773	0.08974392850092709	484.1507999415392
-2691.052669347173	0.1903891041947965	10.856569857686697	0.35570236736063676	1.5433895233637973	0.08733607062642923	374.0477397646802
-7416.841062035548	0.002526959639276014	0.7089151060497514	0.001	0.06675128923841316	0.3213099884249331	1189.7032508732827
-2526.676036424116	0.24733253019519089	18.800449623325708	0.6713874976382603	1.1980711387320166	0.08644704509710982	244.16113524277128
-2996.4370432313153	0.2584487534290744	8.949668677795687	0.23254211066971353	0.4954008563183021	0.08692433097874298	431.24174583378004
-2819.230545013993	0.2810769777988305	12.387392445037737	0.25240285617468516	0.5757077004668881	0.08699449652160213	381.4097828191385
-3429.139038780268	0.25805568509774895	6.428444458834272	0.1361689771469921	0.3249747556604959	0.06078300122048486	558.9055957783719
-2977.3379638641472	0.4428185185199859	12.694768954806104	0.622801616790035	0.39546798575815656	0.05025408419236548	258.9241002130636
-6523.1414782389065	0.0025572338118463643	0.5105085079003536	0.001	0.05236838032588494	0.07840081854501056	1197.8266703121626
-8680.059245035094	0.002530966477923652	0.5940616367861861	0.001	0.12866582454026743	0.47262081794540334	1193.819950026443
-2671.383010666693	0.21719842017426544	11.646187968947752	0.4391776062454915	1.3182806190226761	0.08165488558542348	335.06952335412683
-3355.8973964244606	0.20550363717237913	6.1773422361804196	0.155309814360609	0.38988693696167764	0.09157480712316497	550.842874939007
-2605.2733084545466	0.17948662495984236	12.232870521896505	0.4751318135644971	2.092036954028053	0.08249542058748251	343.9360340974648
-5280.2168189101	0.1344998287785128	8.998163357162582	0.2678455508852446	2.1350590711975292	0.5	451.9524639178273
-3029.5694018934237	0.22265092939928832	7.788666608608582	0.5159970145981463	1.0869862411649718	0.08258245262953508	365.9067765914409
-4961.528184099745	0.09922205573723623	2.100526368780879	0.05396829628423356	0.016899263001149228	0.0852721008595428	917.9898074466028
-6570.990210371295	0.0025303357790268407	0.6821796966862708	0.001	0.1733542044677396	0.15246568530507196	1190.5452901321619
-3138.7327965135573	0.16187571533871756	5.933376470507748	0.2970856392889456	1.5243877804024168	0.08683653694518231	486.4236435513482
-3145.1290586093874	0.2559722931308983	6.739507136555308	0.324314817781619	0.8322755336140732	0.0873652011935176	430.10933705895974
-3020.078330218681	0.2018881059517702	7.44908443440767	0.21221258170946772	1.1122461977935745	0.06919844820584131	483.115674679717
-4930.706945322297	0.08336141924169839	2.2124488075580553	0.03937814856164585	0.5051763111709487	0.12707922248066017	950.0033294862511
-2708.212245382784	0.3051144171738976	16.181400005941846	0.3391961166134739	0.5516841222956734	0.08850486187107	312.5425668395811
-2897.5014668277913	0.24056601477035122	10.28783999467555	0.22474444663099435	0.6215114800477903	0.08740140603029502	423.1606486653573
-3769.9509647329683	0.13527048660230082	4.523297571248918	0.8773195116822559	1.4592357181829478	0.11159695990909328	452.46126004146936
-3579.4657206818983	0.26965623324726795	5.1982964987264575	0.33448916427617537	0.5109009558939076	0.10026134717553103	464.1159478392048
-3488.710917802393	0.393064024867731	7.518340265018885	0.2575158724028901	0.03767911453595404	0.08288203566879956	422.59051483389806
-2510.0999749118428	0.10572611291134233	14.223978467842677	0.6213920640752985	3.198867388462458	0.07692010442919546	354.6069872115007
-2711.7178174100904	0.23959728019960516	11.987778965335744	0.5599257730413816	1.120190779998364	0.10646902783721317	301.52218336482963
-2479.059795925795	0.2022854090659324	22.779480241352296	0.9489876543527852	1.713419528572356	0.07752262257481826	225.34602669080599
-6889.584161753747	0.002537346668013964	0.3963658763326267	0.001	0.07932118471449137	0.18747269902218025	1206.121050405165
-2472.3140735809084	0.1771662978557673	22.67255120631404	1.037966078809533	1.9769556225449827	0.07989451277587618	233.1412031255255
-5656.361508849766	0.05891821254381536	1.4062420767344308	0.028848343822014847	0.06947786919447434	0.07730574541537229	1063.395408278235
-2495.0807791586394	0.1563294024638284	17.342654190174358	0.7523322613550627	2.1269251042779596	0.08164003656935455	278.9677685629285
-3755.6972014701287	0.12822412978875886	4.108560394842863	0.12078483956513095	0.6162239197284587	0.08927661851856104	674.8565939800577
-2506.1770861680056	0.1504459065564914	15.807362053503507	0.7956241709279912	2.2705628623640783	0.0845471168625768	290.0746310251021
-6524.759321186326	0.0025559039308128105	0.606174714236177	0.001	0.16611790988776426	0.12390243299051777	1193.236865800175
-7831.261010669205	0.0026100066135828185	0.722725734064578	0.0010225354214587709	0.1149795261651192	0.3799622772492661	1189.2865821463454
-2482.306367719428	0.19636635427426274	21.240685345217425	0.8527300648132647	1.781657676835511	0.08285416100345593	239.12999368544158
-8080.2584914519275	0.00255721474323165	0.6173173459306608	0.001	0.004214914036432499	0.4059788966407273	1192.7674411800513
-2577.7624614645606	0.17278627161446675	13.92009355934402	0.651781475188941	1.6599645809157684	0.08377440986896552	293.34685021691956
-2588.3971818056757	0.1793275918535316	19.535619005637862	0.3664169043488729	1.7108454733510248	0.08591545275073574	318.5874606608739
-6605.660897539805	0.002506261755666094	0.543939201167871	0.001	0.11258703500551619	0.03476856174589634	1196.218368909773
-2493.474109466268	0.1373890190113045	18.271101438621933	0.6668596589652194	2.617088716248172	0.07708590797354364	300.4358479966354
-3353.024572058322	0.33438225741091016	8.95618049532521	0.21472916102082343	0.14048970064211336	0.16623251311037643	432.80968694345944
-4344.669967622112	0.10572688309813208	2.651618248889366	0.17879279772101633	1.2211783465528827	0.13034775581164046	733.2107007254491
-2535.8868221585685	0.2310108520577458	17.35126353463167	0.6099260839870503	1.2890987516365018	0.08507132362911576	262.3186134668987
-2533.1540466059414	0.22409772199795797	20.61104282089409	0.5078855998704223	1.3339490653714896	0.08514951649669476	266.70695263192414
-4949.41460133013	0.13342123300663652	2.1636016203710704	0.05754741945871859	0.009699739794353138	0.10732096992367383	891.7551563940227
-2703.6483288440854	0.2482403130539473	11.598122867423577	0.4454431039820019	1.074415753323297	0.08503307793261704	326.1700730170594
-6376.099317239166	0.00550643625924588	0.8282846892967654	0.002215556964884448	0.07152301237068087	0.08424830223122291	1187.3520110108805
-3814.5021948948315	0.15867214534400376	4.019967963867939	0.09842012005815373	0.6515192815619436	0.08174032560096631	702.8305987572577
-6583.581566674307	0.002552672272981418	0.6572555627060886	0.001	0.11881594766266007	0.15321098677870512	1191.30910558216
-2468.3395138238075	0.1593603878881512	21.474915918316213	1.1353661153564027	2.2257263216464303	0.07793736990810608	245.43420705986114
