# /groups/rgutenk/lnt/software/anaconda3/envs/donni/bin/dadi-cli InferDM --fs input_fs/fs_043 --model split_mig --grids 178 196 214 --lbounds 1e-3 1e-3 1e-3 1e-3 0 --ubounds 1.1e2 1.1e2 3 12 0.5 --output inference/fs_043 --optimizations 100000 --cpus 10 --check-convergence --delta-ll .001
# Log(likelihood)	nu1	nu2	T	m	misid	theta
-9635.594054846013	0.002977625239888373	0.7136345362561971	0.0024172349729205777	0.12515786357946898	0.24868419455169574	2755.149181742904
-9861.124940942474	0.0012437911229774294	0.4135157114688305	0.001	0.18081631272421572	0.20056408718342858	2776.880144226074
-9563.24999147496	0.0025176652323487224	0.7488390527271555	0.002054200525984814	0.27554119190533577	0.22027210305816625	2747.434697842043
-4568.519127636044	0.09739433522101223	5.030952745028481	0.43984373253218684	1.061183104841675	0.2045282861153718	1100.845104819033
-9878.87176777608	0.005957359439007529	0.7124420071336878	0.004989653827226942	0.1656297798783516	0.2929911652704584	2775.9928596842788
-4865.305881524951	0.18285957571020148	7.925391649409941	0.3065715257145825	0.2730291975520008	0.2283330529239436	948.7164385965657
-7472.774869417837	0.0639935913139995	1.6605201465374786	0.08285027485555582	0.391927873281665	0.21822668140206264	2187.4495716333013
-4251.766863618834	0.08852111907444443	6.868955492727799	0.48201680466386304	1.7603948322142415	0.23231483279197712	992.2053422224457
-6028.246891883713	0.11912620464156737	4.073734386134766	0.11005781435073335	0.06264392852039621	0.20117076887145077	1583.0229185468397
-4788.501997760184	0.10482858949794496	4.426310610436056	0.33914312465947516	0.9145137397611054	0.21101405977571325	1216.4383601764175
-10258.476440660317	0.014603424113938298	0.8061843047389315	0.012204734577581918	0.3060755554037135	0.3595322334346847	2765.346556480342
-9831.57277729961	0.002710785476588485	0.7088966488640077	0.0022110269624203895	0.0811259090083845	0.14863911609409788	2754.026794842895
-9691.79484983028	0.0023366108187695997	0.70792281007304	0.0019156734699163282	0.10346740037491	0.1731668041757266	2751.4152685495537
-5380.017327625925	0.1231596929455101	3.8660251260638137	0.18206855111819373	0.47952113734769686	0.19978296986567914	1440.3055894333188
-8124.633104200818	0.034804062002851986	1.5786130084385213	0.03003067902060245	0.002494086369009703	0.2209333799794413	2424.916748630903
-4940.303441008842	0.14251495182886345	4.972670189873661	0.2680194599851023	0.48034026757845766	0.21007411271992907	1191.7835075636776
-9665.605104293016	0.0028873164332184394	0.6790292745848172	0.002342135825389359	0.12760646341814014	0.1964671774197091	2760.0010238162436
-5620.3581440092685	0.1089560437465488	3.109117822295877	0.21606979740008628	0.5658814663959455	0.232485158150917	1517.5380262849085
-9617.277086349883	0.0012777213066312329	0.690807232544202	0.001021903032502716	0.09204962010743066	0.20252572864195698	2743.2324227701783
-6966.506534375487	0.055108183338978954	2.289217360519561	0.05892186579324714	0.25673486871356277	0.1859700678588975	2095.1076899652953
-5043.863692672747	0.1514766215241644	4.84541498756944	0.30041194963621354	0.3920757978679342	0.2007788207926104	1163.502785608204
-4603.916230004728	0.11972365214375758	5.634229848027991	0.3492033404719473	0.7455650486739421	0.2390000453537	1079.6339674068472
-4999.449126144893	0.1107776872187569	4.009765219258121	0.3082623442235848	0.7784690270552576	0.21922670201837227	1283.7699257601148
-11359.383967816031	0.0012672657853035024	0.6221926210127395	0.001018846402277452	0.09351138692702701	0.4663063417186037	2749.0249464832214
-4311.1260435466265	0.14617213143925967	8.810104870029944	0.6364282155063169	0.7285416339685662	0.21200096553823233	753.42643944056
-4612.779043998303	0.17238370673126	7.08058682475289	0.39549528544123874	0.4514563832159327	0.2304506815425919	923.5241930206155
-6887.130229679169	0.08531917965905567	2.6442408018773373	0.07553294370227315	0.061879011036589646	0.164359603185241	1924.7436674098726
-9454.731287803557	0.007637518300099303	0.8931727859201074	0.006518183736682198	0.17527719121420518	0.18674380570391716	2733.6653759698625
-4145.270260681667	0.0475470039554197	6.018981731004735	0.6504484397006652	2.929549841985577	0.21101208149115078	1146.0819215518047
-9443.22396030589	0.006490238223690144	0.9115366843925204	0.005411171881856065	0.05430210759229085	0.258408713227754	2729.4794459391082
-7937.134743454132	0.10466307002336066	1.5991352682053666	0.16639034662014085	0.2185313806006596	0.24457934249748578	2031.5005095493261
-9783.501818610119	0.002290635916410697	0.7437212743042237	0.0018598096393696371	0.15542712690369265	0.3014212742632792	2746.4601253990654
-4426.390869372136	0.14299481509041942	7.889454810709593	0.43618684976024624	0.7057390170492411	0.2462157977896204	878.1562295782379
-4155.350127465048	0.058247859214725875	6.9354295122832905	0.6261471196618852	2.3387351378076344	0.20723996913661535	1013.9832425173391
-6832.4158124423375	0.09130699726749474	2.171904308771176	0.13492411048245684	0.2288874211602174	0.22827905591323133	1872.3539270360013
-9728.065376003477	0.0022479385804643356	0.6520291195171517	0.0018070221559975798	0.05896202995072253	0.2674644514745369	2757.515055464773
-4152.466546680852	0.07031817523201417	7.548976738384914	1.091087946313627	1.9675154460415283	0.2149459903667462	877.2304574044545
-8720.766848936633	0.02804174464940719	1.2445830577144954	0.025659766172083917	0.0843334391110435	0.2616625139490397	2555.6119497179293
-4432.123764058797	0.16756807737464124	7.568587820418661	0.7742353670535796	0.6099761795953964	0.22402490396891114	754.5554599453399
-6400.087767545537	0.13352058705725536	2.6350433727061935	0.12976820564399247	0.3508876414534826	0.2524826238613024	1733.4731404515103
-6659.162198139106	0.06166602501785674	2.720741804264336	0.06143337638064196	0.18542599462696038	0.2319278471666836	1997.6866008467453
-4166.996947957982	0.04452592651177869	6.165167540442761	0.5397261950643496	3.0908792206427385	0.22286952453982461	1169.2979271996594
-4261.050328304181	0.10957881976902525	7.633957351614616	0.5363139408883005	1.0744987160912038	0.2243273532020359	873.5047671846374
-4172.171596547673	0.09377971426997439	8.640082378908945	0.7676002615406284	1.357089870906187	0.21951993746814283	789.6642792037647
-4261.684461326982	0.09555709804804922	6.8965476924757185	0.5429413217277762	1.2151525531387577	0.22251996708095712	925.5423172178657
-5874.141104913787	0.14958349610780133	4.588034041167546	0.14015168364409603	0.048725066292012155	0.25084355554738486	1430.0950644456148
-4181.013736247546	0.10446724023726159	9.097264299796999	0.8060387885419803	1.221014413190055	0.22014477150631767	748.5064433059567
-11576.687762069621	0.0015121647199924332	0.6305039443185729	0.0012331656755937834	0.17399382578704875	0.4823850318995742	2751.948922606076
-4165.684049113416	0.0930783892008109	8.807416485026645	0.8188507819181444	1.415725772178639	0.22368140850736312	778.6910522525288
-4354.130047930537	0.12336512905311069	7.924420579967407	0.5284974714641147	0.9018222076381983	0.26513548080817073	847.4845828333845
-11701.59430061905	0.0012987049325780032	0.5046096688498218	0.0010330790734360425	0.30172460272523033	0.4845797747844421	2762.7583125262013
-4564.039001515862	0.058074986194176684	4.4554997860386845	0.3513050043164238	1.9393562118442638	0.25953328225296446	1295.1446349416874
-9230.841526133408	0.012929954442775966	1.007409347604265	0.010979032728486738	0.0010387715531977343	0.2324616642291896	2694.412784999053
-7014.844367322715	0.05545457184302141	2.551692472612104	0.05150174278108585	0.07016496727488937	0.26386119150497794	2081.9224033626388
-6190.478219091472	0.07882442341933825	2.878741873323507	0.09565228948461844	0.32466684249055866	0.22598159256298628	1820.7233660835584
-4720.430230975477	0.17012529512182414	6.223174090691363	0.332347141348112	0.4623244357352903	0.23204703475507804	1022.8140128321289
-9711.863346299391	0.0012834816665647146	0.5432464803524065	0.0010155306729144453	0.0426593357900339	0.23324460833465382	2757.131945596158
-9696.814311039961	0.005534120508995853	0.7185301792424661	0.00459072436268932	0.11928937960393593	0.19852146774406243	2771.3472009253896
-9280.859399235373	0.012560055258491474	0.989998391488448	0.010664836935353136	0.00346920073685353	0.19626547535613378	2700.377059928452
-5002.719272826537	0.08116479467423149	3.5261748404924123	0.34389605631477754	1.2833824959886624	0.20847682656665192	1373.690619122931
-4964.29127118351	0.10258355689921686	4.217052257832213	0.2479416294193198	0.7714975347410733	0.2162869754644521	1322.802345167985
-4458.6997855408445	0.09401746691289938	5.6383129176389	0.5396003699645648	1.0216408597074884	0.22131269674075055	1001.1266223892424
-4719.613021923289	0.14474458703108534	5.57706177594708	0.2991815945918957	0.6139041988513165	0.22684602836454282	1112.5753995093567
-4926.339492255217	0.12853049658750532	4.811657682484653	0.24998804971136093	0.5578749844052122	0.22777071367521698	1236.4424071186875
-4164.734259472782	0.07585047083161402	7.318488476699032	0.6648011854245466	1.7307289688518324	0.22206793841089048	915.7350263188877
-10257.61778219025	0.0012520104517142441	0.2802915872089581	0.001	0.0385767175628381	0.28131784911002516	2814.9187046057946
-4459.255271618673	0.10040245343058579	5.761732288463634	0.38713581672738984	1.0990486514565263	0.19947838096141682	1069.1096880264258
-7319.245686270555	0.04740290314296962	1.7036874003102624	0.06934972533854397	0.687206004060731	0.19812187545624776	2231.5582585703614
-9694.64186606971	0.001386765537449451	0.5917334482220822	0.0010983040250153553	0.012548735687009888	0.24556890981232557	2753.3965116440795
-4277.1970705246185	0.081031752804119	6.499493587551694	0.5641033059037337	1.3022194650824919	0.2242601570972504	955.958399738005
-4447.391662755035	0.04996062814896775	4.272534917455344	0.386506950404626	2.488126435985983	0.20983985506486016	1346.7800031051984
-4163.632479959842	0.0648497154656011	7.169220319825129	0.601584304224445	2.0476756183590252	0.2167478074509961	974.0273214098686
-9648.689232928826	0.0021605696434296804	0.7289089530914932	0.001770069176466124	0.3366854591397114	0.17815946405964075	2747.621101184041
-4196.61900860167	0.11325412135377481	8.644751362377502	0.846693973264391	1.0908910546327548	0.22437147051538672	744.1842702494921
-5202.930204419927	0.10138782645639577	3.897998332274398	0.19067160760518484	0.6589806812288209	0.23200127984578467	1439.1156487703372
-4694.063785619925	0.11132233271502913	6.179806155900251	0.24446987718571667	0.7427118164565707	0.21066550236837925	1150.915016509611
-8442.981670018748	0.03338998328045212	1.3466323096090786	0.033281534072630785	0.1845283244084058	0.26617781382643885	2486.6565452517616
-4763.15872535643	0.1356694949507668	5.336711566803395	0.2847311520098313	0.6154326682749367	0.21809599914048844	1149.7784538918995
-8346.022578182849	0.047858549760882066	2.6109953048629886	0.047396928386655046	0.1596281497492151	0.44461766951301906	2105.778725086027
-9514.280440810584	0.005308773215777924	0.8483425882851349	0.0043457626377295736	0.0036602885256563676	0.2523109768647118	2740.895109234421
-6365.140816181572	0.14012759210956421	2.9011871189755714	0.18938839829554138	0.11356893764682036	0.21027496511132202	1563.9165461073885
-9485.59219892224	0.004635338444093369	0.8372550669193757	0.003831269608419	0.10526772449205045	0.22111801124727015	2742.2052087021657
-10428.577618474828	0.0012500596990827895	0.49820007618349915	0.001	0.11104232650042814	0.3706331105994523	2762.6767455625222
-5343.245122369291	0.1418872402623223	4.190629737636163	0.2229407442055326	0.3041032357244298	0.22153329996389018	1323.5599362697965
-4181.48180558886	0.11137632626203618	9.768551951809476	1.1308881320716346	1.204889643134736	0.23280855206816053	675.173552520776
-4356.371063928673	0.100770595044381	5.875097051040182	0.5125171885235869	1.3306562568929654	0.2440335976433107	1010.5451690669648
-4333.155533725045	0.038931820856069124	4.639911108434972	0.4160008090567593	2.9885113743909497	0.24320942398132872	1344.4573190663955
-4189.809930877251	0.11893052897191207	10.129342382703896	1.0294674723755874	1.0664237842000444	0.22179566178876417	660.0315510267831
-4562.305599353956	0.1846234122566074	7.240009894012841	0.5116083970917747	0.49870740944598624	0.25764983694831217	848.6984861094821
-6982.010406239705	0.0866197875254509	2.090335194173796	0.09892554351138813	0.19861484260894685	0.22043375010980412	1977.0395447412402
-5163.630174668449	0.15178591331895055	4.9819389635948	0.24279261464597476	0.2703869653905384	0.21939437395730688	1211.7863858243313
-4787.648750436903	0.11786298148790411	4.716889098640414	0.2914543573527318	0.7879182226875843	0.23463932996262757	1213.7342861004126
-5822.744691362274	0.11623706628975082	2.9172477796148484	0.2057077796045265	0.48992036932932254	0.23045009005113162	1561.583810959691
-9790.48819135021	0.0012514138007009418	0.547457573191394	0.001000643251918929	0.011182787928281573	0.17344577464895497	2756.3651227809473
-9542.323528509076	0.003942046726422775	0.7813604507051257	0.003242843307588636	0.24333197983130297	0.22091058666820867	2749.854606950541
-4183.82244129383	0.0797764064186656	7.838729244356746	0.5966828589501123	1.624818887658541	0.2206901537887852	895.6521322886798
-5089.459629042205	0.05716311112030936	3.161792364061252	0.251500457668653	1.8265898896694295	0.21116695438526284	1563.0644929711023
-8835.923668504724	0.031338487458927304	1.1390254890173	0.027146933358995283	0.3082582357497246	0.2397502660017338	2587.150999084483
-4454.958391367485	0.043983362578713624	5.931258700319845	0.25180071111665464	2.9240276657123223	0.22743188537522127	1305.2358551508419
-4154.13828072758	0.07623398573832824	7.81091053487656	0.725752038146482	1.7493949015791115	0.22070779395699217	878.7670074627504
-7046.924508959351	0.09244938356501131	1.9405724308515528	0.14470344052800085	0.350588724185802	0.24936271328988507	1932.2239356520893
-4590.079959196936	0.11922510678330765	5.829453744489525	0.33287371243247055	0.7471952812986014	0.2389767820298708	1078.5415413399585
-4880.951033373676	0.14028740287015834	6.055641733577383	0.2679765572133409	0.37314446195373185	0.23850202202366855	1105.684990967898
-4176.057258997924	0.05642223422098654	5.626793202810379	1.101056490641505	2.448746222921414	0.20600763552373413	1091.30690457993
-4415.209761258943	0.06599311676373569	4.764314705389185	0.44447153890164354	1.8537301427168487	0.22370825714857534	1199.7301570028924
-4191.5419258749935	0.10357374115115232	9.025448486927983	0.8194417079206464	1.2296323230734263	0.20417047609416375	749.6903351911823
-6520.510037898237	0.09934139390750209	2.4564653458428127	0.17230803532795647	0.24647013350231858	0.23914056451265372	1723.3782923947908
-4183.923450759256	0.11557334328665816	9.991866100383875	1.1501873791287034	1.1149836471194758	0.2222879331995639	655.8570404952852
-9747.51366140788	0.002639290261117523	0.7482345793888857	0.002132289971161297	0.09801714434000268	0.15557032345206936	2747.8522638302493
-4923.764279231666	0.0697031332899377	9.20569619411486	0.5969439568353937	2.0639803327047015	0.3657953268787837	878.8763763850451
-5419.280276602938	0.12358389138717346	4.069891400722548	0.19597446601867946	0.29316850773486186	0.22640868304446812	1387.1718235637552
-4183.445544315678	0.10505782481688208	9.213687649137343	0.804354080083568	1.20363246417055	0.22293406893468526	742.914841111575
-6905.847326209913	0.06423406223501565	2.5621450104243126	0.07325051737423488	0.05869144263256172	0.17173560773690086	1968.8601069314593
-4913.052327541871	0.1627006411127353	6.396939855462179	0.29223991790031917	0.28428042084563687	0.2234029308432171	1046.8445936223063
-4146.615244672419	0.07351478270934142	7.651749916822184	0.794550421805747	1.8293670530423252	0.21694276588617845	884.2336233835821
-4572.726289046468	0.21470694894631775	11.29710974255887	0.49915213576849843	0.4844573443640453	0.22779154027260715	706.4792324192101
-9548.03079602583	0.004156812654685284	0.7848684038502607	0.0034199683374150206	0.11485425173002857	0.21115662131663862	2749.965691629345
-4418.68124792611	0.1260309355986251	7.3582075936206275	0.37287013023922994	0.8729729419718933	0.22927561347111364	958.138716517055
-7897.017444525787	0.04155059272374992	1.603058757565315	0.04328491662344053	0.18372695838728323	0.19283715202459864	2352.073279564135
-4205.507468368964	0.1241069902109476	9.340976965856754	0.9739979061159766	0.9793223325774532	0.22418596638381513	684.0707411671674
-4393.946232220397	0.14974561016828128	7.70811924331034	0.4977638594935368	0.6732404354005178	0.22492228388812527	850.34592697235
-4204.067483555334	0.1311098443688662	10.283056293625519	1.005809715546463	0.9623414026212043	0.22395976796599318	645.874214094685
-9447.359481590152	0.005297188401598495	0.8671730845091408	0.004377649051655944	0.15699245653069854	0.22137482941743297	2737.7853396092582
-7798.45170932265	0.06786538134313116	1.567893066857864	0.09367477369448228	0.27004338421353	0.18983071745030314	2196.997222753198
-6095.7274492601855	0.11998489470680977	3.5095299597458522	0.11777168141651408	0.09061901501436033	0.2156550292744933	1624.3209810971805
-4234.884610830184	0.09531175547403382	7.47539623573649	0.6905505927590985	1.1510503615501653	0.2147659307339358	843.0516399354485
-9803.499518867935	0.0014714319350564524	0.6272242753173854	0.00118726056013265	0.21436478139444162	0.15939328230968866	2751.453141668983
-9686.827911537528	0.0016039882711614685	0.6136805033913829	0.0012815471855993495	0.1276911760824398	0.2466785353412855	2754.430098384283
-9686.191314999127	0.0012863750418619863	0.7257915835553969	0.0010339084242220189	0.09765387150580457	0.27438063458260004	2740.8516381723443
-4781.604563375448	0.1344510312003186	6.1000363199351595	0.22963715028920678	0.6572259241909719	0.22464290572925538	1164.0267826900144
-5596.869316045228	0.07612583957609066	2.7194335021991565	0.21929575496937453	1.1752535812115128	0.2180674132350874	1643.2833449596617
-9880.133847605757	0.0017394959033113608	0.6642491333022525	0.0013985451422379263	0.13954091997014054	0.14435495028093925	2750.5283217284123
-5178.455551790421	0.22116465693145604	5.964904905096013	0.2669201190865719	0.1929876758541752	0.21431623234827246	1082.2980601033717
-9419.560143227038	0.006648572826164001	0.8965572585876121	0.005519648875830371	0.09030584456858898	0.23599756857768586	2732.4314139376183
-4312.416940904454	0.09169711352095683	7.3355436455728995	0.3986372229047846	1.3055326864186312	0.22527792397463367	978.6433009658182
-4997.827198568	0.08182404600172523	3.772934705458512	0.21926460789064955	1.1880155719867032	0.23089851286472787	1445.0045572285894
-4193.452242431503	0.12172226905191523	9.872058296824472	1.1252301066849297	1.036235998614147	0.22427098178903762	652.7310122249594
-9783.074121320631	0.0019148217157769973	0.7982749346701217	0.0015315836543121817	0.10117715121367321	0.3076974050750085	2738.7592336438497
-4545.229146352373	0.16095206865445547	6.621416123760559	0.45804243244138576	0.5578968381046268	0.22519793628555024	918.7717869243327
-9980.259540989056	0.004065296517015018	0.824742691652786	0.003329182086199564	0.07403365322475387	0.3448140305050616	2742.8282794207885
-5540.106682585024	0.10199601237838235	3.2847915579732745	0.1783279340562876	0.5691156771318575	0.22000327920547474	1546.5489629286667
-4744.260774853181	0.1631773226261638	7.239847048153682	0.3062998536961504	0.39158335564996916	0.2268573663132401	989.5165758862752
-4616.357821411834	0.06797120518565043	4.250333251551527	0.4193851802643145	1.5575455781626197	0.22579982385736289	1250.466293434194
-6044.159019101791	0.07268724829885892	2.6674525237126243	0.10974835781801867	0.6926834071913737	0.2334082396054327	1831.0518782322251
-7682.088833652357	0.07164818322758072	1.7906678982512392	0.06502476092740976	0.03346008543218067	0.25534688066442734	2176.282446828688
-9644.856431569762	0.0012813285520740206	0.6537741503156361	0.0010298640075125452	0.29854038126056803	0.24429569320743155	2746.440786678306
-4154.217851120721	0.08513607653688936	8.386930282914918	1.008365897437627	1.565990139457255	0.2187866803488435	788.5672949781728
-4383.257519479515	0.09906245394572374	6.343892006435435	0.4108934440319251	1.0656118076203749	0.2369478884679707	1011.891644801492
-6973.32401489998	0.11731781512725631	2.333866277362166	0.14424169636199802	0.06000344670586209	0.21717037328041738	1784.0569497099716
-9246.047939660084	0.013072785950467018	0.9820365289544338	0.011476652973658047	0.18746308205737833	0.225999888827159	2702.0665802197504
-4230.415920594876	0.14197124751195472	9.852917652213529	0.9546360991706292	0.8431413957083372	0.23162036022647653	653.8628684717611
-4448.378325477171	0.06197271072404314	4.421557858430748	0.48664329459979844	2.125048923774376	0.24120312596944113	1249.1825414628124
-4231.003420056963	0.10465768459889391	7.53230557713839	0.6399534756032318	1.1372256195937704	0.22113580712654005	849.1816535858441
-4769.437581353731	0.11893340961547312	7.0972380599733285	0.25829478647494253	0.5012877155048286	0.22362728326485373	1068.7889010054282
-5345.951194673963	0.048076576498210025	6.407859047117293	0.5748733000910226	2.1214631440497334	0.4136632674501836	1050.4540083099866
-4318.054624978424	0.0841077530957482	5.903901154202843	0.715545391483534	1.4738868766125057	0.24722987639007887	969.5626025959558
-10721.659041432593	0.0016313820200019734	0.6464877720056612	0.0013095718055595646	0.025018174078047316	0.412818760754472	2751.17593523445
-4517.660071922655	0.28645203632367505	13.171523895702348	0.7897039985307152	0.42046782875424443	0.22909074479500707	555.7565681123541
-4282.072789506348	0.06947057360781883	6.3262870528113595	0.4004007719065696	1.8668574672744866	0.23258242459801737	1084.3990993736033
-5012.892180602415	0.11594637425542045	4.420650300924025	0.19548281417451316	0.8314256851598442	0.21069705353925935	1366.981698142264
-4203.064017629382	0.11637170351269721	9.4138484592683	0.7666745397248493	1.0695816458575422	0.22443216876182276	729.0370048506794
-4923.669092881119	0.1517537326166874	6.7054684273668475	0.26479572544252566	0.2941389973248508	0.22485886580030037	1063.8874407927499
-4516.253729722302	0.1783324395533785	6.795709325358234	0.5106630624612235	0.5830272607482969	0.21835286458343517	878.709683449976
-9157.233441002309	0.0631190196166605	1.861787897346622	0.089550459063641	0.6450504330246635	0.4998427793557081	2103.552863421983
-4333.187124569104	0.07424515280304309	6.061852039258018	0.3692071196480657	1.693821462882019	0.20960798937594338	1107.113788413928
-9591.192222673275	0.004234988074221801	0.8249560336252134	0.0035158855438149365	0.007462468682543931	0.2712871581717609	2743.4847458179265
-4514.641248772901	0.07697927016421544	4.85295299265715	0.3534427987345192	1.434467115280803	0.22587243963326012	1203.9503649500525
-5647.158843833917	0.11505460699323639	4.345203216428733	0.1393296870468876	0.16827042832542513	0.2053961203292823	1474.6731353978182
-10024.1813920777	0.0013305039930894818	0.6335689948506561	0.0010632479899091527	0.13182809586212127	0.33085616721089395	2748.6615763752643
-4594.224531278884	0.07268348790103923	4.930064790018199	0.2545887451117951	1.530094977799513	0.23249294717208263	1289.3196492162272
-4173.067847401474	0.09785122845341353	8.565912856026689	0.7710843103563232	1.336459050308078	0.21904180286666086	788.5609663938893
-9769.417202169341	0.0015362406410019745	0.5909503068125911	0.0012342601353125104	0.06496374231977028	0.17333608152987764	2756.327224962992
-4857.47211704124	0.10167924930807266	4.249098600018979	0.2928337714839565	0.9098335790705139	0.23142510035577446	1277.9325805856615
-4397.8008532831445	0.07191388818490252	5.416137750487331	0.354516547336811	1.6249500283322034	0.22122521850655819	1164.8716698489216
-6971.971393006614	0.03506491480812315	2.187268882246253	0.05341605164153713	0.6992333597725626	0.2607570782896971	2171.6442869665057
-4208.326167770535	0.11445054944458606	8.625228762668893	0.7306543975147461	1.0592063419028295	0.22369631071799598	766.5414430626805
-9850.196416586394	0.0014723805020247685	0.4742935050112905	0.0011652221739628917	0.0789108444946531	0.2601439577178202	2771.511888197961
-4286.277321713126	0.12124735387382667	7.60275183781017	0.5737451326372284	0.9220186746557749	0.2256765940011596	846.7005578954297
-4199.867268223962	0.04641338071541206	6.73444811032404	0.4803417168034842	3.052180775183951	0.2095912137876799	1135.5471937116247
-4145.983332725104	0.05589836201897948	6.769572831048099	0.6620617863581998	2.447399352951591	0.2151620609621205	1030.9396099355522
