# /groups/rgutenk/lnt/software/anaconda3/envs/donni/bin/dadi-cli InferDM --fs input_fs/fs_013 --model split_mig --grids 178 196 214 --lbounds 1e-3 1e-3 1e-3 1e-3 0 --ubounds 1.1e2 1.1e2 3 12 0.5 --output inference/fs_013 --optimizations 100000 --cpus 10 --check-convergence --delta-ll .001
# Log(likelihood)	nu1	nu2	T	m	misid	theta
-3079.651301337319	0.5340328754731835	0.0022944047154635633	0.0020518331807224317	0.11238709864025578	0.2776891586690912	743.6068384154611
-2740.2057484234488	1.9679560075640636	0.05100718720619008	0.05558375633897717	0.1919530656761109	0.27804751092667307	584.0143129542804
-2778.3631642055557	2.33899417113625	0.04080860253860295	0.039078937152393724	0.03664525313506894	0.2663095774852915	589.5443209031642
-2875.78325646107	1.3617184132704316	0.0718537914261153	0.0856007812243099	0.18536252047398363	0.20453209894649552	615.097286499163
-2981.526139363468	2.682144314573699	0.048202258923128564	0.04711890458972758	0.009550060567148121	0.4399074260729253	559.4889382879174
-2704.4340408043736	3.1332741802944506	0.07714005070376528	0.09499165723852465	0.1731587884813858	0.2729744893391856	475.55640230650135
-2530.840415058465	3.2815063823777306	0.15743112849746255	0.36679375840272743	0.42479075432440505	0.28414608393520263	350.48574631636257
-2919.007370651823	1.0453575185077342	0.026528643952502536	0.026303837062058653	0.24777385573691718	0.2559063507002384	704.6955459891597
-2779.436122563955	1.5005790079144934	0.03825627908470085	0.042265452565683106	0.3402046982095428	0.26982848988085045	639.6596450087258
-2402.16070512824	3.1974997342955875	0.0812337912101387	0.39662077731276807	1.3782595536854283	0.29396763210870575	376.41415125267685
-2871.3054653433455	1.2550958927290718	0.023027522671806164	0.02165983411886754	0.2769448501390349	0.2532688188094542	687.5277665563078
-2686.687291503312	2.582866019358213	0.07789216135727323	0.09112476454376504	0.2094139064766667	0.2709038543469098	504.5649388422663
-2884.2308837081605	1.2918866546270928	0.024931252936118295	0.02333957533647822	0.09790662543804556	0.2981098438192375	681.7320575824222
-2556.2306689150255	3.0132612324057773	0.09195784878233365	0.15625020816435392	0.5988699482266705	0.2676056374415217	438.2827679614257
-2525.559039677843	2.9678135796927037	0.11579890714352845	0.2543896358350941	0.5869081160427766	0.2361393439060185	399.74430686767937
-2593.610921822035	3.382650837633377	0.18647984086078756	0.36654493225838675	0.27695066346623565	0.25575590784016367	340.69989324085134
-2429.889590225117	3.6480172676906713	0.08475909641209879	0.3405063171997808	1.2983599421586027	0.26678348912208255	361.3798508458231
-2788.3924482174666	1.880717918046465	0.04823312181602446	0.04729644955823031	0.05123345798792127	0.2662873349800885	599.9531641537013
-2383.512628738827	2.788806114071299	0.0681998575319834	0.4415392730011045	1.564100130874209	0.2839826266244905	403.4756396219933
-2828.240382851338	1.3666421654873577	0.03306433102854656	0.0371543083047455	0.2474292005991061	0.2858737371775361	659.0693345772022
-2702.5718029229415	2.754708123532917	0.08031347247780925	0.09004542890763981	0.17772311581100952	0.2926781269353643	496.0657213793281
-3089.6016435390934	0.4905429464159787	0.0017929576282814156	0.0015961641758576327	0.06029972083253491	0.2502571288134878	743.0502861653857
-2842.1618479074355	1.5169962440826303	0.02699777007251989	0.026243704969671832	0.07419685000215885	0.2540856451273843	660.2569432274369
-2373.3434492268516	2.9357541903216506	0.07279941890643105	0.5012821263151744	1.5702214085529413	0.2677182419465516	386.85249791964867
-2629.1988367346216	2.762853678104725	0.0774711110701691	0.11615547370586489	0.3696417755417865	0.26481082253224286	476.61439089942127
-2716.59787209565	2.8373492257810486	0.09435551797903938	0.10862553419857668	0.11483652817089927	0.2692317799989392	473.3975095216294
-3033.133002267491	0.8145952318342345	0.0071718241317310395	0.006636819142467936	0.1849253513669716	0.32357287887169983	735.8988422293855
-2562.3018892940577	4.109918810921555	0.14105997251985328	0.2792518207936588	0.4623931220779574	0.2644330080557189	339.32600086228393
-2486.1010999684177	2.533627519507531	0.0725888925385542	0.16317646180781448	1.2030005706381521	0.26835442560661127	471.5752289075791
-2386.8149321204373	2.562213673943066	0.05798720203356503	0.34372626571023696	2.0131365844875013	0.26395481307582075	442.88292574849663
-3139.1759604525373	0.44098170568792433	0.003509051084559537	0.003173645531762956	0.0010692107436232703	0.3172609653624612	760.0096892767538
-2756.295864773602	2.7658775967330786	0.057421296678184214	0.058854284403787815	0.058218081060535845	0.2699831589681128	535.8266280869959
-2863.710986727002	1.3994685251876984	0.03766777631208816	0.036565718122124134	0.005864579140872417	0.27454425491264167	653.8466647276969
-2725.548464105004	2.4667163769369806	0.08717344491393997	0.1029110566226021	0.10612755438443405	0.2731660368132965	499.25400120367823
-3154.051288728125	0.23937748981463272	0.0011291674170794805	0.001	0.21529924234834774	0.27154418993545015	757.1291124647773
-2880.3481007334526	1.208949803584547	0.035589323878035366	0.03679429694919928	0.15013751758720356	0.251417425899535	675.1762208317017
-2631.7827957006366	2.7366162976554302	0.11029071525240516	0.16052648720978768	0.2794706568588666	0.25618486984538646	445.4330047117976
-3199.7243935587585	0.5759991305591464	0.003303140458343414	0.003003761249111908	0.20203319050186921	0.4029347764976812	745.9102966794366
-3083.329528080879	0.5180558639641976	0.002284953632520352	0.0021287386527535767	0.059632629565289794	0.26869029740439454	745.26429971725
-2754.6494645147377	1.7219068386636618	0.05778753565843354	0.06467307189826348	0.2605417508050962	0.22764581786850924	592.5319819161971
-3117.5122363373266	0.4073173224691767	0.0011387700323166438	0.0010076922981629597	0.13077957469752174	0.31147966312740205	742.1211400659818
-3134.7431049137695	0.4244304353880875	0.0011340731375944102	0.0010063071580858308	0.20193574842563272	0.3360801179334723	741.2098903969759
-2384.493808846748	3.040350077645622	0.08736692299928257	0.4738151724327241	1.3417576606690234	0.26389972139388274	374.22911183360213
-3077.0446947593414	0.5433428931340268	0.0023965530272101647	0.0021532020550331576	0.11111590416376863	0.2605564257380875	743.6506144872008
-2396.6405267058394	3.4559026278421756	0.12124205146557153	0.6555003914418291	0.8755647465858256	0.2730538348106795	320.28290926389946
-2825.7022105638944	1.65565907471909	0.03223228826243827	0.03160468268359282	0.10503233271570282	0.22741979407106463	641.3644085909744
-2485.1048910375343	2.367847056753742	0.09439413719771458	0.31793217051213446	0.8447979199742582	0.28912012268748155	433.63940210194454
-2349.1216837274796	1.9840971356761494	0.04219823669315123	0.908451901235744	2.8892104267017378	0.2542810339349027	540.2761874692515
-2696.337313228166	1.7537496186016321	0.08568182813680096	0.11029633972206981	0.42266123684430684	0.3149404556883501	552.2581467486492
-2866.358797286893	1.3777861595129806	0.033827923310532214	0.032912506755529855	0.0310068358242257	0.29034717661766846	660.9158799782335
-2465.9575083703007	3.2120465659221273	0.09045784739033698	0.23855314851828488	1.0474425759225463	0.2800290464798194	400.6954711763682
-2435.1287721428052	2.4935756024572124	0.08398415405430355	0.2862090395645295	1.2216779337176957	0.2736095628147498	436.8330769873974
-2752.1301431781358	2.064219948329833	0.049527844240253874	0.05212104739623597	0.12945045349792572	0.26660441497870907	582.1047796727552
-2967.7765716374843	0.9607559819002556	0.02525232577884825	0.024491370512881458	0.10221706225805843	0.28220777838052297	716.6283839315118
-2367.9345806231267	3.141825115631811	0.0724073847248615	0.6182980380355794	1.522295938981413	0.27551929862348506	364.8949877865886
-2952.672763738248	1.2110140819051918	0.01789471781424936	0.017327499047347844	0.08425298467706217	0.34894118022447856	697.4121685489328
-2666.2101357964275	1.8567837431965075	0.06742933100420741	0.09222870391973745	0.44167227321836394	0.26980669715548355	558.1968955529188
-2681.8533845310976	2.434026609690069	0.08605637574937995	0.10840072526712571	0.2063586763421568	0.2754136316270146	498.02192604835653
-2419.0868471369413	3.3727071981798575	0.09156613806415916	0.3575239960554762	1.1744229133291917	0.2694851764375746	367.807924693256
-2394.6234569743383	3.1103777709487197	0.10124431006775637	0.48836455754426256	1.1205524861808462	0.27552481638238774	361.42658641765155
-2594.7661185168477	3.0403393974611257	0.09980232042161151	0.527842133940487	1.3701118973258146	0.43952321772943986	366.64537903069504
-2642.0873297073854	3.05733000758692	0.10182764769080996	0.13349299132567877	0.28696879035867984	0.2807785888201436	445.21376567693903
-2991.218741042638	0.8932415861569024	0.011352932824651288	0.010494392262084831	0.0013135597402587462	0.2729697588101512	729.9053774851308
-2837.411546312938	1.152333690533183	0.04006701210218061	0.050964757397002375	0.50638925715503	0.2767758511113906	674.9611001428481
-2430.614602337039	2.5575552911579313	0.07618849226328106	0.26140934512716574	1.3616826564922513	0.26636549130595555	441.0793258496005
-3177.8450140818777	0.4803514292134438	0.0017480606017584892	0.0015260518826868508	0.09713007848514343	0.16971702226942684	743.030734652097
-2433.6935753237594	2.5295571120924567	0.09688062178815518	0.3523481838504207	1.0686145340253201	0.2703026759752814	417.1910564003111
-2408.025789865916	2.702728690523065	0.0749285050594218	0.3375851286455741	1.3638046771300025	0.2639100520198263	416.98514362301813
-3229.3250728055814	0.48096689396195214	0.0017849989500826522	0.0016007361615266824	0.0905280155031032	0.40819858640003964	743.6842223327466
-3027.2554791946914	0.9269446792241831	0.017045464547851687	0.01632441400892681	0.09236380293310588	0.35211314141066075	725.0107649563614
-3112.6921318505865	0.37692845263269054	0.0011282908696320889	0.001	0.07013610224763137	0.29040992199192234	743.821316103446
-2406.082614009731	2.63131435440454	0.06016886690604094	0.4192209339227799	1.4391440089310097	0.2859600916166471	417.59753399414456
-3088.2045454237964	0.5294154552886343	0.0021571183034858788	0.0018870903421746006	0.061482461038244555	0.29862879012817045	742.7712113264647
-2722.2599886475523	1.8494929225110113	0.03284100225371305	0.03742437716414577	0.5927390395720311	0.2670917742983795	621.5296467461748
-2556.939001864907	3.2195023614088356	0.18513354918939873	0.29946516575941057	0.4978735971668763	0.25036610284757665	363.7257356362137
-2419.1817013201126	3.8284945746887833	0.09787574948197915	0.43041627246137437	1.16555130464599	0.2756799209493203	335.41172902361217
-3096.92629978524	0.43991484902065653	0.0014713951350263325	0.0013125871112554643	0.059399107320967155	0.2651129474196453	743.5650494472454
-3103.477425955194	0.5995793738751687	0.00348425222091398	0.0031593318184281634	0.03566386227568657	0.20139828030065202	744.810677307968
-2765.474240932723	1.553831385258057	0.049701080986451755	0.05444692341454025	0.3010448023796765	0.2568068636828972	619.4932066621863
-3016.8907453999263	0.825516901217614	0.013829306013326631	0.012981454966107565	0.024161850538485553	0.24405652103579006	737.1841988399176
-2408.321055015249	3.2323897021486325	0.10702575393636668	0.4630975984826879	0.9811047451339562	0.26867684270764236	354.05716247126213
-2474.7053963878648	3.2847075335788727	0.11674918533188619	0.3062543747200209	0.7330108207569855	0.26577731931558146	371.77471687068595
-2997.177687432866	0.8543491952302528	0.01451779976752628	0.0143493971293325	0.25350736830874787	0.30067473444030285	734.4943410677133
-2959.558194159442	1.0015837806770265	0.020057464928363314	0.019211505333930876	0.0022120980968260693	0.2654935364531536	714.7356960583464
-2432.6609112409974	3.6935694414533207	0.0927962925749308	0.36076871442127034	1.19549620378721	0.28897568156816256	352.816467993228
-2828.0165043391476	1.6554696671992697	0.0337476879936859	0.03390738592674593	0.005917789322183198	0.27034972663258783	637.552675466793
-3427.1591677482133	0.3660186961032564	0.0011268276339583185	0.001	0.1403715386917067	0.4834680751203556	744.5412693397942
-2508.744541642514	2.6803063263364364	0.09890584553114774	0.20073647717846915	0.7565707498941632	0.27834576878761663	437.9610813279443
-2562.2164099607844	2.470464816696861	0.13786864387108272	0.22240170973678172	0.6116711425622514	0.23862054420841755	435.6300351184394
-2780.9054235494305	2.0997232545268076	0.04145335501531542	0.04114928850218807	0.046173785827972304	0.26959547801375056	597.4354865592423
-2355.252646963114	2.6070586258177126	0.05776851169055475	0.6690582797863458	2.1249957324986997	0.26063776012608414	423.28999153349935
-2723.827584460394	2.4336378558758223	0.08502084245681499	0.09673681343179888	0.1150128387350522	0.2813138897808542	506.404124317525
-3029.529548553624	0.7583909982622484	0.006158580903085961	0.005646152309806922	0.001	0.2766092684674589	739.1347701970743
-2708.9345940240187	2.8722788013766873	0.10451366702811761	0.12056581391279894	0.12711504048468616	0.2800060186466668	461.1371643060198
-3145.3517671235636	0.26175485690198913	0.001128670788736831	0.001	0.15822528170174716	0.2495898352630415	754.0859829149863
-3135.3499253389673	0.5023744093627267	0.001846787892893363	0.0016846542765382216	0.12851437342076813	0.3495845489232388	743.1094348919057
-2595.2734015247015	4.474880692182933	0.12292644400449394	0.23140684120880536	0.5211525357714946	0.25856682823974764	345.8978729043463
-2796.244166711447	1.651069033753911	0.059842136172308526	0.06542766178696921	0.10950813480985963	0.2917898995344136	597.3675015103896
-2382.099821339202	2.519977487254753	0.06321575379586561	0.402952540485677	1.8041336805547181	0.26422077109045894	434.0942410868473
-2362.957603589379	3.6690007619594893	0.10286525400717635	1.1246099491610608	1.081392741907698	0.27056000822885945	297.0002408059532
-2683.5017656239465	2.206180874202177	0.0721022362965473	0.08752896661967437	0.2607489963090903	0.26698792127310583	531.9826119776254
-2736.454213195824	1.9769427912399076	0.07343137595018068	0.08444118945495888	0.15505643803181332	0.2862504853238822	550.4368853928579
-3173.595369886027	0.4182466465238081	0.0012584044479133655	0.0011225319261868078	0.1260221368482514	0.17761048060072837	742.8477040194279
-2390.732758069101	2.9907292104424923	0.08671992866638853	0.4863046941982428	1.1852297708454698	0.27089099250053067	373.2445719896918
-2636.643705936705	2.4692355569617326	0.0804091392645233	0.09971934742896493	0.3880251723201318	0.27026611458177324	504.1485351270882
-3037.1381124710165	0.715062898307978	0.004983155381590145	0.004726334504354537	0.40227558978588923	0.2414472454275025	741.225861552712
-2418.7450559775652	3.2311204248881964	0.07504069410996	0.301979231893123	1.5785840447784136	0.2546953733689195	394.39684214090187
-2423.1041411297515	2.6725901802542493	0.06516641242174867	0.23965285644078996	1.6831045833388791	0.26856260843571356	445.1181608238822
-3117.734587233889	0.5987212381183143	0.0023084038928160595	0.002167992223947803	0.13720152196005628	0.1915310291404955	740.6857275674864
-2779.1446709970082	1.7694954633548785	0.043755118900035035	0.046179986519274456	0.14446772282092657	0.2897526155622339	610.929440820074
-3029.022860832147	0.7617205706438692	0.005262390223397633	0.004798337276592779	0.09651085641861852	0.2519736474824081	737.8027525807618
-2579.2519483545243	2.715247535677486	0.07560685489256887	0.13838779089481246	0.6754514272995039	0.32336388992913917	467.70277721851147
-3081.6864905653974	1.4926860515166187	0.0521916588706031	0.06519019618447928	0.4313275079050271	0.4915163402391745	617.6750281651183
-2696.5159224721156	2.80636550539833	0.06953998182352522	0.079361573499546	0.2214766375831765	0.24689076323450448	506.76926804791566
-2381.0458436697345	4.056596486563055	0.12061852900521451	0.9364370324675336	0.8747022333013127	0.2707856102884546	278.861167623065
-2503.8491492605617	3.6708188993889133	0.11009916581654808	0.25997979402678656	0.787648658954226	0.30049482327960275	367.989418620705
-3028.166597688204	0.7298835034252195	0.007038156424840781	0.006520429389528929	0.29560510945661395	0.2623090081796539	742.8669533618704
-2942.6301779217674	1.1080618084828113	0.015746652652975385	0.01447643275430039	0.01419985345862758	0.29904472583084524	708.6709085012287
-2690.9728158499775	1.7626628159648507	0.049612030479218534	0.06396812584965687	0.5069341435325357	0.27193640587274354	593.194380518318
-3074.161672572048	0.5587002183361919	0.0033187308304827873	0.0029947747430390365	0.1839044119292606	0.2703944707877261	747.1593913204459
-3154.822104277866	0.24810651809417764	0.0011275420296365454	0.0010010268709646178	0.1346426153603759	0.24131942353241942	755.9094866578403
-3017.9752507355656	0.8077615577182503	0.008219439347588892	0.007615038096957014	0.09403331592007091	0.23942333307299857	737.0160635635232
-2771.2294975860914	2.5185496612996725	0.03166705747427065	0.031153050822457624	0.16712436742176529	0.2433248807911316	601.6303765040182
-2945.6538990761906	0.9886685592779954	0.01685235381316164	0.01655379312383186	0.26922895490316784	0.28999954851601206	718.5403053507665
-2748.615851425398	2.7916628702644206	0.05246905048648509	0.054719490489541264	0.09162484661595967	0.2658178622071549	542.2338197545685
-3183.764615368702	0.2949032344143363	0.0011762413401671431	0.001	0.19905797099821676	0.18978740911962697	750.2544709056192
-3088.4261753326537	0.6044417489894032	0.0035582776112772253	0.0032333787013368778	0.055145358231274484	0.21406553992756508	744.7704188333959
-2599.33362298626	2.7629969721282803	0.11819721808910152	0.1857781413610691	0.3446219756913812	0.2721604857878097	431.80991370863626
-2359.5405178357128	3.4739278757065595	0.08721130576285298	0.9585666413944373	1.3496995586430498	0.266892047947836	323.25932614833044
-2461.384252369303	3.1876718738948133	0.10544324093316214	0.2671837123715085	0.9674824826273106	0.26565416690408944	390.25992874938726
-3070.4027144074785	0.5885844870005555	0.0024099981913744705	0.0021698267648427596	0.1515524845947029	0.28465257376463576	741.1035631876912
-3044.644946465205	0.7241398561626533	0.005690074238953121	0.005181069322661969	0.007366196177923861	0.2977680863598856	741.0390497193434
-2689.596629496805	2.017595826931789	0.08203631591002676	0.11004963560126789	0.30908945700092383	0.31688484803392963	528.5317530764513
-2438.3166784035357	3.5632187728031646	0.08792548204545897	0.30949110684104225	1.2482444518131102	0.26233695883437946	369.6994752044771
-2361.6031209091907	4.1691210643564185	0.11575701723862464	1.4710260610747738	1.024678987038506	0.2687987274008226	264.51302533333376
-2462.6356853301704	4.540869382960749	0.20789217403330032	0.7905952739185097	0.5477940865911589	0.2393864290531681	254.07450256641863
-3155.8119961744087	0.5653626932685187	0.001923002486659358	0.0017337105744433074	0.0316255973819275	0.3730775382032691	740.0229984192408
-2363.3430621667308	3.1111221076815405	0.07865571440050623	0.6740533642546154	1.5100804477538863	0.26525911465005	361.482673107213
-3113.4742229904014	0.5096986803662154	0.0023805183479703044	0.002138224694041658	0.13616691473409415	0.3295118851283304	745.7932271142864
-3088.9362204756508	0.4835551014695381	0.0018124034372327196	0.0016233925729866787	0.12618395002746619	0.2585227656605096	743.7096633935554
-3098.9554944330202	0.4374504206014009	0.0013051010309099167	0.0011593873592185137	0.18289053730280563	0.24937633417051497	742.1563134149868
-3084.089980731339	0.5973416114874877	0.003217007022543212	0.002912875636791367	0.18736864459917268	0.21859183163793758	743.9606007832781
-2988.64072084874	0.8945201395606334	0.011766708597544046	0.010924373600689458	0.03803763633756469	0.26109092372785186	729.7714540022461
-2434.1744056417374	3.167701859444601	0.07783003544604744	0.2641137323443462	1.3733450329639252	0.27310553721217395	402.55822085286826
-2390.005880111249	4.0132207123551265	0.11591984337341062	0.7296865019912689	0.9620440172432776	0.2806894214749662	294.1409016527619
-2639.1260865960467	2.1675458900717777	0.07958228753703074	0.11212173753924677	0.3895581787414077	0.26072039667059377	516.3770775877599
-2642.110731643841	2.247203957414722	0.13734412472952973	0.25230720776451776	0.33955673111884005	0.23384952972643058	443.0260087724382
-2769.309462409431	2.927604522772124	0.040666281867588965	0.039113283405105365	0.10371998771506395	0.29604624665101187	568.5439408074657
-2489.7352359196457	2.783243790070089	0.09054639297686398	0.22748499170616235	0.8867408386869203	0.23731560560331333	425.99780231019594
-3440.6403509694546	0.5381231518270507	0.0022334070487285804	0.002010283971458408	0.20822910251154406	0.499514907016755	743.1361112196363
-3082.862084717398	0.5711488910729086	0.0023322850262372536	0.0020902788176810003	0.0012808929602850952	0.23120967139874968	741.6292010295402
-2692.6318201204363	3.7869006673592183	0.09580170560138601	0.12603892934168384	0.2765229577273096	0.22670446101302028	423.10840405768596
-2554.3741962352606	2.7199491582692423	0.1103915805136871	0.20557737911609722	0.4896826179266684	0.2734720240150912	429.4954651336671
-2695.415672319535	3.32381172539849	0.15182893462603636	0.1935440877347824	0.13679363555703564	0.2737238501810133	393.99467239584175
-2503.2478210409017	3.56641642210219	0.18865290618326414	0.6808143435262515	0.41474476744082506	0.2657216406805107	296.06137810546323
-3074.8644629757664	0.5880921455153915	0.0029531301428430932	0.002666597537186641	0.01003387866570697	0.23875499184003382	743.4464402358668
-2948.5651386297254	1.0454660255487547	0.01901496593279183	0.017973100979179583	0.0023000668283029435	0.25155731750778904	710.927201497726
-2726.9881699721595	2.577600555121264	0.06305659015643372	0.060520758082729206	0.17572235149837548	0.27091392890333355	540.4634522105891
-2726.7871002871607	2.495777169597491	0.06454508468739795	0.0652030319987511	0.17879732418798927	0.3009758772893687	538.248848258033
-2471.348178580195	2.194236971643416	0.05884331484358312	0.16166371998004334	1.788002801723498	0.292831570603832	506.95623704710886
-2900.589689503085	1.194806075583762	0.02672849530858827	0.025682447390905236	0.05085156322051459	0.26203401309715	687.8122238860755
-2473.5992963396347	2.767471002264858	0.15159802973501535	0.485674931633079	0.6888768815055565	0.2576519716212981	366.035407667347
-2768.6649760327	2.5362714101913015	0.054668210773834124	0.05346547187626866	0.028729799448966375	0.27234408552395595	553.867413773246
-2800.1868354096628	1.5852801283751896	0.042707643065556106	0.04582033546105895	0.19437422754440128	0.30912082099590615	626.6165794500645
-2533.232349644204	3.077595476504217	0.13139421960543307	0.33226626337946824	0.46775603448991243	0.29704732218319657	371.77926333381316
-2686.339567970627	2.4181763912654684	0.08057081202701796	0.0954221294815064	0.21460243243963337	0.25759075735585685	509.803952670553
-3219.419054297946	0.3824533912999964	0.0011317916137716375	0.001	0.27234194236408243	0.3931382556679151	743.4819213939202
-2382.497667977455	3.2532838165201863	0.07852701736815003	0.48738998371495307	1.4398145326430551	0.2753648688009439	364.9177698341142
-2614.5674596347303	2.1555230542413892	0.087674188196987	0.13520077846629439	0.48607776589621815	0.23940382631026755	503.19780502520223
-2607.7710418405672	2.381580350974436	0.07345599541970264	0.11320083680087202	0.4942215882784147	0.2774932238586988	502.67939406473465
-2723.8973732677455	1.728818196628239	0.05348973510206739	0.05898741861787045	0.37785294111438555	0.255106873161915	598.5091429348363
-2373.6641321544494	3.0196877957472807	0.07710694165527959	0.5117103106845446	1.5550068103657848	0.2710928301086389	379.0464964710216
-2678.8324376439245	2.0062152151701302	0.09032894991344674	0.12247877143700883	0.2866289217409626	0.2572064409011025	520.3729215913876
-3058.146146633699	0.7011317742122046	0.007554081213914402	0.006742159221612477	0.07328689233804911	0.30965872308592196	745.6244552308817
-2553.504923974242	3.0771280991920555	0.15862159763488248	0.2671550663540448	0.4573015979406195	0.25263889994481387	382.2374578721167
-2780.04802479524	2.0627990835010026	0.055365275612380756	0.056568807596366795	0.03126375698376078	0.26182261971305004	574.8629014853947
-3384.2122037913537	0.5905770595472296	0.003436219027130159	0.0031141558564282776	0.20165115477075818	0.4840053386715657	745.3106762677825
-2609.6804534905277	2.728306750250864	0.11442399350885576	0.18070627617184637	0.33990314392462906	0.2998431521840415	436.58825031415995
-2457.7766754849818	3.1819787919036995	0.1224824129955181	0.3842205094263904	0.7172203186521066	0.2631614966968763	361.10482944432636
-2380.008086186907	2.4629465416458802	0.06538414387667608	0.4381427293973693	1.8243237072887102	0.2541632634788005	435.3534173704032
-2630.863167548591	3.088055515260808	0.10670385328269688	0.15477887907260696	0.28731907233990184	0.2732877368372215	430.78248965427326
-2574.5720066589874	2.2325941627149293	0.09270691442041859	0.15189733428921712	0.5877049754965082	0.26227335684177033	488.65713281398104
-2668.1427341613116	1.8280658919386714	0.05297488765389735	0.06262042925130457	0.6646417215788912	0.2681011716276872	588.0822944905775
-2407.301232238036	3.2864808793865428	0.09595775219202317	0.4223884971393478	1.0890348485412569	0.27010434365581404	360.2871829414894
-2408.713907627394	3.392156800561808	0.11902185950145389	0.549679634899652	0.8622818748555536	0.2704801887808893	332.5062965517013
-2717.771376555844	1.9941973491133633	0.071070515086499	0.08736696805619867	0.19900550716939325	0.2796925042061323	547.7967511366675
-2367.719458603296	2.5453081362555166	0.053298648823721796	0.5034012539859274	2.1446772707139243	0.28199746345048116	436.77025565080316
-2364.744974902341	3.252821524023426	0.08098864381338627	0.6944340348293324	1.4437605906396531	0.2700075674499158	349.82375454374716
-2740.973517212664	2.0876349255266	0.07115801341946922	0.0827041382167725	0.13339062752399855	0.2985166510928878	543.9862603358495
-2385.7293376961557	2.848648916556856	0.0868180578630211	0.4674253701119618	1.3631151693590657	0.262006328667775	387.47304217841815
-2403.2746275212517	2.7555774409827487	0.0635893881993164	0.33004733299355493	1.5591149045677868	0.26923906256974905	420.94749149436257
-3307.4426786306753	0.37989609840653316	0.0011331246528822798	0.0010030016735880871	0.20525280833720602	0.43731959092684997	743.6807850337228
-2695.766776649904	1.977124115295263	0.055331037584193214	0.06507562946412736	0.3521095506426219	0.26124203557487236	572.780603560933
-2774.085370566681	1.7974904090853874	0.06493221296557754	0.07092669697320853	0.10351955544111864	0.2650428751547806	578.0922600951734
-2375.8009231337087	3.8401575091519207	0.09543041836755835	0.7754102032768423	1.2077783668801079	0.2591859368822231	307.8161367442992
-2505.8832557215205	2.585338193737067	0.10953807360600346	0.26230051911047014	0.6753248136908471	0.2807686168958067	423.3990151484964
-2926.2982918713806	1.1014156520759715	0.021132337565516805	0.020784108512548922	0.13645540503567058	0.23341803230632818	703.1527054732406
-2490.145509509668	2.383967273095689	0.08220226315903084	0.19952732302763868	0.9905703939370896	0.27575508213794503	464.91533855008424
-3072.3295401945234	0.5906749213095455	0.003469917059672729	0.0031137648278580774	0.09334737013657148	0.24191721190459203	745.2390847612048
-3211.370942095488	0.1973003764213126	0.001218573241952562	0.001	0.04868073680006514	0.3257944223153248	764.2667631494845
-3064.2379256099516	0.6057313807624232	0.0032860037687901644	0.002975968262081668	0.12436583668623802	0.27711489988640237	743.6420475146422
-2930.0786212362364	1.1903047153054596	0.018112821506450504	0.017770000397573534	0.19692872609080123	0.20573498487105868	698.6807740485168
-3097.9145671656133	0.43709818719728066	0.0012526329043980717	0.0010937442144371304	0.0010415492684802056	0.26033281397812996	741.4359931052699
-3301.8308337920926	0.5110451629556132	0.0016865284874202876	0.0014698067619704476	0.03793089882465266	0.4447838870317816	740.9166659707308
-2354.5619222620253	2.9893090970374083	0.07394179821886009	0.9228217829741092	1.5905346122372024	0.2642394133879363	364.3537168998383
-2683.873313100993	3.1278251210428443	0.09859395372210106	0.12572576420066842	0.1833617726619456	0.2678261038446278	447.22923953273386
-2866.8342089445414	1.3400442902288185	0.028318230509099214	0.027820275773521894	0.06360098856347841	0.26292558159723034	671.6725438848546
-2430.043967331484	2.7565976649253883	0.07316036579873149	0.4485939304397753	1.0484802709939285	0.258834854109799	393.6831231181796
-3208.761564434514	0.5563440780920625	0.002448248816035719	0.002285345343722369	0.06916603060177472	0.4046859999210123	743.7035926289042
-2509.5143715029985	3.0947726760931635	0.06834631644649455	0.14235362025940884	1.256762024595078	0.28557490663798	451.387526144734
-2768.1212858505846	1.6422352494100614	0.051555974147838884	0.05908460775650823	0.2041175436873603	0.26320066905008793	606.4386579964211
-2544.826643972503	3.885031216546099	0.08998679256657513	0.18429312209468068	0.8686632765924979	0.25094015717126283	391.0782243075536
-2986.139667675409	0.9059347186106104	0.012078080822976052	0.011140823500111325	0.04224264042516233	0.254560766041852	728.6106414291253
-3163.928324030133	0.9464755530848358	0.01628725730675628	0.015274806134214388	0.008811412123486278	0.4326615061324651	723.0464618027956
-2695.3952356524387	2.6518111173177745	0.06698085790840062	0.6904055338667552	1.7129049144536006	0.4863224357009729	402.45532390092507
-3131.479270976392	0.2944966295216214	0.0011311359732757876	0.001	0.07079576534487811	0.25519719674764885	750.3993180325041
-2413.2699122744007	2.3414869991166762	0.07320411317058263	0.3121860521399039	1.7342972243163932	0.24825729011185355	455.10217988089966
-3229.597219542274	0.4434422029637067	0.001380197232644499	0.0012262449739985717	0.08857319787868181	0.404699817566003	742.4921722502013
-3204.291420801738	0.5288838516578636	0.0022375889071360273	0.0018294463329822763	0.03289929377435574	0.39720128500230445	742.2030180743799
-3073.161605831969	0.6064483924950217	0.0032626512003288096	0.0029415008324355273	0.002738483360545689	0.29969361293241464	743.4113491143551
-2358.0174126248326	3.2453913851319456	0.0796850342774059	0.9568422961488857	1.4390411661100648	0.25319257021082114	340.63674475663544
-2768.7002064733592	2.066785677332573	0.055406898401875924	0.05629576977525405	0.06272775991334276	0.271833601177911	574.9763070957142
-2590.666293063691	2.064090669524466	0.0630694216985406	0.09253141632619431	0.8454034059551062	0.27550990395085706	543.5801403440387
-2432.1539378844786	3.162881082563432	0.08989837682165593	0.2964338313824643	1.1866431159212663	0.27831776284310994	390.4302538356506
-2524.7337680716337	2.981531030391951	0.08421665673419632	0.16119224162624304	0.8098402062359193	0.2622992647561248	440.49308987571413
-2871.3181146075362	1.3503211860082283	0.026581524282531546	0.024868040268515374	0.05655465953827032	0.252665173640751	674.5416086066984
-3018.642707546656	0.8049657644424006	0.010667738933773104	0.010127288648838738	0.07159087841606851	0.2912613692338656	738.768730330353
-2963.5089247928363	0.942194190592705	0.022194744616694507	0.022608274947712448	0.345640676108771	0.22253494095835738	721.1844711627613
-2735.7769244647097	2.1328271563312122	0.06324614889579203	0.0695923432425621	0.13389619224161056	0.26596374991015265	554.6309575910028
-2791.5858905421483	1.8174559476460403	0.04976870028671688	0.05535561706832172	0.05917001312484821	0.2626233752887521	595.2818702627197
-2876.456753375916	1.2986343433834733	0.02945259428670679	0.02903521598002374	0.1286888927959921	0.30784305758733493	673.9032196000451
-3089.1480264258084	0.6351423692963017	0.006406604990179915	0.006102833259563041	0.22540855778794766	0.3279306547567469	751.6054925068489
-3011.5688966105836	0.8223209338584144	0.011495574757837468	0.010773383480740174	0.030958172252037817	0.2559555095968564	737.037162361093
-2359.830795124135	2.877851232811809	0.06717201211802958	0.6454550460432287	1.7729135270749499	0.263954449861182	388.7970779542922
-3122.0184736317797	0.6383403677109465	0.003076089673621101	0.0027655062300412057	0.14246802164238764	0.3614568500868057	740.7707174875652
-3118.2443422280753	0.4566690428876228	0.0016911658529824025	0.001509061563802232	0.058721602080691195	0.32324044927343143	744.3921530200945
-2363.178362862369	3.535361651864206	0.09867642466824768	1.0133931277443624	1.1325666514620236	0.2669370974871032	309.1027414302214
-2934.466253965131	3.5237790333763632	0.10125860962817126	0.1450915816482169	0.4049143484934706	0.48383830489580065	419.41858158091816
-3098.2027354801467	0.432886620139094	0.0012727718462233633	0.0011302400387651734	0.037313228790220795	0.2620399980689035	742.0896600157108
-2469.327519380744	2.150607136309651	0.07610669806381862	0.23363575405131573	1.2879954792558208	0.291431443397381	480.18031389243407
-2881.0597465865158	1.260856871034602	0.038236158065710124	0.036130964449134224	0.10752177542713125	0.239840243147164	668.2547693302796
-2437.7455025309337	3.2263719084169997	0.10873173646358765	0.39584818468851213	0.8392020623324951	0.2817591283181621	361.0080880032716
-2389.9049197293566	2.644926632107606	0.06649108021190049	0.35716514147402867	1.7219869305462272	0.2699666102579041	426.72291816585374
-3033.811919290845	0.8080051167493282	0.008018900286850874	0.007460858052126035	0.20191842571890586	0.3249642898505143	736.9791410323156
-2805.089868454688	1.5827783997505238	0.049277825469551166	0.05214733869794848	0.12188715907417376	0.29241634018123036	618.4023337829792
-2384.022938370295	2.82460650439818	0.08625831389409311	0.5111586464340463	1.288210623487717	0.2681172708356404	383.72482532397686
-2600.5835251332287	2.831325561878175	0.10455508502355841	0.16351870841618454	0.3728852618658347	0.25505255690576356	440.37248481754517
-2502.64462569174	3.416146495228692	0.14203443980141695	0.34992977839659883	0.5737985796866253	0.30740970493555064	350.98799626836296
-2527.124757635671	3.710258242185691	0.1568342871284146	0.3493599211225332	0.45697263636421576	0.2854240489563217	335.47951324898753
-2837.5808073100734	1.5418308283944553	0.042929820777966955	0.041865773560582804	0.023373204413780803	0.28583920057355405	633.7745121416308
-3017.1947086848104	0.7836479385732878	0.009117807872045027	0.00857534178529468	0.15284472162062135	0.2565093864313844	740.0039369750078
-2758.1326677539037	2.7034719661457793	0.07748718268680779	0.19958659674897833	1.058647717294601	0.4700269150841596	444.5009665627011
-2364.459470068413	3.0175493950915397	0.08131087639195586	0.6944247555927257	1.4101539223999264	0.2675283534429366	362.887692840059
-2910.451473525073	1.2406344972333814	0.016171903364809993	0.015493024290232919	0.025086338317725995	0.24955117953926614	697.8508167768135
-2761.4532981693656	2.487745367389999	0.040181623265409964	0.0414824927957461	0.1379345440062248	0.23419873179889217	579.554368093795
-2500.9644435081364	3.444216347728757	0.11262265435873423	0.26157564623156837	0.6859702627294084	0.2718915113254697	375.6751235943876
-2420.223602982705	3.8739408238789146	0.13556406578494684	0.5800598062402385	0.7792390296616627	0.26324655076962317	304.63044954663235
-3033.381452122041	0.7705486561731957	0.005500981785178622	0.005002609942440849	0.06605709360899413	0.29840678466490067	737.4508359665992
-2706.5016981158583	2.317688640832546	0.07208209916725902	0.0862104051090045	0.21411052674504807	0.3105422109787687	525.6226632916221
-2512.6485873740403	2.4616271273013894	0.07807096912055221	0.15719164875997355	0.9543620160095747	0.2571185904861256	475.66889356432654
-2536.872420619082	2.926219759779983	0.0971106379925244	0.16020645866633373	1.0613808070117583	0.3152577805156567	442.59503047019246
-3078.1915264992826	0.6459080395875945	0.0043631536824062745	0.003965717626179204	0.1337799313456404	0.32339039625867033	744.2539106036922
-2446.4190159260265	2.566236228234969	0.10266734356879255	0.34914985422873024	0.9634217563876611	0.25553668410213476	412.1293612311609
-2546.4767713239376	3.7300900925062352	0.12444671032490569	0.23703134292956082	0.5429626132695705	0.2787705690592055	368.28718681171523
-2962.0381422974788	1.0210994287965114	0.016351489680295362	0.01623662850342834	0.09852582434204735	0.3122501968531929	715.4455019757248
-3022.860623981056	0.8173583465814334	0.009161786510201286	0.008432394607722493	0.001	0.30364900393440286	736.5095905581786
-2681.6359201777627	1.6409039408135035	0.10615797157170005	0.18515175800999126	0.4998523077535889	0.2766778628794446	532.5807547221209
-2368.9126755209068	2.3735596435609443	0.04673319353693825	0.42991146836682737	2.5654367352415512	0.26883635375366643	469.4793741858971
-3103.391726925681	0.4020307011890505	0.0011284110965720713	0.001	0.14700955773053406	0.27324276121525337	742.3281265717545
-2541.620337384689	2.8431594340311452	0.09202168798175046	0.15990825929893482	0.6634287023924286	0.27237749369998393	445.73833372236135
-3131.8794008909467	0.30119129800958666	0.0011274576942534621	0.001	0.10777704587329737	0.24475355565320991	749.7514407110007
-3053.12507527542	0.804421637141183	0.0031279828143164403	0.002810740218353846	0.05500808720424314	0.3174726920894401	733.0364554227718
-2354.6075613040666	3.0668215652698887	0.08181506653620096	1.162152616904586	1.444960074660502	0.2665763757179097	346.63941299558905
-2748.6994615699364	2.2498365406608594	0.0652299410661021	0.06875373472224079	0.08564631485436822	0.2787437937375217	547.3844141934898
-2731.527004599965	2.092596538058399	0.07665011033767424	0.09012856884732574	0.14430083233713745	0.29097793483863116	536.4209238102196
-2393.499843369941	3.286612588188322	0.0714452820569323	0.4032780262867842	1.649229170869436	0.26809020580735143	377.98852482913486
-2578.269819740192	3.5993583163915512	0.1302591181020673	0.2568064829965401	0.37459905435498436	0.26121382510159113	365.12496637888677
-2859.683763111335	1.371884628314879	0.03585013945834115	0.03775438426723165	0.12717272607119715	0.314136618128244	656.5520055817724
-3046.1853933762777	0.6854070753868011	0.004785370172879329	0.004401072671465102	0.20708804923852459	0.287001913427748	742.5178080283774
-2931.944600718593	1.19636589590047	0.04713779501573677	0.03931188100327585	0.7530177833856725	0.36816067498275895	670.754848395557
-2687.258195877737	2.2452995278491428	0.10309069170387661	0.1378815047131961	0.20138611212711946	0.28008218850025063	489.7245597512228
-2989.5308658609506	0.9452757483581457	0.008000926087721082	0.0075379566675156506	0.02280144725945131	0.29213988535715374	726.8389631016558
-3058.556846708908	0.6417805136266422	0.0039541773474259705	0.0035854457275006687	0.04574544646178371	0.24966807509967953	743.3372480572096
-2782.513242832987	2.257939884815306	0.0446289166541781	0.04194827805749953	0.042516022147845514	0.29473669247884926	587.1707587412225
-2688.579854146901	2.5461288372711106	0.06409953264342086	0.07526640797017334	0.28925090653272256	0.23407515105700832	525.165105518918
-2665.264085553756	3.363395284675708	0.12895174126501774	0.1778290944792568	0.1948124538450246	0.2704638887358601	402.9493492549609
-2715.7733241081864	2.8328654189201905	0.08258580679798322	0.10282872204974812	0.12479328729758757	0.2716484484862547	480.7316804259598
-2474.8022966356125	2.5854486219679953	0.07365709580205726	0.2163374790104137	1.1079138546493985	0.29591962623346574	448.5277006095654
-3105.121077486408	0.4077757801463556	0.0016825091950447184	0.0014992092206123886	0.14454044886367268	0.26838935717234014	747.7470101395063
-3159.853953822911	0.5256168550566461	0.001990272568974503	0.001730890155463721	0.011666087221579228	0.17493378279861138	741.9465185856076
-2565.857436879466	3.4412780339824316	0.11778197168319704	0.1970057280000205	0.6751609011867306	0.328186869333469	396.2089698842134
-2380.7108650886107	3.105619952489988	0.08428311871743012	0.5064547927706176	1.3348387800436994	0.2622835181670319	367.9016731086999
-2674.681900529985	3.1275675935181604	0.0773827834904424	0.09613810459934945	0.2656750171058788	0.25763933608366135	475.0356436199382
-2768.1676410707587	1.8430701487723953	0.040371260190102565	0.042176531957752186	0.17270309801688202	0.2617666243611195	611.8657624001239
-2475.650391296882	2.6543445672931343	0.05856889667428621	0.17424844951075932	1.3893504473580716	0.27448484852589616	464.9855256262456
-3078.1260627486763	0.5658485163970337	0.002500652931958107	0.00222741923657473	0.05491502004383864	0.2927620442979397	742.6441733804363
-2500.535558044715	3.0489307087647566	0.07342467460999505	0.15657058576525582	1.155528026828662	0.2743827128134889	444.30733285093066
-2553.061921366395	2.893344404186601	0.13977383874491497	0.2685279421582165	0.4246816344016751	0.2638479043686525	394.6194916209374
-2632.936464784904	2.440932894837142	0.06887181737483158	0.09196528257594944	0.434583162598959	0.26617006612689326	515.0535562957384
-3078.2742931872986	0.5426739802529896	0.0032133403514679392	0.0029079213290113507	0.1635545536492736	0.2656911817987185	747.9931312844408
-3057.1090309324036	0.638134766121002	0.0037132255358977052	0.0034154984337291167	0.061959792300072196	0.2623611802888365	743.0993828023762
-2388.8461964552207	2.909858733391797	0.09838435002443542	0.5170095785659963	1.2151767216149731	0.27544325868958053	373.0609038130042
-2592.708172552349	2.5066973113346243	0.09263099517019328	0.14575751483105007	0.5530196528223061	0.22048258195396536	471.79581923903424
-2736.546476997041	1.613779092426252	0.08131670692323784	0.10389828388337667	0.3173105015900454	0.2915987627295086	571.6808467106819
-2481.139962755932	3.2754957195366226	0.1523814309780599	0.452316429087279	0.5558087989052486	0.28762267781943124	339.63331600029915
-2595.049000697075	1.8676341392679554	0.0752404292677076	0.12289944253194868	0.7609511708678471	0.26927465618238716	539.6358524432164
-2487.01950010083	2.7849082261673357	0.13136132545787652	0.3547481728378319	0.6425650593930301	0.2665291354104333	386.41126614704143
-3098.2292694388484	0.5097784774717914	0.0023322367956152795	0.0021104644878332745	0.07374326578609257	0.30915033127323255	745.6155375342961
-3168.9072505203094	0.384734444726421	0.0028153585906641313	0.002567830466685787	0.23651283891477243	0.33696719487848975	761.8639328610819
-2397.1735816875334	4.485916626296857	0.11178228773810821	0.8494186344370841	0.9144535071526253	0.28261631180315566	270.5125653337904
-3135.009926007298	0.2901007600494859	0.0011299000175683032	0.001	0.10643068376244977	0.2863454167709155	750.8535157870749
-2910.0437067045937	1.122540444662438	0.02028239051163345	0.020838843979640732	0.1613401270280962	0.2640882638427548	701.5306281456706
-3096.8333709053245	0.7529162482062224	0.00662106691019998	0.006083432967141849	0.07495960584794528	0.36444248957850434	740.1553644029162
-2983.4366450363473	0.9123467316278449	0.010731210873272265	0.010016686691899831	0.08388391830937218	0.2554074529727427	728.4512620128386
-2533.6148126640433	2.7619467221491028	0.14070598707611043	0.2921773586432158	0.494627854815012	0.26852907560811534	397.11739762613047
-2777.8579974624727	2.144306365948583	0.07252813628446383	0.07244520060245649	0.028568902073204148	0.2698631044312744	548.1661223031269
-2489.2635733671277	3.4112354809253422	0.1432810016409015	0.3321261549633093	0.6271745784404673	0.2687464141598179	355.0375238480796
-2417.5947422911368	1.9829602578044563	0.05998581685075864	0.429756805144868	1.7551008491664384	0.27967576238873393	486.41393484709374
-2674.874310858863	2.587842371751428	0.1060889601424259	0.14221464562712868	0.21172217943009167	0.23643072278067132	463.8312503678748
-2492.1426576774866	2.3750511188887042	0.06912211968789965	0.15534551993025184	1.276075136594157	0.25027305994410887	487.46760993814786
-3079.376104169876	0.587935465088399	0.0011847732219767261	0.001057019277778103	0.028207661591449062	0.26589771769365816	735.3755409629779
-2420.818869862855	4.10793631992698	0.11673669103436045	0.5482092318063936	0.8836468480746751	0.2671696994676449	303.451459382851
-3061.142891223852	0.6256009673377119	0.0025996341284489142	0.002322263515925639	0.1410084443598416	0.270528291373041	739.7777385739813
-2445.9968676842263	3.509732021671031	0.13546313368930896	0.49549133764348363	0.6665757240460282	0.27542782300650903	327.0831671933386
-3072.1580268121556	0.6955403593165652	0.004897829500149836	0.004484573357406488	0.10919908559780175	0.32995705264814884	741.9061013374977
-3291.374497521868	0.6060154308723684	0.0032882330583063816	0.0029687694394377874	0.10664460483140605	0.44926139035201884	743.5778347043512
-2395.0698543035824	3.495591317890652	0.0918213221645167	0.4779864998556225	1.2268015234240288	0.272056725659765	346.4640120741701
-2852.2109148058726	1.4235667469703297	0.02773794133910113	0.02885916217734187	0.07265606917354697	0.27508917152352624	663.8566969741621
-2453.1175473384264	3.43219534635815	0.1768053794380727	0.5636761289253811	0.6641779785058756	0.275014913938958	317.40124386078594
-2471.677566293051	3.1040602366230123	0.1319187551799265	0.4593260188168629	0.6145230510281189	0.2545721942253932	351.56113197894683
-2556.8495510164985	2.428691820366617	0.08281571312140704	0.14936082672454765	0.6439905376151769	0.2642685469117857	478.2373331697684
-2886.72099495593	1.2001688631783523	0.04024304534708334	0.04184639421143908	0.1242658534678342	0.27143595365985446	671.2776168879568
-2977.6034371259516	0.9463510859053044	0.016835828673239784	0.01586161055276526	0.023636978420514886	0.28973406517871725	722.8168790609216
-3070.085004781271	0.6506182800872294	0.005601897146866367	0.005110114050013808	0.02087399311333487	0.3079826451432646	747.0902961883572
-2479.291971398064	2.28363645100178	0.07196950286718885	0.17762191911677863	1.2862743689630698	0.27275146902904257	485.4032083538551
-2667.2230994842193	2.2029417377511678	0.12570375239936843	0.19496386937630203	0.26325204831620563	0.24954291624216032	465.14280035419216
-2958.743875802912	0.9903179793413583	0.018523645768519895	0.016703830424371714	0.12050108646562047	0.2426344411795824	717.1898140232905
-2395.8913779951986	3.485462638918699	0.09727395826098376	0.48411962947962645	1.1779367286562483	0.27063513321217025	344.27873590162125
-3103.686891694343	0.4965880889242464	0.0017767895499302957	0.0015888164600599852	0.09520935316185163	0.22106487605311193	742.661638744792
-2821.2411630678466	1.649002534368758	0.04920337021214258	0.049201123547970266	0.05741789064900888	0.23145689013961926	615.0851845607589
-2647.2582235401283	2.4089817818483588	0.09083907773908512	0.1379640426429843	0.30649780682304334	0.2405210464717167	481.42343366397535
-3115.1162377504716	0.5058098855346901	0.0016728568873197874	0.0014868514506481134	0.07535085641182063	0.33034933247824305	741.371707501793
-2757.3759117625987	1.7751082864819785	0.04232636564844747	0.0523745137843051	0.7491205305787985	0.372160072505534	606.0127173585795
-3004.0234194849354	0.9071793914972872	0.010309664972877212	0.009707135469307354	0.07049304410902206	0.21942174789581953	729.0185972645826
-2731.9362409844025	2.085642317335961	0.08538183618974061	0.09929282645758801	0.13756838799924445	0.2549808422006725	528.126074002247
-2848.1433248329845	1.207550122161244	0.052673219795589275	0.05888193514043435	0.3497404436375546	0.2979296441900169	657.1781304022107
-2365.375053191658	3.031866676736766	0.08051301942324025	0.6561409764332619	1.4403411298593893	0.2682793616328907	365.00987352871965
-2560.4094651968926	2.8501049168696495	0.09608065369539658	0.20968626200095197	0.5873809562278288	0.21836617508755604	423.993811871376
-2889.684028568314	1.3426344484700146	0.028037699007391344	0.02698662657496616	0.005169315774413854	0.22712034981811952	672.2982426064652
-3105.0542763330277	0.4132453727802989	0.0014856347055391694	0.001319036999862435	0.05011630044166076	0.24925322704239603	745.3306387179235
-2654.3198150672715	3.351431076102281	0.10842679578058498	0.3069894755546941	0.7730239338970216	0.43071006788068833	370.3067871825277
-2513.398690295483	3.062607352091611	0.10654503444797257	0.22669815213340178	0.6481890055751047	0.27408802916596386	405.08533095361906
-2690.09686465168	1.8035212996077037	0.0662137286373444	0.08492998823973288	0.3810857844373745	0.26077734192460494	567.9239513559465
-2376.964585427243	3.810249235311406	0.10103166798860228	0.8296174227656637	1.0242769637567715	0.2645105336222674	300.6571242593396
-2985.8641066584096	0.9269643475915268	0.0109100130763772	0.00954914656529519	0.0914952903585325	0.24304181195801478	726.9064410550791
-2583.1656783024364	2.7873814412759343	0.11329366994967761	0.20152399488213238	0.3900818307613285	0.2851467341489611	425.6725604899863
-3055.7389035583456	0.6526144629098085	0.0048612853892263394	0.004477972698148342	0.5091849191062542	0.23207579759071273	745.3873437816205
-2776.3541877506714	1.9964061572542677	0.04801016000330241	0.05303776204464628	0.1946006142014845	0.3382107460706053	585.9881523943766
-2391.6937236795998	3.7461343940657787	0.12716696549822817	0.7575668885137774	0.848794917818965	0.2759916710733877	298.8542445835507
-2756.0303401702945	2.4130169037449885	0.05929824331691002	0.06011274254075677	0.06102800059402086	0.27103644583753916	549.6741443483876
-2370.5438406335816	3.027573079199244	0.08264070428224947	0.6092438910154812	1.3604299651468676	0.26911393788901716	365.5961407643671
-2680.6133158222624	2.5528976782186725	0.06900598521206805	0.08544369218181828	0.25239193847724567	0.2848595503211993	513.5834587687851
-2520.01505000024	2.274228083348946	0.10791702371595842	0.30612221570659964	0.7055205835778058	0.2910516600884342	438.8405892568073
-2588.023945631813	2.698592841668235	0.1055410703202734	0.15898837318333078	0.4426368384002019	0.24890906695065748	450.16174714895686
-2908.2017468285735	1.2368301233546122	0.019506284981411402	0.01827409986285838	0.1848853891756493	0.2194079462758821	693.7903607707399
-3024.2430251728147	0.7622208811152197	0.00791956132324335	0.0072548941940252494	0.11034142336495388	0.2623963545857637	740.681664953138
-2653.7424337903717	1.7305985961949029	0.08531188491047761	0.14196390004421536	0.5214811014711914	0.2808136260549853	541.9212331635853
-3269.0129033507037	0.9525632147900935	0.018789007450719986	0.017975121616109445	0.06079485187648471	0.4777061598235426	721.1910776720417
-3207.795570729899	0.49678895449459276	0.011586368378282946	0.01111400601666323	0.14941186582355984	0.3036935266101936	790.514163673621
-2393.730324874209	2.534143151534734	0.07312917983281797	0.40916432614179127	1.9475475719467936	0.2935514886544944	431.2746555480653
-2703.8015399541664	2.0215313304903715	0.079774351780314	0.10207826232826586	0.3440878953910524	0.34025401888828205	533.7134594930989
-2608.7793119579837	2.9316800389903475	0.08453592317018231	0.12175433848783854	0.43555548168411745	0.274174593131783	462.97465388230785
-2351.5349423950775	2.47569938283126	0.053873708544913385	0.7850121502380838	2.247782408969775	0.2592699360420204	440.3154979307319
-2780.4222167874464	2.1432531698774544	0.04717350961889901	0.04808281757852926	0.028415410004259786	0.257332608981621	583.207585273254
-3060.3476296399335	0.6215020538074911	0.003597318161356812	0.003236183679288432	0.10756942651499823	0.272866980256592	743.5400124409314
-2674.7007037020744	2.6146961357613283	0.0891407004723715	0.11072032280301317	0.21341488919598725	0.26428154045177016	485.04276421677974
-2786.787928697584	2.1937951600064425	0.04388307214796935	0.03993128140242283	0.08300303535897173	0.23043673618493063	593.7940549015468
-2835.536080731642	1.5689421185721646	0.04284584045106904	0.04222530567579046	0.007242312206107393	0.2730960956335553	631.0945260372217
-2584.1476330849623	2.6046000752995573	0.11091777462911416	0.1823681179711291	0.4118996936750766	0.27177224291265767	444.62003884642513
-2668.1276989956386	3.257690440468395	0.13376828997543067	0.3247250262845555	0.552311059854267	0.4230874511479054	364.513880528118
-2495.0585906609112	2.3791665992115867	0.07697170830081514	0.1701063779490738	1.0815377434523081	0.27369240655053384	477.5856589151224
-2928.7544497980593	1.126713257984423	0.019707004843782877	0.019435345945163746	0.0042664925381399425	0.2850892586343451	702.0329552900761
-3068.868729998145	0.6745971086664825	0.003788934460966859	0.0033794546642497768	0.019016492047831172	0.2194915121915079	740.4680597319993
-2396.2186803207583	2.7973842428204563	0.07754846720984447	0.3926223005013598	1.3651422901865466	0.2594617472146104	401.9438797184515
-3093.439992452222	0.5506447391974805	0.002002336309031565	0.0017718889003955917	0.00679094003724001	0.3132478484928396	740.91912797373
-2712.461435400741	2.3371014911789523	0.08324102893816335	0.09446983570533395	0.14840629713868678	0.2751893921379665	514.6410174951828
-3090.0885973768122	0.4963104866144244	0.002126669914242372	0.0018820072466193337	0.1963860335499313	0.28983335913670666	744.8553431742257
-2639.4244270971767	2.5944768794373143	0.10370649016094698	0.1411290012367949	0.27958690435575023	0.2769246543844065	464.81121755095904
-2738.1980519345057	2.1368772456317093	0.050084490011136316	0.054118552853256265	0.17583024108494205	0.28657029052224303	575.2474067365705
-2544.838245065463	3.4369426642761116	0.09573057244479181	0.17773635059907733	0.6913289868487913	0.28766113576343005	408.6423733460131
-2784.701136937899	1.9140889070899687	0.04733207868544355	0.04976164871794105	0.06239881580323692	0.2488951250520218	595.1626958040139
-3058.9019277320303	0.6461055112529543	0.0025949632736507523	0.002359088527564919	0.2500106342705216	0.2839717588438805	738.9583284899625
-2754.335478774261	2.0274483712804994	0.06582542513850682	0.07062024270571092	0.09844148211794068	0.2722245359614153	560.0144213810826
-3100.571801050008	0.4136847474812211	0.0011266878318084705	0.001	0.2713697124262024	0.2628556566581214	741.7039226745417
-2371.78312781422	3.6058749085790507	0.10668970021092776	0.8540828144800814	1.0427884360356279	0.2729313621819707	307.8719485829053
-2690.4072008076905	2.544404445524428	0.0859183108659494	0.10514436767719784	0.2420347244828477	0.32300106165299003	493.8589045472647
-3054.5063937679784	0.6594626763564094	0.004619923571884288	0.0042073363343753745	0.07307982026105932	0.2481787422407951	743.9068907781516
-2497.0327135537304	3.1362350577998273	0.10558887925620686	0.2425008159774063	0.7433811709785487	0.29242515061227076	397.4519238793018
-2753.9731924969237	2.838426546868641	0.051590841126817076	0.05271930658232835	0.08491871494113033	0.28258922563681477	543.7624177874458
-2369.411659896673	3.465974813063752	0.09704153130540036	0.7689286645900022	1.2095380859801013	0.2580526724916528	324.8860907579432
-2791.370702829142	1.5585694761734883	0.03151320716458289	0.0341821525971775	0.2939899857605572	0.2675724075930776	645.8166796198902
-3083.5248481034396	0.5664813800797046	0.001139753628160792	0.0010088360548876109	0.16199916966184877	0.25126461425818863	735.7120801764762
-3069.786145960637	0.5824555492687502	0.0029614468351413636	0.002667411005217075	0.009851085752844324	0.2634310577772882	743.8114503312075
-2760.9973221082846	1.9638618801506516	0.033225636443147445	0.03499982636957763	0.24755806969672448	0.2700341608540319	617.6330716331686
-2643.7704720056227	2.883802149821653	0.09696007889091852	0.15468754044970742	0.26744854440313126	0.25666726027776393	442.83253823763096
-2692.1730424467705	2.036876521732866	0.05881450429685563	0.06079804076373592	0.4365644807037261	0.2755338334066486	571.8914619572879
-2714.5165984245314	2.1049001001459784	0.07584282186516028	0.08132408461904207	0.21513290937702148	0.24467787787158485	542.7263646547339
-2691.712126007175	2.500884585395039	0.06978296429063191	0.0819485784146799	0.21623793509118594	0.2630375778943395	519.2810287023012
-2613.2953267979415	2.622685723983997	0.1065110855869235	0.19224420652309582	0.3335278523371886	0.2552940707498484	440.18191993722314
-2873.515871810153	3.310460006978211	0.08461844911173941	0.08706412802784397	0.09601439919198726	0.40367252371465295	474.75526505222865
-2394.390975692464	2.7939316766424303	0.07747530338238301	0.37916795345448223	1.4372896909234112	0.2699870305220335	405.13123920530285
-2611.2946542104028	3.6723742010464626	0.12126941251611115	0.18662053894466024	0.3644174912507659	0.2851115387018775	388.9271942212144
-2981.071370446474	0.9033870250629551	0.01608139098173725	0.015348906060057335	0.1144996594055837	0.2572807982845068	728.0646397617099
-2616.052126982947	2.483171882485455	0.07436577347537138	0.10289983008553302	0.4960930308725494	0.29458712976117163	502.98345859749713
-3102.389274761812	0.413214165184981	0.0011728631935760138	0.0010396825591441274	0.13044113041845523	0.25384782562361935	742.1748026440631
-2987.144940764269	0.8902205955347069	0.019700951695153696	0.01940858283537818	0.12902237001640146	0.26064509784955675	728.8952916697854
-2972.004998578181	0.9190439843544804	0.0175825095748004	0.01734211452214777	0.15884472032585623	0.2695161058681117	725.9206331765135
-2421.517498206278	3.3075525279212425	0.11769761650718581	0.40773992155815164	1.1488895089729017	0.27564612624027723	357.73285262553674
-3115.406682979188	0.7264132556098085	0.014136347325830773	0.013430414403822807	0.0015435507358751894	0.35461360277680537	750.8329281506393
-2743.2189962275497	2.5899986188443784	0.083279976413245	0.09165678438243673	0.0700978423538309	0.26396533057998794	501.95199395883714
-2386.709271651795	3.2922129595703735	0.09623115296943717	0.5643166894130087	1.0953321679072714	0.2698133225218615	344.91106348458874
-2764.49479917851	2.3354881348261696	0.06025784909878799	0.06298737743771411	0.04129593861316585	0.2750388036579786	550.0274039635374
-2542.125947407253	3.0182779020702286	0.14019165018653357	0.3026591547670826	0.43601065156134466	0.28673828578763305	379.5217227069673
-2668.987438958932	2.442802742792698	0.1339719858107313	0.20283524263946007	0.21098447038987034	0.25895820227277055	442.2304283310911
-2435.5902696998987	3.4956302913427417	0.1271078333826022	0.5004260658716396	0.7214175828374125	0.27474564981849564	329.2240873380759
-2636.211108956346	2.0297689367028617	0.11383259191342267	0.19427183218497313	0.38975810397111366	0.26599351945323224	484.1534891920783
-2683.7536179293356	2.68603169138387	0.08417944238558546	0.10019058564475111	0.2106860266816153	0.25007848847472736	490.1505476017577
-2592.031575610627	2.1824334086299344	0.09354627654630242	0.1508002985922235	0.5181221698810007	0.26344550905131475	492.5328238139368
-2369.4788934704234	2.766006447660849	0.06395640792527835	0.4851393086656818	1.8486363456791943	0.26482293410128077	408.8236676606421
-2356.8614968329493	3.5589066081536047	0.09706960777798704	1.3367928797063822	1.2006043639930366	0.26861770483314806	302.67018113693075
-2829.0818250784773	1.3872748899363259	0.04751359800424806	0.049552412543861814	0.17765938841446446	0.28997174157458205	641.065487017474
-2376.7224684695425	3.1754248913403336	0.07931319990368406	0.5263037405295566	1.4448443569008282	0.2777632037483152	365.68208099692725
-3072.7355455256325	0.5840546926812379	0.0029957241905909137	0.0027436151596165023	0.26267850623240896	0.2945834293489106	744.1677562867687
-2542.3479310464904	2.637422045680584	0.0831223287390932	0.13799775104271755	0.771313120119344	0.27628042848434287	471.1560156251901
-2581.718224757892	3.135960515326439	0.0882833789218622	0.15198736123389003	0.5026305011166298	0.2747366502238939	434.78798994480894
-2530.326696123986	2.242043244988301	0.07783995514092372	0.15325233107486527	0.8935929212437745	0.2832738573682596	493.2315803299093
-2710.391181532627	1.8124885506101618	0.053527425049852854	0.0701653153139799	0.3396004317940654	0.2668315957753726	581.9910006341715
-3106.6581629686234	0.7247897146472314	0.00439838566022781	0.004014369606252872	0.14508016884901864	0.1792981319481292	738.9383253528442
-2578.846626227441	2.951467206465628	0.08062641680907656	0.12402602105866196	0.59745914715937	0.26456602379964733	462.19129362046397
-2777.204682435128	1.9944483716783719	0.04331763707584438	0.04426564599255813	0.07433784027790459	0.2587523583975819	598.3384943978124
-2988.8446632356477	0.847604853028035	0.015501774038961542	0.015264154343442438	0.31026678707769745	0.25280297551338043	735.3363784534087
-2446.1554342706168	3.870127014816274	0.1141126468717726	0.41367621225586004	0.8479699295264628	0.2840245650880339	328.6619643149582
-2438.181326389187	2.7248919096033974	0.10018307276613735	0.33555929368133813	0.9817044119370747	0.2739012207928653	404.04973949797306
-2839.0755067345654	1.5843669710656894	0.025232261593345014	0.02427914283174606	0.0607007316035985	0.27308380133789195	659.3844691280384
-3272.25668343435	0.3154384861058663	0.0010868401954057846	0.001	0.13501956888130373	0.41235669445170525	748.5365409068653
-2527.550091099654	2.7054961548669096	0.12368747153574607	0.2697746797777306	0.538885993512941	0.26574232936494396	409.47745481657347
-2497.1272122572036	2.8721004113145465	0.0832512808291292	0.17421680643787615	1.0721990487720936	0.2980155938727587	442.6572456933123
-2518.174549236653	3.0201340686190816	0.1412024693381764	0.3096891329410257	0.51810285015386	0.2877770793195288	378.4058206434523
-3160.9717332649866	0.36434697089796375	0.002330050032454962	0.002167173600268845	0.16610313667732546	0.2102817747189771	760.1052227324765
-2508.5491058046673	4.870280741354754	0.17141924452000054	0.5673965468640868	0.4979170442908599	0.30468058678128324	265.77619558768106
-3091.8706359320104	0.5036873356792064	0.0017476272899181456	0.0015592691068167278	0.09351801640912004	0.2965784811210518	742.0360847531923
-2818.398464738636	1.6598491792323486	0.04365900403139677	0.04316443107739722	0.04515509380269872	0.2426658376021398	622.4261404042226
-2990.7068443653934	0.8590722980786882	0.010719479813168382	0.010273365946510519	0.20820744801090196	0.2650151684958379	733.5170044657574
-2668.3029252558786	2.1538893647235966	0.07905399659059438	0.09872883582719832	0.3040156077579664	0.2677049432207807	525.7063074649192
-2352.519819393037	2.614993625429344	0.060031491840025784	0.8131802189489374	1.9929800329674916	0.26148886162760565	414.7511326412927
-3134.6838009801113	0.2856587214297331	0.0011295833605982166	0.001	0.13048742035253363	0.2789775716023459	751.3222677333083
-2385.027256115938	3.7866939086194287	0.09619108980447619	0.6526604310745109	1.1403379705045944	0.279143408236682	315.6607815465609
-3026.959218538345	0.7786050253335153	0.006438146946657115	0.0058992567567333655	0.03501240815274539	0.28978269956170893	737.9033646055058
-2459.1340399314768	3.7716914952898084	0.13312733729108847	0.41334875274142907	0.7072732473574384	0.2753623707630023	327.87655320923363
-2740.67880438827	2.32162836489655	0.07979757189771258	0.08578312589360829	0.11862473183001047	0.23106146274535416	523.3550981129977
-2386.4918557523756	4.3864548777757095	0.10140528647437984	0.8898351447065866	1.1168966684446546	0.2678052318649588	278.5580975146436
-3054.858070458267	0.6905604227199363	0.005955835307026086	0.00543992970151379	0.024151889498506607	0.23358590835334292	744.2993623557371
-3037.846487105961	0.709148177865213	0.005718949985246051	0.005154048984510107	0.236755309450926	0.28189179571031764	742.1870102624086
-3103.31698243609	0.5638182073434732	0.0027623293377816924	0.002492727843526004	0.2146039018173385	0.20623621165984427	744.23192872543
-2499.3792230669255	2.7861495620599595	0.05402094561406326	0.1268905694379874	1.5650862562564565	0.27211323096746975	481.92583898471753
-2849.115820270564	1.7018321639278078	0.020566507983115788	0.019118533007805652	0.0012287018742801752	0.2647960887884452	663.9355490586435
-2439.8281419704317	4.026907158115972	0.09416268246764371	0.4138136414618774	1.042187731992966	0.2782025751629723	328.82626655407336
-2452.3190152655948	2.868760229084613	0.08937135550786743	0.25798015751472453	1.0430584418375335	0.2768172254320371	414.2972807012271
-2779.9190603631923	1.5454428444592685	0.042124878893785356	0.05009457559659715	0.25766333729027247	0.2603690304668267	626.8394440182467
-2363.612729360784	2.7687693859712112	0.06671492461597342	0.5977439714020987	1.70035941391123	0.26361949430320436	397.1885338406817
-2374.1980598231335	4.1226013479932195	0.12420290433628392	1.1365960659292764	0.9224688364536073	0.2530137970485098	269.7058472241251
-2777.417145339035	1.9995471999654502	0.039192431644395474	0.039789129703851255	0.09193247616572103	0.26003233280790916	605.830659481324
-2964.1874713613197	0.9141789642208229	0.028199126180470397	0.03379500244059431	0.4516086204012435	0.23031239549028898	723.4159346436403
-3259.6064080618876	1.249755998908561	0.01268000825455009	0.011888969996929212	0.16788225450412697	0.49461704634406584	703.2455073447283
-2512.9416087885934	2.5958039965128457	0.11289254324372815	0.23959623684936937	0.6670289263629984	0.2596996915109121	427.7742466018883
-3048.617782413138	0.6892350654914218	0.004894659053581835	0.004328851083427207	0.08494877047433817	0.2889396824684608	741.8454892936218
-3083.8902754038927	0.5554065429943082	0.0012254411856747964	0.00109387156645758	0.12443309277288798	0.28407619542516094	736.6038756219153
-2591.6096707593724	2.439581323118876	0.10379223167203738	0.16067938901990278	0.435630101087579	0.2729817659632929	466.15485390317446
-2452.3887118151065	3.0095117340420967	0.1237650324397413	0.4131339694638688	0.7368723080380263	0.2844379368895569	366.16440780862126
-2866.863717238147	1.449133260331008	0.03372895828643936	0.03198978021460398	0.011882622396153947	0.308097753242643	655.5759488014176
-2632.6645236863524	2.2489798104275174	0.09191209086679983	0.1295967045871415	0.36112755456910084	0.2656559705310464	497.1106911147433
-2635.2759029233935	2.009525800405083	0.09168499878271943	0.1505492079103399	0.4839842455028351	0.2241362644636575	507.8845367549072
-3155.1782317749276	0.35685668380175445	0.0011292232009977663	0.001	0.05083301216077881	0.19740484416100845	745.1580883894223
-3043.555133536721	0.6851038287967559	0.004791474553806356	0.004390553500689653	0.1760069856111968	0.26721744870419034	742.4891834625585
-2359.77744688081	3.025250739001886	0.08417378797812178	0.926093727460028	1.3798202075171129	0.2594389416809548	351.64161234640557
-3091.914286491163	0.49556535144701414	0.0023783577820139334	0.0021549336037797956	0.2161457315021359	0.24135020617512723	746.9732093198357
-2370.7063683728793	2.886603932106537	0.0765481215200726	0.5504399048255013	1.5085094771819312	0.270734433242677	383.85812149390136
-2666.367895237928	2.9100670745019155	0.06587890609670102	0.08664576568642594	0.3458143737416903	0.23877214949827802	496.1689909156877
-2792.2855647414826	1.8957995829221839	0.05266538324207965	0.05118050310943135	0.030947365728294457	0.2682038609519928	592.8639536844825
-2925.6355726588918	1.0527059509535586	0.022611917397122334	0.021933896732299483	0.19033753122979685	0.2814877704173062	707.1382412961466
-2867.1947573613143	1.3341828014954744	0.050505159343007144	0.045371059292440376	0.0939668306466744	0.27741772787011554	648.3672588198077
-3089.2609943268244	0.4907332633468638	0.0017334875682194204	0.0015468953135272334	0.016184139181940067	0.25257157714912787	742.655922717955
-3336.4313938939185	0.6385754589080288	0.0035646212804362597	0.003222810733534916	0.03759739621143991	0.469698490041996	742.3453919700586
-2668.4009400246487	2.828323651781331	0.1273651336212552	0.16472024899893403	0.18717394056264455	0.2650183876726745	434.6497863656929
-2401.16721624877	2.7826984249128572	0.06510057515516379	0.2993543143913319	1.837279577910905	0.2655436844262104	427.7861688802809
-3143.8795387313385	0.3640772577221228	0.0011288810494099095	0.001	0.05898302705751153	0.20526556650183708	744.6613244846142
-2511.2973004005653	2.335192279375834	0.08667686617586377	0.17812833716082357	0.9807828188368407	0.30134183137052006	474.5079882114781
-3112.5296920748997	0.3580466741666903	0.001128527552151436	0.001	0.046649211934064426	0.2691402824654426	745.0760612523609
-2774.0500038529176	1.5662088747760423	0.06376472487577084	0.07386871088892118	0.21621036377164782	0.25756302498937605	599.0847654955066
-2685.368115394938	2.2490121038524777	0.06550496875117007	0.07705127305877356	0.28544702300618335	0.28518643466395094	539.9733508825394
-2390.8555975556637	3.1069304707530914	0.07978344115687214	0.4606377358726758	1.2644766170962884	0.26965046748284455	372.1965674578468
-3030.673714134176	0.7551321386693902	0.005068275775538683	0.004612904722246398	0.04894613121658567	0.25832670956768944	737.9553477926096
-2577.7165859080537	2.652518779017485	0.13701196078971298	0.1976668594009718	0.4687036217415462	0.27417189327322383	430.98891534724004
-3395.157206132	0.3206204608585757	0.0011944025555535606	0.0010692057774793976	0.27719591351522677	0.10998677051882991	749.2027814971455
-2752.1388218805023	1.7247484602803147	0.0554345115010409	0.058275883292896326	0.23855181493514768	0.28125095344880724	598.427836125796
-3101.043740592787	0.478414524247457	0.0011651216687442506	0.001035620411292055	0.06621190827519446	0.3020155614894439	739.0058149610355
-2672.344462791866	3.3968845586854526	0.07276235416412204	0.09057131634750216	0.37913392784357863	0.2335886046972821	471.68434871941037
-2571.467202748167	2.766234804622075	0.07081311695166505	0.10378961366948954	0.8337863686147032	0.24778363481744187	489.13827294956917
-2395.9936522407424	3.0269046054187214	0.0756094399066429	0.37125699632696785	1.4706347304716825	0.26956027606760147	392.54484621858273
-2935.388338688355	1.0845767467842127	0.02494665036118274	0.02375591643090489	0.02888660671644482	0.2492068996532371	701.4533389775503
-2707.9630565682664	2.2606284055128807	0.10362011575608113	0.1323399934334756	0.16066672437402837	0.2896403820380096	491.10316681162686
-2571.445802158259	2.4385979169329217	0.10436959638980686	0.17745657003536702	0.5267204353004645	0.30002699767159774	459.74040965199424
-2643.055988499432	2.3776370660562427	0.12791041889290314	0.2732858469598166	0.5356886984900954	0.38457697464955537	430.95682400323926
-2359.077030182467	2.7307074527829194	0.06154496150500791	0.6177057802015983	1.9299680973668878	0.2617762538788283	407.3254853495077
-3123.082290595421	0.33288820747145326	0.0011273770881676363	0.001	0.1680955560454981	0.24228993333312743	746.9693459081187
-3027.2393742252198	0.7660685068124993	0.004808158892974268	0.004420937979978519	0.1237196757511093	0.26851198186139114	737.0641853802783
-3111.764505529258	0.5786790555781028	0.007996883162730327	0.0062849325698801995	0.08570627162111247	0.30316608330587835	757.5718574722647
-2537.1482383818143	2.906843775637373	0.10928137931539508	0.19068811124232643	0.619890105389346	0.2505911564865905	425.25095092991324
-3126.267181068293	0.3105408052831732	0.001129363170138088	0.001	0.001413453109812446	0.2562688232343655	748.8621712158536
-2561.962147190356	3.1928071447699846	0.10951678048868843	0.20058447028457335	0.5171327415564065	0.3087257679413435	406.2182645198819
-2540.785169097133	2.3145373420190625	0.06023255354714658	0.11110807970184741	1.1871429851390285	0.2358007116112142	515.9066114587995
-2362.878413902779	3.1257926341781004	0.08199489500918261	0.780349720809425	1.3690089085042223	0.2576358931282876	350.9128176202914
-2632.002890634606	3.638830124445929	0.10959524203092197	0.1560680453485666	0.3457702371353964	0.25710420760758085	407.09265287781363
-2827.189115123405	1.5373626503934625	0.03633840580921709	0.0350326097826054	0.07748895412392494	0.27385840338950573	644.0589900311513
-2605.963106260882	2.2606239311480203	0.07035740631284326	0.10406333545321798	0.5620199468587996	0.2784220323077503	517.9678020033216
-3106.104839734997	0.4404484626632626	0.0013052858883632538	0.0011596274781010122	0.016018008144391638	0.23311030008054645	741.9820320222697
-2403.5965727544612	3.0187901027848465	0.09856205866093845	0.43185450905971506	1.10418664203726	0.27303148756300955	373.481566415815
-2558.2721006340985	2.3948358017387488	0.08220472220810941	0.13485523118265877	0.6924206916168442	0.27540601554448607	488.0948609848186
-2921.2821854312697	1.112103898509638	0.02559282050932931	0.025055703658861728	0.05666964062280853	0.26368017886022704	697.517441249469
