# /groups/rgutenk/lnt/software/anaconda3/envs/donni/bin/dadi-cli InferDM --fs input_fs/fs_001 --model split_mig --grids 178 196 214 --lbounds 1e-3 1e-3 1e-3 1e-3 0 --ubounds 1.1e2 1.1e2 3 12 0.5 --output inference/fs_001 --optimizations 100000 --cpus 10 --check-convergence --delta-ll .001
# Log(likelihood)	nu1	nu2	T	m	misid	theta
-4421.985076165297	0.002424684998399077	0.5337892595340605	0.0010162246621987015	0.07937680835351503	0.14429138586338022	868.2139036705088
-2821.6244858033633	0.20790769441934126	5.203492908315216	0.19056830776221947	0.5911364797180514	0.06263678543851166	397.2807902902782
-3092.851936288061	0.16594171416805126	2.9118642399643386	0.13023802017457464	0.5226085803282897	0.07819089558451076	524.1297094052526
-4533.584468661617	0.0026575774863991258	0.5328776090126917	0.0011136003903946335	0.12003615841702447	0.1828357215621832	868.962465259655
-2819.5046848683783	0.13370532353273232	3.4118745497548355	0.18096692923432986	1.7047543803674636	0.05922785947051568	483.0338228361955
-3106.024697110439	0.2719299325916436	3.6002387943670056	0.15435980273907615	0.20864043231135526	0.06038660954697556	457.3165569814419
-2540.9814922056626	0.14558196643159982	7.8813293980360175	0.8212673441240934	2.005364317482451	0.06750683695814688	266.21213282066225
-2578.8232863976555	0.1778816844369181	8.062592993320946	0.49743390009357596	1.5854078496938977	0.06193929590284797	276.6160153960798
-2555.92526890007	0.18601054211956208	6.9099133526803875	0.8856085588505728	1.5410372318007788	0.0655750395962919	261.6215576996329
-2545.939480119582	0.20658573602169505	8.730595238357568	0.9374787529130244	1.4197087118841532	0.06557668880769915	228.15119672508456
-3137.7079700303934	0.14598547789001917	2.9330463514087377	0.09616950847064751	0.4741630221716491	0.07824670314960688	555.8676560560484
-2610.5959812633278	0.2712216888956509	7.89374840447154	0.5133803339799072	0.8737778333691298	0.06970602346638187	257.38163576330845
-3212.8695190372077	0.156715124015611	3.0044512688030434	0.09374942047077123	0.16874060196311355	0.06700183894429365	551.5669448419153
-2659.9217179066172	0.1395037998385344	6.063823702912953	0.2389773756463367	1.9314628725395755	0.05941478402426809	377.59984298454486
-2535.3648463290715	0.15271686552990124	7.5001582888847524	0.9044143444678222	1.9772718667863771	0.06149119069607805	266.6328642028266
-4597.872834020601	0.0023912628076161765	0.37838818192751467	0.001	0.18817274716182822	0.1854172620474026	876.2415618081005
-2761.3793792756314	0.210829672828642	6.151324732646063	0.22740449860423825	0.7201181634530404	0.04907045743888733	359.48280308286274
-2957.128011008953	0.17832981508205442	3.3877357769361693	0.16220150979921805	0.69779077782068	0.08248769828382212	478.18540145682186
-2688.583644148682	0.22786212145171134	5.347177498104375	0.33806497669118124	0.8947246389535403	0.06954588045946708	339.88483574511366
-4281.262365420899	0.007022092560036113	0.6407101266279175	0.0030160823421166074	0.09988798640956197	0.09231220621261241	872.2539040945622
-4344.962419347522	0.002412624159795006	0.38315446691351523	0.001	0.011363296350377456	0.06383806962725173	875.8304922419079
-2545.88928506893	0.20138633229472835	9.50641380738741	1.0194059152508488	1.4765782826515663	0.06597167816435519	218.1924724510846
-2945.1089254152903	0.18371677501636874	3.785873515816174	0.16046099093936322	0.5520884274332213	0.05128280819284123	460.86031699581457
-2659.804569468961	0.22793945360989526	6.899393723595303	0.30740792080373486	1.0574476572831593	0.07920073913413059	318.9011284175296
-3025.159684372092	0.21086044732722883	4.79943196941617	0.11820567677192875	0.2537539439795105	0.051690770786831035	458.0644684955527
-4146.699421389323	0.021916690601584063	0.8702105581792052	0.010008579964937835	0.12086746432496744	0.041637446851137926	857.1828315248915
-4250.732985206272	0.01739582467883558	0.7098615101217988	0.007806400201233009	0.0376880824671384	0.060231620101060375	874.9205539567549
-2986.2547821841035	0.21107411014530297	3.9165657291294433	0.17242998897799966	0.3452174707534003	0.07701920518947006	443.52276564302616
-2614.5045007893623	0.1497511665814369	5.288203537596495	0.46059582103691116	1.590864115676879	0.06895930374242486	337.9945412773187
-2542.497241842264	0.09177532946504018	5.239788381478994	0.6525967680911369	3.317918611363639	0.05350918199596725	376.4536421177571
-2550.135909536859	0.18372331076610376	8.026431035964151	0.7201411493354347	1.5746649050527728	0.06562993331788847	254.93982677804078
-3770.0835511897208	0.10087084772510427	1.4248275783423947	0.05536974768845388	0.09967980806441087	0.07274921876446369	724.9193451980244
-2656.6035743221755	0.1181154301326904	5.259069492461104	0.24146395454692612	2.2410059285489377	0.06190352395928349	402.4117919847114
-3011.5393180582414	0.24044429445199741	7.148766460029817	0.15506894633326945	0.1485796474297927	0.05537647165695087	379.9390299111769
-3086.1593812655447	0.16991848379954302	3.9520576921133586	0.09510597208579148	0.316703437227826	0.08711287427367753	512.3013002985007
-2757.503158794443	0.18318114858908435	4.830359485523086	0.23181362706881373	0.8780811238875273	0.0739357400996551	392.5962256035985
-2549.4487254450123	0.1911905278732367	8.00876413781106	0.7798647242054152	1.4805477717224362	0.06495816837009612	248.43796693068862
-2532.463244213242	0.08862870124865492	5.120608243149981	1.0386488739753719	3.5394762974434397	0.04824664612668431	386.5617164360604
-2862.6080305887917	0.2681063790928242	4.132757487298426	0.5096048716392867	0.8036071673637999	0.11293065012175382	340.4137225630824
-2556.0968840501023	0.2254737176331118	9.634837715285848	0.8640742990707292	1.3362470128684674	0.06686119951611172	218.5536944488947
-2720.2965929860643	0.3198544746180997	9.16710432235691	0.3782204235842187	0.5367729265274719	0.07099626869406689	259.5449615442651
-3591.9036459748118	0.12259341647763701	1.7862865338190783	0.07626892278478688	0.09242024189272101	0.06537109624681062	659.6911889430165
-2871.670032981385	0.26649275975630277	4.8413380909307655	0.22988781017011276	0.395750955581576	0.06331199909254659	379.66460434521895
-4256.156401691076	0.004282659687815387	0.6415819419803654	0.001839279216955944	0.03741436779302617	0.0644864142107446	868.1325797521837
-5283.874321455804	0.006863934473824783	0.6765615791418196	0.0029743652808070136	0.14572884947153555	0.36779741293764495	869.8075282915883
-2591.3176408396985	0.13455047786255941	5.587642136808262	0.40774933243839456	2.070394189521053	0.07110489316615883	348.9743981922864
-4235.844319743331	0.013224581917389075	0.710075679786442	0.005884802873501608	0.2915454429964625	0.0471050667052167	872.7552237416936
-2556.278093372798	0.19078669943106266	7.98174907244159	0.6691042376806349	1.4902672542695985	0.07044566880595424	256.8478461948079
-2808.783781908838	0.18702414797345257	3.8088262171397096	0.2974414446248893	1.0152129815346231	0.0868685827698656	406.7532278913139
-2551.8026153225737	0.18543367814085637	7.65450438437272	0.7071499809034424	1.5366174558134182	0.06600858759239862	260.1125259326064
-4289.681165249696	0.0033259852515503618	0.5555435503329731	0.0014051139394554747	0.11021610113634564	0.07453623988878419	869.9574494770852
-2544.8067476718775	0.1201476962855634	6.454570390303476	0.6226712067916448	2.629698435823504	0.06302805535571379	321.53570796755497
-2534.958534920951	0.14826374218448957	7.526789922291812	0.8924656023432729	2.0709905973705927	0.06097042236244734	269.85332087477974
-3474.859722340605	0.12079887942471217	2.110981560794567	0.06174916654691877	0.09263767468922669	0.08625700620976097	648.378048160203
-4211.664750173898	0.009030269089091632	0.7395644162786837	0.003948273090272973	0.09922469668674601	0.0642684948603292	867.5243459181834
-2560.031512114594	0.21572265845584282	8.005090406283262	0.7040021742539264	1.2976068865205646	0.06933605141930282	247.55277084046747
-4171.770990182733	0.01604193536154394	0.8132770975444416	0.007198576950423212	0.08114795523320731	0.059927009318861774	863.5843313078923
-3572.5775069478323	0.2564859621864084	2.125625657994706	0.1129560334201383	0.04878743902030128	0.08605894858849297	567.6329934219652
-4267.487330976778	0.005356918867893004	0.6314856447815453	0.0023010508498687446	0.10818685152688429	0.07924587167341282	870.3904336956738
-3047.407723939812	0.23403248512029756	6.882998522034027	0.13830498813500428	0.10559954125017616	0.06288929642054567	398.1549683234339
-2587.3197824139315	0.2590594240045538	7.978497827355965	0.590655274289007	1.0017505641184095	0.07134873295487949	249.59139899998536
-4306.46909952871	0.003309569724207647	0.5441732899395983	0.0013847593792373368	0.13089097288886678	0.08765314679338736	870.3172484526006
-2545.2775296081045	0.09987685980045664	5.8884701860482815	0.5926444001553921	3.0373243845660616	0.05734884926071107	351.1863505793835
-2560.846172563123	0.2460418422094889	9.20243658245755	0.8046176489876607	1.2096138916767825	0.06434314275900589	222.15814920869627
-3510.6463503124332	0.09415340276756119	2.1222235800417537	0.044099271361160666	0.0025973951602037467	0.07251049894418347	681.0185821821512
-2535.622626080783	0.10202553529729834	5.804398755139424	0.7544672576226915	3.012287844923465	0.055178618867617754	345.61019884983205
-2851.0599465298383	0.264242520799741	4.737381188535288	0.2505225187511232	0.4514124861840454	0.06499633872175979	374.93446203216774
-4289.639046294076	0.003000220577019314	0.5365918654781143	0.0012562086366015364	0.08477181281147293	0.05699225348049429	869.8052466339511
-2689.6110389616238	0.22716722131050904	5.378834863820774	0.3322024218843466	0.9341200392653664	0.05338542711544641	341.0684720062698
-2555.1789242162795	0.1945290900444236	8.165862523082119	0.6823098200704183	1.4959193023969253	0.06751576902208736	253.0792274314722
-2751.4251235729625	0.4193494801423086	7.578742609689124	0.4279438724004129	0.41114294729015954	0.08462995147619683	261.17570054912426
-2541.9013141642226	0.159666632226162	7.653856389292984	0.76715882436173	1.8682934592449543	0.06586837396176905	266.87711416362157
-2539.3637997460514	0.13554119881791363	7.128804777442653	0.7291844049812259	2.2411244556840813	0.060645446218263545	290.2227842218014
-2542.2299854421253	0.08552621070248885	4.819557615614043	0.7552780859328566	3.443969165341999	0.049586862700346325	394.9989064286297
-2633.141743666213	0.19750654731009087	8.264860994227345	0.35341383345847976	1.3270684262184633	0.06656476432125268	293.68396542431367
-2557.9997360833895	0.1643288000382421	7.987565703447499	0.6065788683619959	1.818113808386291	0.06606000040714477	271.7346261936466
-4327.8369582321975	0.00769392152365807	0.6383103319817863	0.003276341764789435	0.08833552079156959	0.11743089531780151	873.1726357255122
-3833.915205568421	0.06871315382680196	1.3775916426356614	0.030236407261696834	0.001	0.09281585823547223	767.7315069454003
-3511.8970249731683	0.10781009764725809	1.9203526957433488	0.06508006024623648	0.1437270877479455	0.05706230365041734	663.1219682125446
-2760.5668800549734	0.18361239162368442	5.086619492412208	0.2149453139518026	0.8813435896163301	0.08104002163627266	393.0625992364521
-4371.791913006592	0.004242198961720289	0.6138740534087619	0.0018071067002670097	0.8605828272527773	0.1359891039967054	869.387792179927
-2910.83400109292	0.2864882210448349	4.057699159316183	0.1942105084323509	0.7048360229758048	0.07112425991172014	418.9397337031708
-5333.184261257566	0.004421701389335711	0.5708925672956953	0.0018647858049180175	0.11829903505576864	0.369324631416264	871.8100009169476
-2540.6430477046215	0.16093256499148187	7.147355682803967	0.856821541183909	1.8273828093104991	0.06249961326448973	269.26381839628425
-3285.5085255061495	0.2341062551190263	3.0315773065220255	0.12474329609037359	0.0454734361579364	0.07054348960723729	507.721953242749
-2986.3561654582736	0.20251927842905035	3.598406876195046	0.1643438948041978	0.4437511049286773	0.06761278618581923	462.3887493212217
-4448.377311228018	0.0024120148669599124	0.42626071216260497	0.001	0.09029294575719583	0.14111739488856276	873.0730516932464
-2540.729806730394	0.21707465255977204	11.158736920781513	2.214420215559614	1.454425119246501	0.05968358758140752	181.4017429574672
-2980.5627236973396	0.23846152686362015	4.066942169410661	0.1714725053498264	0.32004781709938146	0.06612235312055838	434.95882588845456
-2540.545817065041	0.11576540551006298	5.987120207238152	0.6800924996618402	2.677901140833308	0.05892897889402834	330.891226728894
-3490.3727228160806	0.11071759825483334	2.1868783143072315	0.06551921473668391	0.001	0.045997430407016336	641.1626307086116
-2622.953574096714	0.2280081123704908	6.724165876701024	0.42686052200030156	0.9799652897671044	0.06988957968420247	293.6544222062975
-4322.545176764524	0.004671309264348506	0.5888736457686135	0.0019894046660991404	0.2052410602064788	0.024702457735504096	871.4873498018397
-2585.442745936026	0.2711908628679838	11.18249724416695	0.8128528414695078	1.05088035470038	0.07033115357876353	199.35324528510714
-2545.573922177905	0.1618295537133346	7.424472457646252	0.7043760752917013	1.8490516489817959	0.06026368098168707	273.4839469974362
-3175.243418722881	0.20987804788810982	3.598151166362774	0.12089439233310141	0.07275854524749087	0.06941016669449648	490.7788884038848
-2620.862415630696	0.23726366930271328	8.321481272803625	0.4069823503286704	1.1193472742911192	0.06967105741995559	275.21619986029594
-2562.154724653961	0.13994473506954894	7.153075152238299	0.5930738581630658	2.0003543803815615	0.08090182811528285	292.87735940068893
-2545.963535802145	0.13447846333966235	6.3574512450600045	0.6891468066639799	2.2037218886593744	0.06942925519663878	306.39372080123803
-2779.5801959863493	0.26305730055276166	4.5567882352507985	0.380684103480721	0.7056001618514415	0.0658048884669783	346.58524637089465
-2606.170738249153	0.1983536173989253	5.704350586363008	0.5041414851894648	1.3637739475687347	0.07280718691260811	311.1191301981783
-2562.874274352239	0.2542708196304477	9.04712574473007	0.8759966901989602	1.0792391125187146	0.06840848707567944	216.34835101326922
-4398.065580468789	0.0034079068863221624	0.5043567325913595	0.001424906452344761	0.09229452844212296	0.12980909100060295	872.7235447015047
-2824.8834668868512	0.16483417919813	5.3186777712187014	0.1464439849281085	0.9002394269588713	0.06603721245864949	431.22808428332485
-4698.799114865785	0.002408820554099626	0.3840506233172896	0.0010062975025429066	0.08482028919690436	0.21549865434239485	875.9120633276515
-2615.639896911579	0.1857564905918093	6.610571694617209	0.36335428593370783	1.2913802420836162	0.06524229770028493	316.7623078689291
-2861.8294527999633	0.2539720787359733	4.979996219772383	0.2529343384900756	0.40655813597848744	0.08601128465632048	368.18731191125903
-3736.7665382931095	0.16412453441280142	2.2112562073479136	0.14153795993703988	0.019060251581271156	0.1455658740216459	563.3517484940805
-2780.319746729803	0.09763786082937569	3.353729683620284	0.2018270345876282	2.6667541433904316	0.07799086411121693	495.9966435269476
-2813.575598188355	0.29935340446579173	5.500584321297988	0.3051491787508487	0.4369701845804897	0.050941988436560524	334.1155512926101
-2731.721824035695	0.2322147356243598	4.49100029061816	0.39311073515504114	0.9969259591301755	0.08339646649702837	352.93124334036906
-2558.358971592115	0.15925912638735856	7.641649280173606	0.58265699716805	1.794316412377862	0.06376001319784405	279.0613993703334
-4807.332167022463	0.002393345873604555	0.28210397835240203	0.001	0.28260273717914536	0.2266629346440974	885.4317801875452
-2842.995291690073	0.22084119642123395	4.836514070757207	0.18684383557114218	0.56717715878604	0.06829548653275871	406.84563627404066
-2556.2947040939835	0.19349606701565533	7.104519007115369	0.7865478941347386	1.4788800322746425	0.06485959170591474	261.2973844401189
-4248.112834385494	0.007073697650374036	0.6861771411837313	0.0030207777900583344	0.08440441562406041	0.08182397035230933	869.1808678774445
-2545.2582771373754	0.20737850301389155	9.773792206473178	1.120499329044315	1.4414277734208176	0.06483734725368015	210.63053155455995
-2551.419923912015	0.16928390508726604	8.003255417811564	0.8683530397378758	1.7412086689745006	0.045728646971786815	252.37789550132103
-3876.775906757689	0.17240311549099968	5.339745752437464	0.11467822981880094	0.5009881884160989	0.3478201752340455	456.3647408894254
-4433.9078582674865	0.004203839519636132	0.6210096239068349	0.0017913796368795836	0.020587092906366535	0.15925249152087706	868.8581674983052
-2548.3765457323025	0.15040543558446154	6.734965842358999	0.7148729422687836	2.127963365803857	0.0755191959457966	292.7371681212104
-4076.8333639310417	0.031057955815442385	0.9580032988862031	0.015043717357743517	0.1422164448092166	0.06985360774758985	843.5568580710138
-4230.568633235544	0.014436022577950918	0.7462316458939259	0.0060376394219008814	0.09284757668370291	0.08672714107815921	868.560774992253
-4371.283301196678	0.002391291172521194	0.34549557519797175	0.001	0.09807101118721866	0.044796904009014336	878.8357616934578
-2561.8473967150967	0.16886245919107565	6.5607645067917835	0.5986389839048956	1.6766608638445448	0.06571666032369465	292.1354130455791
-2629.7097670443036	0.27248309422680306	6.905578765308004	0.4762117839565972	0.8404276728851101	0.06931862042256694	276.8600176498783
-2734.8412299977326	0.17900687994156902	6.175001768060715	0.19939815609662298	1.0596278805294645	0.06475307377666906	379.2247086498801
-2862.7781365625865	0.2574426868573708	4.378647664965798	0.25344179725283034	0.5063209245271417	0.05783427520965442	385.7689381196483
-4299.784762985913	0.004666737615448755	0.6270985095654744	0.0019877315671116683	0.0037071100328976876	0.10206619969729921	869.3507988338811
-3110.8945207388742	0.22464380776976184	3.144645368773194	0.16091147710270534	0.3065193212914503	0.06074287304850572	480.67644003964415
-2534.6916487099243	0.13876846560759226	7.501574740771761	0.89500255098544	2.2373547768688398	0.05971594578908362	276.2896002380237
