# /groups/rgutenk/lnt/software/anaconda3/envs/donni/bin/dadi-cli InferDM --fs input_fs/fs_083 --model split_mig --grids 178 196 214 --lbounds 1e-3 1e-3 1e-3 1e-3 0 --ubounds 1.1e2 1.1e2 3 12 0.5 --output inference/fs_083 --optimizations 100000 --cpus 10 --check-convergence --delta-ll .001
# Log(likelihood)	nu1	nu2	T	m	misid	theta
-4991.764043040881	0.3599389804087101	0.001851064730664551	0.001	0.11661810824567923	0.14677057923683656	1056.859019251478
-4883.699111354817	0.7774179854033565	0.004644329037234408	0.0022853954359616244	0.023911221775920026	0.16192271024492227	1039.0890167673451
-4425.558523254537	1.544608747796214	0.05827160092064882	0.03836569787909391	0.42832648434950854	0.14043765656274895	898.1988804397545
-4450.575989582556	1.9311071613097914	0.06314769022875548	0.039631717929522955	0.09781764406204532	0.10920463282398582	855.559937065399
-4892.829668482411	0.6249040284660483	0.007320939460476975	0.004104995819834211	0.07688399774281089	0.1524976793618301	1057.2806988187053
-4267.708729000013	3.259716874320254	0.14549887052890625	0.10730503910737157	0.1923091050460936	0.15022645674398577	635.5740622771746
-4942.814436574852	0.5085845980522173	0.0038450698842780783	0.0021217412162083476	0.25939117912040954	0.13502140387990783	1057.476259198339
-4604.094886978	1.2734166936460143	0.04906791002149452	0.030259615802074417	0.001	0.13640046906584694	947.1886136328924
-4917.189200970827	0.6093889016906526	0.00925691217875159	0.005172510966101625	0.18161512153754342	0.18433248540081076	1063.603809732586
-3950.405571495433	4.296811010453927	0.14941548346413486	0.2661980622246994	1.1222557749448696	0.14012791053379373	485.8695860857779
-4039.0101167091925	3.6107431086391424	0.22376992592984876	0.3554528440665533	0.5585363493015953	0.1696512477846261	470.48979921585425
-5730.295516896323	0.3635783589036445	0.0018526890821893866	0.001	0.10043930144683476	0.41882701903951686	1056.5029095642237
-4837.3060586024485	0.7981978729652384	0.015355906820957192	0.00871198962751968	0.031179510090354516	0.11481548418508743	1043.8992028443913
-4252.921121256895	3.355139812141647	0.19585401768783897	0.1422507723428682	0.2210069992671392	0.1671909078423777	585.4478718931023
-4400.834411607577	1.9215150011116253	0.07218871023483468	0.04622552355798364	0.13066447470467255	0.16800026368743368	840.046179399978
-4561.143556163838	1.3831627630496162	0.02841558464718098	0.01741445908235581	0.30060387301590974	0.14401961484414383	967.2849665690178
-5042.579455281894	0.2756919259876802	0.001854223070145762	0.001	0.09800759365160243	0.12604380424083841	1067.3075417514203
-3993.2796592361824	3.6218320855528794	0.14773674636461892	0.18222071239162718	0.9281255135042221	0.15923005716009275	557.4671451547129
-4367.222084697981	2.7506942039412685	0.06702099247146724	0.0419263474253919	0.06772069511922567	0.14309347804535963	797.6396078610123
-4706.072561363817	1.005610059165362	0.02705144177752424	0.016492240205893578	0.09172755960982085	0.16393081568025863	1010.4987542048981
-3869.9004156873516	3.258993749844129	0.11518628762486029	0.22659837514601192	1.7348025718667648	0.15535577302416756	573.2900122209884
-4120.598517614425	2.875784166526762	0.13708305984238064	0.12854163822930206	0.6532008843973104	0.20261703657424265	642.0968926723132
-3773.507369801445	3.027120461628357	0.10417830125598658	0.6200263299279697	2.184884592301149	0.15273633855369542	536.2817786320489
-4179.408193936014	4.609740331540014	0.24497978791205985	0.23244672589930945	0.3770839268396201	0.18171146807392285	465.59469560554777
-4112.865690910939	4.94750495565476	0.14275520763017713	0.1676628288521453	0.8233120156155558	0.17999236207306546	514.2440499562148
-4001.2863648446028	2.9564102969808985	0.13748581580078356	0.16817944419342637	0.9130300827947967	0.15454074382138552	608.9894101929542
-3762.806556831487	2.6597121154865335	0.08070123364812556	0.5071040579482827	2.919062744608976	0.1433905488039241	614.3887390352844
-4912.211685888385	0.6035398498804229	0.0060636759839159055	0.003358361701548637	0.14411864293916893	0.12624308758814276	1056.172588432866
-4929.243574655326	0.5681982572454545	0.00506719209787786	0.0027421249477458842	0.18150277840897058	0.12393159527075308	1056.125541874498
-4397.132440032107	2.361948342522475	0.05956524658845503	0.0357650275061592	0.045151246576141245	0.16158320168551804	836.9439327535418
-4201.1847874666055	2.8385188398030348	0.14446365484177262	0.11874070865896628	0.335490071177584	0.16081233572848255	649.8290794337244
-4894.682455880222	0.6407326928179661	0.0063746944667478975	0.0035305656960615333	0.1118602711574562	0.17488941163340785	1053.1519241779858
-4540.01728436287	1.4643407558264834	0.0787203562192135	0.04428809007826179	0.11573841817322733	0.119603040819499	888.8598277724379
-4827.846113302089	0.767714425738414	0.01467657208727332	0.008433290314224164	0.16729547869378036	0.17112107292839876	1048.2101183148072
-4656.358125116835	1.0828270033447636	0.03764991122308701	0.02217073132071103	0.1548914530446769	0.1481646227937343	989.2388567396782
-5750.959279977561	1.247397943617475	0.022137746549481006	0.012411972820393267	0.009626410990016316	0.4849721425163119	991.5624888673433
-4539.861378679837	1.4855711379473444	0.061583627461787735	0.03700166971342954	0.05437114315824103	0.19421710139761988	904.4876505902816
-4995.597085980259	0.357038174602989	0.0018458892338012677	0.001	0.08866955123376283	0.13808605652093942	1057.156678940141
-3959.3847591110684	4.377213437590053	0.19360190099959235	0.3446578293602713	0.8394127281364727	0.16478929932596864	444.87087311732853
-4048.5570223275495	3.9367845812988915	0.26861391798302653	0.4312691185684906	0.5071854641553266	0.16441874189408995	428.49025519370485
-4152.188961898649	3.0427596416546745	0.2840349058975391	0.35009863267171304	0.43636343975541886	0.1793714686570091	495.8891953562724
-4978.299087336247	0.4416244112173701	0.004926959684747096	0.0025532915650865	0.08984388316284588	0.15469799408912405	1069.3500092879829
-4893.743415236954	0.6224635102444297	0.0068161184193068726	0.0038116141969893164	0.0948443698982692	0.14847483239744663	1056.3060300777565
-3800.4704998201278	3.2162230855701166	0.10550688602178393	0.37904693285139857	2.1206745564137557	0.15104734759773988	544.5955988573354
-4307.068897637003	2.349401219542604	0.09872758768883796	0.06921015133479544	0.20657467474975233	0.14981081223059528	757.2780481787934
-4279.353237949803	2.6132679408521984	0.11892139622380568	0.08312378355246153	0.21254923280681978	0.15305122646315886	711.9285163750212
-4316.0708877547795	4.1666438043830265	0.27043719932324406	0.5005473298941328	1.0088734731512896	0.3381400635801034	411.7986325245426
-5009.712178146257	0.3317213163970539	0.0018509821079008585	0.001	0.18374341308227002	0.13049422755053877	1059.8168728861356
-4510.696020964875	1.6032088753888347	0.06662101770988517	0.039752950078676665	0.001	0.12867279958088962	884.338485908113
-3841.2438350042203	3.03467534235645	0.1097227131187376	0.2713525958565289	1.8611294749322185	0.15117288982890328	576.9257923358628
-4893.948511857727	0.6260850270263771	0.006330875750533286	0.0035155537865224668	0.08888141824921121	0.14303422963318393	1054.575226287433
-3987.9415560865264	4.8788557297293815	0.2005210328219466	0.3171770515404823	0.8974197431741799	0.16296112811437435	433.746166379443
-4170.547261773412	2.203883552594679	0.10570889144695877	0.09160308253869563	0.6747462245131335	0.17256089427173127	741.3080959415042
-4908.8083822777	0.611569684325974	0.007432729656956952	0.004096416482268794	0.27487051153578373	0.18208147612706485	1058.7136468808046
-4316.220682966495	3.397436112984652	0.10875606586978415	0.07343142138641796	0.12320402131890058	0.15435671954567895	686.3289151277718
-4423.06202544341	2.017534835868159	0.07239408323799666	0.043281857562417	0.011895155635277023	0.15386130194097442	837.0838817707911
-4675.2958347790445	1.0659751205664714	0.03539277399703858	0.020882429785434288	0.07425403813393298	0.14404030182608188	993.9330436376842
-4972.050332998566	4.552123422698721	0.14704825069445743	0.19081970390327002	0.9848863688664731	0.45710486980490045	512.1145674178182
-4405.044770484105	2.051345053270586	0.07795671337107632	0.05049861756964623	0.060481890335585445	0.13815476280688102	818.763148134406
-4971.633829433583	0.6541303070746154	0.009556698100240997	0.005351736154039057	0.12854035278250386	0.23611908821100838	1058.0557468987734
-5102.885349194932	0.27069870023539805	0.0018555457930681167	0.001	0.09802091800434504	0.22339732160042072	1068.1111283183134
-4582.433794301989	1.270868811334384	0.0453488401288854	0.027541671373063965	0.09248975773126511	0.15245103402598034	953.0735870119914
-4378.505813371506	2.265905068585684	0.313203815749477	0.2082047757854274	0.5130041557728061	0.16513956708074343	601.3238936581462
-4578.310671522064	1.3555293084072366	0.05841416839020207	0.03606320126939841	0.001	0.17280384315354663	923.8059062268683
-3906.408088275345	4.582808883621151	0.16597980736988535	0.4018326378962818	1.1244802260492046	0.16463667038905305	431.19622453526523
-4058.4840596535964	3.476818727433834	0.21941245902599954	0.26267455630447395	0.543081250413521	0.16315064111176567	508.3377380709408
-4355.055732975615	2.7717483368838685	0.11458987384679406	0.06901007549877457	0.051465169095176594	0.1617421183530176	723.6395159240652
-4918.773695213801	0.7599958661710576	0.017889421159327158	0.009094030667417758	0.11132859843505966	0.22931799280963136	1047.7030209822935
-4285.692710807464	2.419394459213186	0.0786180656761363	0.056277588544582154	0.3295333736688366	0.14019403740516045	781.2721377997548
-4206.0743992960715	3.698661324234572	0.172183018024955	0.13192210806001514	0.3206181436059632	0.1635707715963213	582.9956832646864
-4786.465136847185	0.8800546170356914	0.012214054921916495	0.006972656824869495	0.12218220170447858	0.1355759632970976	1034.780383459439
-4045.5017850708164	3.3431326048224337	0.15275464230508828	0.16354206876497146	0.7116480211658018	0.16198505602160437	582.1049251895923
-4651.592931247196	2.515375797166343	0.1760604840325574	0.18814427004699014	0.5135952197977471	0.37264250191302756	619.7657646777208
-4355.771331027955	2.683222500958925	0.10203208444404142	0.06581865028162065	0.05338829119418031	0.14393820532658141	738.2479677065364
-4480.314636802675	1.5702963857572054	0.06089394276260674	0.03733780802833887	0.10915967925733322	0.15765831968523128	894.8168381652445
-4752.871230183153	0.869582549891982	0.022746054929856253	0.013415587894605889	0.39670028187721385	0.1558180839884992	1033.5185993781554
-5070.814388409737	0.5699664462453251	0.004505928052475246	0.002466381660845602	0.2078187694696366	0.26372821839143273	1054.285180799594
-5161.8009789049665	0.6025414452199384	0.0053415185779005095	0.002922191024986602	0.0016058744832338303	0.2998752491989071	1053.8958869683422
-3884.0685157503162	3.773246929563931	0.17221392258262178	0.36211971305146196	1.1366436306948167	0.16147713752631945	476.990915083416
-4432.576358898163	1.9569821098940778	0.06182774005984219	0.03700906205107865	0.024226799099296915	0.15020665152709248	859.3801447188133
-3822.6026605038733	3.5871258443219274	0.15120673195772277	0.4961940522787159	1.455906720221066	0.15640182511351117	473.06988523999814
-4755.18801997616	0.9127347286080765	0.026407838026273237	0.015786297149450842	0.17795576461159623	0.12592881306531395	1024.9211681684717
-3768.98839185714	3.0867960009300455	0.09941092840093282	0.6402165685909138	2.304784966293058	0.14920591012363457	536.0760912898324
-4288.021427808808	3.1372759843931095	0.14962473719308517	0.10883757555157599	0.15647582357233308	0.16145145634612226	639.373158754739
-3824.7529958116393	3.9179160160277364	0.13152690965963018	0.4735041393077052	1.5764668900168861	0.15735106793056428	465.04672105620864
-4978.403937818712	0.5628746915892185	0.009107058155122385	0.00498253431800125	0.0012617440484076737	0.20897442937010685	1069.5347807641397
-5081.309855659461	0.38870082800322187	0.0021208933863545304	0.0011533451133701243	0.19384117319580724	0.2397284308529832	1056.9580595813957
-5115.538036875061	0.4481101283162837	0.0027278089409538127	0.0015040096382907889	0.24524007899153868	0.06792364086208943	1056.6375969230526
-3760.9752537759364	2.6740176714745854	0.08449760085274872	0.7604999316656755	2.754259140557486	0.1417876900353599	599.358281764142
-3778.3375822112325	3.089377120818661	0.10572230023296289	0.5284291659645245	2.3756507490319696	0.1400092823891788	542.3887966886922
-5667.019772094054	1.5988627450205382	0.09794820207213044	0.05777292694227164	0.03319159913746433	0.4938095324317236	846.3189769157423
-4547.413225136198	1.481504085590967	0.08030521201749272	0.04620006140910485	0.0020926799143505107	0.13980878177584363	883.2782095820521
-4621.58073834188	1.252514400178728	0.03568624031073632	0.020852365541590413	0.056871450616347054	0.18838416196379	969.6577683415658
-4970.375014273764	0.4875469697891255	0.006382594373189032	0.0036381195900328338	0.11545771924728206	0.17174180989394744	1073.520925728076
-4567.706980909507	1.2483691448495622	0.047572843032416275	0.030440431753387745	0.2890300669400821	0.18097480884554823	951.9053742535668
-3956.3362370089562	3.7804609904217217	0.19027965055519408	0.2955622193909962	0.8457087721750884	0.15634542120348716	488.3092012335372
-4195.751248551303	2.6065728965205106	0.11375571921593557	0.09060092575585699	0.44012566890185567	0.14390499225446812	705.4595828982891
-4369.420278375375	1.872217411423053	0.09063364496627951	0.06046654579509724	0.23820975236216957	0.1742253661886014	815.3327163399468
-3874.7397254761263	2.9109375225978114	0.1462482017029253	0.3060410809323655	1.3947802535928358	0.15546945742572596	558.3159496991772
-3804.2043109533174	3.9996508561201365	0.14837433160257085	0.9892480380944099	1.632380813941525	0.13184079486001177	417.010632655316
-3796.955367727349	3.465625686953001	0.09148160851797886	0.3929894020859716	2.5712305157720934	0.15121439031468276	540.4008164695796
-4147.052196382563	2.420562560475188	0.12608083809641457	0.11164776263911434	0.5872718564211442	0.1620898417762061	694.9252526791844
-3822.1346049088493	4.131044774574569	0.18684525783139003	0.9519358469736355	1.2301203390468123	0.15792110433757858	389.79456743589526
-4223.765899850654	2.61821140408639	0.1473181285726031	0.12001529876810563	0.3111347304842099	0.15276437927053016	663.6930489069692
-4949.087209674222	0.49802396430224816	0.0037120145088786944	0.0020330070278381587	0.14481419902439796	0.17175621149806222	1057.6145142838066
-4312.318080341353	2.3812858620841526	0.14540304567346463	0.09685455664933827	0.18891073796294358	0.1527359932657127	705.1458597094079
-4972.507385738176	0.4771400696163137	0.0033541201759849804	0.0018446830316639423	0.16932626985233093	0.11661095848291128	1057.8009544807117
-4146.268900224055	4.197711780766102	0.17558494174026307	0.16361736975226812	0.4749024189586703	0.17338736817676806	535.0031831107826
-3897.047128944688	5.188795730801304	0.18796715321267093	0.5719944669270802	1.1203130077970704	0.15778649042288379	376.516907178059
-4546.547463689962	1.3249546145886237	0.06101997760817635	0.0447633036734218	0.20474229702664193	0.16180544990522097	917.9659609884083
-4389.798059540567	2.4853266197805572	0.12128970310150076	0.07152782996314092	0.016738530556626295	0.14997528115192607	735.7750316482867
-5804.296944699449	0.4133155638534129	0.0021890235514351315	0.001188605505527157	0.13225252417398317	0.4364910796039066	1055.2697013110517
-3786.80314143224	3.3796693331003547	0.12884658047654748	1.757539136878729	1.732651078747815	0.15119153209858538	452.8245790606505
-3786.956048007216	3.49125470717783	0.11356611596582256	0.628004075361366	1.9983407764644714	0.1704482581783153	490.43126327931446
-4026.0489588119844	3.5260261325722966	0.14574429895447116	0.1721409019816953	0.7860422085344965	0.15404527232301582	568.2691296865551
-3897.197496050659	2.634305388666328	0.11058876819845614	0.1914262555713359	1.7674010428749731	0.14570474689038607	638.390664918725
-3863.5701553327794	4.096070117925474	0.18053213989818354	0.5364631268130012	1.1164591563741888	0.1772742171306956	426.2618640490508
-4403.034736426343	1.92057133015372	0.07311477538621075	0.0459409310326065	0.12389296876982214	0.16772392761272925	840.2037527765343
-5561.102376648775	0.514368115532594	0.004629410187060603	0.002522432616810595	0.07563294115098798	0.3944385385017801	1060.1982097230157
-4893.377095398178	0.6260500909257534	0.007172248862828825	0.003995784951576606	0.08309242832768331	0.14310785260946668	1056.6388400103172
-4502.0507107259	1.444366055809596	0.08801298994421251	0.06114124883092426	0.193508636518922	0.15244499111014315	869.535535199257
-4150.203245636676	3.220632072738691	0.14721554699398	0.12961018334336824	0.434820512158808	0.1619660219434339	615.7052550522301
-4442.427336848037	1.9058362467477732	0.06321034810889536	0.03890759897143686	0.04529309569988722	0.18126115550907587	858.9273502838524
-3937.3761323716735	3.3330260430711407	0.16174288165107714	0.25749079919012774	1.0218533797287048	0.1403496453201392	535.2705437822572
-5123.2936688874415	2.2056728331501256	0.048510152112101364	0.029196003432858955	0.18152148313033847	0.41553127600075135	869.13624283064
-4510.890035431097	1.4697740774009762	0.06562815348582311	0.042099667695284074	0.10215332730834198	0.1438561498272291	897.5552109163315
-4211.42370214613	2.9554746779128918	0.12946833992913379	0.08915083312395122	0.400894271986634	0.17352171252935839	679.9284223667688
-4372.9874129192485	2.943699085910706	0.09291043545148157	0.056617982691664785	0.0020842239297294324	0.15226093778107347	744.3194434050515
-5013.103803513773	0.5517526638395931	0.00812352197644722	0.004408514284067377	0.27326462975104837	0.23155334417860904	1068.2184480751976
-4926.902688745751	0.634786390909056	0.006862078501715719	0.003695606565406804	0.07902794577340379	0.2036444457361773	1054.1397023268667
-4383.792288432581	1.5243187221997938	0.06421127271333679	0.04723381668043764	0.5973464415805616	0.14143696833970598	886.0883198423631
-4157.736560749643	2.245424034300143	0.11297171376697386	0.0939721670265783	0.6898446757819782	0.1551424620549579	732.4654637570083
-4380.816006971947	1.726199387444539	0.08024472603120791	0.05179722574003212	0.31936929223891114	0.14949132266035506	847.4728136951522
-3850.990928895698	4.387767854590437	0.1685088220198304	0.5310272613387783	1.2845895455711742	0.15692183318297517	419.33360402620406
-3753.792887792158	2.404923939400715	0.06324620455172435	0.5238386141953543	3.7897069574300466	0.13584357107519038	689.9230035407314
-6047.63027719333	0.4261258523297766	0.002669845899145685	0.0014510702735955696	0.15413701719716139	0.4804195366990904	1057.916651043079
-4339.445279510357	2.4222036656165846	0.10060671390928579	0.06379849662984807	0.12145391387515178	0.14438184832504328	759.4093743311513
-3861.574111964449	3.424920726424838	0.15940505531061933	0.4648254910605354	1.2352740706380998	0.13493202570206742	481.57426904214697
-3866.2309940047135	2.832183832426224	0.10294745204413074	0.2840949254503919	1.8076019085407873	0.1894739164803398	591.3357400548025
-5039.7903673738265	0.292247045698839	0.00185109108215728	0.001	0.044962679940056316	0.18704992055872285	1064.8169193584556
-5017.575117598823	0.4059220871222437	0.0022421034746015344	0.0012181725647477553	0.2808339408642917	0.2072680038732462	1056.410373991156
-3765.562577463491	3.027933592739247	0.09169726842614007	0.6215224518255925	2.492535655280806	0.14806735385460745	552.3251364826592
-5741.3410873907715	0.744937923150764	0.021473574711573178	0.012516509859263975	0.1280628954065568	0.44827661325319507	1054.5882543753012
-4509.11933728042	1.5690873930507627	0.05744954470290063	0.03467121037388661	0.001	0.16252809603063081	900.8048643731499
-4498.426360365886	1.5263455474106258	0.06210791305437229	0.03844833212999872	0.07965960476101407	0.15872173261963543	897.3991142072995
-4065.1500160730734	3.5900904891862533	0.19083510286581418	0.22981676324497952	0.5485365818558221	0.14945504891266562	521.3642488967849
-3758.247281629764	2.627449853460335	0.07933384417861893	0.7147212133528763	2.9642703675484494	0.1398799036026896	617.4553269214358
-4202.673288395383	4.149653904022918	0.1580082846432077	0.11806515202216135	0.4191369231652529	0.15152391632181378	582.285354222096
-4881.456939932752	0.6505305996897615	0.008017125110116095	0.00445395453945128	0.09104029181160604	0.15544491955278592	1055.5296306586533
-4991.013601960749	0.40064153045462	0.0021476471850411633	0.001165293711588796	0.2885873322838949	0.18282227336160045	1056.0432017179044
-3792.289908249815	3.8491230506089416	0.13191676302531025	1.0604255847364839	1.6451603867284816	0.1605276450603906	428.3059789272797
-4744.473301922887	0.9509889613470015	0.03297817412880387	0.019287315633177784	0.06385506876133827	0.12921969182452023	1014.1406314162166
-3871.975948731027	3.0564755650147037	0.17750528601914317	0.5249539114787503	1.1933060333598289	0.16478479334240284	493.6075996113172
-4185.207396192428	1.9729168518577826	0.13602276202033087	0.47324496703339675	1.4371154828142565	0.28094779227753114	638.7832018065743
-4243.709157520534	2.9031872006079706	0.10594548694454735	0.0776259176285845	0.2966290609343313	0.1586812504241234	705.733267514764
-4879.2928272765	0.6601064086654693	0.006603096536350757	0.003683254911000326	0.11217872755523034	0.14824845107530926	1051.9023150443204
-3978.7996276939016	3.514631107334616	0.17133924119044136	0.2430147942001345	0.8218073195798702	0.16669895125598685	526.0165994273223
-4480.209926544612	1.5380940223314061	0.0678299550962246	0.0444648099234435	0.1634793277103325	0.13136948794564388	884.8929454685141
-4012.3013861086474	4.740237361934477	0.29182554340075706	0.44952155704822105	0.6367345716827675	0.1750090815095232	390.2207934590473
-3781.022476558883	3.2652216886241137	0.10981136677993415	0.5478970527590792	2.1910730928924433	0.1397923324581804	520.0299953981988
-4385.429192848987	1.5786164742665796	0.0650746539688044	0.04778483412602288	0.48560800307649804	0.1562539207254712	877.7975920950984
-3766.2420504715938	2.8484254568160114	0.08852894248065332	0.5324860977107458	2.6316859054820028	0.14129623586424436	579.8629600078403
-4347.609381827199	2.954866716065056	0.10536527128327608	0.06636889720400041	0.05466953128384224	0.15946774150655854	720.9276698506891
-4247.1401763747335	2.7212060626115355	0.08554171129942453	0.06266361719191021	0.4189123564044499	0.18162020117495178	748.3295053481249
-4227.687638606414	4.009450844368803	0.12178204762639482	0.09804315019499707	0.36633926420879664	0.14317641540880063	620.3763366730457
-4098.118609448655	2.5744827198764075	0.12665859990325457	0.122385218482502	0.710602407378013	0.17142998800241022	673.1116607115681
-4030.8354931709328	4.130019531015809	0.1710173891957976	0.20150403947328124	0.7781703066802725	0.15089853661250213	515.873368804489
-5622.9263968245305	0.5648553965438331	0.006460676853674697	0.0036554927672776604	0.06083648490940428	0.41129335024680425	1062.4259591265525
-4923.771794816585	0.5526148091225673	0.00451663245590717	0.0025060756848381293	0.04816365722984694	0.14654525844695687	1056.2491387537189
-3928.584434885937	3.061677665259528	0.17464910404646533	0.3544989776205172	0.9667288131216294	0.16381298251941065	520.802916137724
-4625.554282125709	1.1928395942642653	0.030460199403209702	0.0183679890247022	0.1602340777996771	0.17407971385448578	983.1389450627329
-4323.288743627809	2.7888168174054675	0.09400399200656301	0.06129827282110094	0.12440903316631814	0.14671114686115946	743.0949519554971
-4044.96763597463	2.4269716589881853	0.17225565639187193	0.29001685701999397	0.8225645944643653	0.1468353503680342	592.5796747298679
-4262.25225359418	4.499166062383241	0.2152167955762659	0.17741216620274938	0.24733876858309656	0.13987810915340287	505.4705796006919
-3919.75232675067	4.775403613921918	0.27696371626628996	0.7564007488216179	0.8289357336638257	0.14134568172295228	352.893206933115
-4138.429256666724	2.6676192631002626	0.12472395099360858	0.11497259859437384	0.5874671021571984	0.18471228362881828	672.3941819288468
-6096.332503827716	0.38172154791908347	0.0018690531353016213	0.0010095797958901166	0.06864140354648052	0.4859284615600229	1055.0280958561675
-4498.488232871695	1.8554176457240872	0.10366802634681403	0.07300043580268904	0.026937025414480335	0.11784998987551079	795.8198223322703
-5339.438190266277	2.6188545485121315	0.15864662088546827	0.09594020592046432	0.15298111480484142	0.47083839248613363	684.1931305101622
-4887.896132486168	0.6325458883503532	0.007652272845008291	0.004291341722074536	0.1612905572648917	0.1526933373022044	1057.1589861465927
-3893.8678346650477	3.8532395709208234	0.2305866403534799	0.6758723572328545	0.8966815669143835	0.15544102495116136	408.50941219412715
-5434.343379915077	0.7441361134449694	0.010816129867918297	0.006052527951448968	0.016982721448956278	0.3881744622874503	1048.4084857534453
-4297.261600396787	2.5966433085233493	0.09808516691029007	0.06819184751921732	0.19632234082261074	0.16384669455589165	741.5242707099176
-4233.608735950244	2.851899819103358	0.13745896580810463	0.10344763197697301	0.2747821724803745	0.15359174629132402	666.2082224505177
-3812.8440924796328	3.944185256146922	0.14764278899172575	0.6712901021525708	1.4556428900590765	0.14553121970126448	433.8445420895972
-4985.919334406536	2.326593053333859	0.04066734264818051	0.0281187173364002	1.1691593267898914	0.40746942808758974	872.0150002426318
-4377.619835347444	2.5428985548417087	0.08838300455288443	0.053802332897403264	0.014150802003954726	0.154786259006008	773.546318595738
-4961.2062416665285	0.4511785459845406	0.0026320640798158886	0.0014356242327829753	0.07951289612770737	0.1564618149364061	1055.4077823855523
-6106.182058045179	0.5260634016184678	0.004378993493369861	0.002404950173747219	0.1583144673338871	0.49592729238541383	1058.0747944623747
-4395.6343441641675	2.2646848422963184	0.07278906777024008	0.048585697735553636	0.4370044585761836	0.08240723302285778	809.2163712460698
-4083.2903265270365	2.646333633205373	0.1131668450729348	0.10780665612503526	0.8171162645117502	0.15422039284218145	685.7291760636325
-4300.786777041871	2.744862741364048	0.07161410492802565	0.04814417886340845	0.28175641373272053	0.14519099249748363	781.3820113503399
-3911.1980425054976	2.737905772441809	0.08909992186200218	0.14058363101158516	2.195155275833093	0.16329300917697862	670.4778855997228
-4775.175984532688	0.8849617661142498	0.018629446598622573	0.010529359815548103	0.027732845903740193	0.13494167644813723	1032.0619313237505
-4405.665695109763	2.033831445838526	0.07849669396239828	0.049057092549382016	0.06448487317440584	0.13764391574341667	822.5468475153684
-4126.872123845262	3.150396915945494	0.1551936695253504	0.1521936366154778	0.4663086905512492	0.15376329494329868	599.5287892972727
-4985.70738446307	0.38506469504825264	0.0018596229705230938	0.0010033500901373657	0.12594315788868204	0.13872074815390575	1054.626444130713
-3818.7811799510446	3.9523276182151665	0.14794553142055586	0.5716581945535094	1.4569009654518645	0.15704880353709239	443.43105209404376
-4728.367295398899	0.9636938899782771	0.024295683634174038	0.014357072097712682	0.05685569187823444	0.15918038044355248	1018.5817626331263
-4304.04721049991	3.153156634510531	0.12671181297352005	0.08368903212577813	0.13463326677919119	0.15360640691447083	676.4508288660899
-3818.2247355475474	3.270296025256453	0.12092458925711493	0.37790093851915174	1.746089631154151	0.1575345981251203	527.9948634846442
-6111.791733948729	0.4325828102950745	0.0025886301660728744	0.001407716049161986	0.12047461659265656	0.4912556085589114	1056.7028035858862
-4265.713236934419	3.5192678402655515	0.15904320510917916	0.1253092961605116	0.19849788438526164	0.16955001720229534	600.0292511845289
-4953.418897024612	0.4967428050231034	0.0040650624737208225	0.002226620905724591	0.03843785231254151	0.12920246656257395	1059.5467197792277
-4374.937379903616	2.292055912548237	0.057637788566559975	0.03520336856900389	0.1748211848217915	0.15577734046817415	843.5349172793588
-3798.1677223184306	4.1359706922527755	0.14386981279001004	0.9548239459338762	1.6591708245192707	0.14889962975665777	413.48620882905954
-4012.120682120968	2.5064822388189483	0.1380870433603816	0.21213005360956572	1.1090527453565997	0.11173318111104583	624.9290364291472
-4302.492347222928	2.2976796782816318	0.12373275824328804	0.09264102580421801	0.21536495125576688	0.1633625394850667	723.5775228196322
-3851.4838464354407	3.8565076092464734	0.17649317234382048	0.6350109326244497	1.5608975305016763	0.19468009775266598	437.71192509705577
-3788.6427603536204	2.839801637202278	0.1141916000541679	0.6264980805363306	2.011488110496708	0.14439151364705	543.0948713259637
-5021.305052220419	0.2928342107702869	0.0018517031893075949	0.001	0.0999277372095653	0.15270014764523163	1064.7360748034691
-5027.313656367955	1.9349478690570658	0.10177627013114501	0.06630212180283518	0.22898255418425353	0.40632534382600155	796.7347353546744
-3793.818822546196	3.904058667914391	0.1437270786518106	1.07886768107405	1.5682045701571148	0.1575719107667402	417.971927970938
-3871.4358388781484	3.821055516139811	0.14039677220256072	0.31973093394240987	1.390268241078689	0.16580812685661167	496.4557660653586
-4443.5461541613095	1.985442146897025	0.04493574683702352	0.027141126077601427	0.09976048311753423	0.16790155110128108	889.5111718936527
-5033.4444873150505	0.6507405482796236	0.005488333468858441	0.0030762881728178797	0.11758730660452248	0.2605697643909874	1050.5201788046986
-6039.678055934519	0.5770518888467367	0.005830822481459645	0.003236969820944703	0.13708086661250157	0.48852529485348206	1058.39645782291
-3957.890554330912	3.0028425257136266	0.1609223624014188	0.23987763169134868	0.9540485889534414	0.15538192244730115	564.0043830382101
-5577.152711131198	1.9217577885217567	0.08764742805378974	0.05018482509204016	0.001	0.49006254855310577	826.4024902602736
-4416.8993688961855	2.0545831705380815	0.047324438224163684	0.030825162892877626	0.27917727046571794	0.19490096008140104	874.5030870280758
-3993.1945056854847	2.0765024152469853	0.11515194285128348	0.20025747984419043	1.405062780963421	0.15978114078265124	688.7666559278262
-4948.04731011491	0.606902731968831	0.01088288550053001	0.005970133857068559	0.08203434615820207	0.20295336873714043	1066.7406751215456
-4587.336824989384	1.2932776438893543	0.042112804304704814	0.0249420204531522	0.028850724174944244	0.15541337651834625	955.4057048273968
-5134.6703532748425	0.45884614944104657	0.002258988823986755	0.0012434268071891412	0.02955611572453284	0.2711203970835994	1052.4311668363578
-5686.3443317949195	0.3700362394133031	0.00293479432698374	0.0016001354462337896	0.09288554237532452	0.40859036002462396	1066.787856489165
-4989.928245992232	0.3875768719650889	0.0019098834875335541	0.0010317855951151643	0.0243760298718577	0.17415968525836206	1054.907293124413
-4348.714560446995	2.347293752984689	0.0876799269560394	0.05717485216763044	0.11573004584007728	0.14778137620039644	780.5838312114299
-4274.0936221370075	1.8268739977844806	0.17065028461227252	0.16547121334551143	0.757005409181962	0.21813625923516886	711.5847684834504
-4250.535055645606	3.8336714533860374	0.13195293080983272	0.09628046826590846	0.2748499741407869	0.1523429554445194	626.8138537224976
-4652.5827582095935	1.1836602849032092	0.025140538651893814	0.014684304159010137	0.02616526813031836	0.1705542086693257	991.9941925491706
-4921.908673393799	0.5533244080331501	0.005732798978440561	0.0031422853692753706	0.19117301195472786	0.14800612393153728	1060.4076393698472
-3757.616303581699	2.65518259853058	0.07642731685011957	0.582901949307391	3.067895762524375	0.1448412334449482	620.8948455039713
-4366.608916191784	2.173305462386253	0.09601294847260489	0.060891204229407095	0.10497526217562532	0.15701359762091996	784.5471239057136
-4953.178412071724	0.47595818449302185	0.0033290592575043383	0.0018187252864682196	0.15272667033220522	0.16302299911505538	1057.5882075827851
-4416.533913160853	2.268253643566095	0.06024639912375649	0.036479442697962834	0.11635750507354817	0.20160813343063694	840.3871619564064
-4308.5889762496645	2.8393467508446397	0.08067065257814916	0.052181245349848325	0.20483941495511473	0.16024659338990924	763.8730659707353
-3850.386907271023	3.030228308429387	0.11625596681559025	0.264424365828135	1.7529932230694614	0.1608022299114966	575.6032146356628
-4816.179147516705	0.7879570066253491	0.020897938487105472	0.012113550890310876	0.17077903163741576	0.1596638965813651	1046.6162518537817
-4305.481662732589	1.9691400339037293	0.10594582334708423	0.08263306840936212	0.33103247860542867	0.15308043881408645	772.9083447873155
-4594.9298901613365	1.2406097874811441	0.04653350180554074	0.025760141338316916	0.16413954070636375	0.13825356640817735	958.4030429820316
-3785.8752385254606	3.4324989922450277	0.09334655217185824	0.4587867080483922	2.5034055678374543	0.1529778929572386	531.8605940291166
-3800.761040673733	3.2072285366081323	0.13236126854480731	0.768194234060149	1.6014640507474331	0.15269248840905006	482.82151578607505
-3890.192096412633	3.5465899178010187	0.15679805883564832	0.3176060210735077	1.161191494106362	0.1533718646996553	505.2381680559734
-4293.0744558490605	3.0010619735031465	0.11810124094639621	0.07603432814186475	0.17152461545711592	0.16028306381231971	698.720443854374
-3794.6672428230327	3.6908301285701124	0.11691024777357052	0.5441957887107896	1.9130974617748893	0.15051945514070586	481.45847555371085
-4626.581918844151	1.102252719626289	0.044335967453054834	0.027182159859212213	0.29788188456077275	0.1631702623435921	978.8228517083086
-3879.6062098136886	3.6569648262387395	0.14241750279583615	0.3103345304029005	1.2870473634073367	0.16088399305499287	506.1252598613482
-4239.1686099644585	2.5533977379871926	0.12098328313501021	0.09226648226131103	0.31080279602543737	0.16397675074823578	704.5852246191187
-4906.05625250432	0.5998809824673742	0.006700072594495642	0.003717104954516831	0.011082695149850042	0.14241501655386848	1058.316801204629
-3778.9691561210775	3.4062075636473823	0.11402891937993587	0.8775566006650397	1.9376966197656178	0.15575959922537944	481.17085294648615
-3769.6089448905577	2.963011244529297	0.09643778153644625	0.8095812043635001	2.3710196050987093	0.1589606317219247	545.2473616335642
-4923.249416859183	0.5677651640884583	0.005791687548134905	0.0031971459940116306	0.10382845616466839	0.13169651569416882	1059.1378997924498
-4806.845405924147	0.8194546551587659	0.01433197195350517	0.008199573060713316	0.03452481493866691	0.1370044367260881	1041.192490714386
-3831.1143268983647	3.5051695749121627	0.1387112448983057	0.40728199945232296	1.5027746965544166	0.16245408632604172	496.85064884303745
-3803.7563108249133	3.958433783313992	0.1393626064381706	0.6788774834781693	1.574859266046258	0.15736141638558415	437.80581858869004
-4407.827051252737	2.0849509265063113	0.07243164550082393	0.04413853210415217	0.03440821321698421	0.15138620044381867	830.2080775484261
-4841.486337130889	0.8021425570951172	0.01965531793047557	0.010730883831695504	0.001	0.1950789620159237	1042.9667020470222
-3777.504122687601	3.3369178064734712	0.10929700363558233	0.7321607430480375	2.002635462386884	0.14536803474420434	496.78945558578397
-3769.73740779739	3.062658447454298	0.09741488055899651	0.6649355629945668	2.2731240833190136	0.15012234526803464	536.8673106394556
-4951.225778251521	0.4830881384239091	0.004035708081808748	0.0021827491123094993	0.041199761519275326	0.15879438856031938	1060.506221758868
-4568.450350596497	1.3733553735964108	0.04028019984032945	0.024366577952455424	0.004598325434146793	0.14883981933475326	948.2471705170914
-5464.7500664405425	0.427003699870934	0.0023090146256175424	0.0012807514138505666	0.07381428229032484	0.3651794786541074	1055.5579394101278
-3853.8818524369185	5.299947704637814	0.19135226440975356	0.9297926756210958	1.213143935328337	0.1571993808635017	343.42814199080385
-4636.313917705498	1.140977362629759	0.0407753561645154	0.023081004383656307	0.13360861772025912	0.16452644717560708	978.0648992102903
-4454.798651895676	1.7598281052622757	0.0627927768243373	0.03247632970997011	0.5535081394286016	0.1975682944723681	885.3285701222512
-4836.325771822891	0.7444264984849626	0.01483432494691606	0.008237231868771868	0.15643545078763257	0.15778530395485374	1050.8308215772431
-5150.783293942096	0.299841590710926	0.0018652803173286334	0.001	0.12659064759766442	0.25476892686398206	1063.7164314324812
-4918.588094544345	0.5563203107401613	0.005267405879018115	0.002995459537987843	0.40745473982871133	0.15964751801404814	1059.48783829206
-3885.846547223784	3.3064455251563727	0.11277933922932218	0.2233856879968418	1.5775284643038041	0.15942354174911855	570.2503141117141
-4435.583084245244	2.021121469335202	0.05158209575429269	0.030946025924439603	0.03432566059486767	0.14954028621964396	873.7848609051803
-4005.50319567236	3.881413465574187	0.16251821519953571	0.19674863468246145	0.8682915776732064	0.16740850706792867	532.2182662684992
-4478.837075640938	1.6437939618703796	0.05639717933600611	0.035098284070425284	0.07729405977595473	0.13513625614419456	893.1520107042572
-4424.139139362534	1.8665650861178291	0.05893615223797705	0.03735484947488296	0.14211662504170025	0.1765585543746969	867.5278932561343
-4946.93168595912	0.4887007733139687	0.003156880743203253	0.001716806382605983	0.1851604980010821	0.14985506907275892	1055.3119052803195
-3815.3004058105917	4.254762985551318	0.18067614185144634	1.4504316034552998	1.2035469145223843	0.15462008669115937	365.52490765544115
-4206.937538784542	4.539314627952124	0.16708532454493683	0.14207644149882628	0.393335491558515	0.15996258730176946	541.7513804356577
-4091.8753804045004	2.02204836190861	0.10590122666140894	0.1258185578648644	1.0819046633749316	0.17374422478494927	734.286905824556
-4423.40559094077	2.106613898049183	0.05304336543952874	0.03123299067834855	0.06027566730805174	0.16274478444802093	866.9251565990571
-3940.1666536497655	3.248044629253055	0.15670169672857823	0.23879954940262224	1.0196431110977608	0.16155548482744628	549.284945203099
-5715.455061006207	0.6270478255486881	0.011147774692894373	0.006301454615389964	0.0010419375915083557	0.4331925485874048	1064.9936573729608
-4173.41530997288	3.10090614647708	0.1330965497724677	0.10734436634653012	0.4168377088672186	0.15251889501826887	648.4822536440422
-4393.5414851783635	1.768563547793459	0.0936582020853889	0.05803716512954078	0.23418792680389577	0.15675172167516233	828.3037239701274
-3864.176239228429	3.508526527739795	0.13321209622242017	0.3386893464975791	1.4217236283121857	0.13504832222609078	511.581940424126
-4265.178553695993	2.617765301831819	0.12689601215657434	0.09408363523691482	0.23400434736274492	0.15630421487357493	695.6506311632934
-3768.9450214238386	3.0246809879372116	0.07815072222359801	0.4652896388608402	2.939089425659628	0.1475736993991096	583.0239384920635
-5438.273964770079	1.913096041030197	0.12440665807105204	0.09192079301406363	0.038565381517426535	0.45982814879837436	762.0458262180239
-3816.474298320713	3.9353493171653113	0.1537008308766327	0.8283293803227382	1.3117225325350197	0.1607163134021397	416.87445803871015
-5081.816173719926	0.22359274089526623	0.0018385552383482818	0.001	0.2313242991271829	0.12691371130444307	1077.423727805836
-4359.984141669281	1.837651227570694	0.08214985493784015	0.05952990086078352	0.2816282138346362	0.14476207504966523	823.9598123835942
-4386.471293979565	2.072658262734707	0.08808845272299105	0.051718783864712854	0.1199891202205863	0.1377849235188525	810.9405301500491
-4382.324073504081	1.7877962905130258	0.10110171226814267	0.07407352782165835	0.3076520213385006	0.19944442623863418	804.4090230410827
-4383.099882503864	2.066499491565655	0.0823649605718167	0.0512409192015465	0.1037662404992895	0.15744701247079038	814.5224916018462
-3798.1703271179676	3.9146263665463352	0.1293453341098045	0.6635208123529475	1.7196473611286118	0.1573672529160135	448.328627208147
-4663.479501080823	1.131253764490927	0.03023489587335389	0.01755947443628055	0.0043865501582530594	0.1721982172053249	991.1093152004129
-5105.248689525693	0.21598865218499746	0.001833956461404301	0.001	0.0014710013610375705	0.19378525355150292	1079.2552692642803
-4315.6296784244305	2.7331916732955577	0.16004338422534045	0.12362768976906936	0.15870957449908596	0.1300978896422158	647.8555572617363
-5873.687367739461	0.34438190026756466	0.0018559366705215227	0.001	0.12312593661030335	0.4450487134654267	1058.414896696035
-4316.994822075224	2.6272078177430265	0.10503526384228468	0.0708272287197808	0.1394731903595539	0.14467701588593201	732.8531639085418
-4915.077288386002	0.6709083040876279	0.006578950075219791	0.0036558448424426045	0.15587504979265937	0.20593944468128092	1050.7627413152447
-4337.50029655751	2.85154200689827	0.12815765473459112	0.09003747215981128	0.08480452720149063	0.1487944715040344	684.0707751110638
-5223.3549735971155	0.41102431007831436	0.0022760247782609364	0.0012238227620633975	0.046225525840819674	0.2970753266655969	1055.940244150376
-4530.562904454102	1.4748249224264962	0.06249935913198906	0.049184267010175434	0.15382351068939765	0.127949309437563	890.237714140601
-4406.296160321462	1.8609753436349137	0.09247802742487599	0.061012949919035296	0.12309051102920118	0.15816467116225838	814.6762640437518
-3879.5238525268874	4.129075808163501	0.19599020410543286	0.5065583553924813	1.0148944213230808	0.16256298676283862	424.3820986252127
-3769.4763786717604	2.536398524935835	0.08361005599920805	1.4664365620736846	2.825139017508424	0.13411408883570894	630.031028369636
-4854.971084869216	0.7198754288789919	0.008886258711611908	0.004942007420866737	0.10421320468866006	0.16735559753913462	1049.2269806514064
-4069.352853119309	2.5970691662738727	0.1538580499498498	0.17506468178952247	0.7020224869936992	0.1708471645392443	626.8513392578757
-4312.83841750545	3.6666956771999986	0.098319757054954	0.06427459526894896	0.16974646307611793	0.16207909863250947	696.4065060395137
-4370.937259949947	2.349388219249335	0.07307832596162554	0.04578908622182246	0.08105347602856779	0.16159945323328487	808.2022404877531
-3931.449300520031	3.4390599776660786	0.1580710025617478	0.23872948044709663	1.091204012264705	0.14866828118141845	537.9465852453447
-4188.015054210444	2.4357025012451046	0.14883712387033482	0.11903577043877774	0.5717170068094157	0.11584915073261218	680.1348651080656
-4090.2599532454224	3.668319118374237	0.11332337871059302	0.10858330802227119	0.8183117958060678	0.1563489988314329	625.4987018835783
-3841.9032618491424	3.6743378382378835	0.1150058410484954	0.3036256901734063	1.8968440413644951	0.15273370949284654	524.0605305000894
-4996.9995262801	0.3495641024802202	0.0019446764486371058	0.001	0.18670826693546533	0.15117115725014768	1057.5923380156432
-3811.1514560762776	2.9792042649577306	0.1063373429176363	0.36085042767944836	2.0306171249967435	0.16888796055570052	564.275178194586
-5693.729183112857	0.5883887591365426	0.006294035588355241	0.003483816204659608	0.16353949370067256	0.4281122945085147	1058.4716882979344
-3807.7787655587817	3.288208926677722	0.10308442531191599	0.39962339009605313	2.0883501693789963	0.17691050115763823	536.0891900821226
-4160.834982753702	3.7301323716561283	0.21538664365026008	0.1913463105132237	0.36364345357397754	0.1606874063799398	528.8529304755683
-4542.798428821728	1.435464765528666	0.04489574806463369	0.026260163965336397	0.041566429900802206	0.14541104426415738	935.887171380987
-4390.474392791192	1.9715836631554395	0.06880770994176984	0.04225457284143432	0.15533438934981025	0.15420125688580816	844.6792866429196
-4660.065174103495	1.1356492407851224	0.0260327004668428	0.014735044296881977	0.07033951460969698	0.14412625859064263	996.2672926424179
-5159.379621798331	0.5632970101352002	0.005215436005784549	0.0027983241806188515	0.05852345606443254	0.2943296940386624	1056.875128135879
-4818.989317933934	5.003356441202929	0.2306642866491333	0.795167784612134	0.9087598812958443	0.4564859955927051	349.031568662438
-5355.742505146813	2.9088917203214137	0.10652883933580017	0.07617934085541019	0.2619134716464703	0.48414496545645774	707.3249535899339
-3822.6272583188074	3.6623092869906557	0.15408741934569195	0.7589364108667083	1.3621844136875811	0.18254034887476311	438.7062216415676
-4435.786504124083	1.781722480720522	0.08126270526019552	0.04998921269502133	0.10842600200963576	0.13259234496785957	843.196307002853
-4709.762098186116	0.9782641829503375	0.024694787741811938	0.014476214139405088	0.20987293075914687	0.14471147641952714	1016.432261557772
-4099.013313852499	3.3317751909418565	0.28515980780907585	0.3310371752265077	0.5956172925829148	0.20719607855191913	483.5956604815493
-4885.943890740917	0.6391976591242864	0.008706031559997182	0.004834116608982041	0.13436969254345738	0.15111810601113906	1058.2153178072833
-4073.3296715140614	3.2991505423503322	0.1578684285184896	0.1638133814255886	0.6058945990129447	0.16398237971316737	582.5359600863956
-3946.4250052320276	3.0407686176436584	0.12545406886012964	0.1786926641282431	1.2104634669824301	0.15552823271016	602.6580118578124
-4519.963630098365	1.4047237622183504	0.06692632594544543	0.04303187758859678	0.15900647899993145	0.16937572249230987	904.5705478471363
-4615.285194980736	1.318275552358135	0.0672483811836351	0.044657738632612694	0.013677491687087089	0.1255753866794725	915.1444999147791
-3830.1597895534046	4.332391407601564	0.13943993224971496	0.5960557364390835	1.5493915232361415	0.17339320214002923	426.21161265657196
-4214.341043492388	2.527569380318038	0.12360846248908695	0.09978763754915132	0.3684269479888452	0.1532219573134894	697.5876033040488
-4210.335991320035	3.446332631508218	0.22546129953802055	0.21627433043634503	0.27047025218966153	0.15723918284512053	527.4765936914539
-3765.877919014871	2.778374255713135	0.09235289995994209	0.9626727471086984	2.5370318004439585	0.14287221162281058	572.2203628105731
-4035.243439204279	4.280485817907862	0.25776841804165485	0.37884373375737435	0.5478353330324331	0.16114835263229177	426.8922070737147
-4858.894384730799	0.7342340775102585	0.017003938131140494	0.009682800356474904	0.3746479073115015	0.193381144652837	1054.3076777048163
-4219.214348164613	2.276513151000661	0.12185084109230966	0.09457498497273804	0.44625635546070913	0.14222525931216393	724.937829893395
-3756.6969937915073	2.6215518524597075	0.07597003879571729	0.6240287388347313	3.110525395606431	0.14107885662909292	626.4699362417972
-4902.396705798838	0.6367270533247107	0.008341673693320764	0.004655540265731308	0.04502034178264488	0.12358989601670527	1057.9155163294893
-4789.6188347961515	0.8434227122655779	0.01508924661191105	0.008540335015343238	0.12069244365720756	0.14306261018324648	1038.1756202675977
-3969.6053767518133	3.638038024745027	0.20117145631884056	0.47675017059058494	0.7349816287946658	0.14392255959373582	449.10748834164167
-4038.640873816443	3.5397573328170067	0.23843184168088327	0.42588987013590457	0.5598172729336358	0.15325015552565427	455.68197416702253
-3777.6803454447454	3.3708333556171026	0.11759484949365326	0.8821740371606971	1.9419411778812947	0.15028593591590028	482.2978153407571
-3831.6958754212533	2.298183298170365	0.09617845770695539	0.3549484219245284	2.31615551420647	0.15364625356569306	645.5123364461642
-3792.4390376355987	3.7469479625666122	0.13435697764125157	1.0435083769202202	1.6003622120381418	0.14889490943835004	432.4533229734254
-4011.442229740055	3.2875381805690598	0.21999610621036014	0.36480733552028105	0.6515538482573571	0.15189606532012656	489.20778562273506
-4995.8032904702195	0.5134499600013407	0.004939579766416953	0.0027781640253319844	0.12299016656307096	0.2164041884256443	1062.6828253878034
-4615.733810171197	1.1717243717319887	0.043417295227137005	0.025930264372725328	0.1410884319176167	0.15730380410871486	969.5659645418538
-3796.368248627308	3.9145316691050263	0.15724660451121436	1.304829339117113	1.5222610694907037	0.1543086842367523	405.19142213850563
-4804.566483875112	0.8233069357039418	0.02385019873848889	0.013762961156084648	0.10483506061914327	0.16825193321450302	1040.2270305707427
-4277.510694843106	2.6872995140520213	0.09574766824276568	0.06749791212293556	0.24297342542985387	0.15827935871331353	737.8541891116812
-4324.815805131713	1.9086144968488452	0.08455614771054451	0.06133481108883894	0.3587837888033236	0.13973651690940125	813.3544042136831
-4445.544843447202	1.7976598448708745	0.06026556305012635	0.035406555023525375	0.0763684569445831	0.15542580450203536	876.4720479086603
-4570.148824646553	1.3567261740990484	0.053344054164098494	0.0321847691577697	0.0059089840900341676	0.14184257905341896	931.3459710247037
-4314.944252455017	2.445338296478813	0.11609191235905193	0.08299968823937527	0.16029344798514963	0.1485104216172359	725.0172410732682
-4445.514138132906	1.8519660325734253	0.07529075963498894	0.04676224090537947	0.05321838920322695	0.1841983984612162	843.9065398530101
-5131.345805103301	0.7374511332538529	0.007779945663912263	0.004487782489624811	0.17067576596143255	0.30843720638016137	1047.0274648223485
-3772.839834432489	3.218114893338311	0.10953650077941401	0.8372497378961297	2.103245113285982	0.14910230536353286	505.13984275183515
-3891.4829785477123	2.5674849837894413	0.1537800144159896	0.49439593081856303	1.349023486719579	0.156613324813356	551.2848452552739
-4386.994366350159	2.4614994285270457	0.07472892622885044	0.04543792243276635	0.009079430581397114	0.15591681488048265	801.2461997621888
-4191.724125531454	2.1035953683195276	0.10865647294808636	0.09330964579687016	0.6285311951036584	0.1698432225995977	748.1253088594118
-3828.6335029459215	3.9760584154792173	0.1305746187549536	0.4297070202058762	1.771810043084255	0.16559961325832423	473.43479712118665
-4346.1978400770295	2.386041151153495	0.11675003160634267	0.07230260965268173	0.12012368520523327	0.14004344822116244	743.6073133218474
-3791.4868815655923	3.1746215889311973	0.06420990911342385	0.35792215425124924	3.757514029912878	0.1390576048059767	610.1466784086575
-3829.5113196023253	3.7122936916582003	0.18079975420543618	1.1867731050992294	1.2005810274844135	0.16251692056056719	401.92045077437155
-3780.135977417365	3.3505252075487113	0.12075271111613628	0.9821004421879519	1.8833392114919896	0.15464327718151777	477.0725476706081
-5834.742901157571	0.687528133379259	0.018713086134917612	0.010999039357171843	0.46287339916162534	0.4616487087753697	1064.9268129020447
-4977.221870535923	0.4036491871581416	0.0023453848786422833	0.001272222960193984	0.0633625015338567	0.15038138615398278	1057.437627205847
-4653.985008827133	1.300602163242767	0.01947448580347734	0.010995683889586208	0.05174363510354279	0.17849176905322778	992.0802474758859
-4964.368494355755	0.5434967415635213	0.003498028913026124	0.0020253716516244625	0.06019640795091991	0.20074070763136534	1053.8113696279631
-4289.800126440422	2.5909673872834964	0.1317825429625568	0.10016157633829934	0.18836994355525466	0.16134353993041192	689.1483251524722
-4896.874312043746	0.640115562075361	0.006312609385188313	0.003507016524613215	0.0614501625838138	0.17650580161752796	1053.1308056498972
-4230.527061797038	1.8926509721635223	0.13364679660096523	0.12875958726046466	0.587005472497335	0.16301317656728662	735.0484207460348
-4653.380790246402	1.139718685701423	0.058551168674366307	0.03629116713169853	0.09127302799788184	0.1708628543219076	957.0267914366638
-4888.26639759526	2.610506865262042	0.1163814168346942	0.2141237825283431	1.5973387327164805	0.46471811659573997	626.7466769985479
-4760.9502228161455	0.8769848448772053	0.03351987211460698	0.019885963715416326	0.2900491645715365	0.14556160838107893	1027.5357823157003
-4396.609014850254	2.5056230830993558	0.0497547336659024	0.029166605736520607	0.13502903157357493	0.16227481857143242	853.6411307955732
-4974.373111601154	0.4672745596614318	0.003314990446493445	0.0018212577983104748	0.14662003985698754	0.18899132809590774	1058.512677837923
-4285.242414748213	3.635420130945058	0.1930637827912178	0.1756414521303389	0.368499274959581	0.25665113822488	547.4939057264228
-3754.6283395374744	2.4119399977199634	0.06883064436839702	0.6520935053729323	3.440900322598716	0.1352683339455785	673.6884985062692
