# /groups/rgutenk/lnt/software/anaconda3/envs/donni/bin/dadi-cli InferDM --fs input_fs/fs_086 --model split_mig --grids 178 196 214 --lbounds 1e-3 1e-3 1e-3 1e-3 0 --ubounds 1.1e2 1.1e2 3 12 0.5 --output inference/fs_086 --optimizations 100000 --cpus 10 --check-convergence --delta-ll .001
# Log(likelihood)	nu1	nu2	T	m	misid	theta
-1669.9073482197523	0.29237531144632806	0.05813585163506665	0.11303685537987501	0.512973361267082	0.014755460069515886	300.6639598480489
-1690.9859362957036	0.5591634873678484	0.12709230237031038	0.284149272622624	0.2528074827610883	0.035200367587026375	224.63720419915927
-1653.855254673957	0.3741099545933444	0.08513930380170462	0.20395790696613628	0.5359751355670215	0.044984190270022754	279.0736351057273
-1649.864490749351	0.3316743573453701	0.06875448831477378	0.1669607357969481	0.6526162523587142	0.022592298531399286	295.7155400116362
-1719.6892839425338	0.3147627114865554	0.07315447420454743	0.11957121965560394	0.13198623211147173	0.040041481372990066	286.48550464656466
-1688.5369656730227	0.5419909669195675	0.09577867991039571	0.1978742246488452	0.2696595044336504	0.026463958049491636	232.38269388224907
-1657.6637785146827	0.3366206389670788	0.06908928480858753	0.14929734164603764	0.5637198273710395	0.04666202652155923	289.3265228076471
-1648.0084325058538	0.41189578085098577	0.0886305369138572	0.27982673630590854	0.6413467927027993	0.049058798849948605	273.4555699913147
-1636.829871536439	0.3006803828212965	0.0570192314323275	0.3364306512280605	1.151956195338439	0.023261782644294453	350.12809889447993
-1636.9407342891616	0.32464017038356374	0.06041649737541987	0.4276368473326025	1.0576336429123951	0.029146905675381748	341.5694268391371
-1706.7889644260317	0.4201106040082438	0.09073867838574967	0.15426596435588746	0.17763122455303015	0.07673958432147962	255.86526458316922
-1675.7054422071346	0.46040501168793413	0.10003420150025753	0.2120710716496402	0.307839977975507	0.0417511511517763	249.55673647536645
-1649.7593631779578	0.36097588707919076	0.08016056703867944	0.20314776950080007	0.6026400924542853	0.01858598757737399	285.8695541781395
-1728.2148821331639	0.397948487062091	0.061866210053295845	0.09760620680527361	0.11702116980561718	0.04575123015253148	259.5866630155703
-1648.0079603200247	0.3068631576756575	0.06372938526200189	0.1744316277311442	0.7933023420346514	0.05202799935159459	311.09679541082164
-1640.2839335711355	0.28967295934995274	0.05854194157506201	0.2171951925174425	1.1015105927257518	0.027404675523806692	334.4480732443895
-1638.2552513926205	0.3478943945495699	0.06691817511560263	0.38405537102337667	0.9349439569359982	0.027214543781247057	319.7039630966599
