# /groups/rgutenk/lnt/software/anaconda3/envs/donni/bin/dadi-cli InferDM --fs input_fs/fs_033 --model split_mig --grids 178 196 214 --lbounds 1e-3 1e-3 1e-3 1e-3 0 --ubounds 1.1e2 1.1e2 3 12 0.5 --output inference/fs_033 --optimizations 100000 --cpus 10 --check-convergence --delta-ll .001
# Log(likelihood)	nu1	nu2	T	m	misid	theta
-11308.512540143165	0.22945473556540574	1.568111861171869	0.02300849644216935	0.001	0.19447343506702824	2483.727086860828
-13133.412051653127	0.015205852555099538	0.44063054091915654	0.001367945868255629	0.2576358587796287	0.24713832477767705	2968.4321257445317
-10193.36579698972	0.4448408984736902	4.4812604710410255	0.0469018822676036	0.2073624722598703	0.21382967652849452	1894.435712414897
-10091.72865361475	0.4952353688388068	5.150915139792339	0.05599338477352644	0.3789606157985376	0.22143209609550654	1773.3391889275338
-13135.309223462315	0.01141786342369928	0.41166746639353785	0.001	0.11079650125247803	0.21753468845822982	2964.0103597840816
-9704.508993124795	0.7669468508712387	5.2316776113969805	0.09175229074257125	1.5195274350715304	0.21591116629998183	1494.1723330754935
-9951.54594483112	0.5943430491101686	5.439079226461053	0.07698817361364911	0.644772641485386	0.21351616350293645	1595.9392465542508
-10398.476624627434	0.46662463726409764	2.2937414821530506	0.06859186000007154	1.1971446740503506	0.23378452008189413	1956.9890663631452
-10209.136479874242	0.43222812026032625	6.077895782685976	0.0449573604218052	0.12102039864078483	0.2189420585925347	1855.2980442807275
-13152.499628181258	0.011260322479710424	0.39866873007770504	0.001	0.1148546093699582	0.20670177169345855	2967.4221310365024
-13240.99308730684	0.02460012771524581	0.5080815250105641	0.00214818211620089	0.12018264979622525	0.2982211886097429	2961.2245089296416
-10284.971866977503	0.38506101512665086	3.957366370855315	0.03976705696997775	0.07999083632704708	0.22037355628637348	2009.1380312939327
-12687.102446494737	0.04472952735998872	0.6905022126438727	0.004289861861080607	0.20136715661680685	0.22853912967988826	2926.2451765589785
-9603.623798932347	0.8175641907230706	5.2074637561653105	0.12413396108705407	1.2055963923895987	0.22002390733637492	1364.9774775028045
-10832.022891971708	0.4455187370746846	2.4475042205515574	0.05347480521741969	0.13659707093710685	0.22971288570429338	2016.0425077665084
-10339.552232620543	0.38219573284542213	3.3716716389558603	0.04161859591615631	0.17430661697775296	0.2109207132294311	2032.1661300238616
-10094.478565851923	0.42992377840103924	7.594102151946695	0.05335493771506018	0.5794254242239361	0.23468293486180708	1739.7567959949406
-10067.587598893842	0.6658925204914864	6.623555611434589	0.08033868988610583	0.5353270931087943	0.23640201706797792	1513.596997052888
-11670.258822681304	0.22601358945059358	1.2686745330988998	0.021722797352870787	0.10956540196927693	0.20504129614581665	2558.355881324515
-10838.501957500848	0.32482670861866914	2.0309592323114822	0.03470804003468943	0.3569508704125745	0.19593536321404276	2259.3983554247916
-9777.029473510567	0.6520779357668369	6.048564940031614	0.09208859965413739	0.9434502459471511	0.22507744935933516	1480.0768257839381
-11491.458921176774	0.1515300029205715	1.4023977747848373	0.015830260464506023	0.12104369021170126	0.21598699067498667	2630.088187074684
-10161.977293831013	0.4779790365663668	5.8364542678935765	0.051946674395004534	0.2339753344430418	0.2191944499953054	1784.1903049342263
-10714.69798698091	0.22472304269866328	2.597283199415945	0.022724153519092433	0.03337747962710118	0.19012864020231307	2362.447902709614
-10322.080444116193	0.39130781910831225	3.8553609132363253	0.040177413050527314	0.036336226507461995	0.2032792360649548	2008.489762022104
-10389.225342809503	0.3328299064119733	2.988509001494527	0.036601254409987946	0.4978292296702084	0.25764216293277625	2130.612610452848
-12910.515553895664	0.03376260895921774	0.566047765897135	0.0032461518706397574	0.23597302250543092	0.21009855880066453	2960.3512187275564
-13120.894959553598	0.016693142187251705	0.43289049506028043	0.0015210895814892083	0.08017898561142697	0.2319240526836682	2974.1206211214585
-8852.00722480347	0.6811711287454739	6.204807561386568	0.26239256668709776	2.239664144962973	0.2262995614683706	1099.403895544905
-10583.35099128158	0.3914593576965759	2.848815121465113	0.0397470406626376	0.001	0.1862630857142003	2087.620465578414
-8673.49578483202	0.6621250330163365	6.3574370441377335	0.33236459321742434	2.787341590425591	0.22716425063558093	1041.5333671860676
-13162.849424253769	0.011212276187662067	0.3876481475163347	0.001	0.16380234773417096	0.2116284362390608	2969.958269940091
-10869.855869195613	0.24010863102851743	2.1002916274936663	0.02439523042999409	0.001	0.22476589219731924	2385.1147598780167
-12437.495505903671	0.4718044532460913	4.56855178508308	0.04636032640048686	0.1173359371578334	0.48771186660781046	1885.415171771109
-10383.778832745946	0.4143736133758271	3.2245830494695555	0.042266182860879374	0.13602287848896766	0.21823417961026276	2024.6851103936115
-13774.313890047493	0.11495695279099898	1.2034330828996267	0.01016171692191145	0.001	0.469688606436808	2735.6555026343676
-9932.382490829636	0.5193664218668884	5.032147765390316	0.06796158788090433	0.7105416857767891	0.2064087086805036	1689.7872558232145
-10720.826440136942	0.48559555948666	2.486038407515256	0.04852845211604761	0.3396559637530674	0.2709949652854029	2024.653225112289
-10637.970926317248	0.28327287025268943	2.532939077012396	0.030144362278381423	0.034583345920912764	0.21083886260209872	2256.9337145583686
-12905.110324968588	0.030147674301915478	0.5746780275072786	0.0027874990981274703	0.09437729900687494	0.1989362747775367	2953.491099656412
-10290.362044135876	0.4032197078157214	3.3825146567866042	0.04277051746857262	0.2817999365859491	0.2185370184198217	2013.238792502036
-10263.396722096559	0.4016585520287238	4.284483758621625	0.042265795152103956	0.06602522488446763	0.21541678021093533	1961.2732475550308
-12404.928475837414	0.10906354084277556	0.8341831665074559	0.01046514412779939	0.1205089814279451	0.2250470641482739	2828.834828103291
-10816.71707328371	0.2957346547129469	2.16051946416033	0.028570244004838298	0.013502707678833827	0.2138638411593635	2305.956922449108
-11111.201938737984	0.22257523275917002	1.878201043613559	0.024467026982906544	0.03965644331080789	0.26629300988310745	2426.3491995531367
-13040.621198574832	0.03540032224562801	0.5058642410708916	0.0031885516371208456	0.17020029700199873	0.2057379290047296	2972.026275577278
-8844.511097114548	0.8419896135003893	6.6796621255619115	0.32792905254117677	2.1638688206304733	0.22497463916479193	981.3269344999285
-10283.522577329331	0.4034694449669358	4.158965279096901	0.04086324403261244	0.03561532612515808	0.2177458065520094	1980.2709177490906
-10226.963848431835	0.42417302510385757	4.849621187449344	0.04351561270957224	0.08727054089611011	0.22131699557440568	1915.023304321532
-10081.32957459202	0.4896883815448006	5.440330208510522	0.055948979290938367	0.399229175939107	0.21266091625020134	1763.4575313972246
-12758.686878042408	0.047034438738669554	0.6462553951841978	0.004348719847358433	0.1485586329131838	0.21567307182139714	2933.526127693168
-10885.282898645186	0.22096632617185274	2.100147888043025	0.022997828089927966	0.07410833743381157	0.23599195432843362	2411.301199748842
-11215.641198461166	0.23746605201393292	1.6345094840246759	0.022457902230965526	0.0408819636172061	0.22189167397912207	2470.2965363239177
-9520.462757106669	0.42679825137052685	6.435274538665848	0.06962116659518527	2.1992596345500104	0.229304194529704	1659.4575852840908
-9362.976801120672	0.6184027972305023	6.9162979037304035	0.11275299733497318	2.0182842632882516	0.2140722205422622	1378.3308497312507
-8972.936763734877	0.928851061513455	7.097920452964822	0.36563353886113914	1.7180435968069072	0.21388675538557686	913.4313939655821
-12123.020121860996	0.12777256793880243	1.0142009084707506	0.012796424274952692	0.001	0.17775922648182485	2753.592186764587
-13142.289882117537	0.01142792031785248	0.4140985484692811	0.0010152234515187271	0.04497166646196627	0.2001011525142783	2964.899156300975
-10592.059852403185	0.29172302124398863	2.6167883853699934	0.030032509592790402	0.09045154961278423	0.23195604864613414	2245.2024087590303
-13087.791954763818	0.021355778710236046	0.4797378806875583	0.001969944621577624	0.026968505134397223	0.2501656427608665	2970.6721782052846
-8583.657899073127	0.42285928111645654	4.632979179070024	0.3182501113367561	4.22962625550656	0.1989123138928213	1277.861766526593
-13134.089199006206	0.012745419098884896	0.42647186945091126	0.0011343161917259576	0.09466913298085447	0.23828704098536754	2965.5598607543534
-10094.463116551506	0.4666827284095632	7.4085016049589285	0.05445558116822778	0.507866018354307	0.21811947264651635	1722.790788889115
-8532.63352237049	0.5974197194124652	6.989757613476542	0.6451719745485487	3.134551205788524	0.2300593705077892	897.6496493695101
-10087.114640040336	0.5061033106037071	6.100988230722109	0.05553692688146319	0.4182024720958726	0.21113831655716606	1738.1264372293163
-11676.951032609139	0.49667264778967407	3.434241970061595	0.057662289602153215	0.5332714199503042	0.43786420370808027	1865.3729060789815
-11203.205269493492	0.21789853123815098	1.6525702516476963	0.022278468427423346	0.009948099472051403	0.22447172811310048	2482.9121319461315
-12966.746955322082	0.02990023609815709	0.5327941174821126	0.0027579495827756138	0.130235760874385	0.2075102450470373	2963.7467432470557
-9429.39435603214	0.5773126028734281	8.185358202618605	0.10813072568705204	2.522237641516126	0.21310721527451634	1371.73430889498
-10434.271860724255	0.4626714406673332	2.8132315610613903	0.04753231705202614	0.38760923231600336	0.20475286024014	2003.5220413409195
-12997.599481150513	0.07744856379182978	0.8670461910541484	0.006964388712395146	0.0010438923126556664	0.3570832127106605	2852.5049780173604
-8591.823963632425	0.6543391981970201	7.422894708249298	0.5578870935774074	2.811495096337596	0.22413340783998467	880.815666765333
-9999.485295578777	0.5338787407123146	5.748829171998935	0.06629517228116326	0.5679390939580881	0.21299811102255495	1664.1662418679348
-14660.953503635887	0.06370372219128702	0.7452732333685554	0.006124642810935736	0.2400895322507246	0.48090244472271004	2899.516686954628
-10205.184263815203	0.40006854785810747	6.331887419560492	0.04325898812265074	0.14735513569820097	0.21953527596577607	1875.8293770952955
-13230.60762247184	0.011290025628578627	0.33996465887305355	0.001	0.11079866827126506	0.21347396934471172	2980.5684887913594
-13323.57812164645	0.011299049377583687	0.3801420263099431	0.001	0.3790785107360506	0.28180211347882045	2971.014208353116
-8992.086273049888	0.5048957093966464	6.308310988044487	0.14135053517105675	3.0141387357272578	0.2137771246553384	1356.6273095015495
-10590.831993252204	0.4685247954102094	2.8040972822508343	0.04594837243531744	0.0672110893015543	0.1994920367798511	2012.3961773097865
-13048.562342206576	0.019583424631253513	0.4803861375868425	0.0017742590104979949	0.08789168890367603	0.2278956745877446	2966.6849891987786
-12234.407285486805	0.09269100375845138	0.9333872464352428	0.008942798088457812	0.07564020706059284	0.24491057637166846	2820.351859647433
-10204.331567178773	0.4127696749120627	4.140152941540911	0.04352163534583741	0.24169176005835005	0.21395933452210028	1953.9567790890694
-11865.839118712725	0.2758661095414796	1.2349535902198507	0.02852736979986913	0.06661843715089222	0.20933525385343935	2495.015398484113
-9985.88373044919	0.5181697162238215	6.199180399481345	0.06119376576734583	0.6473007032783687	0.20880180472393087	1688.0816546215117
-12990.850625621759	0.02461575239688258	0.5250165264217314	0.0022715668539555834	0.14260946876971656	0.23752887650181845	2962.703757815205
-8587.293119800288	0.7496485699083728	6.925696157274422	0.9335180713376593	2.912169373324863	0.21382144255462812	800.0533445124097
-9261.49682239966	0.7055937576227719	5.457609311200592	0.17825554304012586	1.5676447305129424	0.22888297330816726	1248.5080864754943
-14834.202818091146	0.011842444328246247	0.8066049357799232	0.0011047161080388961	0.1044519597513812	0.469798055692453	2928.4266088317936
-8943.859609413295	0.5488016151928607	9.727827656391334	0.34757058155067816	3.245619384076326	0.21637734996669913	945.4328342231872
-13196.380592230458	0.011236068900601697	0.39250413614889	0.001	0.22130333357628124	0.24948966475474169	2968.821824191416
-9365.303018016879	0.6552612027075957	8.877870968558655	0.15398993730813149	2.378744891178411	0.2463869640154622	1189.1431782729337
-8763.239587653386	0.8296195729608407	5.854161774730461	0.48123059891811926	2.153541491843467	0.21041229252824187	933.0582372610507
-10425.133222572515	0.5822043164507621	3.4576617420940825	0.05603305724103275	0.14429005084034235	0.22028167327933315	1844.1357571300412
-10972.083488546925	0.3228903626642464	2.1013224985901457	0.031123964513147445	0.0010087486492284378	0.27307699408607816	2276.850686235617
-10923.894204142427	0.21021400405128596	2.0385204513987856	0.021914476865932727	0.05526272449880841	0.21260307317948396	2436.499720593958
-11078.409215541422	0.22212860642670962	1.7904214029628123	0.021796722153561304	0.06643093102291193	0.22430346183052735	2462.13793522672
-10493.673560235378	0.3429748672085981	2.9395972676939675	0.033741385647083316	0.022747226742252633	0.20999234293101426	2154.6978153260316
-8496.438179807184	0.5501908304741777	7.004261561704631	0.8268131418603039	3.4788472297911457	0.22405048564781094	885.8466798649499
-10146.119472299752	0.4603971401032174	5.246744208449879	0.050340147708262645	0.26056125262627533	0.21576517852162033	1825.5031641053395
-8547.020611625647	0.6215018034374197	7.733045717310513	0.7543989413469039	2.9751538830162696	0.2213248182055425	830.3833937393456
-12518.282208750796	0.0818100470616964	0.7727567410632813	0.0076756587725983205	0.16090507633198808	0.2039494360734532	2874.532140298285
-9899.543136738712	0.5990507143282106	5.1680634692233935	0.07240487324086178	0.7661726523298771	0.2161891583186626	1633.5847094359017
-10403.012777420163	0.3069853168689902	3.3181017273177567	0.032581690911354245	0.06556172326200153	0.21611922208629566	2154.962417128546
-9582.495987163826	0.8038445570659528	6.467339517297713	0.15123674151331756	1.1304567412623225	0.22890422326181428	1232.6617407153603
-13118.46457868975	0.01377390137221955	0.4313319033075974	0.001232061732929724	0.044119932264124063	0.23134783092692957	2967.120476598959
-10152.372059238493	0.4508579714408518	4.568858177314851	0.048697701760663396	0.28621028152235606	0.21889606568791903	1873.2172465499032
-9053.360035412921	0.9204469022269489	5.351662889914242	0.39063489407051827	1.667252020680677	0.22098238256524722	985.4043236715034
-10231.722105880759	0.4391358896399785	3.8497419221929374	0.045404531150192565	0.25629034409232165	0.21042426285409538	1944.9002302684687
-10206.986592363553	0.4122197388452947	5.237563314879977	0.043489215077783056	0.11627883146998036	0.2189610936856756	1904.1411646057645
-9101.053699387108	0.6925841463591702	8.548867570746722	0.25072971833056507	2.3327842116034003	0.26030552097550885	1019.6368937379174
-13083.907683638716	0.018300778235724346	0.4529660384848828	0.0016672079992355348	0.11565572709065117	0.21522624719978614	2971.934203846167
-9382.433220207573	0.4305644340598662	7.2575169319326225	0.08997017524987326	2.902459920984146	0.2524877262168722	1524.3211583057346
-11180.51190769772	0.32047250133999716	1.7939252248486035	0.029466946502952236	0.1552104351834942	0.27218846627173765	2337.385825578555
-10136.786260911971	0.4060179564353772	4.4172863240380424	0.04593007094085627	0.3701877129175497	0.20748277982897376	1920.877797136273
-10076.518344670272	0.4655044671053145	4.398167375667069	0.05310389159991943	0.48270114124077945	0.20802438579257698	1842.4827988047618
-8595.219589043372	0.5881024295721662	7.082212208694827	0.43210945852212873	3.349374683747396	0.2204702178353394	978.0041933004092
-10211.253392775136	0.4559104417823273	3.7776015450288942	0.04871620141548229	0.31776266337066544	0.2174132834571711	1916.7827130611151
-11048.147885282111	0.26282448849843176	1.8565719845862028	0.02627351414927569	0.07235481955091723	0.2506158142613198	2387.405663827436
-9558.391751862626	0.6194675911241371	4.038404592928274	0.10360959236956924	1.4907718370529928	0.24032066777398478	1560.972295851944
-12382.965076093698	0.06813558608596383	0.9380993206411459	0.00846749331439638	0.25050268588738045	0.24214708566028167	2855.22116409684
-8484.61701166605	0.5082604206409155	6.500439082500182	0.8323603331837508	3.8125629204258025	0.22741479663443523	936.2999926637227
-11310.368410812669	0.17001646939198664	1.5790930148697837	0.018051100799055544	0.001	0.21466375600747367	2566.523143228015
-10171.443785833764	0.43574913098322404	6.330909810474503	0.047433468138746486	0.22904021376126227	0.21750501608568762	1822.8137158514617
-11446.97477915891	0.1586473079519512	1.453789530127211	0.01599342555861106	0.00709886183690603	0.20464244597734582	2613.048166117178
-9511.161360071359	1.0040359050876295	6.435035049017964	0.21058019436189657	1.1500741858618677	0.21980989405221657	1083.9920882761423
-10150.375614347864	0.4467220998259645	5.3067349605983285	0.048311755106096976	0.2513148311602747	0.22347023187573406	1845.1778791944278
-10148.556061946621	0.4583599500666761	4.889728462883901	0.05019313125324739	0.2683625054134269	0.2174756119543722	1842.6518140765636
-8950.018918081543	1.0701845756035568	6.805337765138735	0.4274046282135816	1.91128691404711	0.23149082553729944	870.1019982141321
-13070.368933064497	0.018244644610372552	0.4708562565914451	0.0016823882692577883	0.1711042750748984	0.23528988159147052	2968.904430793334
-11006.09730850186	0.26602490499208215	1.876299232179266	0.02667978327664479	0.011288237090114481	0.21429650962750849	2378.857796067372
-10241.1076695708	0.444543570229723	4.220271311889404	0.0466981195401063	0.1541366961523958	0.23175794067655275	1909.7521207872135
-13109.542306933172	0.012972490331469109	0.4336311357355728	0.0011708060826925804	0.14686408333072073	0.20983060006645723	2966.0073026373666
-11584.245373130361	0.1687144128235886	1.3331372979436513	0.016911272737371183	0.18943759263017876	0.2499983933576906	2620.526882011965
-10794.822090520678	0.3232920875505248	2.142707779643433	0.03387788533337057	0.22428744568454423	0.24050687254033817	2249.8300339362863
-10037.104309159668	0.5080662878470343	6.053919036062827	0.05965300212953643	0.5029590450604502	0.21874203661162242	1707.6016981870193
-10423.477413540644	0.31662988176607354	2.752993628735924	0.03601558533906506	0.4643334909974996	0.20769601216095243	2165.4674862581487
-10165.45836468359	0.4172816082758075	6.079106725515453	0.045071638065534235	0.23120066294045102	0.2186262838870259	1859.6072557592488
-9317.42751875687	1.0768924554728951	9.856786550039468	0.4297056945174007	1.2919096996967865	0.2220368402832549	760.6245580900555
-9077.683957884314	0.8257822520624776	5.874521056367174	0.4276730060559953	1.5647257392958718	0.21121507230133843	947.6788006214289
-9785.438121085112	0.7985675729292698	5.262023258289205	0.1382047003698771	0.8875772600929553	0.22813695182166432	1324.0750207927176
-13587.670616193303	0.020907909397321144	0.4849459305604122	0.0019291777787330128	0.06713941797862538	0.34550999430159035	2968.934122827104
-12870.98737328153	0.03878804693151643	0.6097287759934393	0.0035989125112831388	0.08786771962861664	0.1849392937636825	2945.506694941051
-10164.636838043136	0.4562096331891955	4.855604756923229	0.048462586110207456	0.23532597430368624	0.21785213586193772	1859.4979254483621
-9151.740007803623	0.9566733479119669	6.123988188624916	0.2954269244745481	1.5134819612988328	0.22619777412169034	1007.0136300104308
-8481.6347065602	0.47357369551930495	6.114835679628318	0.7077588557231852	4.056207218257989	0.22270041067351024	1001.4588119374123
-10321.906320841692	0.3591090946344526	3.6102946869920136	0.03749466952208805	0.11112544929494057	0.21116535596823882	2062.6293084756453
-8501.443101705623	0.48772079898005627	6.210304010615696	1.0311463461067376	3.671299358593631	0.22884388860752694	929.2675065510861
-10253.294471978092	0.3956675380213102	5.066821987464227	0.04069205948893605	0.0038190593544945466	0.21714162015370705	1944.1247730050768
-10186.544447169337	0.4377958843641862	5.817023356563993	0.046634390072970044	0.1691446509522787	0.21654570293722486	1845.2136004755162
-10067.113634010528	0.47576771939910445	6.316369564860306	0.05519436549406856	0.46194281652988545	0.218501746068715	1743.5042909365907
-12804.078271555869	0.034209691941058086	0.6300029963696975	0.0031670082169868163	0.10593397612819794	0.2067673144484503	2940.992441403462
-10385.820391635847	0.39381771758006695	3.1463634925352046	0.040664021362271784	0.17620035517375385	0.2102691845099262	2053.1895493950256
-8790.489742016816	0.7872215312507332	9.434792655456691	0.5730045780070273	2.2821075823027175	0.21000433703361768	768.5740364882879
-8506.052006950524	0.5305980659960423	6.104829601690835	0.5753589776723679	3.611342781302184	0.21095301887640547	997.1970225064514
-9071.590474885717	0.8451401055340283	5.844769532768885	0.3093095297549631	1.6237551323980592	0.2315199858617245	1029.439956632958
-10235.008744507066	0.41177696951769854	5.281415412186505	0.042829643621465685	0.043680738700951606	0.21862152986108663	1909.1494593435004
-9013.316829340964	0.8745976407328259	6.170015450028842	0.23523980758651192	2.2838165691090966	0.21672764168457295	1094.9526046176577
-13039.00231411888	0.022211567562959573	0.48483166172356607	0.0020498443704015114	0.11250773633343399	0.2118962572287739	2970.4234600086684
-13019.036130250348	0.02477357484167437	0.5000082347992322	0.0022856650233147252	0.1346582236093558	0.22616740436752672	2969.004365850276
-8815.371579299497	0.4743181363194574	8.995490197043136	0.4439496282220212	3.380443442738209	0.22153334602701538	933.8327211647454
-10119.944898388268	0.43597194144878926	6.330863247917131	0.04931699204843829	0.3550250783831158	0.21955858389000704	1805.7437740717708
-13405.740586172502	0.01124525446435623	0.2655036420826892	0.001	0.017589315761152715	0.19673282210976156	3005.3933736320537
-13454.346473526584	0.027882887866205113	0.557749937202781	0.0025553095121810246	0.02350476433199455	0.34321356203380415	2956.0120856606623
-11252.571083331033	0.34702652464000133	2.6632041324634845	0.041912602455182135	0.8365094322062787	0.3885815589144737	2113.087855116773
-9108.565317073426	0.5869993267685034	7.756887107664179	0.17680408729879576	2.508841029311806	0.2394523564202306	1188.0292703361206
-8644.762296413928	0.5556891291072731	5.707940427285184	0.2760552177317207	3.2208366302582143	0.2227525199301168	1163.0254412937388
-8623.240133000145	0.6391288504315659	6.059210231141934	0.400810696377652	2.7312262086224672	0.2257825668655771	1016.4148198367348
-13067.963476736066	0.014104621928637293	0.48543606152161806	0.0013104106969391211	0.1847520490629426	0.19506635713313206	2961.0725481117065
-11247.337447299238	0.27779078120444717	1.6064786978707022	0.02664305565503792	0.09419953915394769	0.22224794198077488	2417.271620681432
-9069.852182840294	0.7767022847062047	4.575475991445662	0.258193320607193	1.9092948362912905	0.21575403262638498	1181.2860887476268
-10276.66395243299	0.44105106076204026	2.349541155187929	0.0538456144101352	1.420671814508455	0.2142091770253424	2032.3795811311452
-9052.71546976382	0.8309383841434601	6.655733620065531	0.30383335695531816	1.6457841077548094	0.21627367411632353	996.717356560443
-10357.652532688217	0.43368281612934684	3.070251603211609	0.05043490481866222	0.3564854897799144	0.20869195612479594	1969.3702181669437
-10285.247910654469	0.3341177292238754	4.23634344213664	0.03822061772081204	0.10491338249057251	0.2066746625630509	2030.6511612641561
-11234.536067860416	0.2484503462909256	1.8047834609075009	0.023171717683938813	0.37056431128439576	0.2943001147704062	2430.689953122722
-11315.39816145106	0.24192422114550774	1.5450436754265418	0.025913933805321195	0.14323093115522434	0.202848039862722	2459.5448948664443
-12501.071495417944	0.0927422054561061	0.8530663759723016	0.009163130545693223	0.21945184220340344	0.28250364936520206	2842.090691047091
-12487.436325013461	0.08334857782954733	0.8018304946010233	0.007892389873893256	0.12856512743603085	0.24796063012312258	2865.0294089476506
-8538.662231284286	0.5614156114634995	6.072049073585556	0.47336530986946046	3.3869597676242096	0.207677069471917	1018.2664624311832
-8845.229215275309	0.8655757702126854	6.764692880003914	0.6369388236857751	1.7517007476419064	0.21993594195127755	814.838655064318
-13132.617844954493	0.011269472205295205	0.4126264974614765	0.0010033905983643178	0.11178317344622409	0.21803785556072447	2965.039504299543
-8938.001288550553	0.5318712670031783	4.46456282783278	0.15981456495813712	3.1175475693881936	0.18034088017782604	1418.7225104253541
-10957.060422661056	0.253201063128697	1.905542709188057	0.025750322164429733	0.1484183396480844	0.22251760838338916	2390.837576963362
-10614.055744334943	0.3391765894482677	2.4762812808517642	0.03373065906944919	0.167874843794804	0.2113150323314006	2201.3740767181307
-10100.63741426449	0.5153933785253201	4.437177551080766	0.059858497647865404	0.42074296233210257	0.21726712289563305	1774.8555480616271
-10157.291059905398	0.5557644042243559	4.551918303020171	0.06321569085977496	0.3403092583767508	0.20432573743052418	1733.5035475689576
-10185.533599538961	0.5073879997840774	3.878342383923013	0.05582185049496411	0.3676402820176619	0.21112195082999743	1839.8661197975966
-10230.65449154112	0.4128475721678032	3.612467506924848	0.04958854390993227	0.3626079001579986	0.22239777511256595	1938.1570752292985
-9852.15747172419	0.7089998407782563	6.7135212404283235	0.10081375071152911	0.8616574352720641	0.2351438102475613	1402.9699509388508
-8489.032235976385	0.4616285338281311	5.599954327822737	0.7450899444965988	4.103385776104039	0.2182082139175573	1033.2882512106933
