# /groups/rgutenk/lnt/software/anaconda3/envs/donni/bin/dadi-cli InferDM --fs input_fs/fs_059 --model split_mig --grids 178 196 214 --lbounds 1e-3 1e-3 1e-3 1e-3 0 --ubounds 1.1e2 1.1e2 3 12 0.5 --output inference/fs_059 --optimizations 100000 --cpus 10 --check-convergence --delta-ll .001
# Log(likelihood)	nu1	nu2	T	m	misid	theta
-14490.092413459706	0.6504918169037439	0.006073460076930825	0.0010064353677116688	0.03722236357772532	0.13308066772888627	2581.7922269739124
-14585.463253919994	0.5970957265638561	0.005976805139548682	0.001	0.05767369706965661	0.1623722415560796	2586.366187310006
-9826.856997585875	3.9002975146723537	0.471695410768197	0.08539165913590586	0.3566425994873495	0.18757262752209075	1466.3805110266203
-9275.640676866082	4.971597992853253	0.35490470827843457	0.0607044609376376	0.018120483146836383	0.12914136575507348	1559.42836668335
-14738.74424560762	0.47129212587020763	0.006049781755130024	0.001	0.03682827486771145	0.1422912510373167	2599.5302720463046
-9061.34087182878	5.470326386628773	0.32375009684340167	0.06538951534832556	0.0045114114892563905	0.12614879605199356	1520.080724024777
-14184.497864389312	0.9107747335120995	0.03407815254409497	0.0065603755001886	0.061771572088040044	0.09894322793487648	2538.6011285285513
-14504.18900137325	0.6507612327319452	0.006030215282014353	0.001	0.12884715664842988	0.15156795098671066	2581.775827774021
-9391.748366064125	4.699280985172271	0.36935155898759947	0.0763708252188031	0.001	0.15005868150175225	1483.7573823947764
-6984.069501345578	12.91281592814402	0.3301026316131797	0.17820955074259248	2.1123700078461747	0.13495263525162635	972.8697905916866
-7181.946077472414	11.707810176258773	0.3898021153058956	0.16412940184293712	1.526978108796399	0.14603413812848076	995.8810962797874
-14289.52520422418	0.8222881625465568	0.018174538019415216	0.003158543094684286	0.18622440221933928	0.12524229435173811	2566.046881018674
-6957.141830755013	17.008428035787986	0.44521696708731473	0.21500568791161026	1.4443407692232606	0.13647235326074214	823.6952021009066
-7000.122203359445	15.073459379958358	0.4161272554567504	0.32492338695675427	1.939527995224856	0.12674002511911006	737.3179200776325
-6981.691701510837	23.409200855248407	0.5307721725261345	0.25032925510085074	1.2907904767697536	0.16950133794930675	713.5010979329847
-6857.505144725838	24.4730800381355	0.4057272240464731	0.17931171013206704	1.7455064364431905	0.1360361807260604	854.7133658710466
-6839.922106339745	15.124850991136865	0.33854891293509887	0.2207274774601601	2.4052216273477356	0.1418567103952986	877.7048559033053
-7557.132066328168	12.055410166241133	0.43062889513048863	0.13617887973332032	0.5708788451861002	0.1290101871633511	1039.622590252358
-14321.78264425489	0.8074792651125199	0.015380301929100686	0.0026829222951218865	0.13992369608799893	0.11992548270718771	2569.7293933344936
-6793.956939914907	19.407051560551285	0.39010661562370036	0.26279969621135724	2.1280170489912935	0.12837085244937935	765.9390151749393
-14490.357484180075	0.6499938230367934	0.006024735968123568	0.001	0.12774177482837337	0.1362582680025657	2581.8652477012797
-7179.862231047879	16.58125052550533	0.4751996345928166	0.16209138716906987	0.8574663029838824	0.1383605958611167	915.32627522447
-6857.564961654076	18.51498554564028	0.4315454806809011	0.24788952943378098	1.7843799075511677	0.13448207534461298	774.523241156202
-7109.287738416249	12.746792424062896	0.40463876605722143	0.16568730625490302	1.5346818891892973	0.13832477908524737	973.8218329486895
-14583.503144893355	0.5686635268935011	0.006026493559658822	0.001	0.26772025493496443	0.13752073674398543	2588.6777561738527
-14858.36025447911	0.43115344073474704	0.005883541594026602	0.001	0.3009512767144847	0.10671457285994831	2606.56146218053
-7150.328082855214	10.426317820819053	0.29928329590722136	0.15923239487546267	2.2952960845861203	0.13159063726189735	1066.858190003881
-10332.018420232893	3.428203599746496	0.3845708114919487	0.08027786376390411	0.06903332509167033	0.20022965573632195	1553.0923152334278
-15267.32254329826	0.3001577712838451	0.005950206288606257	0.001	0.06382631622776586	0.16360185802741578	2635.4858225572566
-14301.94111924077	0.814790616730262	0.019179047362962318	0.0032749013766995407	0.07687524792654024	0.12914047957509422	2565.672586256373
-6838.508560341212	14.062949129594204	0.30993408481082396	0.22101624798996647	2.890213526360064	0.12502021906902883	910.2244698582901
-7998.168205331047	8.988251089354018	0.47427275988187295	0.10997466005994695	0.3873572147331947	0.1499211908717318	1170.209762249601
-14162.847490752882	0.8925852588678285	0.020888578248602515	0.0036586189974896245	0.04819483621483682	0.14036963763072507	2554.655685397474
-14411.806580914052	0.7396233311881601	0.006521881869968242	0.001126928953896958	0.037900057642010786	0.1277732972857412	2577.5765049696465
-7068.027600328043	18.33405868218894	0.576570047599833	0.2535519826398049	1.093365928169365	0.13641953893391973	732.6493445357955
-14431.36675575229	0.7386826175997966	0.007286813901010862	0.0012194295402707866	0.3606240834263908	0.15718885034382912	2576.6186909463363
-14469.761568789594	0.6781102492764098	0.005964420204071526	0.001	0.3280525023029922	0.12235608997881835	2580.275032414774
-7459.503562851445	10.890346056854971	0.5273557731933617	0.18145148068062963	0.9819806257299319	0.12793910890010673	939.591841255798
-9232.541612402116	4.218211436926019	0.34936865371329817	0.0913435488051098	0.8552072546533289	0.18639953089418476	1464.0206017878634
-7469.802925966629	7.834329823312537	0.28583669875774287	0.2574234939262113	2.9313454565952153	0.1306698171929286	1008.431046014319
-7204.129098923087	11.768503384987417	0.44408746185398723	0.2248412887170854	1.5155907330928178	0.13684619178943733	876.1985001827301
-6776.397862497226	13.769358037393129	0.2164018281490057	0.19222746219784567	4.743606959809159	0.13518810640792112	1041.0235335396605
-14687.491675801426	0.5057801047441108	0.006100958608159109	0.001	0.059859486306080914	0.11879073581748614	2594.8409605056127
-6981.52105577537	13.106051785909285	0.3213656588999117	0.17600346376197448	2.0951210065991157	0.1359904091292902	976.2540281770272
-7216.759958633419	15.95374189532094	0.5902797422388585	0.3385332636958475	1.1748233007557032	0.13994060321228466	671.2012086698797
-7591.435533889946	8.88315312228419	0.3685605411122033	0.1550165826844538	1.2150455324161613	0.14905821750702794	1074.000693640337
-14459.578781987677	0.6824143916311898	0.005933161928944316	0.001	0.01860476134838236	0.13373920845250678	2580.117640336587
-14171.662751837981	0.8868718719962354	0.025878546464559175	0.004693751236462179	0.4048909881283392	0.15285768809095301	2551.258205506867
-8334.52977391393	7.388329551798795	0.37627135185444643	0.09155697960945194	0.27520479895205474	0.13395175521822703	1306.2811538060705
-6812.02812462882	12.892117156436269	0.227292239659047	0.19827974291288403	4.462495485367803	0.13628983464333264	1031.0120834040351
-7191.3813577675655	12.37725824036801	0.342850389867965	0.3924034371660999	2.625676524157954	0.09898727726782643	768.921551245088
-14476.135482363243	0.6698909267992916	0.005974748806511273	0.001	0.0382943700098454	0.14424165689758878	2580.7260379005074
-6719.430679558251	14.359415955613118	0.16004331641491729	0.37595582588134396	5.6453897310708605	0.12596365453222136	949.4356212750442
-9000.643663552073	5.386676230537278	0.6141057556378624	0.1941839033592347	0.7093457480402053	0.1538961411324833	1073.8535042609406
-10485.358153281551	2.9431246801002438	0.2237690758201836	0.04413884032987689	0.024270970538684385	0.15824474393858526	1853.5571209249847
-14540.103057636257	0.6044814714459357	0.00603672598778926	0.001	0.029352280157654467	0.13021240142392676	2585.36415273401
-7809.982272478726	12.697173460020775	0.6666103503245366	0.11642224108740558	0.6128708770053835	0.11777522839955487	1056.303377096051
-7072.76118752603	24.63427045644635	0.5731242802995999	0.2249762006496515	0.8952515182693177	0.1347492260770353	729.5628956618485
-9746.73513263969	3.9251256017616236	0.353020019375675	0.05776921461902303	0.15811623085278215	0.13741805269237276	1634.873615249055
-8449.756722336073	8.017427352136158	0.3895855470900929	0.08178625027823	0.01575357746220955	0.1408237657754069	1330.7026269612825
-8179.394110365027	7.409269725534746	0.4421827720902243	0.10701387642888074	0.510136996002538	0.13565154628346524	1229.5212217438113
-6973.725636571077	17.394430488569988	0.49127765856412536	0.24347553562367305	1.3998812738837778	0.13471879427140737	771.2876616365874
-14402.44064900892	0.7644230956101937	0.008860146124468268	0.001492061818815309	0.2404251797397236	0.15752024657287333	2574.9297513211354
-11971.911332020612	1.691787346399086	0.1265827464952927	0.02572026374633447	1.772966895365009	0.15731783791332585	2206.052022901907
-14349.663128199292	0.7851896673058684	0.013346104412920792	0.002318029755104741	0.21483827007746073	0.12459058843650275	2573.066618995048
-14868.616889558903	0.4123634018633009	0.006044349920258992	0.001	0.10704489553286958	0.14696181248719972	2608.6238369898915
-6925.008725869987	18.455646940914185	0.4306551898239336	0.18729071591970511	1.4826500292011058	0.14182984839134988	863.8354415206024
-7276.975809341709	13.161966556083492	0.5330382802010378	0.2637800260272463	1.1664809635836337	0.12973580884934402	783.2930272053018
-7527.68194389016	12.757450230591811	0.43698525315011966	0.1433994840519812	0.6893185765571762	0.18368935906799086	1009.3625543812723
-16929.554445635942	0.7084017956114886	0.007338915668774524	0.0012460006415534145	0.16034094250048805	0.42434002903981116	2579.364599736416
-14971.397041469661	0.39136800168491714	0.005954626507941109	0.001	2.6563583564363906	0.17148141632809014	2613.4817850035006
-7120.09101874667	11.704303190757392	0.3724695649891953	0.18924030681328285	1.7895041022872877	0.146776748405555	954.157817977335
-7066.045202250198	15.948362115913726	0.42189822644857544	0.18258361125166658	1.197336249578234	0.13816896771397638	890.4284078844478
-9984.769814206735	4.21932652370867	0.6680590420971283	0.15086508776859767	0.2701928619495916	0.12992316595954395	1210.2566803933862
-7800.757189026362	16.119402099234186	0.8667378577203092	0.35575328531308564	0.4644570755320946	0.1312588780123825	615.8335986086869
-7050.392514592884	9.953880147141922	0.20477059861912542	0.3485466350478337	4.5089684208061085	0.13234609881077286	965.8816090162201
-13053.528991849085	1.7432011866040629	0.1137930470396537	0.04065708290259531	0.10548488484628475	0.26470604837121353	2127.5017938876026
-7154.307638433802	11.872865153384598	0.40127221594092644	0.1721568260857921	1.567185361848096	0.137313267176816	974.2390801642242
-8199.748688355252	8.397329631901716	0.45857738997571373	0.11581545846651245	0.23602433833573533	0.1332445851914247	1165.1404237202091
-6805.523418931938	14.222106451557247	0.2718912747075458	0.33205060590541646	4.168730027390656	0.13337356918726698	854.9243367990979
-6792.775567207034	18.10222918872745	0.3504325051485564	0.20452298997265783	2.2320325306279147	0.14054317869489433	867.4265358698906
-7721.889171955631	14.269178874249732	0.3262044027372384	0.09642887415618705	0.33997968446951427	0.13198026136863322	1181.2408553921257
-8489.857967639546	8.253758016528344	0.4223881570538557	0.16597622552009186	0.4853333085097913	0.22533699358828754	1044.3277376538888
-6755.526442426558	23.44242312959924	0.39300632001645397	0.35296310936695613	2.551405380548041	0.14065705982780388	672.461992017273
-13934.424490670355	1.0251685546609917	0.050234657786230215	0.009588079328991785	0.40149547285688697	0.1924249229937816	2491.556644625863
-6667.098581558115	21.44813223475056	0.27668471430708014	0.24316835070075768	3.3547698661539616	0.14044229418806511	837.9990715044243
-10672.436912953879	2.9603042932086585	0.5541928386692312	0.10566351126533147	0.5117291135883983	0.13668489550439378	1463.413709731068
-14519.780897247634	0.6339264100723593	0.00602839914902112	0.001	0.11395514450219646	0.15045117575854766	2583.0517226657435
-14464.405041677923	0.6834835397603544	0.006016096878556165	0.001	0.09252626275486045	0.14533135358828328	2579.5613051465393
-15064.60617302311	0.34533920699669834	0.005951845910851316	0.001	0.08086439181398906	0.1181337671622867	2623.0000700651417
-6774.32204272589	20.149153958338452	0.39575044243961777	0.24094152956963694	2.1700957228873294	0.14111473372412037	787.7631378583594
-6999.25267697377	14.926530194385974	0.40783392929437895	0.29859531181815013	1.8973344119842603	0.15617702652859594	761.9501242208938
-6710.919137003483	14.804220360548578	0.20224669647204105	0.3187555145748077	4.910478371308642	0.13427491233504923	913.969507854964
-8913.993912059557	4.970936382418433	0.28637189166577776	0.07465184701507767	0.5449859706677407	0.14928387091124815	1510.2252426623747
-13515.259524618868	1.1623984599983403	0.0790216018979477	0.015460640255737079	0.2966869249743041	0.18801656893739346	2409.2632567308087
-8329.8728097634	6.877051908206347	0.5720865870177353	0.14584315734701558	0.6776283504882511	0.15866410674683448	1106.7323459615507
-13530.455802221943	1.1971064763186268	0.052262650511519904	0.009047575581996085	0.030148938101026517	0.09571508008155255	2457.746859430984
-7892.181140625389	10.409128941921974	0.5390308902534959	0.14216091489268606	0.3172303886652958	0.1338888508808079	1027.7003155834238
-7078.825672604323	11.214844860298479	0.3519046526204216	0.2239559553986378	2.3025347984615463	0.14130076405803346	924.6032712164107
-6681.421417113538	22.338600511787828	0.29335516718371735	0.23091384337364967	3.1012055001081884	0.14108111786175534	836.0695270647599
-7048.682486115	14.512947547011837	0.45559977313851036	0.17585606870035467	1.473685481180842	0.14537030040687096	919.181724703612
-14663.771469455165	0.5130334646907562	0.005980268673235508	0.001	0.20379653855541763	0.12977617528259616	2594.777040119942
-6885.340622602748	15.858344135269471	0.38364683082832207	0.2603310825977524	2.0663160859616654	0.1264129167560175	799.9784599197278
-6996.9721113740325	17.34528315118523	0.4852512115935515	0.21780761913046848	1.2827445958147021	0.13506699229600533	806.7454775033777
-6741.233868324061	20.97381646106219	0.32060877224875656	0.19512853167945543	2.5769425647926143	0.13140381681731667	878.8427932425764
-14774.749238777482	0.4631760159014764	0.005975649642703291	0.001	0.1981282531368651	0.11275261430728495	2601.14616961585
-14587.480888786256	0.5698914083174126	0.00599860206656985	0.001	0.2994052590136124	0.14525804244420631	2588.73855539326
-8421.080569018528	6.700361212802777	0.4063045696096375	0.09654026551966356	0.3751428202816691	0.12939195690702823	1299.9623273742022
-6688.950966665213	19.17691035804072	0.29116525794686626	0.24474050260398988	3.186330093590308	0.1358946869133418	842.4575714992548
-14597.637906171285	0.5705504582077887	0.006036095603614779	0.001	0.10069991916000066	0.15272493210132293	2588.410282393825
-6699.390927232983	23.458989792190202	0.3019117859355601	0.27932661291676986	2.8233052390728477	0.13607420450055827	761.4982904533424
-7390.856214120745	13.265679581902317	0.5012227731271366	0.16299822833576558	0.7024777622173453	0.13035952847124618	942.0933333847776
-14575.266430577185	0.576907318878635	0.006001577822371743	0.001	0.03903926696870105	0.12694503582156835	2588.018057670388
-14625.553349124797	0.7418455895592503	0.005990715770363798	0.001	0.13837748149682094	0.20674166770760177	2576.1113115827675
-8752.259037386097	6.395122807803354	0.4502411137796196	0.10049979855409236	0.11772053487820688	0.15956063120095362	1282.2120406968074
-7560.875542363972	7.799608416723397	0.3139117234197119	0.1391204942252264	1.969221616862035	0.13424463623475721	1170.734295576441
-7934.900554378017	9.082269748954522	0.41085722208078074	0.11307152388463643	0.4333120734280169	0.13584370177522148	1170.8810835574288
-14476.045583873818	0.7208143642485487	0.006049827650718788	0.001	0.10307165873477896	0.10438238291189918	2576.9882130159376
-14544.941260822552	0.6560158520961485	0.006052918510689126	0.001	0.18773973915424813	0.10161020077323402	2581.2656141940747
-6691.904532220376	15.695778705410675	0.20749182660759594	0.23926058951232237	4.6586075746940745	0.13409017639168125	957.7991700844674
-6692.1719355877085	22.613588395148682	0.25227098276540355	0.38734623497073173	3.5598831072069412	0.14357326147774843	728.0990270871939
-9129.065269736251	4.960352709670185	0.2679084675424966	0.06742108034376394	0.2060359828505256	0.14504203775726882	1553.3654369169012
-14467.0987175195	0.6736493182870725	0.005989691277913527	0.001	0.21435918892949188	0.13225043964436728	2580.408636167519
-8462.438771537481	6.196983593235005	0.39245990623163296	0.10473738758236671	0.5224056858979061	0.13149890597009653	1292.6051277711695
-7479.145636224721	8.262840853482622	0.2903459441445792	0.13562493402911904	2.093446214742763	0.1519643236744224	1175.4123429313483
-13664.32684659511	1.0796052586866993	0.07107957012200246	0.013822271798135484	0.001	0.1211416830552272	2443.1355637126762
-8500.777670833948	6.602539011199869	0.39650137929761126	0.09429199922583313	0.2901569530094316	0.14367141480256457	1314.3834611241214
-7894.406892679208	7.489138590652585	0.28338028182990216	0.31582214461311975	2.252556966742116	0.10337865841697119	950.4485677555712
-7847.375547681211	9.16767445127652	0.23262415840163522	0.08895130977077408	1.1689079000690854	0.110654651161928	1326.883816966067
-8362.737954192944	7.028672526677359	0.449844585269368	0.11740470068050034	0.3743104092035704	0.14749914769670758	1203.1094423012057
-14543.90490960278	0.6294220799336898	0.006533286188713867	0.001	0.12427986156517322	0.15516396169756896	2580.3640613802413
-12361.954204920909	1.8234340389532442	0.10320358364819136	0.02027641493961866	0.005349771876890016	0.22502621989990126	2238.627954224719
-14541.275772961302	0.6034465078342196	0.006059838552224593	0.001	0.13174209916905785	0.12987999945348022	2585.32787730494
-6688.645591251718	19.898634585715012	0.28706246825167736	0.21406039656239106	3.2871039792415937	0.1366444386906247	882.8225567444524
-14423.954734754256	0.7477250798781869	0.010004004849583465	0.0016735628830501419	0.001	0.15877829385424141	2575.9194255670463
-14518.348995017372	0.6235071956281804	0.006105076735703599	0.001	0.43262533375377954	0.13802885752542168	2583.4558129561506
-14263.603168840928	0.8360147374365098	0.020807063482759246	0.00365863969155973	0.11648994749070657	0.1405103398934057	2562.601495040067
-14453.049766089049	0.7031329239078958	0.0063323330015053365	0.0010498914932595728	0.0010623944956986685	0.14990124795844806	2578.315611607121
-6767.808289264332	17.936015510931565	0.31024257122538174	0.3362454181235487	2.881640943760187	0.12911034322551618	751.8617542737994
-7231.237771587847	11.34819984724736	0.36922842224365776	0.16199615253069166	1.4543487686605048	0.13334867618754917	1009.7445284791439
-16918.06280085602	0.7353211749561172	0.008506621301246742	0.0014384629612760086	0.07554451011043224	0.4254431020843842	2577.3682748092656
-14900.182244634341	0.39617374798191285	0.00596450303531741	0.001	0.3315175610584962	0.1324333820956138	2612.108286329424
-11724.954250814953	1.9690148576865145	0.1576563627858024	0.03920286563779698	0.050501490570232614	0.1168385095854675	2051.0507006050298
-6795.670642347414	15.96002944390375	0.2175245914671365	0.6713736656506045	4.55649872747405	0.13447258599076606	770.6375347406099
-6874.294372893333	13.107939588099804	0.28155421037802353	0.2738326198148889	3.141528050969389	0.13572320695071444	877.2907470349088
-8260.497048576426	8.829580739125946	0.31875370248275475	0.07529228907347377	0.14876226024193437	0.14277388846952369	1368.7145544649889
-7311.244550181154	10.773043804341661	0.4366947630360392	0.16013474423065774	1.3689491605338078	0.13252920899380435	1008.8419380987932
-14366.110523002595	0.776738211489958	0.009699736282549365	0.0016576321454899654	0.18518491112742377	0.14449363101535478	2574.326889938805
-7483.749642629632	13.082401468206479	0.5507353022626624	0.19418132452015996	0.6232459491268613	0.13412059911867888	871.8755246271489
-17278.221501236356	0.8294537646286433	0.020328887235572902	0.0036698898688853417	0.17844950165640922	0.4567466255347034	2564.903790608875
-14532.349134068425	0.7310659657410384	0.00667175898396836	0.0011243750131813754	0.5087733968578793	0.18629583359738852	2577.321969219062
-14088.63713824499	0.9310617759174867	0.031046070115977112	0.005582881357972629	0.24134175860991144	0.1605732220160443	2537.4658845789313
-7097.457656768132	12.805689520975074	0.4176262585788916	0.1861494684315487	1.5427941192243038	0.13746390116283957	928.5807935964696
-8408.908245835266	8.006885180229377	0.4035422786461208	0.09063902489316869	0.06214755609663446	0.13472817149686836	1284.9919777417144
-8427.071967178817	7.072641007986882	0.3956726735486808	0.11603706527624615	0.3043159501509994	0.13182916449974152	1218.2081596986336
-7984.942121578326	11.989837895363063	0.3557837417555419	0.08270634564090477	0.11249353551822754	0.14103855181426195	1267.4800476637106
-6620.364614596257	18.465550650344543	0.17491469555548986	0.31494910266096254	5.795215941273137	0.13290711332531496	931.1754828896011
-14564.939656791954	0.6101797360980064	0.005986718853975834	0.001	0.25879992258234713	0.16037101948792581	2585.2323537934503
-7278.259653379433	18.32442010362896	0.5751346900601216	0.1729842689332791	0.5976111473735255	0.13762910745470117	858.0220421324143
-14572.569374741017	0.5781797261035881	0.005954920099847876	0.001	0.28592960350070307	0.1279086057073915	2588.228863298719
-14428.3059685798	0.791481920278442	0.006095193562911342	0.001	0.22326805519214155	0.16914346493345178	2572.8368632263036
-7380.856945429294	9.601067568805739	0.3306715419364147	0.13860409978479318	1.7434704728059192	0.16400352659650827	1116.4050358044408
-10230.357769832055	3.1231706467639455	0.16571328117046144	0.05526560792205226	0.7019357375211077	0.1802946855294948	1806.8014877401072
-14391.032241307377	0.7525786499402624	0.009116017238336192	0.0015040890029897893	0.0018418580387935812	0.13730746911738692	2574.9976198299646
-7710.957749483759	7.7060815384499515	0.3637916364710689	0.12969712146607362	1.4421719341674741	0.1321207199311157	1177.1485028364634
-14630.673694845174	0.5345727832831144	0.006046128891937139	0.001	0.10201193106662997	0.13127333085448073	2591.957863283391
-6614.12764839041	21.432763601024373	0.19570422155216938	0.31599415863755165	5.182831076338082	0.13324456920888797	870.4837136762243
-14916.501669371653	0.39220972547226157	0.005915665317790564	0.001	0.5346950634943233	0.12287989747008965	2613.2194086746063
-6609.603208831245	17.481531412464197	0.13106642520993916	0.3583411964334787	7.985510579143053	0.12616020531417133	1063.010680542358
-14334.204372075841	0.7950480148787944	0.011882295434544402	0.0020483036577875783	0.18469987696432252	0.12908986331625624	2572.304829891148
-7791.474255146979	11.289025796786134	0.4387429555153057	0.11388384344834988	0.3205214043759711	0.14843847085662196	1120.2457581635713
-7021.974619883664	23.55609195071532	0.5946193403305442	0.2116299308071939	1.120808271328952	0.15203201341618133	758.81761160834
-7235.554363412115	17.341494804843673	0.580198587963598	0.19800833259302086	0.7914209865596558	0.11164341794559281	818.0526537332437
-14745.341139434124	0.46652708443586466	0.005951211326102356	0.001	0.09203593916934218	0.12878354758621904	2600.814385852407
-14554.121371827627	0.6009162900986255	0.005955789225042197	0.001	0.25040489897617957	0.14895883604392612	2586.198846573903
-7328.946918009127	11.593389261600407	0.4713590351404317	0.19954687005024158	1.1304442447654008	0.14347120756946383	906.0743998577469
-6645.622533135156	18.418026101693453	0.2022763506307061	0.2453388285228924	4.943568727427132	0.14104357730019915	938.1837805854187
-6892.691797212883	15.310330290869642	0.37791272987338764	0.19387115442388153	2.1121458570755856	0.15402568007036957	903.4188449300585
-7034.725669119467	12.972777932735719	0.304207277476181	0.23296455283174466	2.8279193046366573	0.1944380944470244	909.0307573902198
-14657.44870908266	0.5300178967723417	0.006016119092282787	0.001	0.07814020914524691	0.11460829598950066	2592.6309537370503
-7133.872586649344	16.95230926917336	0.6006391881285837	0.29534191332702175	1.1468684827339217	0.1349647390043255	697.1298299991228
-14550.375922796582	0.6341462795481827	0.005801023648517666	0.001	0.07155985543042831	0.1068721441050015	2584.412345848307
-7573.759372212511	10.272002421987667	0.44345274883932173	0.14488092254483012	0.7952927555497665	0.14128365720045533	1045.8635795778882
-6717.427595365668	17.84730048554371	0.2910611657844436	0.2262729323390589	3.0304451778175427	0.13664778184677812	872.2323742054527
-6953.864496556616	12.415007821820433	0.3192560711905027	0.19253471770834546	2.551559129826019	0.12669112783469944	966.6003542875598
-7064.130824812885	14.295620686449698	0.4200837619894733	0.1789864235514047	1.3811928268556974	0.13736333739483877	919.6080017809361
-14598.611049876266	0.5596272917316855	0.006015354755854767	0.001	0.11566315260251307	0.14232785780415666	2589.5905858316128
-7401.106277458523	18.685265630809518	0.23661373734832286	0.15628376473258912	1.2534087771046034	0.12626435878571807	964.7677629742535
-11546.325538835408	2.0595328837817797	0.15031710707242008	0.034456386807967185	0.17929829430999694	0.17096780098255793	2069.2201908264133
-10238.603630547654	3.139446623282873	0.2162750208436991	0.041884039876718	0.2764045435389425	0.1327801139785607	1856.6773674042665
-14418.906496041796	0.732858141799076	0.00981909926451814	0.0016433435169772564	0.0026250835242055248	0.14464244672840434	2577.2865960216077
-7299.052908964686	13.35713687112687	0.5179274615836177	0.15596439002710283	0.9248119658922379	0.14753727085278023	958.4137160643767
-14429.181364158256	0.7566607204756962	0.01072753315183279	0.00183616846248057	1.1543180993787998	0.16697672788215828	2576.327855636383
-8515.699130665551	6.4141239466956605	0.3630969388954879	0.09010437195032636	0.3417846498939306	0.1294013128677347	1348.520373307733
-14630.931812884259	0.5339914798832954	0.006006051809489441	0.001	0.24037330932426657	0.13242968218277087	2592.2938621819935
-6623.218403078369	23.272087652186062	0.21821272454114696	0.3075726963074586	4.610742914822883	0.1340102430892198	831.1084776655346
-14282.131509500136	0.8277428086161691	0.015370062510995866	0.002639813038418296	0.10629441661390263	0.14008784537373134	2566.8193417578495
-7058.969868991168	9.58473286059649	0.22804513194585616	0.19283617309131182	4.126421787215213	0.13330711147902918	1091.5479005260934
-13952.911858939598	0.9732313453125255	0.0451718052032248	0.008347965653779855	0.20411842246762876	0.11870917104824506	2510.1059201822713
-8355.117664098705	7.464039033627488	0.5643129764902701	0.12376988839776726	0.33102969495906004	0.1363818565153145	1145.1153440201365
-6739.218730411589	15.247019311842369	0.2006669630880693	0.25964680782393257	4.202288726234757	0.1268802706876187	927.8890496794452
-14373.844048207855	0.7652917587167685	0.009786239136486043	0.0016835598908984289	0.264135158927828	0.1310637575258759	2575.5574470386537
-6683.988288153231	15.466632640622578	0.178393629744751	0.2370091156097021	5.543449947667239	0.13139971878766651	1008.7468965435131
-14427.63001174423	0.7254998943162289	0.008891765135305115	0.0014939771807217107	0.09979043673996435	0.12209709814588088	2577.994552514934
-7074.0977842923985	14.403377832786912	0.5187753850285111	0.2671703730365754	1.6032787079109323	0.12998114078093717	775.0763738117357
-15028.815808881078	0.3565311639965045	0.0059235155590265575	0.001	0.14999649750151603	0.11761303171760301	2620.570314328198
-7138.497659758068	11.590650575419904	0.344297572079035	0.14650020638316458	1.8918010957536664	0.1254218432390691	1057.1411935169554
-14476.325513829981	0.6660079475931565	0.006042573767538333	0.001	0.2136081980053728	0.14049702084869936	2580.621135428749
-7981.433612808973	8.467405884876952	0.37317687901427077	0.09771928158381891	0.5614703484790102	0.15435526998002716	1254.9367197264908
-7180.15942242504	11.58786972423579	0.4070500345368404	0.18174029349412407	1.5494406896794957	0.14053173909185734	958.1813147074689
-6945.2649596632755	13.194505846639764	0.284727072387288	0.16052495029726604	2.490204360861711	0.13938230781155964	1026.748784092335
-14637.319149106728	0.5304341327244303	0.006130708133273111	0.001	0.09698113260751162	0.1315022519510147	2591.8750111787876
-7319.898045660463	15.669322589239352	0.5531425771483647	0.14489627479557704	0.7090830386521957	0.1355690100358903	954.3173876323373
-14648.854169155682	0.5246418874331321	0.0060073072044810995	0.001	0.1426502665618616	0.14270786406171404	2593.286191745964
-6646.168536951989	25.073816041775803	0.2558694945863837	0.2788448571966301	3.843885467938825	0.13532701330258734	802.6675687329267
-7095.645861237174	16.341363656704196	0.4332961720062128	0.40561903259294557	1.7159749437879084	0.1345736365029819	657.9747084034963
-6753.977206383177	14.312790643515399	0.2235970677552075	0.3216710389547708	4.424090335425473	0.1416929508119726	888.886216181972
-6810.299710475947	18.90944681645202	0.39497340683953097	0.236287264347325	1.9907370312853268	0.13673538787219802	798.2261726500183
-7151.789808868744	10.113599794524646	0.3285760349886548	0.21237706649489305	2.512874107366401	0.14717053327129573	974.5966212076811
-15993.169473037278	1.113964280660354	0.08271870777155345	0.018141719719194663	0.4952966567079024	0.42293805338650575	2410.5932051473837
-7050.177018690396	14.370752341522923	0.4733018961950154	0.22433794569333498	1.4762267886364864	0.13453468152488476	833.6135387412664
-9346.82857160805	4.676693337835224	0.3150289254687104	0.06405087551517533	0.01792052151694481	0.13422210127636586	1567.9530775166781
-7758.319567309192	9.63320029875105	0.4393076518219652	0.13761162241802985	0.6029665328329994	0.13227272504268708	1077.1148053232384
-8089.741445220042	7.046532562528384	0.2857063408571927	0.08950139041539414	0.9973968553873388	0.1266751662114558	1359.421704916143
-6809.6703153275075	13.294192090702696	0.19656768787176965	0.444160386639895	4.911387887187768	0.13568755002298843	882.9637601859947
-7316.79401542591	12.669019630360221	0.45732040636212795	0.16759750045598099	0.9267946006760481	0.14650777913570567	950.3237357952323
-13572.728221629106	1.7924708811797383	0.019448041921402773	0.0033902153706627984	0.1859857538299535	0.08751320254883084	2499.4908841225324
-7355.1232830076315	12.918192731002481	0.4406774189821745	0.13822594424238477	0.8293426458464016	0.1422051709830434	1023.2710700939731
-14171.156177605339	0.8901468301510278	0.024921577631191773	0.004419872058368443	0.001	0.11720977221871648	2550.88455680359
-7185.074547488627	14.377787702303165	0.5399152579106593	0.2463463762054365	1.1525101863082878	0.1479770188932684	786.8923450569732
-14719.999576915057	0.5173280738106562	0.006190370568560179	0.001	0.18268718974843057	0.10122542716852512	2592.9715796630885
-14441.037346584082	0.7259359979097343	0.007987995748709712	0.0013383476602339905	0.23193819747444552	0.1136959001543195	2577.6943225111377
-6741.3068447554815	21.8169837416156	0.35768180172968406	0.23435618038895956	2.326047791175639	0.13568143331765994	797.189522655356
-7062.759643429286	14.040746495752357	0.41300118273904857	0.16953518995982253	1.4457982188612923	0.13599503150685555	945.2282853194966
-6672.8475400259595	19.49650882699867	0.2681284507590292	0.3108935156123285	3.619760187475895	0.13828743299612903	796.8887329764101
-7141.767838170279	12.15737762891	0.3705612955204576	0.159321786375062	1.5681290903559812	0.13511105636116746	1004.6426264340129
-6798.562776378175	20.260707011656915	0.4043554945757958	0.24816737856672694	1.9767665975620607	0.1376131361282828	770.7520803013413
-6712.1871533406975	24.391872444743377	0.33570926303859905	0.269052933514598	2.5955697580608375	0.13427086724357432	752.7217421073702
-12883.738936954056	1.388332079069317	0.11268320222952712	0.019251931526361933	0.24048176643943553	0.168285494629095	2307.1577477685755
-14823.873115751278	0.5855806933460512	0.006031865847214626	0.001	0.1707878318822648	0.21474339247736143	2587.0656107476284
-8848.337938649427	5.344202243857151	0.2872522377461084	0.06910646781036017	0.53445530843548	0.10706287520587869	1520.8016382339245
-14829.738401454732	0.4314386353838815	0.006032492112166217	0.001	0.08362136797496031	0.15067313260049078	2605.5142864913773
-7758.935074784702	7.273801838144068	0.4101722321744922	0.16583611216004163	1.7161993327970169	0.1503667506579938	1097.4300808263736
-6991.402820790232	14.992412430379723	0.4013928921020599	0.26302489404055046	1.7315510076429337	0.145384996500472	794.1224634253681
-10055.25287112705	3.477583379000438	0.34134334683755646	0.06663206624601399	0.057698402095692956	0.12108861979623975	1624.6723499591874
-8751.545378461278	6.798952851647789	0.5997199682085808	0.10428468059568967	0.23331707977572644	0.18283780764060778	1222.3822359554274
-7553.16368983785	6.760170982720698	0.19118110467165536	0.12578008447381753	4.474804070537426	0.13884522380870531	1336.9224899412973
-8265.090517969653	5.1223939581095586	0.2971403164041403	0.11798806006326208	2.302778146608455	0.14571994866642954	1352.939407813321
-6641.5758755234565	19.046024756679245	0.21776766658087254	0.31893253218945333	4.5394051702516425	0.13430769348252342	848.6937850182982
-7891.572992954201	7.505160795800179	0.5139005038059739	0.15920625646878325	1.2816854894060328	0.1416639465987529	1073.5767996878715
-14061.832861084631	0.9256801695914293	0.03651631425249205	0.006831759260004108	0.6265122550484861	0.12157150422546174	2532.4798908388957
-7025.319690985998	12.788616653961855	0.40665872167507694	0.1878518305995451	1.9738984483391928	0.1434815155388691	936.6441343033937
-7468.965288948031	12.096254303044734	0.5109217115930845	0.4593971270013679	1.6992990297608097	0.12634465736918132	677.1276012204713
-6898.368218940696	12.054393300312519	0.25040673522208073	0.18170235100621274	3.5519282972158353	0.130136839250536	1037.0207383339139
-7166.1762109180245	16.764724930733003	0.5330726314779864	0.1925381784880851	0.870372847787153	0.1427262445940821	840.5754422138052
-6748.151130000894	18.068758044902765	0.3357563894560465	0.24259451954661176	2.599063620204476	0.1391088553169681	825.3731536121328
-6833.713673992653	13.446841635896444	0.2748990171156669	0.22693152310432999	3.1891633029312905	0.13477060592658843	928.7266199376768
-6897.328255953549	17.551580998266054	0.4455851456953785	0.2756071546183343	1.768613399892894	0.13808453825226435	747.7547918057788
-7186.215503646468	10.782495966755443	0.36861628070105446	0.16643556909013962	1.837403744705411	0.1422416495228114	1017.4811783621257
-7309.3040776654425	16.70556164812591	0.5736451014614521	0.19106404119255135	0.620882089310142	0.1430097416207335	834.4225628943936
-7051.934733922228	18.256215391318978	0.4497962383740167	0.1669106228965212	1.1011660230326923	0.14431494070484008	898.427021106559
-9433.021388257086	3.8219505775937774	0.3158173347415318	0.07667300861069312	0.7185794265644204	0.12985855981340333	1564.467727088709
-6945.01364702578	26.22616205483304	0.52212319254849	0.2358082476210716	1.2628649888020609	0.14811953645155893	720.2910829823741
-8381.944528847578	6.882775947643567	0.48271558643745693	0.1433427471458327	0.47653840782087065	0.13606432965373422	1129.152848444436
-7158.223225219741	10.967517393890422	0.2811405882529573	0.3735934518939814	2.9638968262437553	0.1443926143845501	835.791302912637
-7113.126612072926	9.807846720379468	0.2515959059385053	0.1577241049949747	3.2423218547712462	0.14010247885600946	1118.8123177090458
-8335.532003153772	6.311616265763906	0.44897376369978026	0.23487306628461024	1.435280965777131	0.09789542248475525	1016.3966708066675
-7659.65463655683	8.976942716568743	0.5483342852196653	0.1933337633171514	1.2048704867892983	0.1439710039672082	959.2191165972152
-6979.971525822714	16.032843393735554	0.45446171202165814	0.23887453695790592	1.5121166246867828	0.1320774843232814	798.4223971666324
-17259.02172166187	0.6451098113839392	0.006067176217522935	0.001	0.09596955486256155	0.4418791127815647	2581.9630428028518
-6693.950559764086	17.64197703030729	0.2699230398658242	0.28023968233894503	3.551176413904635	0.13788187990391768	835.5291082923056
-6801.196670593328	28.448619004019477	0.4004371309735674	0.23518878194879075	1.9701810018855355	0.1369744637681257	747.1939207719323
-14797.633013372102	0.445231088603388	0.006008312710663512	0.001	0.10783574328947923	0.14910193110588396	2603.5316598087334
-14619.854113504309	0.5482941990617268	0.006005093254867036	0.001	0.1537082429018068	0.12068730800160504	2590.7918400213375
-6715.385926560017	14.48525367792777	0.19408469614071458	0.2383302923272373	5.3522039013469795	0.1278456588166436	1003.6897997298269
-7689.052570777006	10.40153360892914	0.4143787933251685	0.1124945116752926	0.5961282015584205	0.13625073699127618	1148.0733974618863
-15607.800150491243	1.1855730891881984	0.018773502940637867	0.00397313155228679	0.15305839599872031	0.37470740608763753	2530.455347408265
-6701.279160045085	12.929017306743226	0.11913241555147584	0.29509803100665216	8.540594904114922	0.1326012815486577	1178.458242542424
-7350.459865444363	18.333122032327744	0.6376331176291661	0.19342310035666513	0.5264516910625658	0.12337573953417319	807.604805980196
-6817.6248181474675	20.87510653373724	0.43720423931056535	0.3113919145781964	2.0165604543800453	0.13876432623511153	695.6913078293724
-7093.78330636034	18.355377349739584	0.49189979184948157	0.17734011377049191	0.9552610900216572	0.13960697035903605	865.3028681097511
-7077.292406437991	15.392519610627348	0.4978194727055066	0.21705172690665456	1.225219477467675	0.14065482111817185	823.8245232525402
-6914.7832573327705	16.4584088038062	0.45709514206326257	0.24873579573889143	1.8065241462879158	0.1289242115370112	788.3476760337203
-7288.309105504529	10.354940820746446	0.3906791516471838	0.17087173441361236	1.5576800801254185	0.13812136201634864	1006.3315296805313
-6862.55383407763	16.123701908349993	0.37607525728505975	0.2435997574798	2.0583943052178166	0.13735133595253277	818.64068151935
-8548.255295690724	6.865115064122967	0.44170273685145134	0.1006234428280543	0.1852691077846276	0.12049416332603066	1267.8406078518206
-6755.215959583911	23.562602717548497	0.36600397229374004	0.24144970081303244	2.2424393678607255	0.14982693190857066	773.780468544769
-13998.437394683175	0.9741690949631142	0.032326264539523655	0.0059935521599718475	0.21419817834530316	0.10877774107978255	2529.027786383786
-7607.206530832308	10.765448570889324	0.45720645624579787	0.12100850858692319	0.6800343204255772	0.13940805914279525	1103.8999751687363
-14464.027570799373	0.6927863542341496	0.006156468170389123	0.0010175931002226507	0.1154447498490029	0.15119352645242762	2578.8080696285056
-6635.429632252251	22.001423113445114	0.23897022422424805	0.26731610357564195	4.140797567411563	0.13647881591914635	846.8434629321484
-7352.745496622832	14.299575294859583	0.5057308207889517	0.1541662441388466	0.6740184486975426	0.13354436396055908	950.1158471164919
-17931.63223978871	0.5868345314189736	0.006098350585621348	0.001	0.20859908560090315	0.4782973572927191	2586.547882630612
-14593.12262067481	0.597652587441599	0.00599707820077189	0.001	0.18000862267102194	0.16564412101547182	2586.216773534886
-6704.25049713914	17.220318091368977	0.27173919325768825	0.27070305684507673	3.4595455070833028	0.13573895816746492	844.8624958179843
-7100.131236871705	19.221946190153822	0.34216328294777965	0.41858799731836865	1.7879253300468525	0.13108281161866606	639.6078941899444
-7103.585184531817	12.02529046312412	0.3490105596430317	0.1570761504899108	1.9140880862306162	0.15793270072343	1023.3741454361978
-7368.5764804538685	10.781901412016888	0.4129141200532225	0.15540858756685105	1.1567020571900193	0.13916891496091838	1021.0506716790599
-14432.871689309797	0.711988052625389	0.006966818368986602	0.001156640765975299	0.004895493805114187	0.13259776356539604	2578.0246790209
-8434.901696913275	8.67836303514518	0.5034909633146465	0.12159860115722979	0.04401102221546859	0.13334114045449666	1128.2120139383612
-7038.319414351168	13.170041977134801	0.3687550721967852	0.2640881246394755	2.192690159286267	0.17150750306789103	836.0961062696023
-10675.782382083082	2.9985200329407853	0.422050939391749	0.08047110412925704	0.02688016024862168	0.15432273516195608	1581.752977704177
-6780.23444792308	17.45134205117912	0.3443609285025751	0.24128985501366118	2.407009790508922	0.14084147791237517	824.9380064076479
-7142.362774622791	13.00632555000694	0.45541306250595254	0.197652405964845	1.3517756702889834	0.13852290260598413	894.2991992323687
-15241.208854273103	0.30224108256988613	0.005952539430609363	0.001	0.08742555493312812	0.1563790044466248	2634.822742727681
-14489.703520360466	0.6522051668583159	0.006018570620727747	0.001	0.1836044474888228	0.1401952655718593	2581.750351137267
-7133.2162762157195	10.875816162363117	0.3561882314025816	0.2696995905719512	2.4274268486960233	0.13687765890682685	879.532282168013
-6695.273507232857	18.18245604424202	0.27942033476051664	0.2555269245730576	3.2901026442898615	0.13564582736433012	844.3701789884541
-14971.309443459482	0.37105223071345567	0.006145730501928362	0.001	0.2679883485245776	0.13456815158389998	2615.913240685414
-7089.0063677256485	17.970600440342807	0.4118014665977778	0.5932165326302697	2.1736158052797663	0.15572485934856006	587.3935891832252
-6978.476663114034	13.327866370067838	0.36271294561770157	0.1837097286864444	1.9798273938471804	0.1379484166359664	946.134550755365
-6710.610583755572	15.565082328074554	0.2116369763381812	0.32186317311750545	5.7003830399368836	0.12575121389156332	930.9394002500918
-6808.333138586373	15.416026519549142	0.24568360575828757	0.2825989166845679	3.346139389350411	0.11362604536621293	856.0934852840645
-7669.905062686249	10.467373065422269	0.4057993844520852	0.10698115857202445	0.6642349599020597	0.1464104763470419	1170.4860823545237
-6918.083914371294	13.015632682089192	0.32151333368576024	0.22581671359512676	2.5392449070276633	0.13508855468247474	905.3900229902977
-14423.201151511717	0.7229056149774871	0.006971961088082264	0.0011708638308015598	0.12389518375743142	0.13878662608516948	2577.733505655844
-14498.766929314741	0.6414501311871629	0.005982754652645051	0.001	0.2352552367643565	0.13216001989693132	2582.7749308613206
-7330.656469985547	8.859743992041887	0.28938712481909934	0.16673589944865894	2.3135670546227054	0.146873719314784	1090.3936236569707
-6601.429879138071	20.67290013182986	0.16059279322460596	0.4123169564035082	6.4995520013399135	0.129346344148778	918.0840072487596
-7148.270736090015	12.157807770192518	0.4120426634683827	0.19058180212780554	1.5202668622540787	0.14392066142575688	930.7159625565771
-7040.269188240059	24.135241693519582	0.5379764665082198	0.40817163145389945	1.342342699072778	0.148105087167839	571.9595213569035
-14379.164881593826	0.772242365672948	0.016352160979528848	0.0028681488703407665	0.28258270289483456	0.1466436741295516	2574.076975756405
-8954.160068356969	4.6137657308465645	0.3315957683413691	0.09214637955529469	0.737287145123376	0.14272716954903092	1439.9489490296714
-8126.8609922769765	7.635952996849539	0.45764757644073883	0.13452920650716985	0.5411544586401457	0.13007178489102733	1132.6189610366519
-6638.187217545102	21.555964574699562	0.2428234914440161	0.28876026682530104	4.038068925121499	0.13599014996903627	824.6020747964363
-6702.5531749681395	22.36253640155984	0.3295888497446541	0.2644553509279946	2.7108819224304748	0.1356871843450212	773.926352356749
-6598.263744034887	20.637002099266912	0.13728932027823038	0.4367084092091331	7.707591757383936	0.12667760267836203	1000.3665521614777
-14561.548148896656	0.5893810429990526	0.006269769318045232	0.0010267658836689657	0.09235441017576951	0.12907661236565454	2586.5363065299707
-14556.817221003505	0.5925481346801543	0.006079509756779312	0.001	0.11465260560050702	0.12586392200299212	2586.142660934506
-8345.467315234351	5.0434295386476276	0.3300473130576551	0.1678158138922501	2.211184841825082	0.15156425569405615	1233.3531473566206
-14106.194744857117	0.9338570021174972	0.04967997787327186	0.009013821125224981	0.10039246393641317	0.16802762916341166	2512.229081171492
-14582.350120667867	0.5736169558210733	0.006021403297847817	0.001	0.20450556311671192	0.14475976942048482	2588.2314895040004
-6898.707171063479	12.975032658488425	0.28572713748856654	0.18317398821429834	2.7952222548005987	0.14056767582605387	990.0038129522602
-14215.77759603822	0.8610185581466774	0.025251183705301203	0.004313188549055793	0.19411931518009407	0.12727387087725855	2554.0057835469984
-6898.507250093771	21.538058044083026	0.4766267027330762	0.20670750994374293	1.4657771214751145	0.14503667038635157	800.2110509664157
-6986.964749886418	16.073950413420672	0.43690984756106377	0.19477784991043345	1.4286053671307493	0.14393731488400055	868.0270918641713
-7369.509661950569	13.767884644287207	0.49201085947350126	0.1676682423981121	0.6952065240711348	0.14221450117571202	926.3503334556958
-14429.972375072532	0.7232391705484268	0.0062964649065841635	0.00107909531669646	0.2497712258598952	0.14533565822804684	2578.3128341351444
-7521.043806256681	10.866247569395568	0.4653027548525403	0.1674817445023844	0.80601453578263	0.14166732801213056	976.4742335167963
-15014.57551194179	0.3574422261831005	0.005796233358853384	0.001	0.08440423292984998	0.12897958867310885	2621.2089752306833
-14573.132918687046	0.6026528148662766	0.005930594650132498	0.001	0.07327786338769027	0.15985923296474217	2586.1754076892444
-6891.8529008337955	14.005080756890761	0.3315216429943125	0.18982102862912456	2.371731538507037	0.14362512655223214	941.9569817419668
-7318.485660766387	9.152291142284094	0.3037734903427388	0.15676563917669742	2.121028671556103	0.13337561020924144	1096.106574479441
-9957.894738856938	3.5760608391111006	0.2515269450538509	0.05146169344991125	0.018658102352081138	0.13165781294797468	1739.160137638824
-6725.420672587736	16.421556133084874	0.2668146200647894	0.26224004162859466	3.3800496278803394	0.1351423380857702	860.0249383533233
-7207.389482405518	16.148985889050227	0.5105059932026836	0.1787075771162712	0.8142623782675689	0.13817335297704073	875.8731400926613
-6908.545562686415	19.79271536942227	0.4999854997755571	0.24735056508450987	1.5264279314640425	0.14985851405555217	749.1539009500311
-6679.655313991374	14.866221307109852	0.16804095350973441	0.3768493449968676	5.976528739771556	0.13335880431406247	953.0085399118816
-6838.000036504027	16.33738919616599	0.35984193628680605	0.2118104871638555	2.1375900921613216	0.1350661526284382	866.9508335161246
-14908.730213408402	0.3992758851840061	0.005966905657701003	0.001	0.11674786670952549	0.11653366667765379	2611.477656565631
-15032.515333234714	0.3529423841455407	0.005974406435710952	0.001	0.3659365794124061	0.12238151915262901	2621.091312006344
-6758.023418657804	14.833983262999087	0.2600780063717005	0.24157395590588812	3.6179203223239136	0.12633310674080211	910.422659994793
-6834.400861221119	11.86274348625533	0.1752970416423509	0.4446790131862172	5.6841557344180655	0.1272567333631163	960.4425157320613
-7877.029654494204	11.547020946047866	0.4544793600979711	0.10531720415063485	0.215720584595558	0.15778929357186622	1145.543453014096
-6611.4069650300435	21.711882260698534	0.19103564798923134	0.3227840095698811	5.346592239485851	0.1330242647489559	873.9333410660963
-7200.822347871663	8.393763131523801	0.22134724910935633	0.2017355344097577	4.261057417996691	0.1306757252526264	1118.0669390547089
-14454.852262597842	0.7796453963330969	0.006238261772802306	0.0010707286425770156	0.17556659057612325	0.1754195862557103	2574.968076850758
-7869.539539668308	12.471040439694939	0.5237361422169104	0.11765920599298504	0.14112585929259513	0.14002053834556874	1072.7641627147946
-12696.699574591736	1.495101118261419	0.09121482742811943	0.018563294486967433	0.05113600751065801	0.1007151563312412	2312.869135058252
-9562.031337749626	3.9629976059428302	0.28050756744555644	0.06640153166689869	0.2843467925929977	0.12098555238899408	1614.11067652106
-14896.557115468648	0.39800953932428573	0.005998735913060802	0.001	0.07906551581308638	0.1303276288867402	2611.49999194405
-9188.418441787717	4.335609219767682	0.20368312974273686	0.06165933813318492	0.8879555372587291	0.12491792062318276	1654.3251047484196
-6662.2583389487645	17.83974364568179	0.22207868650571064	0.23156779767532543	4.476054754104483	0.13678363964556947	933.7324388603264
-8167.314717112173	8.240628311479968	0.49450775866088825	0.11104192844965267	0.3136701308410577	0.13171339001004906	1178.9959043272424
-15357.143555223867	0.2934032054520851	0.005951528517981736	0.001	0.32559549862123954	0.181866377588143	2637.686520062232
-13585.597085819976	1.328773556312508	0.10204663454875554	0.022981049209351873	0.10591160588987399	0.049650781913191284	2314.724973730039
-9721.074657729212	3.9808557065168335	0.24101653055315794	0.0526002069000755	0.020895024766158874	0.1280960785599513	1708.7971401891677
-6730.7939676606675	15.746811555637745	0.2633043293591553	0.24050930945292875	3.5160241942669517	0.13646279683460058	897.0201217920446
-14450.261606578171	0.6947996933686073	0.005927885609091263	0.001	0.16617359565283835	0.14043320717346303	2579.359030923627
-9590.373743455017	3.823805444707131	0.2798617543612099	0.05663021938127881	1.2182035992306304	0.0901059077851425	1682.8859802163636
-8937.285863249897	4.4035535483560135	0.3503354857540306	0.11356658742627355	1.1397425312238698	0.11638350349623527	1379.9725588714707
-7521.054817060515	8.536153437277406	0.43769284904435657	0.1732215632496472	1.7830193631935523	0.14684050581599278	1038.1159632177876
-14502.953035287755	0.6677424640719357	0.006460239670839089	0.001	0.256935026276222	0.1556684151198925	2578.0083305450044
-11604.458008395699	1.9918482290476736	0.1448544957802381	0.03651981108724569	0.4038851829250712	0.1723222842378383	2073.1901993165925
-14766.321205659118	0.4657291405650326	0.005944570508213563	0.001	0.15307434308717277	0.11434221426097872	2600.9793010296717
-6664.534553233465	17.262610524607933	0.2156555545254426	0.2558663604749442	4.457006897407726	0.13214495669910037	913.9521812134601
-6660.9111248861145	22.519312969656138	0.28126421006236557	0.26778678045294	3.3713256598839423	0.1371041288912845	802.9977768529659
-13824.253951723367	1.0207562457103108	0.04340705378194332	0.008339010873613094	0.22580365090073592	0.13349466916981936	2503.446736581356
-15399.239779458874	0.27221352185000675	0.005952023158810233	0.001	0.2687858095450531	0.16250134952798392	2645.1106499353536
-11584.566504675024	2.267366285206393	0.4035642221649732	0.07047428156210059	0.02108607128897923	0.12705614170700974	1722.463560024513
-7782.504488534086	11.77627534847562	0.5380626087731019	0.12146228232227907	0.3237864790603999	0.15997745366484678	1068.4516569137877
-6603.9219197116745	20.612184022391936	0.1507516376916773	0.5234903887691457	7.021746106630143	0.1264567855625431	936.7733756015563
