# /groups/rgutenk/lnt/software/anaconda3/envs/donni/bin/dadi-cli InferDM --fs input_fs/fs_062 --model split_mig --grids 178 196 214 --lbounds 1e-3 1e-3 1e-3 1e-3 0 --ubounds 1.1e2 1.1e2 3 12 0.5 --output inference/fs_062 --optimizations 100000 --cpus 10 --check-convergence --delta-ll .001
# Log(likelihood)	nu1	nu2	T	m	misid	theta
-11008.76862280979	0.6803931678424171	1.6697890103311799	0.041679836096094304	0.10563709951120079	0.05450076172248435	2703.037756349203
-10956.485764848889	0.7980793080991906	2.032069694515209	0.04590976213476549	0.052728501764911215	0.054208382719488336	2548.096813287175
-10308.777474148083	1.2239203543446757	2.3311598786199887	0.10238987245325562	1.1808556225263482	0.04685583690560279	2034.1497731970774
-10631.973953057332	1.096473570790837	2.917627122808233	0.0818135775981996	0.736172076687373	0.05787772556300618	2075.216167244827
-9883.37509687957	0.840153063134716	1.938063217276014	0.10531370907153319	2.7986338785672347	0.09245080924831929	2243.6980344134645
-10352.697916573268	1.3397131041464156	3.1093082680689608	0.12829965990156608	1.053276547322749	0.06784571134565645	1796.5510409330666
-10574.908755168144	1.070616343902195	2.5004587367804607	0.08075162252687522	0.7663783062452009	0.05603925160137928	2147.027575911894
-9926.429226935648	1.4073742962231701	2.8460272551594734	0.1575768563745331	1.5060500497117535	0.04880922635792004	1734.9835681497052
-10807.000663613593	0.9266215828699804	2.1734727441927064	0.06036478518735788	0.3911941281058973	0.05085168815796629	2368.7665411518374
-11229.135373242787	0.5409166777040965	1.4714457205321523	0.028804106845105665	0.19869569994780567	0.06142352386659766	2926.8933331418834
-11151.812099506718	0.629728270472059	1.4080476132657627	0.03589154061525651	0.03482876680957767	0.05579388098417533	2838.0479479232417
-10240.268221529177	1.0444798101360209	1.70077121038832	0.095463798498665	1.7164240104464665	0.04541993964286329	2256.9441540502485
-10919.92061672376	0.9001954616329116	1.8513739199299333	0.052071811076929465	0.24424385297409934	0.05720966183793083	2498.600810675813
-10108.288486660089	1.3077785737259342	2.1646602859786106	0.1559352074627174	1.4019899746576843	0.05067869739498923	1882.9594180876277
-10596.309056280936	1.0568477784760693	3.0495470048345874	0.08651765996802402	0.8091282559493937	0.055592912318860044	2044.4959361545484
-11281.943396831173	0.5187335409052434	1.0974636084324774	0.0340956318409449	0.8290246117607992	0.0656763351470021	3015.0817731299067
-10968.201696325415	0.7912090246136154	2.3001923282139223	0.04613171139312662	0.021767605316188144	0.054181834042556616	2504.9440414849755
-10897.113189631918	0.7815938325671352	2.195838665425802	0.049070869932278306	0.17438628211705565	0.050274145746236336	2500.1253487855133
-10751.623513975701	0.8938027660930681	2.337078427334016	0.05980384282564189	0.47089565166462316	0.055278528936193276	2355.332495992194
-11014.07816058823	0.847606056019804	1.6496871164051767	0.04724691056294922	0.1588259091549748	0.05481675121293754	2596.901072126362
-10822.213775393526	0.7512493467583204	2.289362383671176	0.05012313427533843	0.3557577559329051	0.053717092018915794	2487.4977156100235
-10786.18158084767	0.7606062009818686	2.451167818555473	0.05252675446549966	0.47021286318983957	0.05636135267539575	2438.612577453761
-10878.213547653339	0.8108120456688364	2.296587746136499	0.05068237463952223	0.20613123577417106	0.05443957599095562	2460.4882867433626
-10763.102932560829	0.8476625571204406	2.30066263644278	0.05588440648593887	0.45287401232398755	0.056086404070405424	2405.128388633557
-9276.069334389893	1.3622165575522924	2.6785250761067223	0.30277233972650197	1.9553436706684137	0.059679751234226724	1546.7783263697297
-11173.138173316831	0.7244666978082844	1.3626203577580733	0.0403020547886204	0.10842909969731943	0.04907484896683578	2773.004458134533
-9216.684548646204	0.905872304474338	2.3370090302924797	0.2366300496036115	3.490337877703457	0.05857334977076432	1848.1486565325704
-11861.42206548387	0.5829890144520258	0.8814797697033461	0.02875866993516092	0.001	0.03558083434748557	3095.5393750410453
-10916.188798119054	0.7893400076223296	2.34388401772192	0.04882694249214129	0.1342476525931013	0.055136666142621714	2475.915699160735
-10849.507686089995	0.8811774870095336	2.334039886192743	0.05719258082029188	0.2757000897799989	0.05420867575231949	2380.985868912042
-10852.530586603456	0.747856878926778	1.7694379253520307	0.0472308484257111	0.4063567858249407	0.054966499865645994	2608.4341174286155
-10806.588595939513	0.815519307950411	2.1177663955515014	0.05232788672834992	0.3684087200792557	0.05423135874629619	2474.9969032869685
-10953.189667108323	0.7895823421598775	2.255710466150979	0.047168585687588666	0.045154665682435716	0.054907709868651074	2503.393978143881
-10958.675906243454	0.7745791085766618	2.201530573513378	0.04623283014910167	0.03151500852444607	0.05521641461030675	2525.32562993749
-9199.961019074986	1.6009091826289827	3.101990164099934	0.4013059465680162	1.7760484876974902	0.06113078465087428	1342.1927625292215
-10966.91274385055	0.7885756967842017	2.2726877178710763	0.04699320483649552	0.016759088216143	0.053971689078585884	2502.5711412876753
-10618.887904805973	1.0762823988225865	2.242850438222285	0.06750952722286252	0.8915268694984346	0.06997344973731076	2262.0313047077066
-10811.978510113457	0.8420624712985576	2.1140011989931504	0.05368507197547039	0.35628631304553343	0.05489923119936517	2456.0597460812282
-10486.066865748953	0.8872745625578361	2.1411181535045087	0.07062914849474884	0.9749779689638907	0.05639355294607416	2324.240889458402
-8911.069148337636	1.5332037707375445	3.2846963008528265	0.7150188654369887	2.111096050624924	0.05545485108375459	1182.7723598778198
-8888.812592133945	1.8067471423424684	4.347785900690758	1.1465712584581134	1.7325863286128524	0.06934799384945854	924.4310612053395
-11105.078194356758	0.9019384211742423	1.5199337204588619	0.047559504432423697	0.17785270005972578	0.05694045002497756	2605.8404729966733
-9683.231817376076	1.1299759135459613	2.1011579711437958	0.13276022268954657	2.709149208456566	0.05262547572593564	2011.021373421718
-13070.870563005798	0.5402735132403588	12.203323446150163	0.03842227392840257	0.021361602654755812	0.12984712304556506	2310.383018672545
-10952.704372073498	0.783588374363632	2.0208491978960104	0.04612242161270245	0.059730278201736146	0.05324220126121848	2553.6404127294104
-12548.3820763689	0.24777307551771532	0.6529117882244916	0.015720446893985263	0.15337586075959725	0.06254782108122678	3527.3541134351653
-10800.821956261983	0.8019387513659544	2.175807921981814	0.05215037354199543	0.37942787413942175	0.05348834464935921	2471.093291572606
-10944.699608710172	0.7758353664085208	2.1569420044816052	0.04612686702916919	0.06284955361958756	0.05471781336518605	2533.0571590049544
-8920.027451486207	1.2700355572381619	2.875004135664914	0.5777543352283302	2.4288253902228742	0.062194011558955174	1358.478152178606
-9363.59038932903	1.3593226420857343	3.653357808350008	0.30149253996492287	2.1331300295358377	0.07585963922771737	1411.818826665694
-10949.681990342724	0.8576119767082124	2.8154147676317662	0.05582942527695152	0.17990231077584254	0.05073244905749152	2332.015293337461
-10996.243488503796	0.6655271506989004	2.200889719557379	0.04072922000178213	0.0012395432381083465	0.05348712607901966	2616.478959643086
-10861.061966613122	0.7953486122851299	2.43318770823281	0.05159506953192445	0.2629846247250061	0.053256364091492495	2437.8779592104147
-8995.09847282531	1.3724499878933807	2.9274553032493924	0.6044271523626937	1.9492440601355765	0.06321095278747178	1309.1366126534572
-10716.060402884883	1.029774454641315	2.5902571446251916	0.07167885002594002	0.5628821563502856	0.05878158497306423	2196.7479405478184
-10177.003005636167	1.2316619140900076	2.294752691820685	0.10863029432405659	1.365386609216643	0.0626527539563885	2015.1385469523711
-10985.927347615794	0.8763533345819587	2.197370372948857	0.04895379114674208	0.002959762742333544	0.05272293474068636	2468.1817363313075
-11339.889213723407	0.6705984569085865	1.1296438867499796	0.04176976169584167	0.42646324285465576	0.05211305096489537	2867.437051274561
-10971.02559467432	0.7797219951244406	2.3455111135039055	0.046794092914637236	0.015994420599648906	0.05495154500753817	2496.5138403472192
-10022.555976841253	0.9842068889787079	2.666977708514756	0.1088812149071388	1.621902617364369	0.06295095751099015	2024.2100376197732
-9480.67781474836	1.0646936106197677	2.5255410524042485	0.17201242449358609	2.289693806653571	0.06213644889606132	1851.2246765695475
-10969.682254939857	0.7624345081580186	2.07213961804761	0.045030519360041384	0.012293396360016388	0.05384761677811475	2561.5781277590327
-9094.116868585092	0.9707315175193503	2.2475084494144855	0.3252236778907043	3.259986430272632	0.06098557305762567	1746.6895152049428
-9870.578456323989	1.6425334911945613	2.9694122988849636	0.19891572144543948	1.5006259591880438	0.04807977517089272	1580.2629487676277
-10961.669136786968	0.7763116511989341	2.144585436189715	0.045935317512171205	0.025136244460891882	0.05439883744415215	2536.494578255348
-9647.287715028306	1.9939692482346472	2.8555060845425078	0.3691587963672311	1.5285813410239566	0.07759021594116644	1327.8053843794175
-8926.395917849066	1.2827090668965393	2.921443207821182	0.5463910481744468	2.3721731637246446	0.06283622080034797	1361.1891007620336
-10953.847498102248	0.731263909015979	2.086827901958509	0.04379046065858185	0.053833619666207116	0.05373779189550723	2581.66373907334
-9233.1244413157	1.3761805869440715	3.1057312382037185	0.2977548358315709	2.425855159709411	0.06263160004448205	1483.4251152834916
-10789.780165641594	0.8090691203799285	2.210006928165662	0.053736185095780334	0.40263728192627435	0.05493804337879038	2450.382154166538
-10067.26233972876	1.0806655047532494	2.835821374094375	0.131710979002184	1.3982195459815807	0.05632226965358443	1890.9060150498963
-10910.731556280065	1.0180058182197211	2.736748789576317	0.06360872127638541	0.2519851959699635	0.05619739124933887	2236.5103072252095
-9041.579868739847	1.335271278904101	2.5136655192632444	0.4748193597390476	2.2749372041711537	0.060967140680564476	1455.5256716854303
-10150.000947232485	1.0911769911971374	2.528132751775228	0.1059173611455042	1.3408272789053421	0.05313189451034131	2024.775671125837
-9367.08548550254	1.3377877651441514	2.5289056256449314	0.2480014191028229	2.144706543637003	0.04626770862654685	1644.1867222113096
-10120.319536370953	0.8939072754840595	2.0182223274494757	0.07403832909554005	2.1803810640933636	0.05507727140419934	2329.723532441099
-10788.549407912125	0.8241464450016951	2.160905688482919	0.05360091448730388	0.40513069339454344	0.056454088570440986	2454.3151965431653
-10032.781273941182	1.123766573236101	3.0612001048676243	0.14298856136684812	1.4240053573936617	0.05762039887366873	1812.956616346657
-10863.936441195068	0.8183925553195109	2.0862391690544007	0.049618725595500936	0.2447947211127431	0.05548707782366976	2501.3314723661706
-8933.30240801894	1.2336687635440728	2.8845480661495735	0.5192591542016157	2.489618156091399	0.06156515346031237	1394.528719843313
-10722.590636515493	1.1419916287888727	3.2398543857234134	0.08024097097400062	0.7311314270461131	0.05123566934287921	2034.7543550890919
-9000.565293106672	1.1320047273496432	2.430843699246233	0.464936478832458	2.639228556129119	0.060885154320170505	1542.0423465986778
-10872.940509479977	0.840532723857537	2.12908116493514	0.05101648371677503	0.22083170003737515	0.05470713784159395	2475.0766642339413
-9919.274245253742	1.1840203460361995	2.467615666071722	0.13644850752570065	1.5907127045677292	0.06766695781327112	1909.1091327270758
-10898.474717909212	0.6973290654440919	2.1081373576740234	0.04494909223434879	0.21536943790626634	0.05041501335623399	2581.556215220497
-10616.548322676932	1.1318906906241974	2.632175780137208	0.0812921597471081	0.7233204174163299	0.05488364328314929	2107.200257686839
-10841.60462190699	0.8753462185602131	2.258452483071757	0.054002558232471694	0.2808538994172537	0.053100786741755154	2418.7426726209233
-10936.801952780268	0.8694143128916695	2.247187171312877	0.05037610119844664	0.09525696113263371	0.05480865459367512	2450.8250930937784
-11042.554721010794	0.7831240097855322	1.692906990436479	0.04323719500171824	0.004913453402728606	0.05491616577273826	2642.5364086929203
-9752.022337348399	1.5256785903796524	2.4878049116148087	0.18326956918554219	1.8358491148914078	0.060059770484512866	1708.0383676460874
-9275.073588632715	0.8172384520954017	2.167863149397143	0.2241219666396408	3.6849978769683718	0.06921658691435739	1947.792905107209
-10849.919024965608	0.8167862448182989	2.1465740177282933	0.049421077195946156	0.2825424740422847	0.0597561346161787	2493.118572942484
-10141.312934519608	1.1497157123722153	2.11490229734012	0.09703882235976848	1.5735573789583943	0.05719154284962269	2118.0206797454157
-10801.61298704201	0.8567552021812173	2.12590295381845	0.05418441172515306	0.3793972188618554	0.05344477335269345	2444.706775815483
-9121.440186160566	0.8739816498301854	2.3452405298021364	0.3646781081686166	3.7015226419956337	0.06029650819619507	1735.2909212691611
-11048.457154212527	0.6673916355243881	1.5644053193513026	0.04063635233305854	0.11825632256006592	0.049110934173628926	2742.422458839025
-10913.574627489146	0.7402471575977144	1.9174855788895584	0.045143972654855764	0.18007722726579603	0.05287083273267053	2597.7152904478608
-10970.000319000908	0.7243733740066042	2.2441252485057817	0.043784201918791656	0.023787789081601066	0.05581439998907776	2558.6580142349553
-10827.492354989978	0.8169623387318894	2.2838851501831536	0.0523707622248101	0.30960653272847427	0.05470939176515335	2447.0505183821842
-9711.04016418817	1.3271200867389696	2.9425989456323114	0.17373075224348214	1.7514646223696362	0.059226170538278604	1703.2810957305257
-9485.052737983962	1.4728148537230874	2.3457471944627013	0.26296443904513644	1.95305748407856	0.06382810102424127	1624.1626312411413
-9389.353201367006	1.4500156423072887	3.4104036566560145	0.28993822757476423	1.8005244229918607	0.05995271154369734	1432.7496775603279
-10399.519264129569	0.9746171800837691	2.623662779266893	0.08369807012041862	1.1092473955680267	0.07087829616573729	2141.8339113982256
-10834.616668354593	0.9490738114437312	2.0921113740214583	0.05684511157643742	0.35124263049513776	0.05481188036017106	2400.5408940541924
-8943.263080926701	1.214440019220254	2.794052338381845	0.5904319000494721	2.327173332675007	0.06126864771182406	1381.7068086195356
-10998.841259387009	0.7517443476495517	1.7328500763578127	0.04273382418713609	0.06987177367167356	0.05671678183838114	2650.348439808418
-10123.480485266493	0.9701491096364393	3.49761142807769	0.11104578175902512	2.082535668265504	0.044786749094261946	1908.4763791718212
-10655.95976870445	1.10436389278273	3.27972207933584	0.08168098371497111	0.8381449725135184	0.051471852439565445	2031.5117773008521
-10903.817610352835	0.8205768877926244	2.1786891464858567	0.04913607091135619	0.15180494675652575	0.052764487832701094	2488.612443825146
-10524.461855290549	1.031528335136981	2.1920962948970923	0.07848637647649254	0.8741287653975969	0.053421688596446845	2223.4649323202484
-10994.913160436718	0.7040735796644675	1.761691861875936	0.03996160855301778	0.08150094697626524	0.05026469014274589	2686.8507789212545
-9538.460816251718	1.4977392406371766	3.496021392343192	0.24527245629269254	1.8754388407193696	0.05531664833875978	1469.479557038521
-9034.825070529063	1.5466049140834786	3.2323281876619534	0.5466080392107493	1.786644340785298	0.06579350243175706	1251.0260800833003
-11027.609187229536	0.7478449504390375	1.6188068646723075	0.042507036876281885	0.09347552592239577	0.05413611882184606	2679.4277651800185
-9443.32744498476	1.523390923847425	2.9565524817185476	0.2872173659247684	1.6832018051372823	0.05945245700654945	1480.7002738691115
-10103.27980206832	1.3001247094107835	3.5998316171583347	0.16996571736390678	1.3081082971392761	0.05261026903938571	1633.3177226020641
-9094.638495799345	1.0463863800532884	2.8351705206924156	0.3264285918128036	2.9799471441099032	0.0616720881311812	1592.641760183704
-10855.935426988397	0.972804851525846	2.6429425439422025	0.062644713683805	0.3206340559498562	0.05320845255876371	2267.119418096956
-9029.880628666408	1.025459066933169	2.565659704439864	0.3849085057104442	3.12174637495423	0.06175779714576172	1605.1158439475805
-10932.736854551862	0.7480001225129156	2.1900404802887303	0.04579189769082523	0.09579354688832624	0.05471141821685816	2540.7472030358003
-10908.46683751072	0.8899228934274461	1.8422477530672343	0.05431202912214108	0.2968231907171877	0.04720993819665296	2488.021729535972
-10932.21339316096	0.7529005996033487	2.081134368263095	0.045352619962818745	0.09867430742879704	0.05329628151539989	2560.9794120229926
-12787.331244162315	0.3019405378234142	0.5346712010327106	0.01664185105084965	0.4278836106413658	0.05969464559474096	3549.052411496818
-8987.984766478403	1.138835635706778	2.7006167661426415	0.41645465937878545	2.6625279356995613	0.06505948958642664	1515.4472421663227
-10867.583098485486	0.958760023436478	2.386037859168324	0.057761064913604415	0.25711228897603533	0.05408828040312937	2344.490179931408
-10869.917311452251	0.6246456110803282	1.9484252725407543	0.04065445664608877	0.48835209171297767	0.04655909052413871	2677.947376099904
-9940.976763490553	1.2283455258746199	2.8718452490832185	0.1456811743102509	1.480557636447783	0.05822095824946199	1805.3636855842615
-10862.911719062491	0.872370770609691	2.359027790461862	0.0542955821959091	0.24251160670094188	0.056775482424335375	2401.6377570605264
-10783.24761429495	0.8921475640641121	2.1703503911403237	0.0565580063369759	0.42071240505009466	0.05827199207211825	2407.0120199058006
-9197.898112857101	0.9449792892319367	2.341551104926161	0.28592232779223964	3.753172042774518	0.060994738552252105	1774.8787056535239
-10795.9737326164	0.8442199413999005	2.229220689385838	0.05405071360078312	0.3816892790346716	0.05443403458842423	2432.366056691344
-10117.783404984746	1.2578240127218057	2.840338236352002	0.15048807153220298	1.2352063569336116	0.0589673636396831	1789.3475501454952
-10378.81399575951	1.1337214980732107	2.734080251295361	0.08487277559245313	2.31567214737023	0.04268804040574727	2074.8213760413346
-8955.528725969374	1.148916050711723	2.747206648893529	0.4884781867353696	2.669461461788704	0.06691551496925331	1460.7054010219576
-10987.244022817582	0.7819389152016277	1.857215579010067	0.045630400846186046	0.03659700304008742	0.05418169319261563	2589.290399490602
-10790.826493841905	0.7664962603842247	2.1003926947761626	0.05160520532566994	0.42828254643488634	0.05292146541045442	2501.5544258351624
-10922.965427165156	0.7885498276524023	1.8660313415300451	0.0466346521218552	0.1774109077318795	0.052581583033743697	2577.1948506104313
-10912.560482888746	0.7651115621452815	1.9747975499265527	0.045868629100584195	0.1603140032028502	0.05457147361553807	2571.280238597983
-8982.546685870093	1.173675472218827	2.7410605932335894	0.423307374094965	2.547099655866413	0.06025348685593933	1492.0408187134763
-9521.184848444087	1.2555253529716843	3.718794560686725	0.25071626235183425	2.2037146656735382	0.07717208618703279	1489.5053242070526
-8986.903645098528	1.1306300247743133	2.7280228347509743	0.41440109254869106	2.729346968047043	0.06138476936919355	1514.744711651283
-9338.33706071891	1.1901898655450873	2.5011596631175386	0.21569824866762333	2.370901619072632	0.05191128323891489	1738.315319782055
-10870.468752302088	0.8780421910956433	2.5027927900211013	0.05421289506525589	0.24750749022882865	0.05317765280339514	2379.4543341423696
-10395.220550728156	0.9219189859722398	2.177661458177097	0.07133191538224416	1.1415173957519675	0.05485416198162849	2300.9106905709236
-8975.533733386968	1.3082605189316197	2.897526568679319	0.47654785667069316	2.248263022855925	0.055562915894974	1393.4791038002065
-8900.248819205053	1.3583339261569538	3.249871901454744	0.6376169298070473	2.2395195828462446	0.06204365347976009	1253.7235280014745
-10833.850098090006	0.9610551310051507	2.522271495786345	0.06122250541788166	0.3381629837813925	0.054709071911585486	2297.174590636798
-11021.93824590932	0.5371528471011776	1.746299241664094	0.03513556788936972	0.2775600138324623	0.05391168331003711	2809.9023904015608
-9047.296155282567	1.0023014394748544	2.4187030551726822	0.38914008197300115	3.2818310406984796	0.058942285104196426	1643.5699972231455
-11314.169110022809	1.1531102341216162	1.8954660605017895	0.06813569753971321	0.49058162415455603	0.12078467189833195	2301.4957479095765
-10307.282470767235	0.8346567546477016	2.415850748915007	0.07437709718016323	1.3741877472881974	0.04938078259833692	2272.69591447015
-11038.171959925241	0.8260893389703475	1.5248718809000399	0.04660196130865515	0.24079123519965584	0.05519343290671836	2640.369824062419
-10844.213231987429	0.8945439366783362	2.270306982267807	0.05635190186846451	0.2813586112251117	0.05271618443026201	2392.972786937648
-8897.158641237076	1.356256117617814	3.1586009536283672	0.661627088415473	2.2610605450703445	0.06562379565191545	1258.2935772333233
-10888.564032279271	0.8155064108677913	2.2437048766815266	0.0501422240945787	0.1833821988781903	0.052347963017835314	2471.5720813901803
-10923.473959284567	0.871627483742573	2.414384517682002	0.052199440887626083	0.12988899967588816	0.05477851579799602	2410.184463839652
-11086.023078367962	0.6340212215071623	1.5694427692470352	0.03648098927883735	0.002575001589002284	0.05103493815533144	2789.9712630083523
-10716.479562087536	0.7678746928768129	2.5006202070282355	0.06022359335370734	0.6503116264336529	0.054642418291893764	2370.5320640612545
-9728.242633021657	1.737596136996281	5.697697936207145	0.47331178500105414	1.4499045801580301	0.05779598114604974	1039.2514152575177
-9906.79345099384	1.3182084403821683	2.8606112476411063	0.18368577169594666	1.3858733390357152	0.05734520495286154	1696.023506782561
-9879.858394773211	1.7015806926016923	2.8091525468111813	0.2418186369920186	1.3843777373401172	0.04461220208545205	1521.97201443933
-11134.67396765589	0.653578183901215	1.3298143496090054	0.03750536559561806	0.25557466419354374	0.05612816434055734	2836.553886805134
-10885.810714961084	0.8207136582195826	1.3126067027633719	0.0525519596547723	1.088454826656338	0.053239915843366035	2663.7911720222924
-10823.991335229617	0.905235085900995	2.4954329366815	0.059252169039863856	0.3709454397148851	0.06505447709044897	2332.197293255878
-9347.748699213726	1.9015607321964392	3.2898861596286326	0.4540493363336484	1.84496351973078	0.0380799174050899	1229.5163586812682
-10872.419856517521	0.8762398467988006	2.735734197833847	0.05763811643353175	0.2930826689428367	0.05556134708578361	2322.003958842035
-9569.486116358876	1.6596569272112742	3.4660334820651335	0.26510706629915026	1.7303946808924717	0.06642334123300958	1415.0676502875049
-10257.59575168884	1.1907023504213843	2.492295316668935	0.11203754364015263	1.1642404168708973	0.05141726647823448	1979.3638882939078
-9073.982562034003	1.178104061882131	2.7173098957415704	0.349225839768831	2.362098501475932	0.05704330382803859	1548.9298475107191
-9147.41886099226	1.1712211077606756	2.795040384749519	0.31556404271818556	2.757390961194595	0.04362402013383291	1569.6246372698924
-9203.779214140226	1.973637612674912	4.042266982883504	0.5461106219643516	1.8158526941497013	0.05808238235198019	1092.6473357776295
-9025.727788067163	1.1491912279236585	2.738873188701542	0.3669677089077176	2.608658078300714	0.058624797811223775	1540.6107463738908
-10132.496728108968	1.1104676107850506	2.7456275173711684	0.10950703039102794	1.367377438399755	0.05744127376887637	1970.84824652565
-10816.213766359448	0.8678651479499349	2.320676395346054	0.05505123972919042	0.33705860805217935	0.05458982478173972	2402.458430384289
-10812.861537130764	0.8102669128556944	2.2093087838291097	0.0521111824136379	0.3521252168446341	0.058463235413015326	2462.980421030448
-10816.71492700862	0.722479889500184	1.8256592744135338	0.045496959949234854	0.4934122028104126	0.05542054976710741	2619.5065732906314
-11065.06038316053	0.5985141704102135	1.678798659159381	0.03614161475120148	0.0012522008500997352	0.053106420201093525	2784.6827167233023
-10622.187887774251	1.0996632644492188	2.7243163069177045	0.08369168157116572	0.7151027279942227	0.05824516674377608	2090.286319841653
-8883.51593312225	1.4826885875927942	3.4363600486112174	0.7785267926757214	2.0323538131124694	0.061798585746647566	1153.771869673108
-10998.882989474112	0.7365645713335619	1.844932617027051	0.04246781976307682	0.0013300626509015194	0.05421445230366893	2635.3449934846176
-9825.330282162575	2.131215615426667	3.2190459991466707	0.3131425206553957	1.3852572984739928	0.06634486391053886	1311.5034960419703
-10416.35448733057	1.16032480486287	2.54659130228879	0.09890159644965152	0.9705152470725417	0.05435996838331699	2029.477975143508
-10963.098818600085	0.7524344648276134	2.1726918295222193	0.04510052293748652	0.023850555146868645	0.05297619633700503	2547.89715551506
-10935.79275684992	0.7801341557316238	2.129803381705623	0.046812862252342165	0.08258859152469045	0.054057705399861405	2530.3468883170704
-10312.44666575857	1.3294452062598603	2.7676541662823873	0.10830904795184712	1.2126322489373311	0.06994040201810725	1915.3452723626137
-9086.202088118353	1.0350198544788487	2.4788228100072085	0.30675457020051106	2.876377076920972	0.05915042525149506	1683.8406259258131
-11020.787131854493	0.7662341424340535	2.689929984198765	0.047690571390819426	0.001	0.05579412768434977	2446.467913683054
-11122.94727569085	0.7845380097184929	1.5569995659927813	0.045099068826597734	0.0032867144745885226	0.05131923017121668	2659.6676894072652
-10871.92632944603	0.8283973200994355	2.6162673571085335	0.05338582873835067	0.2699171690897443	0.05501847057053211	2386.634287282775
-8900.734377646033	1.5701756323636085	3.5798773127769405	0.7248803380164601	2.028395893989274	0.06371828722209597	1135.984497221899
-10834.100143903328	0.8933322072533544	2.3656023869401293	0.05530866371035089	0.3089880855542548	0.051543421600669756	2385.5933399797646
-10995.304646550057	0.6874979111568766	1.7742170761619978	0.0410206637727579	0.054690545714657895	0.05340796293248031	2682.277741327031
-10918.32802057892	0.7841442179753725	2.0346653362867597	0.046974198249691054	0.13280675028903816	0.0538656053479837	2544.1063762106187
-9900.217637162023	0.9805123414846367	3.52186108147972	0.1462013846739454	2.0746536244850753	0.060697013246356846	1786.571994327575
-10908.873622145975	0.7649993988267151	1.7010273295901135	0.04647925573928032	0.31285033750476393	0.05483139587557315	2623.178761781099
-11120.125593687095	0.6850567698854411	1.5276404154554297	0.04108413657234248	0.021503483283984604	0.06503800444525563	2740.165903940975
-10918.745519932809	0.7947661945263332	2.3422838724421253	0.04898082324969409	0.12895318964945224	0.05659855271345959	2472.960028010105
-10825.767223755549	0.9004777368436616	2.2153786574583756	0.05626967631483731	0.3250012330804073	0.053633335063825956	2399.7701214967037
-9896.938919920281	0.931560773701945	3.0260779380244163	0.13250490766930928	2.0488133808017235	0.0782329015408329	1907.6911549462513
-9044.432456635534	1.0514540970925943	2.528651938087171	0.35309180635483844	3.0404609751596166	0.060871439340380216	1627.3265102891376
-11215.428246845997	0.568779053206082	1.345303176004749	0.033233252167578324	0.0025210045432175216	0.05146440473825558	2907.6873833150084
-10964.18022298462	0.7695704729922317	2.2586210649107232	0.04618354182859646	0.022306888798330947	0.054865719572925964	2518.613199190414
-11041.063363093268	0.6576711245622144	1.6460142124834687	0.03796237644531569	0.04311515252856535	0.051771415958565985	2748.9113881439166
-9106.809114113601	1.0318559004251686	2.4896244376299856	0.2927913545955604	3.031695806305484	0.061732644363460175	1697.5594022972778
-9165.167085160932	1.070721136274623	2.3801956643804227	0.2592490054974879	2.812767305905915	0.05734000437957475	1743.600818829906
-10974.72580612298	0.8704609152602563	1.5533012351654314	0.04994083465700548	0.4006339759030304	0.05098298165739546	2591.0412551758295
-9324.631357417913	0.9386864939636019	1.9282336267145184	0.2596360416754233	2.757185923856632	0.0533338511124765	1910.8112320070018
-10799.188997926976	0.7626743973750182	1.619157321810944	0.05090505583985677	0.7340648142366097	0.04304835290774537	2610.8324498200673
-11091.876112066642	0.5700704214589658	1.642354693459213	0.03522259011132934	0.04580663125108161	0.06394307279068431	2814.830010100685
-10960.050924385649	0.8648002218854625	2.106937430605767	0.049185137067933885	0.05527709792584224	0.054159524106366805	2484.952489963346
-11060.79468816265	0.7771545164692526	1.6674365081586426	0.042655424644571206	0.00787370143550299	0.06345648405257699	2655.178928434282
-10102.171628202133	0.93579223064973	3.2003522204728316	0.1020294090191577	2.078124002433624	0.07243144756104535	1991.1668022882266
-8879.461131089147	1.4536640602546795	3.4697791857443163	0.8083975168637537	2.125274452832475	0.06305990905116819	1147.9991886009789
-9560.852489532532	0.8537644161853243	2.1779340932564164	0.12837571747662324	3.3188849105412723	0.05284476407537536	2110.6768866577704
-10971.655462731977	0.7688432585110317	2.1793239007054406	0.0456839853116024	0.002545377957364956	0.05452853115994615	2535.6598694414142
-10287.157786260732	1.0126237542237577	3.148318600241678	0.09979334538866425	1.312598909933036	0.05485154472089841	1982.2015875652405
-10557.876588221561	0.9579507429187873	2.1387798565596836	0.0672471998329924	0.8484120804651567	0.057652180227860894	2319.325346808753
-9898.315227451834	1.4208949197060463	2.3565315440635572	0.15014922152563998	1.848258596900308	0.042176804706945674	1829.610158867418
-9470.371042230603	1.293559475437552	3.8911710747712136	0.31663768079530147	1.773584667551563	0.06301529444643227	1381.0147262241674
-10192.833888959272	0.9821114544334342	1.907501025323142	0.10321767510291421	1.5211847480004848	0.0635519426948715	2198.54818245676
-10753.799129334264	1.0861908123148276	2.137067754124039	0.07280227258831133	0.5905795440993752	0.044506370929965636	2247.531919585347
-10776.871217633932	0.866242826499015	2.5403710637824934	0.05962557183864044	0.44864731536813557	0.0550418771163881	2334.927137375119
-8986.54789465631	1.0493500774768707	2.653884991810643	0.47444244897400567	3.021924296605979	0.057984021739931724	1521.565665751671
-9085.59292390445	1.1369695376925393	2.4233100561958976	0.32147556730801763	2.7224741719557626	0.062301852656177006	1645.882395388379
-10905.805313964996	0.7472806931320942	1.9161743786160021	0.04443198304791031	0.2138896340962145	0.049350523182327834	2601.0941391656525
-8897.477145815985	1.3633054656982118	3.223600901067843	0.7424493725157376	2.355042744259526	0.06797438846704053	1221.1853839398257
-10817.850026330514	0.838564018168685	2.071580573109262	0.05159573934118963	0.3545492607339851	0.05510448761756531	2480.5581654953285
-10703.218176965	0.8880960853702071	1.727980987360326	0.06730995503428824	0.8352289646237563	0.05034535211682148	2433.8795638487804
-8971.526629599719	1.1426622532964805	2.7316973477663087	0.45046738664452773	2.7669836324412165	0.05729415797918163	1487.7399280214765
-10824.89943761411	0.826677898082473	2.2788982027444846	0.05289872917530522	0.3148406965837831	0.05414925543109271	2440.18262265057
-10828.130918150457	0.7487780503678064	2.0931923617744026	0.048782863222541176	0.3440748593059915	0.05769775757653743	2532.509750050469
-10911.787659058853	0.8136133844760252	2.2760886002009904	0.04968623439371032	0.13492500221213782	0.055164217536590766	2470.754473469937
-10922.009361645667	0.8469561700503202	2.4178472424251125	0.05348482974383795	0.1392045479531979	0.05581600695115903	2407.3358980959333
-8924.686910118364	1.2359589430079387	3.1154705602793324	0.5573584116174909	2.464698132952794	0.06104425081989399	1338.7652438335049
-16824.525085479017	1.3393308414652552	5.01153883819884	0.08069667731634825	0.0500233346437854	0.3742392058231931	1861.0511905372086
-10820.13582307164	0.7675593816318405	1.9747182973496362	0.049726512167064134	0.3800679947346115	0.056194864720889096	2539.4317577234183
-11018.301433538543	0.6820364850078005	1.6051696472165629	0.04014020105917555	0.12804007560880398	0.05424926093322325	2729.6873562027345
-11242.92528592933	0.49290517649747584	1.3896029256599398	0.029666137998862738	0.05326363967567604	0.04674282699912639	2966.415739483346
-10998.445496904165	0.8052410767714848	1.799835455208555	0.04472937904147299	0.04823366462623527	0.05188394962368062	2599.428631741701
-11333.252398569293	0.6034477087754647	1.162565994895277	0.033193326828761104	0.14041850913866544	0.04704738607638554	2946.4558646133128
-10745.414394488822	0.9833507875433587	2.264982211264078	0.06550179682298377	0.5011267028369132	0.055625259752255234	2300.243218693989
-11212.069044404538	0.6485814333240675	1.3226327545143604	0.03580290108602796	0.03856965421173019	0.04872733961939624	2853.6502965081036
-10844.847595686668	0.8732917445189785	2.597987978215052	0.05697801368682269	0.3149868699174811	0.05442082550850737	2345.7914838943716
-10449.02885876701	1.2453784662122607	2.056353538968619	0.0860427738821038	1.184887576374386	0.057000761106894206	2148.843085484619
-9275.272134055327	1.21904425896244	2.710191453825537	0.24914738795117622	2.3508371604302822	0.07305163496128612	1643.5535268135843
-11106.550567785383	0.5783336668791291	1.548184651089818	0.03453614166666093	0.030433278595904032	0.05067091561216583	2838.6477799072204
-10721.73786977103	1.094197196152286	3.0460510181497598	0.08354990233706709	0.6342197204649357	0.05653021723781676	2050.671772442322
-11865.821607340327	0.39879289360730563	0.85414008429511	0.022809771212966904	0.004558312905447817	0.0492870403456889	3264.14120725887
-11574.08190722394	0.46760853940399877	0.9985266197806593	0.027806347618137633	0.10789098891820957	0.052709094627757344	3125.2308107504537
-9008.802632994853	1.067716697152929	2.5870693737659667	0.4008389891016362	2.990481016652371	0.06014338581518807	1573.6583439377127
-10923.16556873364	0.9145623083615756	2.3510532659637065	0.05391784126088693	0.1389949242570657	0.05485825918742356	2392.255798875108
-10671.595193924873	0.802565593257581	1.9903442438420216	0.05857295261154284	0.7311575839023103	0.045704031292140686	2458.9819032201062
-10994.921820937827	0.7240798841775272	1.7141177447781457	0.04254961642903921	0.09370459438530439	0.050301267746638706	2667.2489973711386
-10066.332894617564	1.6601588940425556	2.063422761254872	0.22180538067524777	1.596542386763106	0.05387599560857566	1690.3519676353194
-10908.940368843274	0.800759432288823	2.1751126391875593	0.047140484193802554	0.16127789003013318	0.04875105646249998	2512.6430367566286
-11009.440282439115	0.7441794632040579	2.4636191265845118	0.04764816647426341	0.001	0.046981777342333865	2484.492225340889
-10958.705852141908	0.7976259621221994	2.336434700098909	0.047743704986953336	0.040519914799224274	0.054323094322193635	2483.3491509078376
-10954.237654859377	0.7554126654676895	2.134234833715108	0.04512460551825695	0.04431531188631284	0.05564833385491803	2552.928142777483
-10826.504712084885	0.8136181416241446	2.1230901738787264	0.051457784385820535	0.31914703823344026	0.054595518020271974	2482.076305970708
-8881.699842192982	1.4229122776296523	3.399996964450483	0.8513786658866864	2.1638413182471203	0.0645789348920648	1152.0794132007366
