# /groups/rgutenk/lnt/software/anaconda3/envs/donni/bin/dadi-cli InferDM --fs input_fs/fs_079 --model split_mig --grids 178 196 214 --lbounds 1e-3 1e-3 1e-3 1e-3 0 --ubounds 1.1e2 1.1e2 3 12 0.5 --output inference/fs_079 --optimizations 100000 --cpus 10 --check-convergence --delta-ll .001
# Log(likelihood)	nu1	nu2	T	m	misid	theta
-52528.07736093703	0.6919503743269836	0.001	0.0015301708438148999	0.05817832452064803	0.19925366161682548	9315.52457027619
-60222.0400757659	0.9338856490068782	0.001	0.0025977399460163754	0.3708238033808005	0.4684427249957493	9259.216661361246
-50873.74661108565	0.9601474468168523	0.001	0.0025799532771269285	0.24770511270284656	0.15241990792752827	9249.856494248528
-20411.895649752507	5.15882464574787	0.010680734204971176	0.12886516957008237	0.2785347962787121	0.1769357252636415	5081.7931167108845
-31146.054945826832	2.759311489573855	0.014658611665363083	0.07172264179223967	0.03925771186101198	0.21396419328603386	6746.113574455961
-21288.47671745371	4.898226618785807	0.007779353334356199	0.2595367634560911	1.0792516464654858	0.2056412298372053	4471.304005321736
-13941.467696058337	9.084027350520126	0.016871224468412247	0.275926461033852	0.3017530115109704	0.18825504138782811	3349.23825316258
-27694.384299059864	3.2466140709187403	0.006601713396960207	0.10335422705488184	0.3426384233040069	0.14096642291252753	6115.4397740432705
-28028.01650314087	4.2762549048201395	0.004267187381013337	0.43421065346001114	0.570163450430855	0.29382678443489135	4129.508562283531
-7743.537299629728	15.909044580139126	0.00584914844619928	0.46008870591973705	1.5291731289697394	0.17607413360199023	2607.7265728519305
-47957.7242180121	1.1647572350606727	0.008235193319876372	0.031345857216898046	0.3152324929620719	0.2264317936853685	8855.840286233992
