# /groups/rgutenk/lnt/software/anaconda3/envs/donni/bin/dadi-cli InferDM --fs input_fs/fs_031 --model split_mig --grids 178 196 214 --lbounds 1e-3 1e-3 1e-3 1e-3 0 --ubounds 1.1e2 1.1e2 3 12 0.5 --output inference/fs_031 --optimizations 100000 --cpus 10 --check-convergence --delta-ll .001
# Log(likelihood)	nu1	nu2	T	m	misid	theta
-22231.369998309292	0.662801027639809	0.001	0.0010643724180549963	0.11381844173231506	0.38799184420809013	5789.796970572472
-11238.509116266536	6.5831982668774955	0.08141714827111325	0.41535741169429324	0.2048355498130621	0.4328435265870225	2009.7698131187863
-20178.405000999704	0.5104425322583229	0.001	0.001	0.20684558635317007	0.2622152156798586	5820.33088537179
-5521.095601083331	10.053316333072457	0.11337011133865121	0.4318439363348421	0.482913972314291	0.17652470933323974	1679.4360967493117
-6438.614610767761	6.476073495035808	0.10417348066633987	0.341839564225004	0.4120529067873228	0.18614269519146828	2145.0985117537352
-8268.753011494893	3.890808048323092	0.0899975906719475	0.3241537169692997	0.5722422915677715	0.19662510205557818	2717.2855824074745
-8529.458171632059	4.127226937655008	0.10537496371375794	0.21375912997573376	0.2221457886786555	0.19580629109042935	2865.6763336642143
-5048.945056397055	10.89281161378242	0.07982570100371592	0.6079880237058206	0.9920489197477769	0.18585419125964925	1543.1342730042409
-14526.33049177163	1.836321566059073	0.07974970394791336	0.16915989549582058	0.11242773937861908	0.25831521067383334	4103.4541558747815
-7683.828960083953	4.760608279147156	0.05707462710050708	0.22192112192793256	0.4891094104901781	0.19622742919627717	2768.1220746561553
-9477.538213348043	6.683378961473139	0.09917674077528396	0.3623100052483897	0.6167774646555629	0.40823989681262085	2106.774068472219
-10904.987049433177	3.007462136062156	0.10189763503617173	0.1498154158549991	0.02410334335213148	0.1827820423144874	3447.4519587181776
-5429.4724637213085	8.02402890725651	0.05051631363770662	0.43784041936910195	1.3420952113284046	0.182111268453276	1992.163219991703
-11256.439260435407	2.7485470756649266	0.07205983993783142	0.11963180176897786	0.05643315997630086	0.1949844250859777	3746.9036701759683
-4838.238991536076	15.674596962692021	0.09554447442708353	1.4874423925726146	0.892977654127429	0.18520845201351877	1031.201030963268
-5078.40149427773	9.778643831571443	0.06767889148379862	0.6394072237080086	1.3053806841112838	0.19956853405873146	1654.7673237217998
-7987.573073959721	4.356709789695408	0.06807315741615136	0.1654566529861792	0.6946718918670272	0.16389676351918064	3062.591145310583
-18923.244939276337	1.1904990911601288	0.001	0.00120743971046477	0.22350520827567827	0.2017081328884063	5734.8229505091895
-6674.421670737442	5.05954836148818	0.06475635214960587	0.4021036707965584	1.0770384181011268	0.19433719191347765	2399.6353205251603
-18175.16189642921	1.2128404661399743	0.03284259266902082	0.05189936931268082	0.15449895088441692	0.3052468359333222	5275.170152445139
-7459.457891444663	4.913642528336668	0.10693998523713906	0.2881782429363017	0.3665169637459909	0.17952551818564816	2500.1264507146357
-16638.208678407063	1.3007835371347196	0.029142864020491897	0.04927622508317502	0.5038286315803862	0.2582303138198122	5213.656885647394
-5153.331829174449	7.89512089523333	0.029634100523154953	0.5826789554624431	3.3323209454548404	0.169724305291409	2317.68971934801
-7454.171951931652	4.696888129988618	0.08562431245828653	0.44485243111556155	0.6136426296301167	0.19970398181592594	2342.7705185174304
-8007.26899490076	3.3479229241347563	0.03282447255013933	0.3290128724593828	1.9873614305755214	0.17822597522479156	3187.0079302758645
-5188.652866506578	9.39720450058675	0.07276582311927976	0.5422351558155583	1.040949916062048	0.1808703149379084	1705.3492509749797
-7056.360197828852	6.881090876287265	0.10873707885595361	0.2118622393894781	0.2221681488420644	0.18372123245219557	2408.5417968468782
-4842.346675457194	14.00548311666428	0.0818413901610658	1.087775925980371	1.0374372673852539	0.18475706797745678	1201.3558950220854
-11209.590327065804	2.725102709143388	0.08999620969301088	0.12358736833570179	0.1239892592697502	0.21066727755911588	3706.5872052203204
-5343.225284442186	7.17544056441222	0.046800356404421706	0.6824589654081752	1.7515650625185806	0.18257983534803787	1985.9040563539681
-19652.693630614158	0.6532437917955225	0.001	0.001053032804174777	0.1643174703544013	0.13143855966532852	5791.045416036041
-6053.86856507988	6.3952621162756085	0.07294054724971902	0.5522213419438687	0.8884105316153902	0.18920649203238735	1981.7124875438583
-8621.752913105165	2.823491996095973	0.029038765201921446	0.41658405650297636	2.423310214622545	0.21367172992910174	3465.819498920047
-11603.107730077834	2.7245873423821894	0.05974122142494715	0.08438189322072291	0.04039724247053803	0.17062470688212014	4003.458464652306
-7359.497869017464	5.022202107306774	0.08589277627819913	0.25574962579181987	0.5313024670305875	0.14691955456814154	2589.2006158478084
-11899.465617782274	2.3962027432956132	0.06859142531381032	0.11829237675822664	0.22559383776885278	0.2402288273231331	3933.8779254266465
-4859.884247192266	12.565573766694271	0.06491096923468503	1.1172767095707794	1.328093787322863	0.1823457884740035	1331.0687527060043
-4872.30100710812	13.141439939568812	0.07921224028029926	0.9035887950682235	1.0608639590189408	0.1835966938556214	1296.2252436992947
-6240.8559897149335	5.692769916362507	0.05408868421578195	0.4946763970454539	1.163749473346179	0.1763813701330171	2207.4908593571954
-10716.662875852335	2.839159014029331	0.09721755092407475	0.2268278268455345	0.20756715448976543	0.20790498369955712	3281.6235519256593
-4939.502998077296	9.64119481302534	0.04223579170976559	0.9474777834978089	2.162994451023538	0.1778041103665526	1771.579327208773
-6580.175731332528	7.623198163606535	0.16694159530979877	0.4364519371141105	0.162765127432317	0.20166860223434932	1810.9911927388387
-7700.50405059004	5.393245186451188	0.1202843968186534	0.22063458113549014	0.15459115563792822	0.18694200954153634	2566.5635344607913
-6210.602096928301	9.083108025173368	0.17000292230296707	0.3912174282369353	0.17014084752349826	0.18457900039223807	1749.3047283427675
-6491.626177809506	5.6338625475231146	0.07069371232667158	0.2890081026242647	0.9319241760276012	0.1795996285094796	2454.5551943769938
-18870.302203420924	0.9888998263305981	0.002965504350596953	0.00292991460815401	0.07985588977475579	0.1965996315003851	5738.837843422582
-10202.247844879543	3.518082179795938	0.06215950232816846	0.10376231679714795	0.061149095262275854	0.17260121193117492	3596.1056918743234
-4969.838088004486	10.214601934848424	0.05947428652432975	0.7764210962472399	1.3459039427113464	0.183321157573775	1571.3495762630046
-7020.7478704652785	5.5050784461209865	0.0959076895695973	0.28904932512859405	0.39490076968480936	0.17350426176372857	2401.289462305917
-4981.014576240686	12.05152900339952	0.09919623917973588	0.7656293166021804	0.7684033374904694	0.17320149506138344	1340.3969325510993
-19578.699653117223	0.5487961689545092	0.001	0.0010083352169425709	0.1567826429690203	0.17704118465986268	5810.774342445664
-9974.21898303017	3.4289202253820394	0.07710808102708398	0.13326755215441863	0.09908503324950658	0.16098041416796605	3419.8008828069947
-6598.446962571333	5.86491436076054	0.10428753586205043	0.45482694732710804	0.5553388956270762	0.19759930065073783	2084.435611559075
-7736.190487407981	4.572232327508308	0.10207774640549405	0.25058261325066866	0.3866565760674281	0.18760356053923274	2668.321266204131
-4910.963458518519	11.669866751218846	0.06541099328582876	0.8094723280065956	1.2819920845247812	0.18677722269582106	1453.6073157919864
-11766.911000119706	2.494684477737935	0.08906126691224732	0.19151058004227	0.1336877193270306	0.16000085330858688	3563.476471478234
-16672.4741607907	1.2529636759731781	0.02963375597865934	0.04773304184987764	0.28964099326470677	0.17007341694759787	5262.808601561229
-6708.982280483124	5.457274719901489	0.056655642808346486	0.2258010865240831	1.2333290330289979	0.1888843664913186	2689.5215259204015
-6447.242823734896	7.6594130298412475	0.17762354774285116	0.46217322837936387	0.1993806396539921	0.18162961900709346	1773.5475893736354
-9930.19967792544	3.2897622047555566	0.0500187491834313	0.10257536392831414	0.4358244181538654	0.20874269181679966	3707.4237873015395
-19239.623617788446	0.8070791082325195	0.001115917180587955	0.0012263419452976853	0.1075927066497089	0.20714825923498806	5770.516105850226
-6741.218836754963	5.8832792016322415	0.11071305673596575	0.34031271809235825	0.4011264978872318	0.18007925201173883	2226.013494550349
-5226.185160853844	10.099687783926269	0.10347237988022798	0.5573816540710339	0.8277848058799343	0.20740183485084498	1591.687359960914
-23155.834304145723	0.5632541275686666	0.001	0.001	0.1969600484870311	0.41632519011543107	5806.74424926422
-6109.280935402105	6.279429437751572	0.07571503691214673	0.3653856590262158	0.8641020765062157	0.18363997099825494	2203.549106710374
-4864.0627568632435	18.09368530974977	0.13550056591320367	1.5270831305422174	0.5892953671037278	0.1869813809599557	881.4827561726279
-5140.247326977295	8.3849139332985	0.04563018756763685	0.6041479066400162	1.7921889204103882	0.18384874041328522	1903.9381744932034
-12360.206273646785	2.6768042545799577	0.037216344999054206	0.054889867845939515	0.004759576308071013	0.19100944329056188	4346.4853821238075
-6092.125809280159	7.618014411288534	0.11925323232060435	0.3189910458720745	0.49296212754154684	0.20005754592977076	2055.068187474588
-6297.063434833656	6.0764409761997005	0.09241361641281057	0.42587831758949574	0.7043060513994288	0.18263826610092698	2114.1720892056655
-10859.374490796208	3.289219994836344	0.08427807811551166	0.10911932776372947	0.01739202075795633	0.2420933190943331	3589.6052942664614
-4909.35998348527	10.930454282540552	0.049966494752734264	1.0212713910925322	1.8321580775157487	0.17847988632036485	1573.8612980966457
-4903.757399879982	10.771026445281253	0.05265080016032855	0.9828273770257271	1.6303984396496631	0.18702181949299979	1539.7924545054782
-18694.627453139434	0.9961101062249936	0.013921206937970707	0.015985030250348062	0.013683743574000913	0.2143747020169186	5675.804491233364
-16055.8000621309	1.5062566017172685	0.0207652221808313	0.026606369523808793	0.001	0.1957899342631239	5234.022304362801
-6693.093591022706	5.484782227120761	0.07002861071517484	0.2660100370267372	0.7954751208574695	0.1889595785331798	2519.679016750162
-9686.479252261903	2.7781140552612653	0.053302771631932803	0.18705280532513208	1.0848664809555866	0.17847412631196868	3559.182711272274
-5681.87125347914	8.384653704670711	0.1235212453429874	0.6659103860938462	0.5354116643847444	0.18270304732135287	1587.9419119629497
-7308.942545259781	5.6556247249984555	0.07538166444925978	0.20699160033897385	0.34797507295068336	0.19723415502105526	2624.277010785524
-13396.7095538984	1.8443448760369654	0.07083351285283193	0.09886446494107493	0.6975282312722201	0.15019765979548574	4380.3483358813355
-8829.230075047759	3.0477210440546068	0.04517356242462551	0.34228656998783435	1.4625094521199322	0.18441144960028732	3192.4654406927843
-14327.161938036295	1.712870576325382	0.05073577453422089	0.08170504950867244	0.11314396529573925	0.17299876435503847	4602.430927062402
-17782.09808271757	1.1364902857805523	0.01819005450039836	0.021927845939843545	0.017909436626183665	0.17049013412854505	5527.291768500366
-9005.517645250968	3.8822461872566434	0.09110898406868692	0.183126945084095	0.1817371239456974	0.16045719362999536	3050.1758785230227
-5378.326753584033	8.054838629529439	0.06735656308672369	0.5779647658507232	1.0710138388135724	0.17952455328456182	1800.5913835701194
-8273.974007722187	4.268458375470458	0.1149678033333735	0.24376526655009081	0.3075401483528577	0.21658003441457452	2738.582691820141
-5400.436782447686	8.153074773819142	0.052308902660678065	0.4314336218868263	1.4555301680070794	0.17713320824534354	2001.335736406313
-7341.086142720476	5.609936357402652	0.10322804552528805	0.22387480557441483	0.254478092537193	0.17653881907353194	2541.84546091862
-5955.572315299255	6.804613588087659	0.08853220224795978	0.43593235484009385	0.716444455427985	0.19366371535684435	2006.9367166724728
-7158.664500621134	5.5526027437133365	0.09406953950385694	0.233156531906657	0.3569187557958315	0.18082817697908593	2537.1300553057836
-5671.377991039264	7.686411075111556	0.09371897288660339	0.46913912188515594	0.6954938881410138	0.18294658374309658	1862.0412272505544
-19604.63439042357	0.5586349187702627	0.001	0.0010170812489432126	0.3363665069669441	0.15852047783903428	5809.076457950467
-19243.16052001405	0.7945231152504355	0.002480900028790033	0.002550338712023929	0.2857059172287616	0.1669840000390335	5787.146861761625
-19200.71724073687	0.8046339326199001	0.0019836916963968413	0.0022051522079759084	0.06680884846669177	0.168947637415782	5782.139019940436
-4852.07887388256	14.227365785646375	0.09450295323382331	1.0028052151983	0.8704878180570852	0.18692840101389152	1176.4496556838615
-8546.208353890986	4.336488628461051	0.14816544415789212	0.1984575722667737	0.655140117794081	0.1933026802999247	2842.1827045642485
-5085.819817286666	10.159307025391113	0.08291569528171143	0.927657356625639	1.0655692012228413	0.20179978382944364	1443.3141981494725
-5740.056161466413	7.585254526916269	0.08649786281315221	0.4449750725895753	0.6729407349423164	0.19839480753988945	1903.0904003524881
-7910.487337857212	4.451842407739841	0.10630242756138028	0.2852394414495111	0.3459649582216145	0.19040649961791778	2606.4143995580366
-21288.338623959145	0.5279161273982178	0.001	0.001	0.03205061949571527	0.334570001309222	5815.446818885995
-4906.86705178138	17.35105884347758	0.12814357519251984	1.027154511965626	0.6217459020824665	0.18570550399681535	1016.4438057645547
-5271.74921653441	9.963388464526481	0.10455018666202913	0.5165907032067901	0.6679181705410884	0.1888087962911869	1615.6902679786701
-5207.282232096389	9.243432409785187	0.05909087602789833	0.49991084008327724	1.3468130386562958	0.18424656754956267	1813.6420120731423
-7140.972744183261	5.400184237016328	0.12961555551411072	0.2900949844891525	0.39618457351335107	0.1752701813057273	2388.044971070231
-5742.889019939846	8.79372536785876	0.06488523192993453	0.3127611993010677	1.059399392860286	0.17677822878489471	2061.98171710799
-19600.59517197942	0.5379685650299942	0.001	0.0010041353838989517	0.19778637114866937	0.18381898044048697	5813.230156757246
-10021.07614658121	3.233047821315648	0.09335386594687337	0.1370470056013957	0.1896156287714531	0.17851199734870438	3442.848813904001
-4875.527911133732	13.322183810678549	0.08119990792151134	0.893249648835481	1.0392395118853301	0.18645050558660253	1286.9529906567066
-5068.061047131005	9.491384522788234	0.03704724985611293	0.8018343051499836	1.6311821132179585	0.18263024112451334	1701.9863702245084
-10065.496055603246	3.0463505671404905	0.06708061919070724	0.11945828810814431	0.45342982043146596	0.15958774284149696	3653.950596498293
-5320.227348135751	9.419722597197216	0.10705947183780208	0.5719484930824839	0.6340819557563521	0.18472524858789052	1597.5893231369064
-4932.549264344154	10.385298448870769	0.05896700522705693	0.9350054621983049	1.4311411525177056	0.18331767035468682	1523.9746109359262
-4845.691533114865	13.518645978001794	0.08365078182646112	1.1408506207065052	1.0519086687329327	0.1828224135275771	1209.784115623727
-4906.473919060156	14.365246965571211	0.11276391726295219	0.8627790092677552	0.6855071196841181	0.18619858926033064	1180.7188368648813
-7334.2126139436195	7.173382967798091	0.11847098674795119	0.22394729629821988	0.08520042935456602	0.1765248086795981	2320.1130920431942
-4867.894768571944	13.013822091167826	0.07038380250260104	0.9671168587675775	1.2318492140676176	0.18387325336524024	1321.7892814058348
-6700.9744264300625	5.916773623591448	0.08840361272917886	0.25657650649397523	0.5395288904093993	0.18963330995413594	2433.463812897166
-5445.422748887626	7.792309244822015	0.04261435637633832	0.4074309491650785	2.089783301957403	0.19180025615735563	2173.7056558629138
-5124.303069911768	10.164804268257516	0.09274287631122297	0.6773679816800583	0.7906641718883617	0.19402611296837532	1501.9616649227214
-5888.692180754749	7.525411315728102	0.10049395645898325	0.41862310891954746	0.7236830958930136	0.22781374800593723	1938.2396321742867
-18438.588981293688	1.0161047485093602	0.010421017972808927	0.013403121885015728	0.709333495809527	0.22079842709987266	5685.741273637442
-8743.382848732952	3.964004483498327	0.06717780110737455	0.13511062240682206	0.44836715617556705	0.17297484097515264	3291.011918038612
-11439.047137528374	2.6810174753969083	0.05080500452803114	0.09545235014427524	0.10801321264572897	0.1717723409239309	3962.7709065195677
-18883.11333135085	0.9278893234867907	0.004507797106693227	0.005157684054796093	0.15006412089418342	0.17530273519587214	5755.060090762981
-5710.796312367856	7.056521066900064	0.06154902557620154	0.8484248953266842	1.2225015194283124	0.18255092204327822	1803.0020784085393
-11592.136698736711	2.489901047599369	0.060267358893500475	0.10745006908178277	0.19580764376979712	0.15641715210886278	3959.067523713084
-12667.802606771098	2.1631303390123406	0.04756824284563868	0.07344721875037954	0.19537438362589446	0.18845766501485023	4371.538541152959
-17021.999254084607	1.2744370020023357	0.013328437575205264	0.019909758762135143	0.7693819020421563	0.14597710170597658	5471.759731074412
-4948.359505360819	12.08808358465475	0.07848630873420279	1.3036075876780107	1.016659510643411	0.18427401545905017	1236.3002482631855
-5373.345153127011	8.234224911686654	0.06671192188208072	0.8544487950345319	1.1373224956392567	0.1826853106677453	1649.3018158439654
-19044.0290167838	0.9069928316896779	0.002986094976590395	0.0032321448800082028	0.038037404631236074	0.15445179382647098	5760.326871213786
-7673.4230367283035	4.2501072811597345	0.04596209034282649	0.6675123434822325	1.1543221290769623	0.1775917125031791	2425.4126986496535
-13369.683420888716	2.054376001950206	0.03529175250265805	0.05519761204047901	0.2476144037931212	0.22133106554591137	4610.835051304074
-18708.574088551133	0.9690180327057407	0.010180621176048649	0.011909156869282407	0.09847604236027378	0.18529802737884038	5715.849529118223
-6782.0849790755565	5.46566822386694	0.10275038749039211	0.4325621621900336	0.6085555555976468	0.18631227870499018	2185.130432537359
-5871.159903932997	6.157699715302139	0.05166577708917316	0.429789140911689	1.4604082257276805	0.18622070066447763	2245.079206175764
-11236.763707895705	2.7077395459187046	0.08033434757465235	0.13770990375976289	0.07575190168581317	0.18266197107987275	3662.8299227964667
-5008.168079270476	7.361320063489573	0.030783550487721405	0.842611398561263	3.0754676782710995	0.18002492014306562	2288.8325922296785
-5338.007251982971	7.951442026536507	0.04436450628936285	0.4584531454872798	1.8311000725489914	0.186725210296583	2062.047562763587
-7742.898098942967	4.713619168335973	0.09586119828463684	0.2266868132103528	0.33419444492868305	0.17674209989847398	2707.5660236126796
-4965.4413302455005	11.73663528454351	0.08543271969841351	0.7204677027050564	0.8903361492566078	0.18524083097667932	1407.2689104479641
-9372.744271241383	3.1999373865419076	0.08293105139690227	0.21937689896185802	0.615057163123276	0.2281955666244388	3194.427382243823
-8821.919442156863	3.8637729083742864	0.10772921759944461	0.20738409925241805	0.24800722722879978	0.1693630078876044	2954.746275063108
-19611.161228581048	0.5333821003490993	0.001	0.0010002623196278717	0.11918666404470724	0.18121477680746037	5814.08373742044
-9131.93684040042	3.1540851074496383	0.06109191100062893	0.2938445763502327	0.807211301822254	0.1884706251515492	3102.8464223009187
-4914.551503621836	12.319920781917341	0.08563250117825312	0.8053263506555722	0.9961355498399547	0.19272405998700237	1355.2791960085592
-4918.396915961413	11.966276869991743	0.07577023171284632	0.8321747394683734	0.9810910657336439	0.1902894042538599	1364.4921194682106
-4899.979359037557	12.849238567814211	0.09525631596691395	0.9897616904012227	0.8089538288606751	0.18850224926883888	1223.0717694101731
-5347.998692418358	15.002431596259242	0.17078919859130504	0.9163316207012897	0.4196055747144608	0.2508298878636658	1077.7831068162036
-7400.160597295172	5.096802721289673	0.10793698201031851	0.24866077836972716	0.34623350195141783	0.1822700927392771	2558.259780575649
-13940.618098026827	1.9832081137130952	0.03799646459230177	0.04931430552462607	0.011324285627938344	0.15913601332789729	4689.298361562876
-12221.791909137497	2.0660644533783477	0.06471661370201197	0.2064469561535972	0.5811562154949252	0.19876857742031037	3882.5497621005206
-19433.5552150641	0.6254667676332472	0.001	0.0010365517150940598	0.048645764992314475	0.17972115261235364	5795.453748660104
-7006.2676076871485	5.283205455679444	0.06983654304424604	0.23768784752377967	1.004108825523244	0.14282549276970505	2647.1846489312334
-4907.677156716654	12.20602137053069	0.07162753404751945	0.8017904191609458	1.1629965493241878	0.18521672565387257	1402.0665473929853
-19340.893243260543	0.6934802728715845	0.001	0.0010728278302741133	0.22465793394395184	0.16833854223385597	5784.879056083082
-7646.106224154548	4.567858439713307	0.09573524685465544	0.29894651878053585	0.4389030776876944	0.1811955052152982	2568.4996966902286
-5413.7872270001435	8.9347528601205	0.0871783015183605	0.4469344920948394	0.7773358978052638	0.19167717728052142	1790.2894749118543
-10630.489560697815	2.857245832195839	0.057403462343741676	0.12026591043695523	0.23615015745743045	0.17161672043939225	3732.223643858481
-19998.363981859453	0.40271330168962477	0.001	0.001	0.08630195357087976	0.18594223682659625	5858.3636627188735
-6435.065885714695	5.590882189883824	0.06887146740096724	0.35714993885728064	0.904369617938262	0.19491642939589468	2336.1294960960577
-5326.00644162304	7.253151542551867	0.04147444249648207	0.5668853516871215	1.9540499428516558	0.1952093509386695	2084.666964194823
-11902.789019654872	2.505802873748396	0.07642105848305014	0.188185775339924	0.09422340265077815	0.17735508547672685	3588.0793942649375
-13906.139620224683	2.0205784347167577	0.03283133615749477	0.06076880731671875	0.04708908201658726	0.24015426286911126	4583.849736778196
-7628.210427690234	3.6203738395342295	0.03785689129962638	0.3516943395828732	1.9341645098065785	0.18295673609175755	3030.7967524242763
-6807.669988940034	7.213872452918595	0.15408313752335076	0.329548812334358	0.14089528220558514	0.20090378578457313	2027.718859051278
-18978.368245740523	0.9176174638770443	0.002416853867109399	0.002646598789488726	0.09602920400289794	0.19398024117302745	5757.638982204374
-19752.366467116244	0.47851054516633185	0.001	0.001	0.15216065279913363	0.17355930355907193	5829.891299982688
-9429.647526184248	4.4576082258537	0.1255444139444915	0.235474674445989	0.01484461071357195	0.14124438805890707	2690.8115501602524
-10194.732499683441	3.2573429059023993	0.07721765015681006	0.13543414390902525	0.09124732991926467	0.20155460288384575	3463.9326491432525
-4965.636516501014	14.184051152369278	0.11269434205248807	0.7726622178682194	0.6541856931147784	0.1962865952217092	1223.6014968889078
-19406.704249977825	0.6447402970719759	0.001	0.001052938887030522	0.24322352085716173	0.19075127768529093	5792.684642851439
-5582.343327583154	7.608787308978285	0.07405033337262117	0.4491364567453492	0.931780573958751	0.18185718232916165	1939.095457718689
-19020.149755265116	0.8904812927765908	0.002303955950827548	0.0027985488984541623	0.14091187435120997	0.18236251898066486	5766.653527988342
-6970.613022303924	6.38838000158426	0.09727318862663868	0.20637353266664277	0.3879654992601954	0.1768656081055073	2506.1034623068826
-10347.828480564236	3.389693099594824	0.09925528025040076	0.12092068157454901	0.042519637058524795	0.19535401597567686	3464.9793506625806
-5527.090135259996	9.026731784425419	0.11521935515962597	0.4862505147920341	0.6105319286658651	0.15994868371795895	1700.448323405057
-19284.44760681602	0.7256586689422936	0.001	0.0010804210571507204	0.11698612307203349	0.1852815739209527	5779.913545757734
-4890.430229095463	14.188187663908481	0.11225260533040732	0.9230816316773818	0.6831803556696545	0.18759295960227448	1163.1212573974653
-5923.905709093551	7.396377129389061	0.10067651967612727	0.3315876694736147	0.7532005556529194	0.18790786216562286	2090.7075367701755
-15231.946345847056	3.124044568226333	0.05632898436355037	0.1959894326583777	0.9466961544370932	0.4951392895523215	3362.407208216299
-8042.740501815319	4.087725588773407	0.06760150685236617	0.18595641737255478	0.6839435076038097	0.18684985846709184	3046.1329978034782
-4977.7422147989055	11.580135234260256	0.07655955664136306	0.6809321442723228	1.0320966642502494	0.18202610498441196	1466.9288378322915
-19453.77976424805	0.613559926539477	0.001	0.0010364815828632584	0.09357286659028032	0.18385393850503376	5797.881344219015
-18517.31750953155	1.0169466975085195	0.012861204809210686	0.017400406971152676	0.0629850139991746	0.20442754532670243	5663.455559767886
-4987.7078038626	12.930655005453854	0.13714143295645584	0.8575543206502936	0.6032884843876545	0.1834508487653527	1215.6239207199894
-19391.795704672637	0.6500072612554436	0.001	0.0010560464166237758	0.20965767014361336	0.1849083966932158	5791.823246172093
-10172.400441351296	3.470633816433738	0.06534026707852847	0.10745908731501076	0.07357697344225075	0.16998749843435274	3578.973254660445
-4882.724461339591	11.454201449910862	0.05798198518701899	1.031758856816856	1.5260606572803281	0.18244548720230955	1458.1412915757812
-5055.304081726417	13.954800652853047	0.15199787896631464	0.873152276805918	0.41321694782413215	0.190718017575121	1135.2764740613736
-4876.265490304185	12.952822714559913	0.06235251927996217	1.5504205316781352	1.367055661852381	0.18477651026807948	1265.5327015729313
-5234.371020176351	11.0925488595116	0.1353848333770961	0.632547553402851	0.4655289212325783	0.19206430512521308	1410.001136219694
-5694.803167653601	6.247893805850096	0.04489493402367849	0.617381059617484	1.6976189867910652	0.19360835484441813	2138.81796886501
-19419.178558694897	0.637075978594823	0.001	0.0010481608511048533	0.0671955034701426	0.17354955467222813	5793.79997774915
-5270.503165806272	8.96233017367768	0.05083427977693227	0.4902422655324857	1.4312053676207916	0.16730016439971	1867.4179925603441
-4965.262842201367	10.731200159055495	0.06933096871830889	0.7399621719590833	1.1827918933605632	0.1843429147778287	1515.1196405786407
-19504.86019675265	0.84294492492219	0.0035107527982512457	0.003945147944929977	0.053787890931036336	0.12377714637044925	5784.304282629613
-4953.650980504319	10.393477287072614	0.05328808754187484	0.756201899781486	1.589094502110037	0.18198641574816737	1622.9049584421155
-6769.182836070607	5.310861630584505	0.09660904990994496	0.33682508737449685	0.715610574059509	0.19067688146866255	2369.2958534133786
-19736.615937250284	0.6363234533184758	0.0016875626952338866	0.0017615744716546408	0.10566507931559245	0.13752528614344414	5818.070834373344
-12530.822488229347	2.2059281184945396	0.04268376113115305	0.06660428346975741	0.3911394412517878	0.15863488036523152	4419.879006084936
-5182.890279606177	10.735367993487593	0.0705380126484569	0.5000587715317865	1.093215007628957	0.18393256012076095	1664.146560596418
-17272.79614410968	1.2222694456581107	0.021975187232303597	0.02619350228037413	0.0025007238495936717	0.18141536405829614	5421.381408332418
-13361.304623800906	1.8856277717084164	0.05054926662880471	0.09195098701136291	0.24436533111107078	0.20051138632066964	4424.0641563770605
-18319.558619870044	1.1008755781968482	0.021526929294609934	0.022959890240538634	0.05875744776073358	0.12711468757886635	5537.772366210439
-18425.121618460682	1.0877370712889465	0.026005332197449035	0.038805636468001795	0.2697764782119482	0.2683384961015503	5489.383068075849
-5527.028921948671	6.429832814732053	0.03779907459404314	0.4903831852794989	2.1556463892846685	0.1862279153193941	2289.709963548217
-19366.724650807413	0.7011167957272437	0.001	0.0010949245548472384	0.06838578838137123	0.20486521535197133	5784.394164678663
-4933.080602427238	10.057368459879239	0.047867016944798696	0.8682440627336594	1.8362461763089637	0.1800138131418574	1669.0494731376882
-4833.268423082985	15.135625264255253	0.08793925482403812	1.3343402313794404	0.9713503015179782	0.18473418448319864	1093.4803781688713
-13318.371177193401	2.1190948197458264	0.08036513635694571	0.17323209541577336	0.07734127712622955	0.23554747328655418	3867.049553444586
-5578.881050428363	6.944926563802378	0.054920566679719694	0.5173187677109133	1.3806084526681708	0.19210693932801903	2035.594136093834
-11159.97097194089	2.64374603409084	0.06558078016901903	0.14009698290559305	0.1665214353317493	0.20288528858204663	3712.914614426196
-4886.849398350421	11.272380296810649	0.05758882032731699	1.0785324259752345	1.5882779382184566	0.18023092445621816	1474.0655134499052
-15421.214344495704	1.5892948609421245	0.05151594897134451	0.0749128557374776	0.02015830464685748	0.24277360819239072	4734.059864791568
-18711.96168270985	1.0629892528372438	0.009720723944481084	0.012026277469120562	0.11262440824504179	0.1179567308054543	5658.028513515206
-19289.325472975084	0.7436615236477472	0.001	0.0010640661726656908	0.039292635185485494	0.1987278948561068	5776.573133703142
-5753.337192583194	10.317531268048821	0.17412106990936232	0.4473289986347873	0.3036308574039782	0.16663580230944922	1598.619861600098
-5242.4600925271625	9.031137684138995	0.05153929538384754	0.542243704886167	1.1893733220228953	0.18595307303252573	1776.8047890446537
-9918.736328698824	2.925070098277316	0.07070399192377876	0.16775480951632582	0.4771892130784223	0.1840923869577666	3480.57244493475
-4911.546036132664	11.381845228945066	0.06432557254789571	0.8198035914026572	1.3178832554722222	0.18196006327573905	1473.0690951804452
-7268.493374925548	6.307105808023326	0.08953647975413942	0.18009605065853232	0.34543818824508293	0.1706345097921582	2625.838668507207
-7306.70469280355	4.790850102129895	0.09015950708030815	0.26691815414193576	0.5696526963205001	0.1910920790982688	2606.7349947140333
-7029.8417433794575	5.766239392733365	0.11614254454954177	0.2655327677743002	0.33389978483358435	0.1696889341591258	2393.3729806384626
-19401.28019204322	0.6493108299501943	0.001	0.0011266884718336687	0.13673465229693604	0.17968756022121793	5795.305243031483
-6087.361920091289	5.844144262082647	0.04462984925690378	0.4983292970138849	1.4163101686311017	0.21016803218944602	2234.0418844167725
-5734.783464321719	7.704171194692993	0.09370582802524638	0.5881178976756254	0.6403124610756207	0.1825783876950541	1741.2261342385395
-15210.20376529601	1.5266948487362828	0.032727774385046794	0.048497248222092774	0.2511456170656587	0.18172281611002347	5002.097645735199
-13963.636973696503	3.131883057426857	0.06141333207003462	0.15378077645952784	0.7982898393349422	0.45147519188501056	3486.5800162559863
-19105.34501810915	0.8477496256903971	0.0022383441014245647	0.0024998962224037488	0.15275711131252037	0.17272342041117586	5774.20452365949
-4874.2463266578225	13.28923517391565	0.09069720125691713	0.9171939605787556	0.8757518664939253	0.1844119724133509	1243.8427281394045
-4970.003647224169	11.269268574014761	0.06303987355289066	0.6933707539328555	1.3014676900905457	0.1859571669176213	1534.2207141507827
-5969.69809485841	5.759439943654895	0.058813489457173386	0.821267464518093	1.9119702264967267	0.16062458358536386	2162.7294427248794
-5503.426618374688	7.841317893259613	0.0714346034427487	0.45691115960167283	0.9865955349489789	0.18261359868347768	1916.202791557723
-5003.696604808741	7.6007054778090675	0.031699838112673184	0.8438660252752237	2.7745957042591005	0.17131732774619166	2172.459022743906
-6867.8804144376045	7.033716996496297	0.14869030729976745	0.34177128575504084	0.13638005960717808	0.196197251764812	2027.0230536270963
-7653.089766955982	6.04170082103878	0.09115994516649592	0.18043640262831062	0.15837702917246968	0.17438217372015002	2646.775370731894
-8193.380570694828	4.432589917226355	0.09488389366100324	0.24462581916847903	0.23014024351196283	0.1786851856466236	2713.2447454743715
-4838.733585384537	14.285464709034533	0.09061991174377554	1.124707955724957	0.9338889165583153	0.185913884388827	1155.745557764596
-6111.111118103398	7.135819154079689	0.1172332434420834	0.41815027270855387	0.4332193357028776	0.18723341120792972	1938.3380494533528
-7255.445074002316	5.56305780345771	0.10043509366966367	0.22257967069898835	0.3282567475070302	0.20176154610610933	2560.5000700181395
-19398.343395782667	0.6446066388693659	0.001	0.001052811786604443	0.30843186942304907	0.18400078699539663	5792.74512255365
-5753.320923391245	8.523996894672162	0.12029988185998958	0.4875561161493592	0.3967265790428422	0.1834124825210267	1712.2609151671827
-6283.578362510667	7.9543107485322455	0.09255358559088878	0.2563560224158916	0.4897853573068361	0.189757550278899	2190.3535779022563
-12134.983333116543	2.460789909706517	0.05462706826490471	0.0734371771665056	0.11927622295801303	0.16404387819577645	4210.4234821812815
-6197.5311127207115	7.876703622933613	0.09532973884104627	0.26949163468126375	0.5119988778459632	0.18523930524457982	2161.7863818336955
-5164.039293922992	10.112509002671972	0.0845076149152796	0.5362896209223836	0.9203738587998822	0.19065824824488486	1634.1817082316609
-7549.875355210121	4.4853318076444415	0.06062607572957009	0.179103418772769	1.197273420660988	0.18258400526320795	3024.06960485105
-10546.245250394672	2.5537065863618116	0.04755038183462233	0.4496897614124786	1.0297335775856074	0.17970027230812857	3284.869015960477
