# /groups/rgutenk/lnt/software/anaconda3/envs/donni/bin/dadi-cli InferDM --fs input_fs/fs_009 --model split_mig --grids 40 50 60 --lbounds 1e-3 1e-3 1e-3 1e-3 0 --ubounds 1.1e2 1.1e2 3 12 0.5 --output inference/fs_009 --cpus 10 --force-convergence --delta-ll .001
# Log(likelihood)	nu1	nu2	T	m	misid	theta
-340.94243757209347	0.02818781863231596	0.03574694151432465	0.07708483218133541	0.2848031369625452	0.1159875412378479	1053.000824219255
-340.18664198834415	0.04195149065722311	0.056531023197073246	0.12137885696585651	0.14172438761118603	0.1339578170358927	972.9559542745516
-348.1573693396315	0.05111579651964379	0.07160674913548747	0.17144704523600635	0.19156183691808143	0.3247035122832912	945.2922821929575
-354.21869639794306	0.03898633103685927	0.05132922351001826	0.10437963966887516	0.10209048870026192	0.15031053524935845	973.8895592587917
-302.8694438737233	0.04750773192708224	0.06721878306676428	0.18017666393554235	0.3241696070764763	0.11949252488676286	987.5711997422528
-295.7813268057322	0.052231440602315944	0.07867678903439951	0.24801795418452605	0.36314319691705366	0.11588135093277019	969.2963672720214
-321.52329842011284	0.03580288130843577	0.049051851794556	0.10937460307235096	0.3088538960549706	0.07791487744433645	1020.1814204522392
-301.27432657853115	0.050330386198304565	0.07711065344151127	0.21882101173360152	0.3292911559219936	0.09332322457625658	966.6491384007765
-333.03154896264437	0.03131504451031543	0.04164802434368803	0.09589489986168324	0.4118597414023266	0.23271027144151643	1058.792477090648
-313.9482489915581	0.04877118280758981	0.06782904458524144	0.16654106956415013	0.23890201727484292	0.1320925283385842	964.6399096445355
-292.5160946116643	0.04389484240928095	0.07537156676917615	0.31872316644942006	0.5061319055573965	0.10956957205361802	1032.1188804203148
-361.6215290230824	0.04991952645619775	0.08454956112981041	0.354524063289715	0.4141265738496163	0.44209799684282247	974.5758251760752
-348.871459457641	0.03211134163490158	0.04299459757445275	0.09434021706917352	0.26891961214018634	0.2667255355021381	1036.4841167077032
-349.0645066024159	0.04097883222992307	0.05416806784992814	0.11639745917680934	0.11687801770185657	0.07345403127893044	978.2526695041375
-325.4602522835667	0.04506667134498287	0.062424723033285744	0.14439014545107873	0.20088752625075693	0.1697931129976192	972.8614914328206
-300.75430894662566	0.041900087808668725	0.061254701323795284	0.161836763925125	0.42285261060096946	0.12238144166128966	1020.8425556920349
-308.47078528523974	0.0369871738057913	0.05331330043546118	0.13498776621959005	0.3902339773864296	0.1433136766416442	1043.5106772351382
-379.9252671308185	0.027444894882708546	0.03577809351692374	0.06679250076444775	0.039182329531491374	0.0809524431044679	1005.4123869485109
-318.1219171484381	0.02795846461501166	0.041444275683204836	0.09683003594501183	0.5840302469676931	0.136739842841438	1088.5450202379095
-316.38067938446784	0.0435774051134772	0.060384962335538604	0.14982317034579778	0.3003592040990371	0.04398526641201343	998.5786504179601
-357.9788122546511	0.0342882244056589	0.04556124892016858	0.0918860233559362	0.09627417841350555	0.1224770312014081	995.8890039148117
-296.2182315232614	0.037335823710256205	0.05967812742139296	0.2211792456216	0.6393550427400144	0.12180619239403716	1105.7902737761299
-338.2324572026274	0.04048764898465985	0.052152553390986456	0.1165876918591056	0.20435935926075766	0.027535889740948845	993.5453958627921
-331.00847432157684	0.04142806954126217	0.055770631624291446	0.1248934330515004	0.1931341118866192	0.16193021135762065	987.1259089019082
-292.39437324516086	0.04742676768536467	0.07277843122001694	0.27377006646888863	0.46535389486883383	0.13197130929807693	1018.155226498508
-293.9543049075438	0.04161436848705884	0.06483715635979352	0.22979736749448645	0.5484290745881435	0.12152965673172218	1062.426024208736
-356.1498309676931	0.030391569557033614	0.04054206486595034	0.08292668862676894	0.15694975761143343	0.19010906375538664	1022.7073395815846
-308.4542884743663	0.030989184988489706	0.04233363868532474	0.11743118530977471	0.7101666421789635	0.1090173280607062	1121.8237780071488
-291.83229388382324	0.04739329891099588	0.07644372021895511	0.2993732709536075	0.461891132028134	0.1385337244408295	1009.7236145170847
-299.3027927242051	0.03695031318750093	0.05394796341702076	0.16039705957434996	0.5888545415136968	0.09218581874099166	1084.2974592068042
-292.5969469343504	0.047140296888621876	0.07412666393288297	0.26612914223883244	0.4538207528006732	0.14401332621855908	1011.6327981780511
-316.4172827246479	0.06708178820324395	0.0987257763901197	0.25539321195277975	0.2056765171987023	0.17081887871048299	868.3717372301476
-322.30988795093265	0.041398952318094165	0.05565558524341331	0.13008532861592204	0.24271812794527076	0.07715170537081717	998.6152579934565
-298.92040710580784	0.048183934290919626	0.07048477523642795	0.21338475870365642	0.39441978679390305	0.18673129223463933	998.4220887272447
-354.96681607028404	0.023018408641179683	0.03042895883539454	0.06164664163008293	0.24422845261677437	0.06370941000090756	1063.139463048693
-294.1677638959932	0.05195219306567602	0.08823519973204347	0.36390059618706305	0.37647959567764544	0.1825440799433043	953.284673018523
-310.09363027513507	0.04827780110212808	0.06747272912357764	0.18090707714641305	0.262594926791029	0.1345572955762072	981.2188780422177
-298.873878469422	0.03470634123808625	0.06710919560644596	0.28205421261610214	0.5883183723364245	0.16520386253531277	1098.145315686384
-298.0558910968238	0.040257334241964315	0.05934042157308872	0.17730524856886395	0.5129230704256323	0.08265126125928382	1056.113963962772
-293.76093011786253	0.046026446965509255	0.07017759230575679	0.2301190910902401	0.4448102917713774	0.13432797318546233	1017.4781694962056
-298.2649118192383	0.03992247623737122	0.05800729153555894	0.16575397863851313	0.48950284662060234	0.11546257483853571	1051.3889564089377
-295.59066666016787	0.042247419025549286	0.0701128306901128	0.2346079489986283	0.5054053051337442	0.16447872330962324	1037.2035713738376
-353.38899991768744	0.041720292592680064	0.05558845270107876	0.11590271954190813	0.0958195224956331	0.08456383641905402	966.2163367077194
-303.13693925662557	0.04919470869033059	0.06895650336794483	0.1857757058585646	0.31339817567949657	0.13700809698939703	979.0519472789032
-292.9943266726893	0.043644396508740455	0.06873091399817184	0.24719760281363698	0.5006767742034707	0.13057330033686632	1041.616050724801
-291.890189148869	0.04705287998171814	0.07620479574222165	0.2943497612092372	0.46390408321994964	0.12926878742682626	1011.111301328255
-322.1359908206125	0.03649649033417217	0.050598055226614536	0.12089203710018594	0.38214146279117067	0.2267956646811392	1035.442993547412
-329.36448525968484	0.06476465723508257	0.09076530858815737	0.22927269508929535	0.15518566919572993	0.09720146522222013	882.3507520020222
-329.57112342314787	0.03882863646257937	0.05168953825695151	0.11359837567264575	0.21570880982514812	0.10934205051470655	997.6701658716722
-322.3444722012804	0.03539696861573911	0.04787482235056373	0.1162911856729039	0.3913724163499872	0.009115468233481661	1047.5188385294543
-316.0345628109375	0.06485462235241773	0.09128273862919174	0.29028125554347783	0.2347185462717054	0.2511676134773272	899.5012413922158
-296.16699518216774	0.04741380685849262	0.07747786053422988	0.27691959989117815	0.4060539887427787	0.1891804952068007	995.9018957217803
-309.1370354864382	0.029461136020036336	0.042594245926700955	0.11240656893953636	0.6718944778130317	0.07145435312861452	1115.852943213705
-296.0191184381269	0.040598772912936426	0.0641022288601219	0.2250138766941649	0.5749465406819375	0.15808171981854005	1069.754621025677
-304.9266222694164	0.038320103996610295	0.05408381026938677	0.13699807875852602	0.42552380520306327	0.11244790310105236	1038.1761129566148
-325.8722523726136	0.054259851350016465	0.07875750835125424	0.1868137627607289	0.16596333135053407	0.14949004966821874	922.4271108014048
-370.10832747405306	0.047682771569602114	0.06126907043564286	0.15626869101168417	0.3117725033972905	0.4223410881946235	987.2519098111877
-363.42195387428785	0.03144889713389945	0.041086431396256805	0.08791808758320128	0.21818618136398968	0.2953881588600429	1031.4659042462895
-302.63990141158155	0.06037013971427941	0.09004758798432407	0.2738534411469386	0.26274834341301845	0.13656563416545806	913.1563737677508
-335.9942230081044	0.03658155683731274	0.04823466122015068	0.10572597525918197	0.20046763988142438	0.06645057406298842	1009.1513061357882
-297.60650548909285	0.05319367562959729	0.07882521245334378	0.24084588961975092	0.33103720021772226	0.12468957205400734	961.43811026598
-324.054625801944	0.05724672968162943	0.08574587441595781	0.22584329444247425	0.19279742159512175	0.2335619145414764	915.2250152943952
-329.643362798172	0.042924729661747714	0.06348243879318395	0.16892135606956662	0.3842148559405804	0.319102040294477	1012.3012011916281
-328.06950790938197	0.054114965159430796	0.07588238839917723	0.18375410004589443	0.1571743854040083	0.14491428138028795	929.8235939589267
-291.79157849261986	0.04963125052591942	0.08248230551148257	0.330990214121037	0.4196240240361824	0.1332842750591538	981.6383010585547
-353.02866925472426	0.038393394796054324	0.05130892151819411	0.10577706249934754	0.1046176755195173	0.08397766764992176	980.5849304533962
-315.5846842891714	0.04579753139103049	0.0616454838452309	0.1491101575168354	0.25224666206527435	0.10427418773970655	981.6207081527348
-334.3061774751071	0.06750878805982079	0.0931594860752531	0.23147247397059	0.13036414604630486	0.1339967857643274	869.3027985898165
-304.551593524954	0.04774663877215972	0.06940788377947114	0.17811121590223214	0.3301494686289219	0.15688251061163078	976.8513742956111
-295.0810883684775	0.03988149903052947	0.06185637107378541	0.21615733839543871	0.5828079339244111	0.12609975478456	1078.1275765076186
-322.150889492771	0.06642702411481217	0.09694849107167465	0.2630243673203292	0.1653737572454657	0.15608187497268866	873.2985538124062
-300.1851379469455	0.04732426095761982	0.07849302883944008	0.4078535853614115	0.45998951231064283	0.23305477034653632	1005.8904454816602
-301.871654160116	0.052132058829662466	0.07557184676866047	0.21257208796041085	0.29866720024639126	0.12745941724248488	961.7475311238302
-296.38729133328775	0.042278318799159394	0.06425433666612401	0.1912106414033872	0.4544947800424834	0.11029298861130749	1033.6559741067679
-292.02077314679326	0.0473279620830716	0.07541470610519675	0.29039746684086054	0.4636318815494486	0.12410562376834383	1012.2882409649009
-301.15404187351413	0.03743664010586483	0.054817910710085786	0.1542183975860508	0.5381424859185326	0.14997412511663125	1067.4486060450706
-339.58310182944734	0.03767982396526664	0.05058582999662156	0.10815548415918116	0.17634640163679086	0.060937776842901865	995.6267067243532
-364.9482412321641	0.022356416344130693	0.029572148525310482	0.058672254682866035	0.2164874779814848	0.16655675638900203	1058.968381755631
-391.74937954751533	0.04143661790894339	0.056995398018911986	0.1310830226051934	0.2264823555696138	0.4501631275294906	993.0477272941698
-320.88984576039184	0.07202591191357728	0.10955001517832853	0.30777422230450563	0.169665025644908	0.14195636593250585	840.123249104524
-293.32944702539066	0.048315813878580485	0.07455823824004548	0.2510563009356597	0.41875238308860907	0.1358502707024015	999.4695822349165
-363.7435615356259	0.04282186673156765	0.056959666006879156	0.11618752171477414	0.06005073904344696	0.17401753800952574	954.4795679423444
-293.1216050666985	0.04239847108459259	0.06811341532135719	0.26516092533853725	0.5500005172507987	0.12014805756359163	1059.1747139210058
-306.46380480825997	0.06145393503162481	0.09841730114983907	0.36594876597233017	0.29152372302794166	0.2500561011862661	895.8884581572817
-315.0678297296065	0.04171577746857583	0.05619813477165793	0.13586581447103874	0.2915583359881517	0.07915167006848035	1005.7418385148702
-367.7725300947707	0.03594451559433897	0.04697865772294536	0.09543663844800437	0.05501056780526059	0.08943391672013488	988.3859464358328
-298.319561227553	0.037071400964873005	0.05586022814494627	0.1814997378448219	0.6335371333715462	0.09096345509451542	1097.9571917861035
-295.77749945908624	0.04550201530052565	0.06789177862465415	0.20789248522407136	0.42911526268015077	0.14995731413867872	1016.4359179123329
-315.2631653195584	0.04321164644847748	0.05889458617634702	0.14965808919523968	0.2642884928034663	0.13661487537168432	1005.0190329828184
-296.5706058139822	0.045086670333567135	0.06530885721496303	0.19261010828229566	0.42282904217868045	0.12456280918890723	1018.446085881334
-304.4013479302673	0.04277584977377396	0.05916868534002871	0.153950683365764	0.397152132636962	0.07643760878813076	1016.6640411699831
-331.87064796258085	0.04311522945894821	0.06327352106290385	0.18791968067597034	0.44943100361958904	0.34183838661252564	1032.2279257937255
-341.0902136103619	0.03231558588939401	0.042589655552183976	0.09035264786048375	0.21600930650579275	0.047824892964611905	1024.0191385449878
-352.19176719070146	0.042387986893339245	0.056409725946304314	0.1176285789043474	0.09641858356221762	0.09778588359960275	962.903374209642
-324.4094634550464	0.06311601552340194	0.08796994131060876	0.22011875306243314	0.16240109312492554	0.14104864775645862	890.4031521344691
-299.82465879812594	0.048575390864864176	0.07062918624963244	0.2012426076123149	0.3424874991399773	0.1528023989586981	986.5937567138518
-312.69659703506795	0.059874615163968366	0.08911584326918931	0.23614331115457804	0.21536803431846727	0.17475747898536076	904.4114111606265
-337.93328658989725	0.047198690145545216	0.06384378872238347	0.14119637262558743	0.13545093952145035	0.14431283450702112	952.0987800005928
-370.89290791922514	0.04064287745725042	0.05421803122771907	0.11189792900013755	0.08497475623388602	0.27495707007185105	968.861021186498
-298.19631998049795	0.04036098937395093	0.05804451638216001	0.16694265768201053	0.4834043470723503	0.11800277261080969	1050.2914611290867
-318.5757632391678	0.047183591835883276	0.06579399368794561	0.1618184155647896	0.24296422875190812	0.20039277878125164	973.5725112271765
-346.27304920326003	0.049992674513332315	0.06637803458357641	0.14892490653762636	0.12911180996945282	0.23377918969449787	941.9963425036797
-311.0864751131855	0.03394673903023598	0.046911506229167094	0.11480469950449294	0.4363253222076098	0.11933384221608159	1059.175758613573
-314.0777095011325	0.03486654275018866	0.04810303300989558	0.11570486153445421	0.39986704333302703	0.15186014773194623	1047.8935158365184
-341.95062333741936	0.030164418959369374	0.040494389806369886	0.08636756400846791	0.2614441409560856	0.011769290505618021	1039.2061154242579
-300.3126156137371	0.05389422512772986	0.08151228596974643	0.2324014086618172	0.30976298204508995	0.1199519921136127	946.8278092190963
-291.81064217469446	0.045425180133098056	0.07428551661921855	0.3097369079227151	0.49640216964206396	0.1316787670848409	1028.5733019484442
-355.9418362292854	0.022000017679865105	0.02892231349404951	0.058534846765283956	0.27772003496761843	0.028239020353774645	1068.9030446511113
-291.69430229134633	0.04525661863777585	0.07580988786919364	0.3208609189315808	0.49035578798980556	0.13470731939974542	1024.2732257843504
-298.58002135728856	0.05753544776522283	0.08655078039423442	0.2774320906572752	0.29799998542764083	0.14403755092612472	932.6522312627951
-325.8610813434038	0.05883811108131245	0.08167728210099875	0.20512120604875267	0.17147207949658866	0.20467545739796844	912.5489480282465
-308.72613104603863	0.036186540168004135	0.05068288158983597	0.12470617027620677	0.412563639636903	0.0920579784358563	1044.9462300258156
-333.0618288630176	0.03405432842648149	0.04570633801879552	0.09974051650296742	0.2640378535545778	0.03409578141738681	1023.5077981524284
-309.0668460819224	0.05985255996157709	0.08256235230986637	0.2268834297134043	0.23546160594598625	0.15373944571777728	921.0873570392552
-317.8185607557714	0.036903063974482155	0.05096813679491932	0.11768910119244355	0.305879149435018	0.10844442728957308	1022.3731415815479
-292.51888882933827	0.04515615579407264	0.07138523228121815	0.26096430155494627	0.48745928387267934	0.12917673678476999	1029.6726007555158
-327.31057794582233	0.04211261846443357	0.057477944250171685	0.13194187351258463	0.2286890708921907	0.19949881358804736	989.3669644407479
-316.8728943724139	0.047792492939699734	0.06620044789865452	0.16092874710823343	0.23120541675138537	0.1606646273850607	968.3620686851505
-322.65719411002283	0.036501410270878235	0.0498799092780575	0.1136003431857388	0.27455679647083914	0.1289183693676818	1020.7494687128491
-386.70206641355094	0.039846143463002415	0.06296263641236055	0.23307224517710165	0.6070177455153737	0.48951341921401875	1084.3833035602881
-329.12152902574803	0.022439551716112918	0.03130584533319217	0.0703398042609213	0.6169705460542979	0.05665672016880159	1113.2968225027673
-367.19576822435926	0.02207270191834618	0.02903132148889049	0.057586255967179444	0.19175455328598182	0.0025283274173908965	1059.8360890714605
-293.0595466122769	0.05214485907716983	0.08502360040746962	0.30428516327374455	0.39882810092263427	0.14577988476410797	963.9229126908878
-296.7191636406019	0.04121821917469018	0.060726094975053796	0.18080773147711496	0.4909187343867844	0.10639362725781523	1047.616252111065
-356.9027072510824	0.05206191656550692	0.06972828463531465	0.149072409367907	0.0711423898302448	0.1280939063044639	920.3297830553761
-368.6868232776635	0.031386683942471884	0.04285779219065003	0.08236004238302977	0.0632795086998261	0.09710796836675843	996.5401539796636
-349.91711620189017	0.02545330361646185	0.03346680310331332	0.07039180239112505	0.2779483666134134	0.17033200734659168	1062.19092722268
-298.16324323472577	0.05563721206997526	0.08507551243835554	0.2526769464226462	0.33368913737699135	0.13018497339584634	939.8881565950238
-319.0300216889019	0.04591760872607492	0.06293575239452023	0.14985851500482306	0.22407136512503523	0.13553123912956047	975.4975510569882
-301.80555290692956	0.04233089179074062	0.060982185853625574	0.17294615932497762	0.4426369793201448	0.18332444153437016	1032.5219110086152
-298.028081259322	0.038047176101551845	0.056421708656726896	0.17110072503752516	0.5692262743470418	0.12982596690500264	1076.9740048446324
-297.1738649522759	0.048506164814242005	0.07177349747922483	0.21844016834491892	0.3887355112508588	0.09468014484220692	994.6947327223618
-320.677092699196	0.05951886491015837	0.08384378615114964	0.21787086701378738	0.19383507504555617	0.21085969742812952	911.8887379269765
-362.63017627817544	0.05345122711595225	0.07079190002685952	0.15165837070726385	0.06923509299335621	0.07164721525211412	914.9688350111451
-334.25676697891686	0.03483400388440743	0.046787092285882	0.09851276295703877	0.2287122790180898	0.10170651731212922	1008.1272681395625
-311.2551030806536	0.037742157221088424	0.05222682130058794	0.12596996121842483	0.3671101626644036	0.13452056628183098	1029.7281105096959
-336.307818029312	0.027451460189327082	0.037943469107056184	0.08157173053562654	0.30199215576785826	0.11623966073838879	1059.3859368114483
-300.5083517464436	0.04585864334779506	0.0649014222279577	0.17538290862614944	0.3860373545217485	0.1021519402056815	1001.9207300267853
-320.92130232166375	0.03910722322721857	0.054404216250697454	0.13803710008893375	0.3954956993025756	0.25436292324394966	1033.389676812056
-294.84528170149565	0.042867871616581926	0.06451857285490505	0.2041218564893763	0.48699180322493624	0.1296467398503509	1041.1305828045518
-294.3602206973752	0.04523362977144612	0.06870120627385108	0.2178149294377975	0.46651308064675595	0.11435389429536812	1022.3124886101912
-301.940792941503	0.05396983134164931	0.0796639252368662	0.22547122371287506	0.29042011157833136	0.12472316040757056	948.3981310570142
-312.70253421893557	0.0405930999706238	0.05574499509767988	0.13794737355302472	0.30242240403553167	0.1282988123738634	1016.337229619472
-337.677352911872	0.02983638182752842	0.039658788167320165	0.08477899377859816	0.2643184685274714	0.0532967318595911	1041.7147811760894
-320.41349592469226	0.054224818227974335	0.08142445374576215	0.19686337529952022	0.19006357972597498	0.12977684191890362	921.784443276648
-389.4950163801932	0.03849373679845568	0.055872419865724735	0.11845281356167846	0.24426746559568796	0.4344572338065761	988.2727576457851
-355.2498378751788	0.04064956057770119	0.05864987695447191	0.14412575811877093	0.3217322577663906	0.3793227028961934	1011.5845090955263
-314.2623130458155	0.052177788175358224	0.07255816767857837	0.19654711018261037	0.2595730756393839	0.22160510248692403	960.85883231751
-301.546904849653	0.04854085302771902	0.07133236371394751	0.19749350233939106	0.3365700802698163	0.09435391123508599	981.5380273338719
-355.09535571903206	0.03227752929850512	0.043590392880000516	0.08831170414957829	0.12441872485141933	0.14843267564873633	1008.8685821730955
-363.2075309432376	0.02267374693327933	0.02979254558274772	0.0592976471844886	0.2046519802836704	0.14057111221869004	1057.6611037908747
-293.54521775123294	0.04614222027127868	0.0695977965207263	0.2317994160345228	0.46125158884858874	0.12241231190775285	1021.4702675482409
-307.0508625911932	0.04229686172586961	0.06136431098323875	0.15342755232256508	0.3290007276025144	0.12889408221215576	1004.7311552043161
-295.78457530057597	0.04766583033015934	0.06942366630882264	0.21832611180936967	0.4243004134385978	0.09846270576780186	1008.5837949356484
-291.50426220255997	0.046497269092228476	0.07682497297645537	0.33707169086247213	0.48393168002948345	0.13471811058061642	1017.7057987589899
-329.81118694674046	0.039738009585201184	0.052680003141605695	0.12250341046578475	0.2652867174657811	0.22517260883596088	1008.1089779903207
-292.59819594546804	0.04745139366339806	0.07521922814197664	0.27788871579525776	0.4542966013602242	0.15258041193930744	1009.4331715774308
-293.1342605002834	0.04290452059769332	0.06791015376109559	0.25362762733458705	0.5259666242427338	0.11533100357022849	1051.9317894691164
-292.4156343869618	0.04778765088854598	0.07537160359322514	0.27115228795873997	0.4437614972804635	0.1280824469651248	1005.4959102282508
-317.6898810495394	0.03389666772699766	0.046982918284558896	0.10983425524281987	0.3676467855931112	0.14518003390559778	1045.4055930337965
-316.41501520681993	0.048234017187150396	0.06774659184054616	0.15925020919033706	0.23771462489841233	0.1053763497633237	959.0284600019503
-327.74780411613335	0.0378878381992933	0.05149831820465881	0.11536691823598307	0.22860679004582005	0.1399104817550203	1007.5004456389589
-292.06254538029066	0.04522843738044435	0.0730660734024442	0.2869528285171018	0.4931893274628666	0.13023670332741208	1029.6053392228437
-296.1381021465446	0.053646435109596304	0.08055418226024606	0.25555153525063534	0.3409478911317295	0.1416130795962005	959.6076570638211
-325.45787533585917	0.07500846880423889	0.12306209818444205	1.1495365601084286	0.2841896110545674	0.34279353760852993	730.8874081566379
