# /groups/rgutenk/lnt/software/anaconda3/envs/donni/bin/dadi-cli InferDM --fs input_fs/fs_052 --model split_mig --grids 40 50 60 --lbounds 1e-3 1e-3 1e-3 1e-3 0 --ubounds 1.1e2 1.1e2 3 12 0.5 --output inference/fs_052 --cpus 10 --force-convergence --delta-ll .001
# Log(likelihood)	nu1	nu2	T	m	misid	theta
-820.7055440222896	1.5901135917955507	0.2874316944868234	0.03137640466321903	0.39984821700043033	0.11818244227293172	971.1323973246404
-821.6084945939795	1.6367264671179338	0.2850249564058299	0.03040642727837406	0.0062396528518722525	0.11855981001060817	971.5616973190306
-823.8628015065817	1.178482797780925	0.265568768067696	0.02747434405707293	0.07733408838144391	0.11653315641930229	987.1264364946561
-820.892282662025	1.6408802267473503	0.2887522911736442	0.03143620548975133	0.3193157757654898	0.11852533017734969	969.9306176122132
-821.5423910326226	1.5911240218123686	0.28289785816937946	0.030290493543733733	0.043041621375827066	0.11854653181921744	972.8436226490163
-820.4126346873217	1.642044481491705	0.29298746901926853	0.03233158273467552	0.5279542999396376	0.11854346484500979	968.3324983653762
-826.7163317445367	1.0088590780900795	0.2582429554772082	0.02661859723591048	0.2828537625309388	0.11236758538421493	994.2495197494836
-821.4702363706382	1.6676067576497797	0.28663497044319547	0.030715180324080618	0.0708589149600182	0.11834437226966917	970.4925601589147
-819.9808887119408	1.4131021090136404	0.28613975528978225	0.03205858837701895	0.8375715291887682	0.11863537729370355	974.4523270346959
-821.1799184161546	1.6153050931967126	0.2852476322967698	0.030773871601608816	0.19247648651967064	0.1184867814746885	971.5923486256536
-820.1310290881223	1.6107741978087142	0.2920806855097456	0.03252779226300348	0.64044600411923	0.11881922146591777	968.9034793772536
-820.9318623834071	1.6120499165361823	0.286803219552974	0.031205110542706697	0.3010277364304433	0.11840914721452493	970.997002556994
-826.2863554996247	1.0312505004311452	0.24363836529580463	0.02530521115867003	0.057867890320613756	0.11931255491690612	997.0348384756476
-836.3377327371152	0.7638465823418737	0.18937173761444442	0.018429407232645537	0.12849304099048678	0.10677463983032211	1019.2146506387511
-822.0118611690325	1.361577488559908	0.2754432386034391	0.02923707189608606	0.1477722567425884	0.1161286655556651	979.6180624234602
-820.962479508537	1.5948503923461306	0.28608693982240796	0.031002604753398978	0.2887394235995192	0.11852912187259046	971.6076947664728
-821.395075464475	1.574198072071948	0.28385454818771855	0.030390110972616954	0.10992273568992493	0.11844602766325382	972.8823269113093
-821.6034530643601	1.6461748275160109	0.28514640356788323	0.030423298362681907	0.008778033274964165	0.11850183726010784	971.3713419377423
-840.3358784492566	1.3359843402056837	0.33492913473076497	0.03701954591976041	0.5839478231395485	0.16601358425560758	963.112606842234
-820.9775740469279	1.5136116090310014	0.29855197466949207	0.03290157753802627	0.4168668747818999	0.1198392955629389	969.091854045138
-820.6249498499658	1.5972303897848732	0.2881803728367498	0.03156417410899467	0.43254006478134	0.11866718006960415	970.7043669546601
-821.5644422416005	1.6532653331689444	0.2855747942713462	0.030512391531287826	0.02662297088068324	0.11857871602158775	971.0987598034204
-821.5301795057912	1.5204336583375877	0.28277851570506785	0.030134171797770466	0.08530525073931418	0.11866648298224906	974.2661653328499
-851.5889125725703	0.4801848851356093	0.12072361201664793	0.01177628072806801	0.12124537970375941	0.11466976449377268	1046.7290154488912
-819.422071006066	1.6790613730331072	0.27778549800965013	0.03196963243207423	1.101780076594053	0.11962956663298192	971.3118753238667
-820.9702621277193	1.723030484645328	0.2924370478086544	0.031936147577129564	0.32033606253000874	0.1188980047228546	967.4384150104786
-833.5576033448792	0.7872564639326705	0.19774907151651644	0.02011317741578086	0.05712688119368227	0.11789867896820928	1016.9881019365503
-1041.0683355496299	0.7159881520314374	0.32054562174389656	0.028725750663702653	0.019915229712773454	0.2955753128330658	995.2831708322415
-818.6132758229583	1.5430394367560518	0.2912941527815484	0.03388496423106049	1.3093406704982802	0.11791613110167433	969.4876566797885
-857.0230722385653	0.41452576998268387	0.0971699833979038	0.009854083173851804	0.1039441960001155	0.10861685229039869	1055.8616536399068
-821.5454713781562	1.630093104487216	0.28481658949797745	0.030413877510662685	0.033834259561090284	0.11860597332509197	971.7109213883416
-821.2930584468761	1.61765902590846	0.2846767596521788	0.03055055651798962	0.14506095917310088	0.11838929922779644	971.8515088395518
-821.653531033418	1.4520900898619384	0.2778375130395823	0.029651436046653035	0.11990372014429077	0.12007014339866129	976.9404761154832
-822.6503927378516	2.259391993809468	0.3023988303810058	0.03505811381965328	0.8534205874469445	0.1107230035757717	955.6449593714751
-821.5179880628871	1.5616563773273244	0.28237534072791876	0.030090171532968665	0.06359432155415236	0.11828604159700092	973.6356317620938
-848.1526128147179	0.5244461463116609	0.13360022713705666	0.013426174366113342	0.10724064022762846	0.11917422653365217	1043.0355436048378
-840.263471502913	0.6519257561557692	0.1607184124501429	0.0160749235256583	0.03946788429536552	0.1180375643027643	1030.7642137019943
-820.4448058055995	1.6216897308961864	0.28964182648916825	0.03190939975162781	0.5090290606281915	0.11878857993792653	969.7077111547397
-821.1646529257753	1.578867487540174	0.2836073463787734	0.03063015020852779	0.20637478611023055	0.11847763588000662	972.6650798475301
-820.8054572519649	1.663480876301011	0.29204359424854337	0.03198622078665066	0.3662311513231908	0.11836156815625395	968.427253155545
-820.6649903107309	1.634830494983715	0.28928143901074244	0.03168873053654007	0.4167012399877463	0.1184937628271321	969.7270470123096
-1542.1243940671925	0.3588899796422201	0.09168984264601006	0.008693672496570435	0.39002148344157195	0.4818929280161157	1057.7170086538222
-821.3290608930241	1.6224050939736516	0.28614086306348313	0.03077559048711965	0.13090392527453004	0.11940985919956487	971.2820581561735
-826.554288463459	1.0110149220688411	0.2316905360382007	0.023991664203483504	0.18529506395500803	0.11967209340772661	1000.717509695086
-823.2494990765474	1.2163531395085074	0.27424694707789127	0.028987067767779196	0.1740065903589749	0.12011793151231932	983.5413913033158
-821.2684105603006	1.6334443441856241	0.28559530331174376	0.030785092876754322	0.15421197095264572	0.11847967893277513	971.2020143583505
-817.8392985428791	1.5127794009055162	0.2981486801581084	0.03551645391365891	1.6131771605932992	0.11928714297477226	967.5193591093943
-821.6198221834613	1.636473577518973	0.28442553229804607	0.0303220092341155	0.0012490835031139633	0.11850765253288648	971.7565373239815
-837.5377119691082	0.6994310624978289	0.17744370357893882	0.01787021308730021	0.06106995794271242	0.11591996445732439	1025.219529808706
-821.7281659306152	1.3897419429488869	0.27553846418628286	0.02934901008484001	0.18543285960365052	0.11819103096311459	978.9217056100913
-821.132825220674	1.6620050339293109	0.2877738424355195	0.03118909021980815	0.21855472300784287	0.1188566041040772	969.9690096066767
-820.7991514735584	1.6460992503619374	0.2881774629513078	0.03144882594644243	0.3612902964388737	0.11891882550012765	969.955725559168
-821.6004725031848	1.6392719152034267	0.28570154460180147	0.03044842660359662	0.010349329472290508	0.1181984672933883	971.3540186501275
-821.3815846786778	1.6172817461846287	0.28450556588409737	0.030583856902220263	0.1096748664390893	0.1175565897747296	971.8495013922684
-821.7821767222072	1.4034470764780114	0.2786990499507551	0.029477615771254344	0.14105700248297287	0.11809029771759974	977.8959149228298
-834.129523134214	0.7880141103977387	0.20431084342459	0.01993481521652074	0.1243348036611077	0.11646619693354865	1015.0362395287478
-827.3523124512526	0.9815393445633306	0.23454222605009667	0.02421271286424764	0.0825704377882707	0.11509427770590985	1000.9688305352338
-845.0158493689026	0.5714946768544051	0.1500851661413919	0.015156210934144555	0.07587874811070223	0.12021587169175556	1037.5120711952143
-819.7240929723266	1.4771839104015112	0.2862347578194096	0.03177791247695612	0.8842922601525651	0.11806850639815909	973.3175500982645
-839.0050033915485	0.725681230354738	0.24232709017021056	0.023326175236423812	0.20949100775377075	0.1192652044094996	1010.0682129974803
-821.1378352980523	1.6149653243059574	0.2856304539610114	0.03085645268992361	0.2102428139602519	0.11868573022869257	971.4498063334553
-821.9171310654101	1.3424502533440186	0.28793375522436543	0.03109037377264416	0.296400244709229	0.11896940815064345	976.2860653761617
-842.2867180385832	0.638360483229543	0.13467147964063592	0.014025782131965998	0.13656682471896706	0.11693740957134477	1037.583832716564
-820.0576274021469	1.6180560372020625	0.2908217585494447	0.03243573150493485	0.6707805796584951	0.1186319405146084	969.1120529151885
-841.5657067482871	0.6306521322156097	0.1509709101556845	0.015300759863813901	0.20103671242455595	0.11145572204848309	1034.0976164602607
-822.0240169562031	1.4282207213207503	0.27201661152998197	0.028724159528900856	0.0013411626364482404	0.11934759636557522	979.2471471709396
-831.4521487421322	0.8393932235952901	0.20961547458227098	0.021442656100220055	0.12287953624259465	0.11799067410350822	1012.1803276656578
-822.6791963777525	1.3194704227987	0.27926495717225785	0.02914556648148059	0.010092006232303826	0.1160428762558372	979.828007581688
-825.5054304108992	2.7172783613417617	0.30310141090330456	0.03397029276457368	0.2476596518937934	0.11379673012682189	952.7711452643744
-821.2092057280265	1.6500807365613692	0.28671388019034966	0.030971103805474923	0.1810783366828698	0.11852060025596431	970.5473381026177
-821.1957684235706	1.6055430228342646	0.2880741216684801	0.030991706571777435	0.18865712416630354	0.11893832312217514	971.0173443221267
-821.5419492503158	1.6452572470524112	0.28546867170452417	0.030495894543281443	0.03627172905986644	0.11892482772808166	971.2656342039429
-822.5086803292284	1.3211056387429885	0.27491267455453405	0.02964394760669057	0.12333800739501168	0.115869272248213	980.3600083095494
-821.5254586998055	1.687814564250265	0.28348020170296057	0.030317994439945626	0.061499458846264045	0.11759519286306526	971.1521345221347
-820.8641497513461	1.6346340445309473	0.28909615655868576	0.03154593904826121	0.3316660096097946	0.11845705169777426	969.8711687547113
-821.1227917351687	1.6625293857261587	0.28544950101860556	0.031182575301468857	0.2360112952080288	0.11769356160267266	970.4198110542945
-820.1077481420414	1.5608802032194917	0.2923201152751104	0.03237469843383656	0.6646583165467985	0.12003771313197228	969.9125144852893
-821.511282506626	1.6216683635425464	0.2847112477436835	0.030429001840397506	0.04912731286445454	0.11855374526594467	971.8601447768981
-821.3975288706117	1.629331578371359	0.276793352215546	0.02966538419703783	0.12765964522134043	0.11893039454914195	973.9819737549332
-1025.0886437951526	0.31523095591218464	0.06944558230029343	0.007050612940536313	0.11009112049070686	0.2769021139841649	1065.8921867072722
-820.9356628795948	1.4365935102880396	0.2926386184250084	0.031683991053219326	0.4531507940325465	0.11816916217942924	972.8489447558372
-829.4454597780416	0.9648346981837793	0.28453241871253915	0.027757978062189444	0.5350273912379531	0.1139670058078158	990.0765644987775
-821.5473379405867	1.6491913469719999	0.2848069334336126	0.030447299650259052	0.0338511971885348	0.11849314191152861	971.3730899620545
-821.4031699889614	1.6034987285328648	0.28266915188445585	0.030301926085155376	0.09932620811498684	0.11860557092499019	972.6852486131713
-823.1531157349856	1.2611064434473453	0.3046801188159645	0.03244414155448315	0.34769852658982187	0.12132077829965582	974.1765519856805
-822.9944632135428	1.2215696497044068	0.2739952549547151	0.028792561460527114	0.22664930347643955	0.11895995307690209	983.5775424990251
-820.4788244885113	1.5964290306873172	0.28952260585421496	0.03184042063106377	0.4947479388415243	0.11828134107637613	970.2299321893888
-822.6656667471107	1.3179512784334089	0.27357622151525895	0.028683715458474493	0.0023923677829407602	0.12048363761705222	981.3092720986147
-821.3060303162248	1.7712884932760602	0.2895307766239919	0.031339468113455365	0.20381544899507442	0.11865242797925878	967.8171420705555
-854.7306041540019	0.44273980143061864	0.11790266317736169	0.011566685216955192	0.09276075341347396	0.1088951655912284	1050.058400806221
-833.2396964623086	0.8142787015195764	0.23094655946882015	0.022879544265254098	0.032360911825789894	0.11357048030722379	1008.231484082629
-821.1304042464058	1.5926245717527063	0.28882154299648927	0.031034370410246693	0.2214551579229201	0.11825304238612386	971.0684878566899
-827.8562599695676	0.9784815259899323	0.23622200775093996	0.02484360423691644	0.06150591290186822	0.12320955774849333	1000.6260210144948
-819.0849697127305	1.5643142249237658	0.29354824055224593	0.03368526056238004	1.0988163918055591	0.11877185143940615	968.6645373314262
-821.0591120459803	1.5612127777052514	0.2842979063430137	0.030716146543572888	0.25668779291111576	0.11848244622081269	972.7780427128602
-821.4582762492951	1.605872751659042	0.28424076012667326	0.030387471148913065	0.07416484711265006	0.11843836663244142	972.2583665608848
-820.6925606221845	1.547454644252523	0.29241543413603943	0.03179821396947047	0.43065628791937566	0.11768251804957011	970.582791640313
-821.060364039138	1.5696569476124325	0.28412618443553617	0.03081838980939398	0.25652040215485516	0.1180592271320409	972.5831030680712
-823.8318520123012	1.1335663890770298	0.27758171690725697	0.029283105943985647	0.46228012266496815	0.12145864306016416	985.129298814444
-831.2911671919171	0.8500025296557485	0.21278256251992514	0.02163822837834053	0.0016674990019048936	0.11604283559677746	1010.9578555231749
-823.4381067392371	2.3473310290215164	0.2935262704038492	0.03243908022829048	0.21273873760698905	0.12074785627602165	959.3630335667815
-821.6234287110855	1.6075860287971036	0.2840492000556036	0.030227330493767322	0.002197483961570765	0.11846618646081683	972.3893222849742
-821.4816958473828	1.7168058760349332	0.2779041353596948	0.030126042349669094	0.12611253966193564	0.11662983706287554	972.0001252481546
-820.234368079974	1.4775996111849847	0.2885709523624944	0.03180807427593771	0.6594428153909841	0.11913801690272297	972.7485680629947
-820.7919470322835	1.6034635353303235	0.28981019530511076	0.031541842006520146	0.36244261240592845	0.11831737171397107	970.280744404072
-822.5979155661234	1.3114793783759453	0.2764835739929288	0.02913076020646139	0.05819568568262581	0.11605394229681827	980.5925118973777
