# /groups/rgutenk/lnt/software/anaconda3/envs/donni/bin/dadi-cli InferDM --fs input_fs/fs_025 --model split_mig --grids 40 50 60 --lbounds 1e-3 1e-3 1e-3 1e-3 0 --ubounds 1.1e2 1.1e2 3 12 0.5 --output inference/fs_025 --cpus 10 --force-convergence --delta-ll .001
# Log(likelihood)	nu1	nu2	T	m	misid	theta
-1412.9297646251562	4.461503336381338	7.926392697248737	0.13909606185813594	0.05012615985613062	0.06518541487169591	1882.162196759175
-944.2540450596703	2.9861276757630657	4.946971080388685	0.31231857250886286	3.6978094111406463	0.09078732908490646	1485.9350701341193
-1416.3123512846773	3.644761948106438	7.613738074722069	0.1406849447782986	0.29140884171578557	0.06770334807103269	1888.73070946688
-1954.5453857053524	2.773353960655979	2.2496771777137026	0.1022359017176134	0.0514991632765183	0.05610224434797069	2180.495841844848
-1097.386031720317	2.799294678233244	5.464490703899301	0.20910165120507315	4.888470949383571	0.08963914077248174	1710.7169147962213
-1430.6947945217867	4.9468074593997144	5.890770578995764	0.1510611972870456	0.28794620044301844	0.06471757060389151	1837.643641817013
-1353.7763451787166	5.803617699746667	6.295653081062675	0.18923214082850784	0.8329458173709734	0.06822044819519586	1683.8139861356597
-1577.0976231443049	6.1341940087742834	3.866594270340463	0.12362901592001212	0.04209903885458886	0.06254606685867484	1974.527335854512
-1075.2352921292215	4.0083888510918255	12.554761912009335	0.47013874992004395	2.2689789497169355	0.0725436776966536	1131.540432292638
-1223.9961190067515	4.863637712517218	11.736179857168459	0.43373141323456404	1.5235163242656742	0.08588251272704484	1155.9491420999625
-1410.392084038479	8.417323300237491	4.794160887646753	0.18892054345788586	1.1815026856982227	0.06611434598338684	1681.3446312592007
-902.3645190051909	3.893455297450451	4.528116637126134	0.4314365650216852	2.837772759206705	0.07861447704618887	1283.7686980459907
-1355.6466648631801	5.001991439189732	13.0831272102494	0.1746590879669914	0.581282360126696	0.0693028062954478	1706.5588059217941
-795.5168523220896	2.804310818721316	12.175793790618396	0.7859942209597751	4.3275774875240165	0.06615762696222297	947.7550936879012
-715.5239979250473	2.802770479740173	6.81619829989538	0.9441836371012834	3.630482710445787	0.08015544847577552	932.3633618420105
-769.8158654813767	3.8958911600478827	6.125872941150444	1.267564893535572	2.9758846431743544	0.08419490283436665	780.5293230568499
-729.2615877736803	1.9194595718063419	6.8609530878925	0.6586265581010073	6.741969602145076	0.08089496221049955	1168.655809193322
-1313.0555133964408	8.292316727055244	4.688134025386793	0.2822015325172814	1.8295037992836658	0.06973828447063579	1436.9417461440662
-852.4862490371654	4.801959631308064	5.185908552056117	1.1455712226631527	2.231285439283265	0.07917701325351224	805.8533357141513
-714.2129218206628	2.695552554638789	6.718266218084121	0.92524209995769	3.700359328371343	0.08093924764676437	950.0458922312104
-1326.6519629450254	6.342884222258905	9.747657761752372	0.2270182430714586	1.151051279672298	0.07729026839003122	1535.3139579290512
-751.0008609261483	3.5049374100423516	5.6563692163583275	0.8888516242460305	2.914823117373413	0.07838224505033553	938.4508030286129
-1017.0056087764535	7.104140322115335	3.9040860074908528	0.7780505714805909	2.731709614412631	0.07398534181247407	944.9950193177901
-710.1334323156316	2.7180647360533987	6.528284822741459	0.8748149393887383	3.8970959354763544	0.07660202375128496	973.966958483337
-1358.188186574909	4.807326279949418	10.528248228255395	0.1688057659632242	0.49288403360286653	0.0695411446024273	1739.9899681320173
-1310.0259955351057	3.6879619126549343	9.72896114093345	0.18678614823774906	0.9379485405628438	0.06829757547171175	1704.2274559705331
-1398.3820461812106	6.549335703901147	8.745947235627877	0.17190672912103394	0.2957865211974423	0.06827431043421435	1716.3110464456772
-1389.526644480576	6.539891971915857	7.28275076137596	0.16671368531448197	0.4982772258998267	0.06506398984715278	1745.186813649837
-1239.0513524978155	4.978761264770987	8.904308030786943	0.2705961383799983	1.368514394630863	0.074793457410759	1451.4563781138825
-1145.1861005995534	3.9118647170758867	8.833215596663278	0.3613919855777864	1.5291501875473001	0.06996074143125827	1306.9191427778562
-1403.0160924495272	7.597344899773476	8.443565290839782	0.1648576766460664	0.4374145235593285	0.06574061944563585	1735.7089109371655
-971.8648334827562	2.749071909923802	9.644293404529598	0.7294940790277508	1.9156924127903847	0.06188326997172786	996.1768271835474
-1199.2698290852122	5.188117886661742	9.638380115213812	0.34771534951565386	1.6114719521811742	0.07080073963778617	1290.2202685910183
-981.5564089536651	3.409305287612516	7.962075608340224	0.4583287791666373	2.048961282736631	0.08553329091680237	1205.282499165969
-925.506590780809	5.950847672639362	4.9576606704838335	0.7681701030788427	2.691956710644633	0.07981080951503335	936.4556721689902
-1334.115903354739	4.811589315039594	7.825704239968518	0.18687534352724594	0.7635043942074071	0.07059841150176793	1692.0615126692494
-1247.96366237239	4.744591127408074	14.505221619554012	0.30555266239035755	1.8158771511746639	0.06820215985282312	1353.3932823271946
-928.2175820336001	2.105864091248454	17.979911285165482	0.5283011024934836	3.9855754639453402	0.07160907993198959	1161.9168915251287
-930.1202279546649	3.7673049637974305	4.660473780888184	0.686452495490164	1.8722411255461224	0.06917185256248205	1062.6299878040547
-706.3766358356324	2.4184959047326697	6.178330518511618	0.7614085188785551	5.183706890035358	0.07643981742747319	1063.1194918172735
-1393.1902360970391	7.546039379739927	6.693245712715324	0.19392294391964332	0.7410501633068726	0.06585249228283134	1646.561865896349
-1379.1597330218433	5.727868993343808	7.071079079634731	0.1677623583893658	0.5228656781761362	0.06506973442759734	1751.6673690851583
-741.9401444338205	2.8758729702310895	6.158166090674712	0.6587074603476306	3.3954275403794405	0.07530993769549922	1089.0585886750287
-1366.7585869964942	4.65572030666785	7.835282212579277	0.1670858719399452	0.5118023984231981	0.06385287055990177	1763.5722091416708
-1349.6656224439125	5.286629055782416	11.553059222375143	0.18560377425984104	0.6467377043590462	0.06717626893486851	1668.9354225638385
-777.2333369399712	3.3998379121760935	7.3973651944009475	0.6575896849252078	4.107452640862033	0.07849177715869796	1037.0921751051073
-710.7706269609893	2.3444134123857197	6.062291738138842	0.688151015509337	4.959741183198922	0.07538262876844705	1115.3766537652443
-720.3179694605186	2.3285477232252214	7.575369526576673	0.8434654613819772	3.910592930672068	0.07531968432051903	1003.0394674885742
-769.4906480698244	2.5808519933259912	7.199193575020622	0.6242706283114026	3.2003139686798696	0.07386708512015346	1114.460006861159
-1389.8079407759844	4.775477472471971	10.364946514935452	0.14589284879086756	0.08218644401202622	0.06492949937836086	1834.3059112186506
-1362.1377357893648	5.662249738403551	8.280104040741763	0.17055343073247597	0.5706415788751348	0.06674873876687155	1733.2699077029029
-1416.7636767151487	7.385945257968805	7.626308161363105	0.14767249474245242	0.033839915309483715	0.06591051279984678	1819.4201045503855
-729.660744449864	3.1973515303332953	7.080007868409613	0.9873552427588855	3.310679908001805	0.08005104994594459	884.8622913996438
-906.7753490902298	3.7882627890154623	6.189735751101244	0.6760060411250979	1.8550355604645514	0.07656975652760721	1028.1397572827154
-958.8067009310896	6.108548638099212	8.4885114917096	1.1720132255971913	2.331414174609414	0.07936541682595213	703.8525682481192
-988.3127061561054	2.7319156919405265	9.471809008238104	0.43095881235245653	2.2685321895464288	0.08007387175244403	1256.9643143197184
-1307.9368042919316	3.756274137254314	10.282317471623431	0.17969813556767184	0.9813749642298051	0.061126928520162625	1723.3816121490843
-1399.0135663091946	7.072518020769618	8.682011738425542	0.1652765017149886	0.3531795673446465	0.06562931799601048	1736.8032049889343
-1359.0359162234995	4.618972680280454	10.486529124937253	0.16336868089853085	0.47527312867133553	0.06587117648150406	1763.5099750971922
-2099.299835049604	1.6328273328184988	2.115691715494135	0.06790605197370837	0.20174953929015058	0.05522464916528838	2403.7932474242475
-879.8580288183184	3.507816625286769	7.850800770597283	0.5881581278070722	2.3353408121585892	0.08094786282679127	1077.155094042416
-731.0299279671231	3.0551776475308516	7.1674786517350775	1.0130914260518888	3.167882600391271	0.07955836535928584	882.2685120276287
-726.5424965770877	3.260125300898215	6.217686448812072	0.8097388199245962	3.879469948003847	0.07793404373272898	975.6330935031509
-1220.1424442286961	7.066310747076558	7.994362180169677	0.35941413765175023	2.4988060763424413	0.0711729381600395	1254.839923374063
-1434.1027878136993	7.836110260980916	6.956261950116388	0.14532925185549672	0.03544140386402014	0.06517112317714796	1830.3905413692073
-1460.704054757589	3.6858648331716135	5.109498949746392	0.14499137709703228	0.44112931522228493	0.06644294951817457	1895.1716072157406
-834.9184340335701	3.9492876467969387	9.893379137241807	1.5883769179883025	2.1175703268575967	0.08304716709869647	651.9215280541391
-1177.2694430284578	3.483325291776779	6.56465379722337	0.2131740771028805	1.9469709122883008	0.07994764688656238	1656.3157618127332
-875.7342240418379	2.630552487183546	8.266208675983178	0.6210747948470793	2.3388157758166894	0.07236453695052335	1094.9529119622953
-1402.8769043168286	4.935178477309329	7.7256528349178994	0.1457768113234039	0.18104880659210784	0.06533798327677504	1843.904379265359
-1390.7975784258142	4.170272946909771	11.184657921558017	0.14329659074937032	0.16434613574283524	0.0654162608877843	1850.1728309002826
-1396.9052602455974	6.182284307076281	7.164287052615164	0.15948064818556631	0.38605800419468295	0.06610986414646011	1777.275327474678
-1866.9858644997516	1.8047024404654899	2.9915827018618915	0.08788708905644935	0.4757769402106739	0.07803464835897178	2261.270045366596
-1131.670335668433	4.593615493313542	7.812890703714002	0.26242477178127377	2.382567841022214	0.07154041553427798	1487.5305380161758
-1248.825280508022	6.788632653609045	7.8259167299784576	0.2774092990171959	2.07072143193851	0.07527151041656238	1417.5290580178503
-862.7911028030455	3.483607781535162	4.908642342511307	0.7023430624620395	2.099828030548963	0.07807070547003528	1058.0023150333027
-710.9541905631261	2.5627309521348742	5.785221069695292	0.7459946846360781	4.199964817898288	0.07462752497115199	1067.5840909691115
-1264.987258158537	3.839906337826043	11.259187646624532	0.24728426243721296	1.219691375882627	0.06585503993421613	1519.1593865306684
-801.8672427105828	3.956372164252742	4.413065116476473	0.7261634130166443	2.9713777236101215	0.07057913134268458	1037.9669092581732
-709.1394265658935	2.539738817338059	5.58532295002999	0.7615448365730055	5.017407950534542	0.07669903636062848	1065.9303647346017
-1369.234582361389	4.962642064162207	6.320164790102633	0.18688073308333722	0.7116178188354921	0.07787811047483614	1703.580957676571
-1479.7202784180852	5.277947945342844	4.642109470608107	0.14237864629552127	0.3352447225762609	0.06540561449183509	1884.4546785566374
-1359.8566605007943	6.075943584319103	10.058052952194995	0.17354171101453816	0.6412438154961713	0.06668327260398607	1707.9748852357432
-1473.406634000898	8.794566331448076	5.976989362885981	0.13916890764928946	0.001	0.06702927835864352	1858.9529286588224
-1383.4770298464387	6.433304420481242	7.589313051146473	0.17132752496832038	0.5135815619966317	0.06516791211396328	1726.797400722284
-1381.6931296115167	4.943817702363294	11.658663377662124	0.1511130206318636	0.2025178328624526	0.06810408673964854	1803.2703444864087
-774.3342095629769	2.920078264650866	9.824659812614827	0.9089409226953789	3.0254578759572452	0.07698563927309854	896.7316608977277
-1355.0377024262086	4.561605049844184	6.279850162707703	0.178600797048328	0.7521160261549011	0.06659721271361119	1738.670831645333
-942.6825771575895	3.5243804751853713	6.6594006089294515	0.7245397671094959	1.6674238736485312	0.07574512485611308	999.4497398342971
-839.2707840803197	3.752184338542777	7.657119932904061	0.6971896931774954	2.4640447342251846	0.07949355053218914	990.4851872673544
-720.8669495120491	2.8496412549525654	8.124374275353082	1.101767441542525	3.9490591477014894	0.08039767452389243	851.3742163172147
-1438.1368231629426	9.374472840729304	19.25284626887745	0.15033282287851035	0.026660722136631742	0.06598424796164944	1763.6912784907536
-1230.7781826736746	5.642684494120775	8.60445185596276	0.3108900929458792	1.5424227765300396	0.061893708730218024	1357.089277246919
-733.5819065506333	2.534314695486185	10.514709531436152	1.1835664391329523	4.078436387977146	0.08024111705621141	824.7672470140631
-1160.1740500359062	3.844426145735167	6.934433875649546	0.3504842893717194	1.477195517846002	0.055412040704770835	1348.2006268306789
-970.8905355634321	3.466417544301859	6.724811681257225	0.42614147077912734	2.060679514351324	0.06916402178492392	1258.8552301380582
-810.8277161016762	4.392065800847208	6.166063611021856	1.264204599393516	2.357783784561407	0.07920510315516038	761.6500803823344
-713.9578267029084	2.4446213727448094	7.228020706460799	0.80332314596661	6.268783981922572	0.07874867855203299	1019.0509918814475
-780.5849558239113	3.4807211801444082	5.080074758703016	0.9294242255055829	2.576045956116294	0.08221559633204346	938.5166262402605
-709.4263474800601	2.585128606069325	7.030150779860721	0.9269417536390707	4.067092724725858	0.08065152152076495	952.7399382393893
-1417.286916924193	5.949903069019974	7.626824429063973	0.13470284054048898	0.01166077305563596	0.07145231446453	1885.7211092128412
-1620.0315293056801	3.938723765673603	3.681719406302658	0.1365753995564092	0.16252501390323876	0.0581885429927746	1951.2262937645955
-1515.1742224841732	8.43425655145916	4.392191049304246	0.1397449854310129	0.48044084275069965	0.07591660931643679	1872.2553768359953
-1403.3220623035984	3.8231660848234803	7.574758470823857	0.1456338239386078	0.34689857085999176	0.06734445734888582	1864.435028817636
-1369.5135576214054	5.736621703857575	12.057130999306539	0.160213191987699	0.5001540064855985	0.0658066674989939	1754.874338039595
-1374.0639449175203	4.7065891068183365	6.843233365188326	0.15882932818331166	0.5557284670053423	0.06435634300243862	1801.3987630045265
-1316.6462605663928	4.556384372562929	8.420483932739373	0.2176086378850561	0.8699092967552529	0.07142920937963947	1598.1400612735583
-1276.7926669448523	6.876942493525066	7.637035616579925	0.2694271700046459	1.6175949457500587	0.06933210319739723	1436.6004893335405
-1186.9016320723752	4.599083038438563	7.817945583718255	0.2768034496083277	1.5539825264746987	0.06821071973979143	1455.05790309048
-1283.5692050938535	5.4653779959936895	7.810573837117497	0.27046827467488854	1.1395449741029486	0.06864756472545791	1452.1960309249105
-1183.0103753721821	3.7962601053591785	11.823801519268967	0.28938876949079917	1.7329034560271603	0.0661487161684245	1421.8415253097648
-1930.3171082339109	1.835074859912581	2.7755409158977473	0.07851565690659622	0.068348975293426	0.06188231811815528	2314.6233656038203
-1225.2197188751402	5.0992721314941285	13.094564108931218	0.3016217275536832	2.3809653247525517	0.0731503625576176	1359.3864259108298
-2228.6557177654718	1.3848348137733153	1.908382144768581	0.06215434769284105	0.21381728081665383	0.05124568271598612	2460.3521920363596
-1380.6306899624446	6.295269478293733	8.46824590798701	0.16122209893366737	0.46211741711256565	0.06539328517448467	1760.3642993795247
-1062.63113006491	4.331019584689279	10.643037405895871	0.4466130002077821	2.277140680236392	0.07328099775652819	1161.1323383002425
-1355.1304316014575	4.3420576244129325	14.82272481924749	0.1610736117199602	0.6036172330069303	0.06500289318405619	1764.0942913264098
-1259.8696431578023	4.358999154296228	8.69721944887578	0.25048585308118915	1.1620097447255857	0.06888889869065498	1513.6870253764114
-1246.258891910368	4.790927025778111	6.835907682798834	0.32247111523545796	1.198999658602383	0.07105713641448466	1370.950367713155
-740.1117681673921	3.5649666543918377	5.4420552394439765	0.8456731193052042	4.151684145304418	0.08449282474711159	959.5382485895967
-1144.7090179144855	3.2823930502727836	6.945090556487924	0.292942987097095	1.611527191674146	0.0709926103438448	1471.881705120144
-708.2660961926956	2.614158177983254	6.193499337644758	0.8464766718699821	4.077348607438878	0.07823467480858122	1002.3164418091524
-1361.7944587941151	5.228041501451189	9.585356579109249	0.16865236248906518	0.4853005582230097	0.06423563182042184	1738.5705329783425
-903.7933036270864	4.081979734370693	8.783846798493473	1.381080328588291	1.617189690054819	0.08284810574188799	700.8709827424212
-1325.123275171005	4.764660247154431	9.647432507667254	0.19768096080214217	0.7944241688281528	0.0657313977184017	1646.0784072345632
-1363.1022856883953	4.615132985016349	8.653880414340474	0.16706907680184466	0.49536023655451056	0.0628624743044802	1758.9440964534124
-1181.1348038282479	6.002813207826301	7.901274112054073	0.3556724559343644	1.8942098404692713	0.07016931707674488	1277.3944387717859
-1405.698590987615	5.981684438262942	7.343509779349951	0.14775858465170724	0.24923746442001646	0.06534935994362771	1825.2474705846473
-761.1531361910827	3.1119460685833475	8.007572838405281	0.9512449826625854	2.7513599058630467	0.07930984200416298	888.674417892045
-1422.5597739010348	5.7818903999333235	5.0104280888747335	0.1792083157188775	0.6519955266684738	0.06690009836307198	1734.7859411607358
-725.821299326994	3.248627726594764	5.524834407550909	0.9227437653327185	3.6833196461336177	0.07967163207546632	940.7879041194509
-762.697482410996	3.1681812616469887	7.285991832071785	0.7287343410458735	3.102162749643069	0.0822615259611375	1005.5828793184785
-735.3158053514373	2.9580274201718253	7.448430673743385	1.1060239596866968	3.1236485732959807	0.08035957445678862	851.9625531927348
-944.2346325207683	2.521610746063465	11.633515374948697	0.4279541354795126	3.101742082839874	0.06936633821921198	1260.313174005028
-881.0201113420949	3.3623576144461724	10.597080163324092	0.8028284301464079	2.2931349739251803	0.07680304892817907	913.3779591678936
-1345.358185927667	4.6130393969154015	5.3094466346517795	0.1964522935701763	0.967480295536836	0.07292838521817206	1693.35010555798
-714.6149527121038	2.6585661053259466	6.131650053984913	0.7608117776008759	3.8207283406382877	0.07720317685052777	1043.4232939054643
-731.7901993437381	3.0972322625636157	5.867904426334319	0.9418835795485271	3.1537996628259464	0.0796484792910687	933.6363660270816
-790.2232452408462	2.773788181872132	4.157568921625126	0.5681497872313215	3.2569275569289675	0.07464857536637659	1221.607231022837
-1002.276180496929	4.424136127455251	4.7596563521597615	0.6637971968287695	1.6669898561192649	0.07835543749616372	1048.7639783178383
-1412.2875041712855	4.068854854798412	4.318912100721705	0.15946811656169035	0.9385880686377294	0.06476031146847183	1845.1870530141512
-796.4707338668798	2.6531245441291174	5.363014812617076	0.4411579549026195	3.9841081122326942	0.07459390474990889	1313.85269581772
-1081.8277118759584	5.611713675284565	3.767049577159696	0.4167048643060561	2.35295668713633	0.07040959595341025	1279.2117692104266
-1389.5580808435525	5.600163288408788	7.332556233931118	0.1539937271194702	0.3881236349096223	0.06461562706502916	1803.8628717432566
-1045.1675270112091	6.067161430992284	3.6134712574945524	0.5538218819019606	2.4761899450014484	0.07322225583261298	1131.3430555552818
-1408.2463470894697	6.87615263353767	8.044696563710874	0.14764025845274178	0.03628263558371334	0.06516611310229373	1819.7774963526883
-932.7554811671794	4.6839802860815505	6.553086126355941	0.5041641436799723	3.1222595135939057	0.08617619137970214	1130.809649769821
-1020.3068649893141	6.3524707005236944	5.87609164333626	0.5654636709262739	2.8354777832694205	0.07123923100118916	1048.0426912019504
-1246.611043800329	7.167671721887523	6.523165297937963	0.3047923961925179	1.8641575396018195	0.06978714323609847	1369.9607299624186
-1428.5525916230285	6.684029869909513	6.7494363252592615	0.14165663722103966	0.037402311588838756	0.06551123002841512	1856.0336308565861
-717.9887517286932	2.262661155602037	9.535215211895041	0.8424480450622868	4.940493151391336	0.07783921445843196	987.5286112974428
-1528.299295947203	4.517850432477008	4.4360048054597625	0.12485203847510758	0.09154315831924173	0.06401121858325257	1976.6819617493095
-1328.5030974867236	4.572073248914449	14.758283242486714	0.19929270202955934	0.9343522515325265	0.06734917752789195	1625.4885245447683
-1342.0236101328792	6.415979773978806	6.360556853914613	0.17673009979697765	1.1243814995971768	0.06758063856944127	1718.2897648838648
-976.5413515119549	2.3991332064560194	3.933160071507934	0.35484384718675044	2.732404299928897	0.06392125242010109	1487.8584881011159
-774.2240008248679	2.802722265294309	11.167133785407811	1.1871246919204197	3.038699695825504	0.08060887158679027	794.3162721725097
-755.9818808072961	3.0968856514966303	6.421852769526025	0.8897476893119732	2.6845023650341453	0.07841088589025906	942.9612507085756
-770.003004789837	2.215748297334131	10.857492552709939	0.7191307136761087	4.019637484317862	0.07734998017605367	1043.258883718586
-1231.28986364161	3.5530063069095728	9.264648874255753	0.24140106277461565	1.3576625825407251	0.07470844749164957	1554.3357205614006
-1526.28599347359	11.18694871857266	5.134161319408302	0.13630526536572313	0.046460166591814664	0.06799705358461912	1870.1457689839142
-1566.4088802193428	3.0841253302935123	5.035452686084016	0.12189547884126217	0.042151575189958386	0.07752678599586409	2012.8164685829631
-1538.9910252286816	3.6531124441659637	3.725078913225246	0.14269479796436313	0.5874606264697096	0.06726675697837266	1931.102099891522
-727.1832909630828	2.8574516372411845	7.077034815240559	0.9946333142047399	3.245189838023485	0.07898814721390003	903.750395144093
-1143.2712145310268	6.018723310899355	5.083837768363531	0.27219051240080977	3.3401796936885475	0.06962348498948297	1476.0855763903758
-997.2127969467249	8.179512880563943	3.521440934720882	0.765260983896518	5.071356428906549	0.07774731222219904	952.3774788807531
-704.8719176031134	2.4046054198139712	6.737971230796487	0.7968149206345365	5.135006807626091	0.07695492592351487	1034.5887880370856
-1391.4186077160814	4.3762131186836735	17.229339351797353	0.14423983941063828	0.09714493963228914	0.06512826068533384	1830.1476195427958
-965.6896415676455	4.41055317380542	6.07665907078232	0.9734103885756891	1.4913457663869918	0.07761422579148222	856.0518082519093
-1395.6171941090847	5.0884087111739005	8.808753165683354	0.14356353779412123	0.0491180392657309	0.06530051593600225	1849.4099235598421
-1264.1183961743263	3.9374134329972295	9.300513828098497	0.2371667820175995	1.1552554723194501	0.06624029517563594	1553.4004169703069
-729.1602793921345	2.7452335961730516	8.900010054078464	1.2273558213538533	3.9904317430779837	0.08131636119866394	811.9258422297237
-798.527630367156	3.240511633454531	3.822575238162838	0.7006633347631225	3.1405044738719687	0.08044307335604257	1113.2592572485219
-853.0163768721065	3.2888626633161353	3.5479570240642486	0.4990341389968039	3.222793564476129	0.07170624342409414	1277.076302070216
-748.3064531128296	2.603376557645486	4.903508085236778	0.5704011373887529	3.834172836847049	0.07336402814773929	1206.2572860745554
-736.2266575207079	2.950777714892449	7.07204679837194	0.9375491483471036	3.045769328297688	0.08265641912139995	919.6267297710694
-1519.6326075271372	3.1942553969660112	6.319439327419197	0.10416652167162205	0.46803417821578774	0.08736227351976605	2076.169215850925
-734.323451447334	3.4607317380984965	5.683605909475083	0.9336441480825073	3.4662521316225807	0.08111008093831248	920.5901634063749
-1557.7217423833467	2.6497991420655067	5.808224672068065	0.11846152215855241	0.09531157991216964	0.060540296863468644	2032.5084662085637
-1047.7953216386636	4.790967067070057	8.046836369037084	0.5703651781913263	1.6847169678026601	0.07380939060890443	1044.7087424661822
-1924.2411688696145	6.375037952164992	2.004300552882051	0.09470975528475264	0.2628076042313549	0.06290198092894371	2166.637090776361
-809.7700781624005	3.0485893836745444	7.6861047389069945	0.5108593853539322	4.234841090075864	0.06952169176887914	1172.8924197751885
-1263.6989224882236	4.970339951024351	10.658283832271572	0.27491200500301666	1.302988076149153	0.06782883646162752	1430.4704286536453
-735.2907805703767	3.0449948878876887	7.171875895485896	1.148403452255023	3.173238199760565	0.07932358317641595	837.9533060357211
-735.6068103358201	2.938735353959354	9.652131013971408	1.1818539580453968	3.9853966186187573	0.0778933830659855	802.6022643464257
-1373.9824101402396	6.686543787129017	7.876167829007907	0.18799827699008506	0.6494902785116814	0.06635405381346166	1663.7067004110245
-1313.9392624676912	5.787651852244105	9.251157916226067	0.2075688627041175	1.070001268473873	0.07357761444669425	1601.9906598088828
-1648.8122316261597	7.6581485963646445	3.7118649127712047	0.1410899719826725	0.001	0.08590035643602899	1889.1003003821334
-1404.8980271077376	4.304196684544975	7.59156086434384	0.14428421358228252	0.23906886977252617	0.06387088024960193	1860.6476039462016
-774.7553838603201	3.4762666750626394	5.553430892875844	0.8920320661560316	2.534548097761228	0.07737261613650438	941.2747755755563
-795.2038872691337	2.813852006143996	5.813625646691574	0.6946541631598578	2.5321842068151414	0.0775557447078427	1076.9271329106566
-758.6796609930141	2.6621532528734804	4.2540366713774915	0.6303364363033198	3.645079286583704	0.0726457558963971	1179.4553760082401
-848.4168824575967	3.2371085044518977	5.921653748095797	0.6559055642884162	2.160298955112269	0.07600060466773549	1073.7896311919208
-880.0485290513382	3.9171720750635273	5.883819393401753	0.6225705289460172	2.1328119039471853	0.06930925984012355	1067.1005049929647
-721.186694500313	2.418416344313469	7.503599018689026	0.962311267820169	3.7510933775166913	0.0792707637040134	944.4902478853052
-891.2363092284461	6.253052699752788	4.436626960899974	1.0182746422171922	4.691239263639069	0.08135815876045306	830.3792117236015
-865.5077250282966	2.5954350011985703	11.265778489908248	0.4795712482531956	4.222827656714735	0.06793743569072988	1200.4810526297815
-730.4304486972792	1.9525190389576135	10.513526541849515	0.7238994448440997	6.847956187141851	0.07808851822362017	1080.9266354056285
-750.5728475798592	3.509065853724989	5.930051256989016	1.0480140096110138	2.8974715724915914	0.07737819473868265	869.3071924851859
-704.2058218292785	2.4800160835300447	6.723528237343745	0.8298722696978527	4.808373299658421	0.07784025835335048	1011.3170592107563
-726.6549369263012	2.008248266047894	10.250484767288716	0.8920478150109877	7.314215764095703	0.07706038913998108	991.2508528540682
-1399.5389230782846	6.555831833329346	8.700974430278436	0.15239860162085822	0.03936812184666333	0.06598838274204981	1798.6878990127664
-1545.541724235924	2.3670406546446117	7.882213051745046	0.1157302841637193	0.14050772619910107	0.06393182033932965	2038.2282056437507
-1422.0773500291114	7.522865079586877	5.844911585438746	0.15510312866906784	0.6127604068792845	0.06608307524238033	1795.0413155081542
-1342.1024273271325	4.843529224975778	7.937971781453209	0.18575290743062767	0.697179494914027	0.06617432779221057	1694.3996364655934
-1389.18320106338	6.216891889516781	10.0155784179079	0.15005776960570258	0.039552064290053486	0.06375994348212022	1804.7852609115128
-1479.4866121770847	3.3223486819586885	6.799787620412423	0.1368617803601889	0.07101832877796518	0.06885204164340235	1922.7845357791432
-1266.5154840341927	4.0940149628080205	6.992886236634805	0.21419088035716805	1.1764156187580972	0.06895760553988231	1630.983158723071
-1000.7569477897811	2.14937645993617	10.543324014489222	0.3872470625596683	2.9912164258761185	0.05207180057140557	1349.8499073909209
-1331.576991004963	3.785202626384068	9.557114581435194	0.19363710729413924	0.7916094965097866	0.06857355612938294	1680.4372770747955
-1129.8399029956877	5.3600879393839005	8.18178371417593	0.3753139452059205	1.9936381694726908	0.07078251572869215	1254.7954571826856
-1363.738184853914	4.5575863523967115	7.01776762773145	0.16422647002094676	0.6103354173858486	0.06514695976808729	1782.2182085702636
-1354.5467885081068	5.65567865957632	11.114986826884005	0.1781946448073964	0.6367988128367291	0.0684647309799383	1691.5735614131213
-833.8441477930098	2.607763456327266	8.33037345201579	0.5312969642416195	3.0170913475372108	0.0699965202876936	1172.171666825594
-865.0166122300011	4.5827423385481465	5.336899733313556	0.9089069010035021	2.06961824015004	0.07865676853897625	894.4826133296713
-1062.5647549989992	5.352894097430315	6.661080465575343	0.5290346059698514	1.7469952149057018	0.07173151741422822	1088.3276193141176
-1403.341177956346	10.395893380402857	4.4211171581576165	0.2640491540614265	1.758003667711145	0.06876476091856785	1468.6826087180054
-1325.9442064487112	3.790505837545182	6.282961119292189	0.17722981048790726	0.9902399066010827	0.07205751896688976	1760.2468385479824
-804.6885976157096	3.7594991831318523	4.466380105639523	0.6193820484218411	3.0266362243681915	0.0746602867393552	1114.8938246026507
-1382.9044060295432	5.41394514157765	9.116041099439226	0.1540001341008798	0.28110038274094634	0.06505365357794216	1795.322950304497
-921.0909024659244	4.853704035798421	4.785712463944704	0.4561185442714646	3.654984278655447	0.07049840661572633	1215.515479108072
-1562.9453553940948	3.323119094458854	4.565035961230393	0.11971201234151914	0.06102244237439767	0.062447900226685504	2023.2902725960444
-895.2808357821442	5.924917976858902	4.500317985646521	1.42131202782223	3.6428213286348123	0.07684404789270328	723.3757059486265
-756.3855701071941	2.7895981352218304	7.53324514550704	0.7648589049252482	3.895986451448322	0.10134337410343286	1005.7114761376725
-1076.931206746695	11.133790925179271	3.902838442994214	1.0024994784455579	5.212883156461767	0.0761890632401781	796.3241350304323
-1291.5669321624896	5.255864110403598	9.23493982831223	0.22725139834761712	1.1045817598806682	0.07041402484530701	1552.712314151957
-1077.3566889927602	10.750516915916679	4.023269075144668	1.1011949448394944	4.376120024201698	0.07644331149616436	760.356214416563
-732.9924734743712	2.8327963470489945	8.086313184415049	0.9051649520743299	3.348579092132974	0.07870748486818707	925.5231910912166
-1351.1323967031217	4.274865262873328	8.217992772571915	0.17180112635749983	0.6254555021548409	0.06928560718771035	1750.886459995965
-755.7370029527614	3.511645699149618	5.017374233687302	0.8863782971085594	3.2496394354909195	0.09045793808189401	956.6933663053723
-1415.4464950835102	7.72323615694623	5.172790117285189	0.17279158311862564	0.9138160711631621	0.06018538320102397	1735.5024278725452
-811.3628511183604	2.3978337755931958	11.651649905265032	0.6740671678743358	3.7483687142697457	0.08757143916279692	1047.9992536019786
-1402.1808968001226	7.161499899702274	8.919341639147	0.14915427513256255	0.034908669359055795	0.06602247940238658	1806.5033707131897
-857.3490976198487	3.124239986928196	4.787930212633112	0.6208637848103095	2.2555223903465453	0.07263827725981258	1135.791517887231
-784.498987307685	3.8848727860012535	3.9817556763725044	0.6851849614545712	4.209189198084411	0.07846130295961155	1081.4910899849212
-922.6869214739642	3.535492957610496	12.020860864875589	0.8681454412892545	2.1697231966310286	0.07794435553396409	861.2962768295079
-716.9680074514413	2.4197765359624	9.101221380277414	1.0168336612827669	4.413018741429197	0.0792855068895454	903.6351413726173
-1460.3279334029446	11.789187934320273	8.514087759259374	0.1479572206483742	0.004026558649461088	0.06539120791580626	1792.1065626665875
-1374.455907465031	5.760133823323738	8.373154368767754	0.16986950867427103	0.45840320411305446	0.06368206025536452	1734.0868747288857
-1016.2378005279922	6.09726361016948	3.250663541250401	0.44362571482017116	4.0320232923941255	0.0747847266873041	1259.052841724553
-717.6308343342826	2.3321192863853493	9.884330544230526	0.9812283631850279	4.892172916579545	0.0777509199793734	917.9770957079251
-1377.337054344511	3.0800864949292763	4.435223721417514	0.156865531148033	1.293507032396874	0.0647193592727108	1880.1031823365042
-1320.551564846161	3.1927934428083358	3.594231347823712	0.17538874445703942	1.9369653938531528	0.05711485027548236	1835.3432112704688
-772.1538873543343	2.2407304515206055	17.534944517728437	1.2505213323248372	4.415768948993493	0.08136208726666326	796.0711650658696
-875.2223461280271	1.8605983123053647	7.477315975075998	0.6384424669717902	2.9177354361672028	0.0732013419928655	1167.5909210393834
-758.7843534868896	3.6555806696907394	6.381606545649525	0.9776764624967309	4.629837350340052	0.06691547285833177	876.0139627148851
-1350.1980214360378	4.889952908103864	16.26499930544099	0.1731683939612687	0.8172641310443922	0.06906249604321765	1706.2721369843252
-1069.7645557136204	5.087518278540155	8.593570819723807	0.5919759922409791	1.7202291085791508	0.08386032925876213	1012.3828248160024
-722.6206655405653	2.6949300521760797	4.966598205176036	0.6865340655773927	4.12712819206677	0.07602650127702619	1114.6020018057911
-946.6387074375971	4.9653426461200585	5.942886468693339	0.5274160962413248	2.643826389523559	0.0875023422202355	1111.7996181551548
-1314.5984949655333	5.540677727149491	9.500332566207735	0.2533464970655612	1.0120466468529203	0.0695889887172572	1478.3037415309093
-1338.5556764048188	4.464764068956508	10.548586745779014	0.1771959935203253	0.6969175413228205	0.0737323931881086	1715.4184820598007
-1348.9277338628763	4.495091350872962	10.034838261143317	0.17035319944701918	0.5770046991523524	0.06644244887642756	1741.7099110030406
-1387.4874668093712	6.895837261802086	6.416628973156995	0.1711244874301277	0.7081700449923571	0.06865507366944174	1733.2314374547996
-759.2482201885261	3.958560390072104	6.062853313737513	0.9183044062550236	3.8374875533686055	0.08090416447515257	894.149018027644
-727.453636099099	3.152638067026403	6.596251386923598	1.01834804399969	3.3017394254831705	0.07926363253991443	885.0574386072383
-1305.660949885193	4.474599977415161	7.8736735609286805	0.20907875165402232	0.9294684177299077	0.06694182223936342	1628.8341548078165
-1514.3121752549764	5.482106549701472	4.7348223263170315	0.1196285200636883	0.001	0.06516691457934161	1986.0567262388083
-807.5671966268319	2.527810055539766	8.511617939095611	0.638667553531947	2.9469769606008573	0.07106198555364839	1088.593262087106
-736.2802442842204	3.084059885117044	7.844989053160741	1.0965695232401533	3.1668285560791096	0.07969760330163682	840.8561417725278
-720.6510268476148	2.7234341486133484	5.1928040390289985	0.6898875788047338	4.048728553445909	0.0761599585650583	1103.604218125381
-723.6520886987921	2.2892258072178433	11.121571623525739	1.009452782992614	5.59321008768191	0.08331331525598763	902.3743623668422
-1335.3688043739728	4.992248594736784	10.761017525577842	0.17820375076167966	0.7373516562963203	0.06754642771508068	1702.0765558066498
-2387.4631209729578	1.1248071637297423	1.8681754869147822	0.04299376864985035	0.0407059217640936	0.04022259555499895	2585.280135009607
-878.3949997052837	3.009177864614765	12.26273414921449	0.9575580002684608	2.3414065976515794	0.07812624170658336	847.8623150101508
-725.5557868385433	3.1980277082508524	6.515534365401677	1.0745488154985479	3.8126152865393554	0.07746950513575485	864.2862840496904
-1431.536548046779	3.8956099802714426	6.102730305169086	0.14159732545667483	0.3382353820884295	0.06510555874073036	1891.9827699175273
-731.9222147842577	1.9802394378987895	12.234719157761244	0.8986277964840644	7.5290709209741635	0.07652017567838053	978.1142033123886
-1385.867084646442	4.722665717406188	13.68883265344293	0.14423219314148597	0.02835479883899892	0.06532796212402855	1833.5392748274453
-1435.5608188359583	3.6432111147445	5.137827992040926	0.14851786085395755	0.5929254390797668	0.0659060474983924	1881.9877597451575
-708.5111027316684	2.5669566462125504	6.092565125414793	0.7763840205173391	4.182350480744655	0.07721612967452461	1043.493780557074
-841.8118380156773	3.7975480167728235	6.215562361420169	0.6068777222203972	2.4887672935858527	0.07908589730717483	1076.8421628443
-1413.595372349564	5.679327249521036	5.1847680220706245	0.15330956212466804	0.6538989854446294	0.06695698320269586	1827.27284551753
-705.1743323111363	2.418957719216048	6.426748735145342	0.7717321758082689	4.899075799503255	0.07751606507382779	1052.273018825244
-1401.2699845717143	5.265872268928742	8.187112475095354	0.1441202277375323	0.04843734518599112	0.06530145222176703	1848.4902628038187
-727.0180540843141	2.5534327833025947	5.0899875687930205	0.6657562469984913	3.9372023977203496	0.07570669315794422	1135.5237866453938
-714.5003995246275	2.6701910768625883	5.527147059856872	0.875815832152738	4.1345904039329655	0.07493308885442651	1000.4603781997292
-1173.4741309048318	4.322566446980489	7.998855983350654	0.3533201635155235	1.4142447548898165	0.06953222490426546	1315.8499758151033
-707.8092097517488	2.3246121072302435	7.171279805821572	0.7962951340348264	5.742419932814113	0.07757484887033483	1035.3437515577818
-746.7038493628247	2.8939195831182745	4.708694127219735	0.7482331120892942	3.275479818084746	0.07757308549181678	1072.198353539577
-1266.8548138652545	4.096293075928491	9.718222357205203	0.282534472741136	1.1450304539517158	0.06751735696074143	1439.398192231861
-1293.7067935657997	3.669569176565694	8.42127809177018	0.21228116683196954	1.023535470088671	0.06630622383836846	1634.9723644318506
-1367.2054695585255	6.898184678620439	9.70063755837879	0.1895961669244404	0.760389979228267	0.06709695592664103	1645.149502409842
-3288.7693633671765	0.25997248703213854	0.536680454208825	0.00560953247329803	0.2065104357545231	0.04721362473708919	2910.0922452044238
-1396.4315453381716	5.495429335539719	8.839819020693003	0.1463462716045589	0.11920511318090868	0.06623966523696465	1828.5886357109
-770.2135255046617	3.8327524884816833	7.639701162147412	1.3084000752336076	2.852589403999764	0.08213136961787727	745.0360535396184
-1390.8550934354635	5.261396940397474	9.330737337754394	0.1468530312613403	0.04767425689899922	0.0659478896556576	1830.964590665525
-1384.7684753350936	5.409284066146451	10.559175983784112	0.14889148679795114	0.047002438914818104	0.06546187051727621	1815.2574634068342
-916.5304711351896	6.437307582755216	5.717254102027917	1.5036361163265772	2.5823766044977337	0.08352628643345232	662.709826647351
-1298.4073094952569	3.8496294220888037	7.548706210004237	0.18424739946502172	1.0388632245121514	0.06690276018801532	1723.0487444728299
-1405.8116052648143	4.731589211742438	5.210350523561726	0.16175226379773716	0.714095196124163	0.053957330101073515	1808.5687578724235
-1694.3373490257748	3.3902731973493756	3.137501464130892	0.1022659040435761	0.12529668151190065	0.06065222643073878	2129.6825311576927
-1245.1399363029818	4.774721359493005	14.893678352758043	0.26719919259532277	2.319474071104785	0.06520970554224878	1435.3629279890754
-781.933439183503	3.7738881044984502	3.7870541118526933	0.7297210243800399	4.955628847550208	0.07631912051506799	1066.969512635601
-1215.9323370067077	3.870687636065245	9.149703017685471	0.33437256800761594	1.328579576331772	0.05932192109833359	1350.2083219236763
-1192.9713410058905	3.2560852183576223	15.20681311774781	0.3662424222908015	1.7722233724033316	0.07145292812062617	1287.0444702624407
-815.9122275574651	4.817933906969085	4.570445771132863	0.8659324622144438	3.591528549187061	0.07718769600414505	927.128332813327
-802.671306263872	2.723842367924485	4.791076366530304	0.5025901347867454	3.1443751313065347	0.07205203191027039	1260.214348309318
-749.1410474716427	3.2101940302649767	7.213778888296951	1.2028652210300086	2.878365150443039	0.08094947682682767	811.1319450478487
-735.5888023357537	2.8324440651545144	9.113971481052499	1.2324972998127637	3.6019339479293047	0.07989719540437068	801.0699909449849
-708.7258676237988	2.3585882074774553	6.075136715905615	0.7576014205280756	5.36239934530576	0.07339976192175955	1073.2204522352438
-1358.1483683777965	4.279394677152107	7.22503749093068	0.16180817646074014	0.6557219923330859	0.07009571403711003	1794.6031377635886
-1295.1600095430833	3.941626629418949	7.846182033089774	0.23511455499368666	1.001567716103869	0.06961685869893633	1569.9843623096285
-1310.180869549308	7.530741544199508	5.026645827530533	0.23352838786360655	1.739192993922745	0.0638275984675816	1552.9419918139997
-1142.454141847497	3.6938713941930654	13.324752541229058	0.4163169268464817	1.8829305860683028	0.0632086907184292	1204.8771548006366
-1318.382332444081	5.4884019663293895	8.825712925086743	0.22503860728266645	0.9714710749963781	0.05915641304523279	1557.9276933752478
-977.7808798521346	3.828891549031083	8.794816202116124	0.44577872195212964	2.3729224107138194	0.07179753434988595	1194.1719949663777
-902.6589702053792	2.824607751527077	10.489064331303004	0.7165683547342737	2.25339004929294	0.07687462287023136	992.758008585801
-1388.2995785966136	5.733154519851983	9.85352539758721	0.14936862509618803	0.04360125783313842	0.06577564480585736	1812.661008310006
-766.7441477713182	2.822688719341826	6.347955427647375	0.6898383221169947	2.890056506649547	0.0841335149293581	1067.8033818239048
-975.731074344573	4.617590767955802	6.060806989736306	0.6636724430668675	1.9067246728220715	0.10371650499511832	1009.510785180852
-1421.658900683933	6.596073710552806	7.262108027282977	0.1435496933207437	0.11097806650143774	0.06434425909628977	1839.3202939661228
-1889.8913883222322	2.5400966738260475	2.476271276936948	0.0885018279432195	0.023066469376186796	0.05928859843247145	2244.009462770234
-1342.9605532804032	5.3654613686713795	7.780297972982522	0.1732655218250814	0.8840302074613859	0.08110002308721305	1730.6584465061378
-1355.9707472109362	5.372267410776419	12.538591684942467	0.20265710951957375	0.687152854496708	0.06895347022112816	1608.178026059042
-1472.7810363071394	3.421966960917259	4.58403743158093	0.1555862882948719	0.6190300460045882	0.06300438628089829	1870.779156721103
-2439.7425330799388	1.6426527007539078	1.2894244917941826	0.045024833584690616	0.0834605678169704	0.058479632217923745	2571.227514153517
-1307.2444064255337	6.313802886640182	6.045039468830212	0.25806351247516146	1.2085100671864375	0.06801095573065842	1488.7783817369916
-1352.9795821814218	5.037496793515505	10.265148910366833	0.16996662036113527	0.556027934473439	0.0639545507984814	1733.2149631628201
-1043.2029909594364	6.3642653969718666	5.410149265380725	0.5262057536076937	2.4442095952173086	0.0721509991068458	1094.3488246121303
-981.5146260458287	4.732198177677049	4.505746417454778	0.6623019460660388	1.8460084474304452	0.07866354561531057	1047.8178119326508
-746.2115387542558	2.7445595613847416	4.675732833957924	0.6030478012919103	3.9418001252835615	0.06730472160575703	1177.4361793970463
-1411.8659542404944	3.7963337054087303	6.150886535888157	0.1510570385027053	0.48864428444501185	0.06303969199979895	1855.849292562043
-709.9117737526785	2.621016476279592	6.194260896164519	0.7317463747048559	4.57994335245028	0.08118689208408573	1061.7015234846742
-744.4014491073351	2.0228582324866538	17.058637792331798	1.0835980769712683	6.539064469503074	0.0817521622451754	879.4099798350038
-725.7318953867584	2.8182988813959176	4.862156866691761	0.6537601775670899	4.681028911193324	0.07604876312453657	1129.6039549482218
-1323.5844460679189	3.5196231398614692	10.06610789055227	0.20059965177163303	0.8899531029252384	0.0675209357881035	1663.292666531709
-1317.9059629954943	4.821004408569483	9.873456016721704	0.19867763624863577	0.8557969934858756	0.06657230770258085	1640.703718534945
-1408.241709937437	3.1854282584893157	6.829155387159422	0.14719589619099688	0.5952172807966506	0.06488162222207844	1880.5078183734395
-1156.3427625249565	5.923443813576871	8.139949952753215	0.38459792265421455	2.3579261773380207	0.08818545674877488	1230.5339175964862
-778.9779415046413	3.7551999490555583	5.0176664009050675	0.6109199602616237	4.273110166922538	0.07536624924823201	1102.7111776734812
-722.3833087916785	2.741756326575465	4.9348854220812335	0.6768802066880198	4.327245138719285	0.07789583930181238	1118.0375722896476
-983.241633118947	4.204814183209689	3.95659472430229	0.39473681669845845	2.553451668435018	0.07619133369021798	1338.4834996031298
-787.7310596536598	3.1659056042952596	7.063185363892658	0.7652150139304779	2.5341744164917177	0.08070875802936824	987.9709910171778
-1664.488196197773	3.02176943536232	3.163057016962369	0.10190783903809088	0.49377726875976524	0.061111409335537555	2137.670087686587
-1702.8121702687308	5.082733608879795	2.9892494402528	0.1066211286664457	0.0457395814769451	0.05325703324038899	2085.589921044089
-857.2460969259386	3.8747670225042636	13.373764580410068	1.4784786119833717	2.5177754451613357	0.08238195878594398	650.1399002126327
-1341.458601880032	4.749704238903056	7.517383751672709	0.18497956710523505	0.7361551466570347	0.0727544899201421	1701.9396122002242
-884.5347352614738	3.438646158573347	4.542530497661866	0.46615621660626655	2.5542312319503955	0.07378960766903112	1263.577722279364
-1285.7274112497207	4.581056895808234	8.788513205587815	0.23157965535550365	1.0428239655870046	0.06919075764608702	1556.4048518713205
-1369.4784636950585	6.554733905762716	6.737272464443013	0.19270744172209628	0.7651856241422147	0.06559469103626571	1659.172029499357
-1474.8984282504891	7.553160001147238	5.604901024811569	0.13715994842677715	0.0031858894755993354	0.06498630960240458	1878.7707276243948
-1382.937629606449	4.985728466623458	12.009339934274646	0.14615493363918247	0.05014465341505921	0.06545484010840322	1826.5383031682034
-901.678426772261	2.524494519307952	9.728983036108952	0.5310517064776717	2.621170961886258	0.07286157411607758	1161.9657100079398
-1215.7294839119463	1.9876586086954866	28.486154497488855	0.3852190822404175	2.7846935062148805	0.06649330842514628	1313.079131096876
-1364.2649535263647	4.550123640149844	11.800310024859305	0.15511274215175744	0.4266267906449581	0.06568848614347161	1792.079728281978
-1349.327211489422	4.6395472843881915	11.362616834891659	0.1652527929653931	0.5805847772733439	0.06599742086280633	1752.5738861435077
-731.2691338400108	2.38494337012214	11.7429536365742	1.1600337608082048	5.170140699593683	0.07771700469664308	837.8381801315326
-704.2061422082783	2.4805947461474425	6.716271405883266	0.8298894968989959	4.800265225387483	0.07785782429751818	1011.3852824008387
-1416.8973509296122	7.454306969712134	7.65959142400549	0.14908050752673002	0.03345217248745858	0.06565753214626796	1812.8864647987539
-1380.0619454828097	5.04268596370962	8.996339976363926	0.1560659967246049	0.3046637347198363	0.06704826044021708	1792.5535731856085
-1799.8902818359645	2.4065736768995065	2.5093145190754242	0.09669612012796562	0.7238823644875791	0.05860335232690424	2204.8528225906857
-1327.0848100900173	5.159468469138925	8.325648013835494	0.1964098065853243	0.8182398178136169	0.06920755223145414	1651.7364655634303
-1368.8690749503994	4.189510962489961	10.277226253089701	0.15625916610467958	0.41317256807101427	0.06617606252358325	1799.5366303446867
-1350.5000553919772	4.139240290423011	6.772080718310834	0.1467674210325522	0.9734821815844897	0.05711497831274864	1859.1644449190032
-1417.1455946181673	4.812384292366935	7.289943850607798	0.13635283883373392	0.10374576853325536	0.06623678451361537	1890.0285934569272
-1517.8006479299852	14.839317806325996	11.124567052587892	0.15230534084373704	0.3080013019120305	0.0698623260156614	1748.5031039937517
-1287.2265781511132	5.58544525231631	6.213529932399198	0.41425679464086734	1.146774137142422	0.0836227351079874	1220.694674908125
-2380.9419188569573	1.093832498258668	1.7638636643922319	0.04820248372512399	0.3091929222977963	0.06651944030952742	2564.19031162901
-1214.7695185043465	7.37381285544928	6.72871979737511	0.3250293625984427	2.8389446887703906	0.07212628549986114	1325.510154486228
-798.1264421030412	2.6193390857149206	13.530438513167363	0.9802441735909136	3.3972038696858378	0.07746242243504257	861.8026880621825
-738.6206451792361	2.54506825443051	5.996055131485509	0.5635207203100405	4.388510639393207	0.07229044739615403	1188.5271215488597
-716.629725860194	2.960004000053467	6.755859868771103	0.9148531760564541	3.6510896415786793	0.07895995308071263	934.71903635877
-720.4456954874533	2.7875060241196374	6.708507148288232	1.0403469371163627	3.5867667339273424	0.08074657788809277	899.472348094646
-746.6064187556267	3.0719192948983762	8.364018545501906	1.1872155566096658	3.021033949511632	0.08135465601178714	806.3468756773001
-1486.0965819728842	3.0172639894916857	6.5952132645910995	0.12404759989293795	0.20076966176292696	0.05777393877653686	1985.4642099212626
-758.1716479552083	2.8050255737024528	11.003967516908048	1.0049535746479432	3.5780230022795525	0.08351810686063425	856.7887351085172
-706.4608814066746	2.4755543499968717	7.634198017671183	0.8920826521923434	4.649131970806684	0.07844285522329375	967.654196227489
-711.5083962275589	2.2913242561765514	7.674120933828577	0.9591919425815459	5.281102533658379	0.08110001484251234	957.6897837863835
-944.0814854739062	3.691418880013953	7.390332370253804	0.7874338768636017	1.6849806172189843	0.06276322634531449	943.4732672841797
-1225.29080356185	3.203442220442197	12.225664739747057	0.2795978702838654	1.5015953892182896	0.06831841413115934	1461.0702041756085
-761.1520216758956	3.909877201287089	4.681217725761893	0.8677842673194404	4.100165004771041	0.07817153679797155	955.5320378192293
-1352.6037290775685	3.072322203542048	7.79051090309995	0.16009985424568254	0.9158667261578877	0.06207257369920903	1827.4611477795193
-1970.8877559947414	2.692533514887842	2.1177882947358855	0.0829167671570615	0.021498871040236206	0.061037756008741374	2280.8971731322813
-1317.687634057999	6.054601084347569	6.152537347458331	0.19450387032800584	1.2010646709067068	0.06880727689169439	1665.2890970965493
-741.566790185409	2.9751490880736173	4.924996589441214	0.7752214234525615	3.2417630608867447	0.07658715359608866	1044.8752573683432
-747.3533421039456	3.069991436424298	6.032824225864604	0.7890636001061809	2.910770787173289	0.07886574659780853	1001.6394438385374
-707.5759085243515	2.4413122167860575	5.91735436265072	0.8067541248564746	5.094053880509121	0.07830395369649065	1043.1350102748238
-793.4377356269006	2.2748023226394856	11.25057826567203	0.7606411691250528	3.5050068086163395	0.07833297073933544	1008.1788186674244
-1563.317908731906	4.790410997649982	2.9852973890904777	0.14942775524305615	0.966109364530402	0.0595677681689863	1903.8344637591485
-717.4635807706003	2.7071108308336864	6.141523413010886	0.7583226663657204	3.714976891894143	0.07476908208201269	1040.7898012562541
-1390.3897263047368	3.5933454820160713	20.944169626605728	0.13942489192036958	0.4607011539337669	0.06464854952290615	1859.0071378329035
-1254.098721055937	6.354633629358027	6.475915968626295	0.3432330470796806	1.3985672192119487	0.07213855872474702	1310.472370039087
-1054.9537888580255	4.815441793212156	9.117550742461567	0.43728831370274107	2.479363143768558	0.07594851182979691	1171.7436753718198
-768.1856136820375	3.332811733749141	7.011292143392559	1.3798487449247505	2.7517459743136357	0.08268032009815196	762.8901296084015
-1385.741854045932	4.367008089410481	11.294576599859708	0.1477217619494419	0.18941532335117564	0.06443898607401805	1827.606925594034
-750.8269733816726	2.6477262624496665	4.5888645425394685	0.6883503726823123	3.4201551276627398	0.07679763111573269	1129.8080894607874
-1721.2375726463938	1.9400699770264642	3.164526665411661	0.15870869762400128	1.1153887905327622	0.04524600026033203	1970.4475165297386
-790.9169732723483	3.4009879778156655	9.94237109795218	1.1925981726930805	2.6211775753343582	0.08095972659922937	767.4413724339029
-1125.6368938213975	5.188994874915923	12.458441943582162	0.5560914695459458	3.000390469793606	0.07129390942122357	1010.9575355032987
-726.2271788860178	3.1940628748412885	6.684584105817022	1.0192255373452888	3.4139700892690943	0.0798086026197847	880.5394774610988
-704.2056965167059	2.480986031646237	6.717741944630857	0.8293630031430661	4.804030466744986	0.07785894850644738	1011.5828143277421
-903.6242540686218	4.064523450313508	6.205048628801333	0.819874554136238	1.758685843677224	0.07464903566846692	933.7152646337383
-865.862734823816	1.9809349722501501	7.692203077473682	0.42132414080781	3.7517416859368025	0.08368673639384769	1352.8622789297096
-1414.551709533556	8.636882666979384	9.407268306504214	0.15134156092970605	0.024958009015880727	0.06672182826346078	1786.5413168126145
-821.8261855173015	2.1071922098959934	11.014799182359669	0.5231879390350652	4.327572929146681	0.07346630199004282	1200.5234391803579
-900.982422636432	3.311837913048318	11.099999313687189	0.6019393364474586	2.856781869720231	0.07238980926970817	1043.3914136809387
-1391.0685304948363	4.332028825810523	11.36310565441443	0.1393530209427918	0.05770936152744423	0.06495243066551297	1867.1549799961865
-1527.6257127173258	1.1926218936346693	8.535611792001909	0.10810433986239197	5.404704349059959	0.05786540035095148	2160.070851810961
-1408.9924679069954	5.466901473859391	4.352823338152964	0.1593464329301811	1.000233721448556	0.06647831889829561	1820.6554497206123
-1387.4821595572805	5.229437876456361	10.154053619333403	0.14637197923772463	0.047861088825663714	0.06140902373354112	1829.6820898609112
-963.7378988519803	4.140644140417043	6.500642436569605	0.5240227913437435	1.91993470828908	0.07189821165315051	1129.7239010114888
-1347.8876346193215	4.449414986622896	12.812811130481156	0.16094604563329387	0.6550714418968256	0.06176109057903315	1767.6090037910426
-1384.8545919475994	6.375082070826256	8.37401553605215	0.1642039978500171	0.4220399339395918	0.066585868677205	1748.7539002187646
-1337.8369695744575	5.2357033853806625	9.158815287155642	0.18917376835083655	0.7245014085887057	0.06817562189493015	1668.782434464193
-712.2676541933877	2.587517163977248	5.8886557118976395	0.7215076405061747	4.206508256792077	0.07978589902909679	1077.128633341838
-708.8043134609934	2.5637849523774263	7.091095260155823	0.9681198846814669	4.855750825692603	0.07867204617615398	937.4621629194805
-1221.684397030897	4.0872239840388636	8.395164323935688	0.47888481489048396	1.1786320077352972	0.06829356055753939	1150.3274474068974
-1360.3279631789314	5.2570859779005215	14.541754253521097	0.1752342550732302	0.6229686291652263	0.06660219089265454	1697.1562647024336
-1669.4345714383353	2.00977099863645	5.030612399652947	0.11556050138782194	0.34446737436910674	0.07316046486940044	2081.497987385716
-1007.1071313739008	4.832207869146807	8.725694970579259	0.8332237201628049	1.5814284092934214	0.07950573333061448	862.1279602885253
-1351.9107159925948	3.6676799519860386	6.88303691025552	0.20563431824436149	0.813295572075676	0.06783691527932234	1668.149458494191
-1349.6739677651817	4.7366321372844595	9.12274145716093	0.1792560163959916	0.5921432658918159	0.0672813889400318	1710.6130471252388
-737.0029012355781	2.6243334630539588	4.872960124586871	0.5919334677136163	5.968860823806225	0.07597301384297517	1187.5871147275216
-756.3568933035447	1.6276473640708018	12.51712879518105	0.863018159494385	6.253182605515599	0.07145472992867424	1044.2290413529593
-982.4931032284502	4.319954598660355	9.29052318876241	0.5612309474959228	2.9446256195920415	0.09996854569152584	1053.0027567614384
-1379.0170056939746	4.417099724183385	10.300783013921333	0.15128886410082973	0.285434818874408	0.06500019022303889	1815.3738817229723
-2073.0141411525256	1.0781756641617493	3.9259569680931246	0.06698554887590533	0.67312469736109	0.0577724368110185	2408.4719986722534
-1335.129956145904	3.9249934945382394	19.57795846411405	0.20746016208728524	1.1154115862962763	0.07494142451077629	1604.1658916771025
-979.9056299800346	3.9348836017039623	10.73833113110726	0.8590653936793989	1.7362171935957191	0.08194778872977128	858.0992167596546
-1329.5676001898014	4.971962850559678	8.764261649943471	0.18878124053531192	0.772032427753437	0.06751249794508654	1676.509113061635
-1305.5037066276038	3.225264724529409	9.68840352319315	0.2122013855676257	1.0556725677713872	0.06447193642830866	1640.7678477349805
-929.8253505947216	5.075997806291014	5.932236407467619	1.1812193094232857	1.7810006636668656	0.10169868930495281	768.6836826123518
-1054.8381780797627	6.448784836781787	6.091616105117238	0.49350882183033506	3.1780500396791447	0.07237330605242749	1111.4537496588184
-1678.7640753745393	6.52078334895174	3.039988218642562	0.10727424819103497	0.13934987429396403	0.06049895104835561	2064.996653047791
-1429.8918150782029	6.757334172179622	6.761986889133039	0.14004175408264816	0.03667104705630676	0.0693554559016746	1862.445203991096
-867.0710614469351	4.371177284350515	9.665261831109282	0.89862526057949	3.299418606156178	0.07950979608073816	835.2309317657027
-1539.643668732529	2.5812672527958247	6.457780879371589	0.1092481578773059	0.162652177664976	0.0634600710411044	2070.0386969526403
-1295.7937028582173	5.896144657951359	8.122461734297564	0.24627985407969727	1.2195434918136783	0.08035539535391693	1500.7958420517273
-1319.1727636242397	4.293145263242695	8.101932045264654	0.1905300977331981	0.8433338294472287	0.06619769231273291	1687.937791370632
-747.3962983628701	2.410174284373325	8.204175209333735	0.9903703072112332	3.2362291128485983	0.07866433309804513	922.3420134750231
-1350.6863807592479	5.160499334431049	4.722130946254959	0.22938347699083525	1.087463467729437	0.0751728107490454	1600.910322117319
-1592.8749078651697	3.9459139498653326	3.6942279080697524	0.11978553666692128	0.19023967665467872	0.06459419310290253	2021.420318963354
-760.3907674107563	2.925922500380871	5.578431280374397	1.169887675468144	3.359802511121151	0.09317141152114428	874.0195410518288
-980.3043415197809	7.111546178398818	3.178049907774779	0.7150579993071899	4.412702369830984	0.08220296233820082	1016.2006792261226
-768.9185643015759	2.0111976695566716	5.425833619747605	0.4889640503334848	4.749953566981986	0.07300078273317419	1320.4129325740107
-1137.6908942266218	4.824317103119515	7.46466268189211	0.3714547978158606	1.6115670622366574	0.06859739575669206	1280.4438865297534
-1370.72104722904	4.934976267208188	7.225635446140886	0.17940559802553163	0.6106621698441586	0.05493526024611044	1720.087098498453
-759.7145995878523	1.7912495909045605	11.493745717542259	0.6792328934341125	5.460831926908525	0.07457838362407014	1119.483649258425
-745.9428258974496	2.65195765365194	5.464065638087946	0.6819875746824314	3.22916444962835	0.07303133430113908	1106.2829143553358
-1456.1664022012844	4.207985476835412	6.330710492805144	0.1284903873088452	0.00944629274388085	0.06299298821205009	1944.5862000077675
-737.4269919111473	3.121086708151193	8.207587812787663	1.1330295645465998	3.3225547041183043	0.08501590151479245	822.0247995913318
-705.6662254270395	2.5840571131423222	6.237468157959774	0.8338495263974047	4.392193265847533	0.07808845770904903	1009.971262288204
-780.2391483180731	2.842265794050818	6.680506715370132	0.5621681059729762	3.321987574497834	0.08237005012601485	1153.9919887026417
-868.0682412361407	4.493361888844573	9.483562601642337	1.3409876213703955	1.9960923536578403	0.0809648323530143	688.6203421774842
-706.2269526129871	2.644680616472319	6.689848504478246	0.8908777145137738	4.306737421012231	0.07845576857874603	969.6338459024032
-763.8915421631943	3.750056882833028	4.982236342314643	1.1125355540405013	3.5619482475079436	0.08142139607540076	860.9439610843167
-708.1692757910419	2.3389566121355467	6.458448519323007	0.7392853145521584	5.5582596137604	0.07741758596512216	1077.4153200867424
-708.962341961819	2.5213913731706366	7.641647959069444	0.8918879181264638	4.263783211130475	0.07817779734419028	963.1656806615226
