# /groups/rgutenk/lnt/software/anaconda3/envs/donni/bin/dadi-cli InferDM --fs input_fs/fs_004 --model split_mig --grids 40 50 60 --lbounds 1e-3 1e-3 1e-3 1e-3 0 --ubounds 1.1e2 1.1e2 3 12 0.5 --output inference/fs_004 --cpus 10 --force-convergence --delta-ll .001
# Log(likelihood)	nu1	nu2	T	m	misid	theta
-290.13713238691673	0.0883215768669856	0.9663052707511597	0.15050321832619742	0.3521687844376309	0.02370087457852939	119.77626742996685
-289.4988485513851	0.05628474237960132	0.5253750620207157	0.10142783806258886	0.5736550426040575	0.006015397642317852	139.7141098244989
-295.0203732306755	0.05376762853652446	0.6436430691890467	0.08087477234778204	0.10201788586294111	0.02376121370863797	132.26481657146553
-295.8792777918549	0.043369712290780134	0.5158285833202789	0.06475743461515744	0.12353838651924509	0.020173821291879467	137.48443718898687
-304.2573318140637	0.10287750710137955	2.2339082778482324	0.18689811695132924	0.3880501293423766	0.05194824268743577	100.3119150064636
-285.669888985018	0.07824986393250984	0.748681263475818	0.1635688673445096	0.5573821958284836	0.024913595207557957	128.4274095051439
-290.6574319269832	0.09162262006921564	0.9505662030524434	0.16972962489292812	0.31431421859038833	0.03950473549586841	119.53606113923664
-295.5013790591239	0.050550597388283505	0.6853537225238266	0.07486834799247122	0.06425213749465214	0.022764024592474164	130.86467972489226
-284.6823711863856	0.0722811443966243	0.8784114349279454	0.14765678741122623	0.6554052766158144	0.0350448441398887	124.47313072635872
-311.16307838871046	0.0225962368420268	0.27308864635218577	0.03215558701094913	0.1730966187598704	0.11525391388476498	147.66408211435606
-292.84939091666683	0.06351118754551616	0.7409078561367044	0.10102534681013374	0.20043621191485947	0.019993067985857153	128.6751532448899
-296.17846343906507	0.04144583567731508	0.6076865250041218	0.06056054949135414	0.060173163223099735	0.02429375151409675	133.55079105391175
-294.39003957542263	0.043947602710136806	0.6234675679025277	0.0655468801833065	0.18411499459093367	0.020479148910201993	133.22615832215527
-301.3616277490674	0.023393295368428317	0.2977394096810588	0.03379944339166545	0.11143410381141383	0.0028532382214481026	146.21051934230772
-286.2317732022731	0.09673661431056431	1.0605192302953632	0.2184836935121446	0.585332195371869	0.009278534593571064	115.67566351975549
-292.40651559405524	0.08574099596431839	0.8644699437658507	0.13812093903593553	0.3127481349494855	0.06395027630565195	122.89204024979706
-325.74892169563327	0.027128466850245617	0.6761780829088946	0.0387732460697514	0.001052830883344777	0.21487742882871438	131.58995207790133
-281.71666544294504	0.07694552915018377	0.9246418359585981	0.20138055180550662	0.871615736036971	0.022518666668802763	122.77154786985916
-286.55158501460244	0.07614028420074996	0.846243801218635	0.1409622544627924	0.5192245039078076	0.027106575432765893	124.79860429037346
-295.2489256011796	0.05047577142561205	0.6865090711378039	0.0749465699416963	0.07991208329974565	0.023833684157756083	130.85701922223646
-278.74052870999367	0.08540161641876298	0.8186241045471422	0.5007976460236567	0.9894879763530412	0.02959553583833816	126.68950714721932
-294.7259269624668	0.04657821602540499	0.7010360275282612	0.06921950056679088	0.14810847521654455	0.015340528166206473	130.66560664433706
-297.2373037750299	0.03441449005899302	0.4849405486379369	0.04941907621429868	0.09606274095172032	0.007436278576830041	137.8324357793897
-302.7296711584811	0.020271041996869795	0.40683527288053034	0.02896003620999544	0.06569104499243716	0.05422243643476093	138.6536434148185
-290.2385267131266	0.059866949411410096	0.7305591090889505	0.1011059424545198	0.34755855839602334	0.02113841738219159	129.65231631861067
-359.00719684952645	0.10026899040754784	1.0884052400632234	0.15695369413678661	0.07009804433052527	0.3478452207542433	115.2775809922711
-287.78244988707064	0.12906052524089492	1.203509378496053	0.3886025941507853	0.48140772549961436	0.051747578039279006	104.95253312651526
-287.4365319840631	0.0801885808188115	0.8502885302586558	0.14701171915955422	0.45496066582740935	0.02728415773053279	124.13126638073857
-279.0983538265184	0.07711927729097609	0.7930419791672774	0.28294868877630136	1.0691181626224908	0.03543821807835767	129.1353444362299
-297.3208018942829	0.03529226156391278	0.5263874977279532	0.05088541540677634	0.03498343180040022	0.018426265535524778	136.19350395641723
-281.04170872072507	0.07293965630344047	0.8046209303052272	0.18726019072435293	0.8904433248716179	0.02328721649837765	127.75693179489768
-296.4764252698154	0.05039639922694056	0.7016702236999477	0.07329196867396347	0.005894741364401067	0.026296466186899275	130.24531882709795
-291.5545626748955	0.08044442761303984	0.9390220391444966	0.13736401593975844	0.2645252109966462	0.02881888939810833	121.30576041307022
-284.7200356519718	0.07147784378416285	0.965387588068988	0.15505058138009697	0.706583434706766	0.040994341739074944	122.09546935077238
-294.9299067381211	0.05645246766066194	0.708077626959353	0.08510236509317586	0.0928560459316583	0.024806456081870834	129.9262914481495
-291.31239119146824	0.04592799775228574	0.6377793954518376	0.07844117499262032	0.3880608150346852	0.01951976073108912	133.71400935111893
-311.58650578043387	0.010867869797784166	0.44690159906936006	0.015118010325544684	0.007891171870279587	0.060467942238894276	134.55603621055755
-295.78999843943524	0.05277717704739211	0.6865268464977154	0.07815780151952971	0.046589328146973655	0.024718531228582703	130.70351172115522
-297.5798762224489	0.0378579201090822	0.4918307598535344	0.05489807163103424	0.03528228478701699	0.004324013735514431	137.8942612900454
-289.8740834752082	0.06357946044664953	0.7914832502938227	0.11308691012126014	0.35475699130714927	0.022841821053464852	127.50243598720832
-295.83272711299765	0.07078081719575594	0.9909991162188143	0.1797525148493359	0.8712092224839053	0.15571786361420129	121.57376620145114
-281.54819975615425	0.10217436052380566	0.8254465020865956	0.29349939062169855	0.866848346920679	0.031046387308194003	123.52509394900294
-287.5269661312582	0.07193186134850665	0.7734260690681899	0.13494274499476647	0.47468020401685723	0.011456553904346762	127.63832366053701
-295.1130561056799	0.05473649395854688	0.6955448790000077	0.08236041538177301	0.08646952897224494	0.017745352666044757	130.41539067412106
-295.60534528762355	0.060038638357405416	0.7743097610606364	0.08957475598691943	0.057621684025371434	0.02787974920621447	127.60672537296503
-295.06352778882535	0.052617226864547395	0.6261223652503375	0.07901683565001724	0.1050773519687365	0.02090162032243768	132.94377696770238
-297.3907905437286	0.06746035859984191	1.2464248926160981	0.10775473477976627	0.11959094847861217	0.03778841292733464	117.28939589086157
-300.7477869431252	0.021108051906436342	0.32732986516109847	0.030464997792081457	0.15978497080440027	0.012696461550131882	143.1562653326677
-300.9167905077998	0.06614675369164306	1.0792967201093373	0.09907120921536626	0.041474989057000915	0.0900177520796493	120.22629083951396
-376.6410438622863	0.06848558509904437	1.1704152289181993	0.18703779360215203	0.9649332953339166	0.43938520769854245	117.4272420975798
-295.7536424666218	0.05210898410910816	0.6959188821963121	0.07669294640920377	0.04767921198788605	0.022075048694509377	130.4161692679581
-296.47398684140603	0.04852448629268687	0.6787024076708088	0.07053464603152501	0.007880499923683176	0.021581691895726958	131.02873229596122
-295.18863346410393	0.05045831970515633	0.6733950258264843	0.07470908458625115	0.09034188921217547	0.030941440178792814	131.27133506170645
-301.1940743617921	0.023051657640803302	0.31761753957864053	0.032629993281979186	0.04810387953041784	0.011847984497257581	144.23841955472236
-304.62968254563606	0.01804896356708962	0.259787021788767	0.025309002664442696	0.06934678424054021	0.046440843873070986	145.98880571661684
-279.44996852731174	0.06261439925780801	0.6572178531003819	0.21068905271242747	1.333953015287973	0.018455269461916578	138.67456356608494
-289.7667091628357	0.061775254457069585	0.6350328841376932	0.11174187595972607	0.4684423191429404	0.050326725039949234	133.80598318353125
-292.1675688953808	0.055944273231501654	0.7741519035378092	0.09173968184197781	0.2573935233035059	0.03526679865184609	128.383380527062
-296.12678997207036	0.04065698027486582	0.6184913482990301	0.059569352951504576	0.07270183160296523	0.02707149181755106	133.21910674518648
-301.28325489160545	0.032711112424280965	0.9676899285857492	0.04755957240798009	0.07071925302076952	0.05016681139639091	126.57960644580297
-296.38875374293565	0.03856142704057493	0.5528844178965756	0.05637017195273838	0.0771104561925833	0.01610926943476667	135.4828415248698
-302.7355226648775	0.017704241255270637	0.31421499844795475	0.024266200849910526	0.14676357009885108	0.012227661855703505	141.75206493432628
-294.82351332571113	0.04578315980699684	0.520986096890497	0.0699633111888929	0.19640655145428024	0.021441806106449184	137.6278818936858
-296.50560655411596	0.05387465710924775	0.9188286529147801	0.08264389304219864	0.1263751292595628	0.06311698225387602	124.85209014943803
-278.632264993793	0.07351327902826163	0.7273250745534865	0.34454815586953247	1.1511657448964951	0.022957239319723568	134.603588826765
-294.6705785638808	0.06820088615796875	0.7901762668524425	0.10530426796509007	0.1154067180423716	0.02377373796043951	126.57502537905168
-280.6647308247805	0.08180162902969446	0.8752232476655578	0.22825933375423327	0.8736125377187218	0.03265274925931011	123.92903764294105
-298.22435472191853	0.03060851796120151	0.3871705164320333	0.04481007171925636	0.1502434449111832	0.013776242936216963	142.53713455355825
-291.76692836669525	0.0738760469593403	0.8696476016483996	0.1219475008720119	0.24747426567043213	0.02864156158203719	123.92971703387902
-297.5992553596177	0.035178089061700016	0.4647200466840239	0.052415536940627665	0.1488871161137738	0.04696021120974114	139.27473270431358
-280.5662817676034	0.06304786206350779	0.7072813626965201	0.1661828739768881	1.1027061069779318	0.026453010063182906	133.5821585176602
-295.3769682273634	0.05491518700841874	0.7102895111047982	0.08222070820012484	0.06824537719157407	0.02692678099419741	129.89788020948728
-291.1398934595999	0.1445858206081458	1.5219794030803702	0.45349361848574277	0.47492433042144505	0.04852603095026232	95.07238189529068
-292.18082285566015	0.05404597195042615	1.2153626874518122	0.09890015306987004	0.6342562994925331	0.026821014786682557	120.08575323085384
-297.88259700455177	0.03622121005984439	0.4340655877559603	0.05327694009804008	0.08026983419693214	0.022517204911706695	140.82393047709573
-298.5352859474252	0.03185924608273876	0.4427352490543991	0.045415632226259134	0.0089957279396357	0.016954477812461073	139.33739105633205
-379.41913528105397	0.06005907557858962	0.7792099220267075	0.10975165986544698	0.4931552621584189	0.43651622065242485	128.4470394849727
-296.0625445014059	0.04370939566328935	0.653980885363183	0.06383830581653892	0.06483613972317993	0.012399554749173385	132.02558147711815
-298.0087631913018	0.028758442151631893	0.5207978319872908	0.04175612206160355	0.12648809422546434	0.024886317659719097	135.99229512285476
-295.8999321650369	0.049261219276647596	0.6008998733235456	0.07314745702432464	0.0634345494956253	0.019118657457258378	133.8661560876157
-293.6933322534412	0.047111744410264014	0.6149782833219808	0.0728856858486043	0.2119836489837658	0.012141436057490306	133.75458488788897
-287.45736683332484	0.07688582989349307	0.8191636392199464	0.15030848148827952	0.45146592261362506	0.03340642725977611	125.55365454967266
-292.36155462641494	0.039845485986122336	0.47436945109251016	0.06503723681870086	0.5164951001343261	0.0014834030399909315	140.57760021646976
-293.1599847790162	0.05647973508985353	0.7268795007350973	0.08689700416059941	0.19186838466287015	0.025566676341228195	129.5019777524105
-294.0239154555907	0.057225943672944674	0.6676420237256782	0.09110237010642458	0.23106504927742108	0.05877568209287008	131.66357236081498
-312.09474426796487	0.06362054303955023	0.8157829716222806	0.22849542852348204	1.2853880242518658	0.24317142378204473	130.24542990982658
-300.2845441831292	0.024502618004700997	0.3324655746962225	0.03521788658440185	0.12897628329567765	0.021587598267741207	144.03173508733653
-293.31574840142673	0.05304391852836279	0.5808371275501054	0.08355878898333578	0.2606575565208163	0.03611538938730999	135.2757018784078
-299.08052059682063	0.026129099548454802	0.35445078020927495	0.0383894411290084	0.20126920528439782	0.001662289289962029	143.48102033324895
-292.5153045179337	0.05855297523915381	0.7051612173378055	0.09512955393906024	0.23089998492729294	0.03280073599374688	130.33521028737243
-291.6774923015895	0.06402490193991231	0.7971637635689459	0.10416073210056385	0.25630455211998215	0.02239437607875846	126.99423105550241
-286.28771629734223	0.10182409008525653	0.8539638029758535	0.23231604038324033	0.5433740343218243	0.05630380010165266	121.61671067560128
-296.8673336195344	0.08506714634886157	0.8873675607426724	0.1335471490102894	0.08433614473329071	0.03381851030168362	122.01979223383228
-297.99603913534236	0.032594466630580236	0.44682179882920253	0.04698870646426627	0.05314670208488377	0.01383875392880979	139.39518959234303
-296.63051847572063	0.03515294806342302	0.6056632315874274	0.051523336975303834	0.10924853931096369	0.020259707259799878	133.6187803003955
-290.4975409213538	0.062153322820493385	1.011580957502837	0.11420779786944055	0.4060063361340506	0.027130851409235966	122.02906395813294
-291.89855362300864	0.07183337120734731	0.7892649790564888	0.12156814855900101	0.24615510820653344	0.027244255600317034	126.58285408283241
-294.26335899454153	0.05454350931102068	0.7289100577455906	0.08285405179346685	0.12981102906972708	0.02629304358372718	129.4618481637841
-292.17046150325916	0.06475951791133527	1.0291534642714755	0.10865299265730623	0.30031304879212084	0.03734022213951961	121.35496669774733
-292.65674191539335	0.05337503110375557	0.7369742115093088	0.08529645696617923	0.23026928185897363	0.028525428522389342	129.57053221265335
-294.11361061621733	0.04905936929818635	0.6291182591028709	0.0745831690385455	0.16541948772805792	0.02293007369277434	133.04867177893894
-299.9311067285543	0.03076677049986595	0.34534673744801714	0.04511333328754555	0.11873038481415438	0.020502511100546177	145.39451795457705
-294.64634247620376	0.05794839838791384	0.7729264027908169	0.0892761404719751	0.10858171239077893	0.019864722602426298	127.94359051417904
-296.95773930972564	0.03914020646989431	0.5760489648639417	0.05656291268021765	0.019071582211389753	0.02418035156622292	134.51924981729994
-295.93631472309914	0.0492506386902387	0.6867372722191762	0.07236733243096759	0.04100067029634992	0.019398911766610797	130.82667317676973
-297.18930334246994	0.0355907830202286	0.46140961259363455	0.05191622566125971	0.09860918645996276	0.008953805269072988	139.2216418060366
-301.1649936548107	0.029383914578317037	0.36439540900863626	0.04045403904221572	0.05055811150133288	0.04765900827856357	142.7439146386771
-297.2219253967924	0.03760781590073228	0.4839958498312739	0.054676066212108576	0.05677321283710655	0.013313536329968132	138.27656223927016
-298.5271433702447	0.034587446776628256	0.422300561981031	0.050099360119745216	0.04111551291629507	0.005528203557517611	141.0287207890103
-297.9401006325994	0.03572180428349185	0.43103345545203897	0.05195951017908915	0.08780852115749825	0.026579679196452353	140.7900553808159
-298.3121320067355	0.028333673538135675	0.515376496508402	0.0411833301654817	0.11458584617718098	0.031255454090164746	136.14120023109973
-298.83748452271857	0.028615928974007807	0.3884457207882811	0.04160230319724301	0.11941543456009611	0.0005102978446212353	141.8960615195841
-300.2345795293251	0.02274247974590586	0.38677667919476805	0.033163763168422136	0.08092142156483012	0.023833270255313573	140.4898770651613
-297.8626768496304	0.028729081669059853	0.5500451266564181	0.04207234142200326	0.16081439419681803	0.02540888311140707	135.1062807280066
-287.8647547095385	0.06914045836485752	0.7268458402714814	0.12411584848660859	0.4622225025644041	0.023862582232086565	129.466692404228
-294.13660242922515	0.04737494704783501	0.5961765153016462	0.07386163856022973	0.19239838680752686	0.032005337671885875	134.5165420490159
-300.33077353683075	0.024749756512066633	0.36108938756044845	0.03528553135003482	0.053641731196800414	0.00010251387202993054	142.16503566910308
-297.854350703111	0.034776122661658505	0.44669779564829776	0.05065811713059282	0.08207100747379903	0.00023190581408506007	139.83621061190394
-297.28708887793397	0.04121466250703657	0.5157624948923061	0.05964997423111386	0.027245196444813654	0.02860256886677351	137.01478260141246
-294.2093529564901	0.05901991365904908	0.8710192985951872	0.09129765874237693	0.14477300144480365	0.02574076981726594	125.34698969060796
-288.65179774707445	0.07276750726655969	0.8150541592182317	0.13044489707965	0.395957869277401	0.024176222806889153	125.93540046981539
-287.1894769493558	0.09707959759527231	1.0399291370889496	0.22320525015036355	0.47445675748416294	0.04665947309413114	115.85687528837298
-300.4664138861251	0.02586567024970468	0.3185256104397781	0.037503452824398466	0.13791490984563085	0.0009996206074034757	145.6620399019167
-281.57085110189917	0.06695650953511134	0.7705653733307923	0.16237512609414173	0.9299653578267386	0.033979542784551224	129.68780786615173
-297.59298101865863	0.03554996095082834	0.568014408656491	0.0510248143789161	0.0010785611552382283	0.018161076798920556	134.63525784134282
-298.2629479493536	0.030530115382522666	0.38729638953774626	0.044606107231739286	0.1458179839099933	0.01287597922568817	142.48133470107138
-295.32236449481763	0.05253856515665433	0.705887213556741	0.07966980148017459	0.07295653703208656	0.0253152257134081	130.23037413239064
-296.9552174322689	0.03525100599185452	0.48528495222603807	0.051171316198859014	0.09537400021428406	0.014761402643177528	138.00770049757864
-284.7344160242849	0.06496895102043526	0.6513235681090298	0.1350331453524551	0.755862128053714	0.0	134.1659029965223
-297.07947476395145	0.0359308213432648	0.5052051521223918	0.0522534925173445	0.0897965469247477	0.003106149222266613	137.21181152408323
-305.62342862458115	0.013725617085825656	0.247008566198706	0.019179520914201106	0.08814488904089114	0.03791926755492994	144.02365716661333
-281.0321767573945	0.09284726458464487	0.9024374856925522	0.2652057432099136	0.7946470907259993	0.0266410791454751	121.19792423521629
-294.84088071841467	0.055762339463872185	0.7942204238048807	0.08322447724195861	0.10641713925412787	0.03326382943682592	127.47060328137617
-297.6772658601526	0.0751799927292834	0.9213760883756127	0.11044562080082768	0.02025679713016027	0.018972635787395036	122.24511416160149
-289.65441904640636	0.07407512167130272	0.7853635971881762	0.13160620812893897	0.3496190451983913	0.02212918100926206	126.72610027922252
-332.9288103747372	0.02786754454548164	0.46413617449973693	0.040948322058643336	0.29413223349350887	0.2561318022951439	138.24225046580537
-296.5135488310204	0.06444658379169668	0.7009439001996272	0.09672945953538573	0.045714039469729954	0.020548803299964117	129.5978288299876
-352.8987588997097	0.046626585942110416	0.5046923545432052	0.06913391734553823	0.11830004736224037	0.3307016127789462	138.10906221317586
-296.67975063946733	0.032285572061187186	0.5211953846043421	0.04760129238500514	0.158758521417716	0.021879771488522215	136.44041737079908
-298.85333015961874	0.02970172324200971	0.7746486237868146	0.04558120553265324	0.33280215502385724	0.002752926185605075	130.0546793703375
-298.30470374354235	0.03203672023903554	0.42149737330872045	0.04629184689197	0.06035937621365402	0.013980624137473523	140.63669895956878
-320.00122911587937	0.0036097685095247906	0.06836883303966504	0.004884995675111334	0.23923209923919853	0.08899851576863348	148.60415220904298
-296.29171081924267	0.0450623517067441	0.6127171120908329	0.06559157070819183	0.034083153134728726	0.01987320109608454	133.31746799607822
-291.22509196936494	0.07909953013888099	0.7894841737234182	0.1324856539583643	0.2844866860736168	0.030589762133638995	125.92736032864755
-305.3223404229984	0.01569655481074687	0.21048929899664534	0.021963054048823635	0.05464394807500373	0.006168356119916105	148.8716568546303
-294.83953946236574	0.050828935443198414	0.756572527866958	0.07627913036683115	0.11046466470752389	0.026159537294489943	128.86946830069013
-297.60151686357085	0.029957888644499754	0.4352131398042634	0.04453779845011068	0.15075180841650496	0.022528690626540088	139.95882772159214
-293.91039066110943	0.08339329183515216	1.3315371287749025	0.14190922930308558	0.3205295747767848	0.04093246946643358	113.35131634720562
-294.49185906537457	0.04023892566250592	0.6198634130547727	0.06110375394055311	0.21290308422032378	0.018979091247590323	133.5035624321227
-297.9785708832559	0.0318843111306325	0.40879005194608087	0.04658507745034178	0.12125130436963334	0.01715867062611296	141.48382722560737
-290.43209605354923	0.09245313925306818	1.1845192815533596	0.17698703650576703	0.3831687682759556	0.04567689324074563	113.82905720123115
-294.6130240489399	0.04741112648852567	0.6181337493982342	0.07157143534800121	0.1396984881941203	0.02088941264287392	133.412212612977
-298.6752176866184	0.02784501149614314	0.439960391174198	0.04001961611461271	0.0697761732720913	0.013006476751376663	138.94342029644972
-287.0977197947177	0.07654772063330105	0.8791731195916456	0.1446069528084601	0.4734103986453776	0.027788653258372067	123.66389712276276
-292.7809580749266	0.0492335610232845	0.7404603274160372	0.07687259598171921	0.26154154589676815	0.02129224368285667	129.68687677144678
-302.4425049416718	0.048046374442612366	0.5358153180701202	0.07214910668052193	0.11061055919772086	0.1040585753117163	136.76096188986722
-278.5930161579439	0.07976046586949516	0.7774896635650034	0.5270620278869513	1.0812268352836554	0.026764436500312728	131.02528448833854
-299.45442996449395	0.02489728816509844	0.4615514169828864	0.03578880527262083	0.09757568755804913	0.027233934444775423	137.54814674417926
-308.12664568945513	0.01201616357989321	0.2328865250528572	0.016647780158143728	0.07112312139683348	0.0582091607974988	143.57533826602668
-294.11568874717545	0.06238395641972748	0.8188103960750959	0.09635929817206673	0.13413072883988442	0.025701736542629448	126.31282579238253
-297.05507178077767	0.03820120942410822	0.4914552133437108	0.05586972056925503	0.0824874461026531	0.03194626596106073	138.05591940825767
-300.7358781070281	0.023838116848418134	0.3228507091622243	0.03416619585864412	0.0929949158228259	0.004076342919359883	144.38837936608363
-297.0292636677575	0.03560665185120191	0.4279821062341292	0.05290221815954119	0.17817823854734954	0.0021871733927427105	141.26422704137073
-294.0166024297279	0.05844003637857544	0.7552072649084086	0.08983735344208818	0.1381311342312514	0.02395985925689968	128.44404555563966
-280.6910916194906	0.08578543583419965	0.8904814086751359	0.25745644071307944	0.8208410964257948	0.03101676760521038	122.61533317042745
-287.94025565179584	0.08063065916163613	0.8579599292885038	0.1527978861690345	0.4202754437778631	0.032651023620829944	123.78460288172444
-279.816820268463	0.0922765450689911	0.8572885106444659	0.3515811675813811	0.848587405533413	0.03338502010379385	123.05409912653687
-290.9162722262081	0.05463524093397959	0.7664908374774297	0.08925880845173201	0.3465647273018583	0.0298466492630718	128.79219567921643
-288.2865165618207	0.062144916017198536	0.7488914850501133	0.10996577724938829	0.45975981950465444	0.03127442766766565	129.15079165841584
-303.447693488597	0.017602535138872655	0.28069914420159636	0.0248510105806531	0.058931401187896956	0.0327326335633922	144.23518793948242
-290.9411242769764	0.0475689666724985	0.7264445010012855	0.0760277195430455	0.46198467218794564	0.02706981648977093	130.46116425029012
-301.6609026163037	0.020518550889060832	0.31182666581970525	0.029074430771714798	0.06301092549445474	0.011135487247300001	143.60108565904312
-290.32505123543194	0.08301505053749461	0.8530420515168056	0.15318203230908867	0.32149902286792353	0.025065898624812	123.52471619884874
-290.23519863127717	0.08814406340748475	1.0481242660065309	0.16012847172524908	0.35129795574711237	0.02178081069525099	117.5927040005551
-300.081113201237	0.02529943559045178	0.3616099291780501	0.03723870775786594	0.04462264756813914	0.011680491014242563	142.73384427879105
-292.27531712262544	0.052893809288679754	0.646317889209844	0.08328997604659086	0.26912300905637915	0.01858941208931896	132.61059061088378
-289.1920952715759	0.08378592568308244	0.8936379365083426	0.1520507197711494	0.37329164754653105	0.01734436588067322	122.26439341559347
-287.3512767165356	0.058097249250642594	0.5887701055550106	0.10662574840138825	0.6214974646371392	0.018194500596197337	136.4448668855871
-297.8205154744553	0.031827432437739014	0.44859657592116586	0.04610709681751435	0.07842130053182789	0.018575743282686793	139.26780695929585
-295.331787520044	0.05123599514297506	0.6998749002815068	0.07655779334478938	0.0729726780113894	0.026295844854451116	130.4258412985287
-304.59769269020865	0.014566628100955615	0.2610708064362326	0.020413803386883957	0.06814255128237239	0.0007803977502663926	143.64780614889926
-287.95068188735144	0.0743637610287631	0.6914467938828076	0.14242353211756362	0.49597173614514006	0.04255806180380819	130.8472025615853
-296.2316550566562	0.04347183448375272	0.6052767276399595	0.06351601866052181	0.04404330613223182	0.021141692986857016	133.61952232420725
-290.0024458605886	0.06552497193580925	0.737545625512335	0.11161387308040767	0.3462851600253961	0.020778981024506107	129.02279723258002
-293.11030261915414	0.05641084929835678	0.6393409142735553	0.0927082721498351	0.24153209393180225	0.004753565514176057	132.98330710904722
-311.601655782083	0.07163664182468416	1.6314277650017919	0.1317993423044303	0.22149393945726453	0.15352133935870868	111.11786035739301
-305.20046764717694	0.016050488934101458	0.21096612272119739	0.022620957356579794	0.08738290069250804	0.010305575190077635	149.27083924586202
-297.59420645556565	0.032575484798863255	0.4297686524822134	0.04752961842584784	0.1264785705907363	0.007069567885799765	140.4416545720845
-295.83624923047154	0.04546298105822568	0.5811444125934833	0.06624227448811094	0.07841294088628967	0.01744776894724612	134.51904927389816
-297.2982899946509	0.04273186614716421	0.5221944434274712	0.06163726785665693	0.01806430888058657	0.025808486811046475	136.7652148132413
-295.24723316732087	0.036831497556213656	0.49469058358774043	0.05577321782632914	0.23464377560192448	0.009729595865712882	138.24218727520008
-295.5212094151277	0.04688071084048653	0.6236202305944849	0.06920589990679459	0.0805130622228708	0.01800266146267321	133.03652364660294
-279.74663917671285	0.08938253748399262	0.8658550510978059	0.33856747942645926	0.8609404113233804	0.030303693655298062	123.10933789763682
-395.25063725486325	0.04911027539017606	0.7771311586150187	0.07221837121571095	0.033577928885249186	0.4569174406137438	128.3427848232543
-346.15903105403675	0.017694327767282053	0.23100878108851947	0.02466970197059942	0.04240607556426922	0.27421152988639996	148.2393733583153
-296.1209175723063	0.04608094437726454	0.6226073973181889	0.06744371543590884	0.04083674311983611	0.021311864258979643	132.99914747112206
-406.9827834449309	0.04500386372471016	0.7866439909056505	0.06829047864714415	0.15486480188933072	0.48888984876058394	128.61203180228074
-294.39873568502924	0.06259093376079779	0.7477446555232121	0.09565068025106128	0.12135612548871877	0.02286649106515186	128.32363863196971
-295.9595612691974	0.047686682937377364	0.6452299719217612	0.0699497864075133	0.045224576867366535	0.019231521325448014	132.20929365697646
-297.0629601819966	0.054860522922888205	0.9522884365377716	0.08102092521705083	0.028917837121197092	0.03414512970614007	124.00168027223891
-294.0133961860498	0.04312555103154598	0.5611501896011107	0.06626974538589947	0.23261286179226295	0.013005053603287485	135.8170283603655
-292.95006237006226	0.052529180272251834	0.9536729820343939	0.08608254999576385	0.34660818880549477	0.04786197233334174	124.53470845484645
-294.9017386379795	0.05218468954260626	0.7352330429513952	0.07710087786377144	0.10237888365070477	0.02678102649235054	129.307686665837
-295.9109304180223	0.03935845552566777	0.5319741156988421	0.058132900556854994	0.11917567415637148	0.01781392869868016	136.46741437341421
-297.48287198585734	0.036162440021799525	0.3938434086444742	0.05431048333380847	0.23483041406631672	0.026332247348559223	143.64439826587432
-294.68687125769554	0.05014980733158947	0.7112760926196882	0.07552932330635023	0.11611157046221902	0.025782059063804465	130.21025016884707
-295.5014802824386	0.0591174281932113	0.799906547841031	0.08713081778455695	0.06569466112100754	0.031313944484659496	126.96708228797131
-295.69450787603535	0.048931704030010285	0.6126737696528441	0.07254898384232847	0.0717819925679085	0.016051241610001713	133.41953777490477
-292.82690572317193	0.06918043445137426	0.7990478217109513	0.10915876536931586	0.19799411680441326	0.027292044990073403	126.34575083915708
-285.45216426552895	0.09608482619850933	0.9841195834839944	0.2185407387542754	0.5313360437811985	0.03282731372654922	117.80553750202294
-294.38396497476754	0.04496932338614884	0.6104951896119807	0.06808314238906417	0.16994375526034192	0.021472811373066926	133.76011608287527
-294.28556733171524	0.05351632101275133	0.6811353705129033	0.08092041850023997	0.13642583233310712	0.01775656536818139	131.0242411159326
-313.38108285636133	0.12949017302515248	0.9500487798238053	0.5972995874756598	0.6120769179567468	0.2417684317049504	111.13061851470236
-309.2834377535196	0.061843908936839366	0.6695400367201704	0.09497228367074813	0.08810949967382949	0.1540156772192334	131.034556086567
-296.1160674241629	0.03796590248902311	0.5363453817068313	0.05581066043684681	0.12138377215935604	0.010250177155375687	136.17853725015152
-296.8763885561643	0.034409876233657384	0.4349271358322458	0.05132683004316146	0.1697619353321149	0.010298260849314518	140.74267169505632
-292.95163984642613	0.06859295613196552	0.8418982950819088	0.10993828821932673	0.191146925185021	0.026587804855256487	125.17570750503408
-282.31305757193616	0.06294064830856469	0.7418906566769705	0.1399530286067289	0.9370946982274614	0.022151026121760706	130.8957476029565
-299.3381484773243	0.025300896467591108	0.41571621219451294	0.036418838555492834	0.12092876982231089	0.0024486677259067157	139.6000557675113
-300.1883353705758	0.030999870282426414	0.5419272330710632	0.04392197988975656	0.005565931984665874	0.06159343269819987	135.18984711355836
-374.87444102472955	0.016169812404072167	0.3153364521775818	0.02304799776481103	0.2513716770576851	0.38163022568152327	141.50877365146468
-293.9939276844906	0.04429758739404092	0.6538880346247214	0.06769274352085487	0.22295616171406166	0.03615821350110416	132.38806200097562
-291.78514151997706	0.06959633225024944	0.777923802571796	0.11627825931735397	0.24956496587261978	0.029131466647456448	127.13923821199911
-295.26438345956564	0.05034170920819667	0.6486151688590749	0.07488223903612737	0.08456298030303071	0.020919630010119327	132.1242539957541
-293.0541794840384	0.04271268045304689	0.4913245769234913	0.06872349480700274	0.3965861602477551	0.0020564264848231613	139.64957638489696
-298.5223258063633	0.029053922586049576	0.42058511255264963	0.0418683178783002	0.08124321822688813	0.008564800977991473	140.12553131518027
-303.89609635352383	0.015241484819372866	0.25577442438953185	0.021680981925973373	0.1483344474045224	0.003732080226315374	144.7484007431396
-299.71890175668955	0.024718234860711168	0.3161389632928342	0.03631130409123848	0.26371250566613624	0.003483751046642658	145.67881886730837
-294.56539550400475	0.05107968532578117	0.640204374554953	0.07780088293539202	0.13550985931390638	0.03128992662193004	132.57752785257642
-300.96876180550163	0.023452235942406658	0.4043346964597347	0.03334995306643772	0.05587757015054756	0.044503900807874724	139.5299115436769
-299.4787715017228	0.029863429444788765	0.38372368011188746	0.04267902593301345	0.019100015324897593	0.013325876528923232	142.17946005152044
-301.53678254039437	0.02447168690618373	0.2836953009493584	0.03548449046898656	0.17821219646966344	0.00034992294031932193	147.96596083683013
-291.5845365602245	0.05819229149623001	0.8214520318323989	0.09426310059702521	0.2877640899363406	0.02580878738235502	126.87509146580949
-293.8313691460441	0.048701251509503295	0.6078601782912527	0.07523291844282767	0.20025847226248417	0.010856176156382036	133.9875392735327
-322.30220340793085	0.025516851168647662	0.4901001510824339	0.03625185122913553	0.017521994964763983	0.19935775158489877	136.45036550941617
-341.68786282517897	0.07376171745086926	0.44419472725984216	0.11999368743009745	0.0957391577641933	0.23401144988235745	143.9101565948487
-279.92649676595096	0.08137474227401495	0.7811748384178101	0.27922256177547866	0.9035905416401243	0.01760703661985438	128.4889984248858
-285.44807213496836	0.08637832871952521	0.9387543822059112	0.19054947119480697	0.5736573111712614	0.05472735291923974	120.65303562121743
-293.6051885345428	0.06627066552914783	0.8496893146608856	0.10570292149264278	0.16220854460183104	0.030310637643219607	125.16429340171254
-294.74525540615934	0.06701474973324541	1.0609359413443622	0.10423103658876123	0.17846022391324215	0.04276082488774242	120.47810189191745
-296.1016636146686	0.04558555063571768	0.5871398774000918	0.06693658545385703	0.05539326056996065	0.017359641362304157	134.32914788930756
-296.31703783874843	0.03452468726768446	0.5462515554378095	0.05114285347766457	0.15073675660478844	0.010978772648047112	135.695229874057
-293.8756863534174	0.05657786096834649	0.7726901780952519	0.08772518191429875	0.15577812337050378	0.016411643065390384	128.12418791446595
-291.3787300601024	0.07434210169146868	0.8391196798935571	0.1245561720799118	0.2644778738697236	0.030697810190973444	124.7873722915317
-279.089295979283	0.0835987822443788	0.8135856729835923	0.3315345800975747	1.059298645242436	0.019517563879473114	127.37319986151957
-296.26335198124093	0.03561263867298338	0.5114236099884738	0.05270474249498178	0.16617122164778597	0.0036548001556527274	137.13737280154808
-391.1316455062972	0.041357813741004085	0.5725876249452395	0.06115517819136691	0.0970208928829993	0.44639760306614684	134.9190399121743
-295.6708887427453	0.050915362119624975	0.6872358409909071	0.07511794589900916	0.053777330880899074	0.02192982186346897	130.7627851826619
-301.25299200204336	0.021790685430141656	0.3646434663350114	0.03145659219797769	0.21952697392397943	0.050338917057273065	141.27372537164885
-294.59603606856695	0.045993859401266164	0.5480769250664183	0.06980850020009917	0.18765867110209197	0.011533514133666161	136.30805549895882
-294.2438030917928	0.057154419477363876	0.729661034711863	0.08708407071566705	0.12801103076799802	0.027131034675827875	129.27449151403223
-289.27833881511094	0.06772324381318535	0.6930576424871194	0.13814387984053897	0.49765749981986734	0.0591509770276372	131.53048388027528
-296.3134415392712	0.042364963903196266	0.5572739073793449	0.06175576930916859	0.0690414008327223	0.029427597444636803	135.40454074664265
-294.2712727756458	0.06871868015065764	0.8270611674357405	0.10684112067703032	0.13150401392177027	0.025575051977947457	125.48139535657592
-284.22805914505966	0.08242381973430168	0.949071066457598	0.18636478127620096	0.6357699302314149	0.020977604501034034	120.92780733842447
-297.9990389411271	0.03107096292573739	0.4211394932165092	0.04511934836889652	0.1315439657650954	0.0014728764804516077	140.58938781093357
-290.2046843984625	0.09039746609001098	0.8834357473966834	0.16425766566863065	0.3281562626824643	0.033335638940771246	121.74352956625047
