# /groups/rgutenk/lnt/software/anaconda3/envs/donni/bin/dadi-cli InferDM --fs input_fs/fs_033 --model split_mig --grids 40 50 60 --lbounds 1e-3 1e-3 1e-3 1e-3 0 --ubounds 1.1e2 1.1e2 3 12 0.5 --output inference/fs_033 --cpus 10 --force-convergence --delta-ll .001
# Log(likelihood)	nu1	nu2	T	m	misid	theta
-1030.536504171326	0.7908109976615769	10.14359773709864	0.1075750598619094	0.004409193289268554	0.20372789706931382	1397.025863358378
-1018.0913484303076	0.7571687792584118	10.528582429977297	0.11673168089154752	0.2793722471564408	0.21875178107386165	1376.2224953004913
-1088.7966042599014	0.8367121418434177	4.185717114685487	0.12590349962954783	0.5012694105348744	0.21657407772265777	1386.509526555022
-955.5942718599698	0.7121424610388332	14.956986491272756	0.17764297691506167	1.5461922988978638	0.20172624702722852	1241.3111438806445
-972.1109721997407	0.7503652620721927	13.090844090165923	0.14145545351538863	1.04687435731745	0.20693794680009914	1312.9222667435924
-1018.5011880440978	0.7979614233919674	14.979462145275024	0.11173791799924418	0.0199729400909708	0.20377484046407984	1374.8634834819402
-961.9031314420163	0.7666032181779076	11.154861804772978	0.15459385144853685	1.2491474155406423	0.20516479910503999	1287.3227116365233
-1002.324577855944	0.8359008746488309	6.649731027243927	0.1444885796589779	0.8272423076631676	0.207795038640371	1319.1269173232056
-908.2218322096098	0.6523761997241356	10.456232403560454	0.27282323508183276	2.498374207753755	0.2074792131526083	1133.0269911360715
-968.9710265870439	0.8462769674489921	5.171278889043794	0.20507060723803616	1.4996822621944832	0.21921439487077346	1227.023880123418
-910.1718493958898	0.5931856089131199	11.057479737923122	0.2028637420063126	2.7133510353480017	0.20461720453605264	1243.104717336782
-968.6307366860858	1.039086018098994	5.4197128904218435	0.3172776930185824	1.568149308459036	0.21150851096613624	1055.7626838074157
-1908.159912334499	0.008664375484860943	0.31877269925227253	0.001	0.06005411697314161	0.19465462048314705	1969.1214160134991
-934.363144753738	0.6207587233783114	15.85062681958725	0.17588468879882216	2.252285263171593	0.20547859072523111	1266.353128568663
-911.5610528940562	0.5963246774986305	12.138383973550464	0.2944600992882282	2.824054900398673	0.20463993928674307	1118.8911860171625
-861.2344298251014	0.5373012468436353	4.594783401891836	0.3885203151931412	3.5908594061157313	0.1961412900507772	1153.3314029336332
-1024.0498097129214	0.8496134702671609	8.815014200678611	0.12239948374081946	0.22051900840930092	0.20446701785114269	1355.513049557603
-1000.5321403100464	0.9227339809114543	9.477065036391753	0.14352199347790942	0.7098265773538524	0.21540998083137428	1294.1885535028557
-949.3820002943023	0.843685761444792	5.805273072724069	0.21677596414831787	1.6276392742497658	0.19619423058802232	1201.5353429669728
-959.5769793334082	0.7200931253566373	15.221929836503394	0.15276042486835556	1.375308336991098	0.20531202874964619	1289.7802798863615
-880.9607608887641	0.6538006520047329	6.899533949616389	0.3128543720562455	2.6221144594825656	0.20947172230048033	1119.9526084465722
-855.8749750560062	0.5689692626368211	6.471165368388343	0.593448907369593	3.3065168950002906	0.22383816845735713	989.334818506278
-905.1288051960007	0.768051800482189	7.282716266638326	0.35362893380194216	2.1470245510834878	0.2095132764976512	1045.453516143333
-880.1296188061447	0.6102522674207637	8.09247858020111	0.31622967280638736	2.9063120401688227	0.20879129843852764	1119.4764610984919
-862.1234958545892	0.6267233037604604	5.720191085777947	0.4243578000947322	2.8917691895714333	0.2095186197202111	1061.642505198727
-958.1950521087051	0.8384175113114217	5.748173325064116	0.2027451689269385	1.5036727273302588	0.20953014044687582	1223.7149564193915
-854.819610631613	0.5874012547731271	5.177478585590194	0.4934525358682197	3.154620184648838	0.20451307867402319	1051.4955934697464
-868.5775196004912	0.6374887468112334	6.796520575144121	0.4609927354399078	2.83738510109239	0.21251821270818472	1016.3349608458576
-978.325511498683	0.7502278737100027	11.510600963983364	0.13757205963202412	0.9342917016313037	0.20791800507509053	1325.0623182561694
-850.9682887940869	0.5759489088115693	5.150495535868626	0.6098867318469342	3.3140231264531548	0.2099910418142701	1008.7336378510996
-1103.6304890138163	0.7873678050476554	4.3781761969145405	0.10861950724827703	0.15945291707088552	0.20895374070983413	1430.4013666441947
-1035.4836599900336	0.8790582761013526	6.670214423316118	0.12791067176516907	0.3503195485658437	0.20634021879232725	1349.7689205755978
-863.6468538146945	0.6190367182533933	6.618472101911981	0.45125646836026617	2.9647933330232403	0.21280175824057135	1032.7804411251614
-991.6423290979576	0.7995946206194515	14.813998249420282	0.13234596260485237	0.6122875995933161	0.20521161413171826	1322.64232063684
-1020.7829283239043	0.825441610219167	11.708547031661167	0.11561807867999253	0.08095417236138194	0.2042049437344951	1366.989284505555
-1188.675555500232	0.8212647071498846	3.1096151217519847	0.10241017313983972	0.10835050121670477	0.20831411463968805	1463.1095031826276
-1199.5517964990152	0.5467914146065508	3.1798983506412775	0.07522629682328935	0.11128541923300901	0.21691376110532176	1575.2614086691763
-973.8060444481916	0.8115995225105281	9.23744475993025	0.15726907685297553	1.0432252656614878	0.20540471130940885	1281.1545970363456
-1013.8992883000708	0.8184376815917043	11.803761414107207	0.1179136916397838	0.20663341350255385	0.20405298222321575	1361.968493148277
-884.5920080495878	0.7135327976700778	6.741898530926599	0.45662022248232814	2.4485773950057785	0.2091263152067958	992.6369452344705
-863.5615417020011	0.4971283982457119	8.755257887703056	0.5870098429986924	3.971199641346803	0.20746879136690224	1008.6647547388181
-1144.2221178906157	0.7916882949792586	3.4597002180426193	0.10917361304983875	0.2933492327664467	0.20176967004874358	1444.0679978235698
-972.6068985356491	0.7647778972909789	16.5341963066053	0.14291684051425874	1.083269825024283	0.20786770282196657	1301.133905883563
-887.506480380749	0.6504296485521821	8.216554180562184	0.3187385217452119	2.660962935743462	0.20746426193985695	1101.8077952902022
-913.5097209917047	0.7119534049291361	8.041126658944638	0.22758410986075267	2.083269683608751	0.20902778334131236	1190.4995487953022
-1185.080795552542	0.6948669943858529	3.1779234277825554	0.091977401554541	0.02400129481238775	0.19999135934461948	1505.5124077241635
-858.5054927658884	0.6137901702048931	5.8394909272202655	0.5819813791051089	2.9706301503577213	0.21602283183123824	982.5341937374171
-871.8184879940638	0.5755281011749451	4.847862842662626	0.34667148529996356	3.095985175658368	0.19049296767739438	1155.1283956913344
-1360.419517332887	0.4329405559689762	1.9838528530923492	0.05966860974796084	0.12132268208672878	0.22149560576475416	1671.7352450534877
-1042.0544739296952	0.7545817742909644	6.2390371240947	0.1161618066850141	0.36179079996758523	0.2026406195053418	1398.4200454411937
-1029.2696277800383	0.7202468653976449	17.38300907829297	0.12890493578774093	0.863079255656333	0.26344386666248365	1339.7747370900572
-1018.2330485504275	0.8071021935057782	9.269324593106615	0.1194934519644486	0.2768307985202588	0.2038595939862592	1366.790328719562
-995.0573201683499	0.8307237203141491	8.320395150699898	0.1460888686820912	0.8275795482192841	0.18762437977089957	1305.7436509875427
-1025.4275688509224	0.804319079627312	11.29834407314386	0.11091498599873977	0.01702162358333999	0.2040986420152674	1382.7098269086061
-1005.1839865539878	0.7406188960229695	12.938857295397199	0.11604289144094392	0.3888524950635138	0.2110610348523001	1375.1890140885487
-1005.5529915793502	0.8293733354454834	6.263376752609884	0.14701474811243484	0.8416470191616494	0.20402430847519687	1317.90248488832
-922.3688461230026	0.6796016614584168	10.695702586066618	0.20305886478025023	2.1134660380920045	0.2064758183921416	1219.5975280085927
-1891.693315712564	0.024305413157324953	0.46974256735672043	0.002819211756835898	0.002116161288132409	0.19844289440522433	1963.6584179457673
-874.2004049923646	0.5134052273738103	3.9809805463016383	0.3553012143119164	3.892639163812964	0.21210634382490978	1208.778493630277
-958.093442092198	0.7633865584409542	10.993569969325366	0.16187763468005115	1.3178270854385037	0.2047293062169049	1273.3350531535618
-996.4666343730672	0.7719058121406902	8.56529290665414	0.13122589941455431	0.7239934773432	0.20347029948577972	1346.5586339911335
-998.0043156203293	0.8175338040309192	8.588182571731027	0.1370634816935549	0.678961614137138	0.20472519382261622	1326.267920934042
-1103.0535789223152	0.8539964173055329	4.451484990654076	0.11637370547699506	0.1431214906303821	0.20604686063572875	1401.5973996454409
-934.1468638941078	0.7073600398494857	10.852759907933835	0.18767372578624955	1.8280854500584134	0.20670510967909314	1237.5302370732986
-874.2027310220766	0.6158971802202237	7.8602204661798165	0.4625397921413282	2.9712921797772873	0.2100593229119124	1010.5984404784575
-1069.5093190395999	0.7891400527815865	4.749658350252714	0.11311319275862443	0.46956163520430483	0.20080266879838357	1415.055770338247
-958.0066617400505	0.7901110872006558	11.627020283187811	0.1784120070713146	1.3629804779206376	0.21392305566577266	1234.6767367436041
-917.8795344012926	0.8519064435072475	5.222639524347428	0.44305878930870946	1.9621222941569116	0.21241712954454114	992.1867617776331
-1065.1063355124606	0.7734630280861691	4.965950287154007	0.11283125611204045	0.4224629926771413	0.20467091023574246	1415.4433086686013
-2821.218255508324	0.008709438162588014	0.33271090904301254	0.001	0.08141382192763817	0.4882517989727166	1968.2515453445064
-847.9796819584909	0.5168644732284495	6.237595957848193	0.5123747435662039	3.7299891487213688	0.20887789738735957	1059.4629382257315
-932.1557993227646	0.7754738768228129	8.194459070291936	0.21078440892416964	1.744164124602866	0.20862450966546187	1199.8879309008366
-889.7973053901957	0.6662344473103209	6.184606544957006	0.27132998120516694	2.4616638316547106	0.20601735416036226	1167.7478464693197
-973.9873871591607	0.9217300326928458	7.092953946825778	0.17679982559436558	1.3728645605478769	0.19525892774365014	1241.7234841174607
-1906.050015052002	0.008705983373564105	0.3483075985459273	0.001	0.06140694403661688	0.20353259667626034	1967.8529888688308
-1021.2821950581291	0.8278812724863116	6.338884723315124	0.1342639478755964	0.6126209081887235	0.20484295872029804	1344.6253482884777
-888.949006151239	0.694988729967704	7.425198604015668	0.34186373940251935	2.4608785622631553	0.2083659310518297	1074.4837477877786
-1908.0164823924447	0.00865891635946066	0.3211887465300541	0.001	0.3918426366114434	0.19510406427040913	1969.1144606278256
-849.003209627253	0.44374387546606686	6.811822108253556	0.5460983089438594	4.495815658083709	0.20745648174107717	1090.1214019308345
-872.6819107097747	0.501867941834434	8.181146217251246	0.3058195488748214	3.776948244381681	0.2112217720066913	1176.8807758889245
-1920.239846169289	0.008653312970026564	0.31479944389871084	0.001	0.09953954543496667	0.22409012059913863	1969.36063839295
-864.9671511616443	0.5939155385088942	5.416187444075046	0.33752210968002216	3.058687388152011	0.21087170266715524	1143.5983325402085
-1012.5524758600927	0.8129945343192967	11.843382208539389	0.11919269415039953	0.23195141252092105	0.20410068108234855	1358.8326365841606
-989.2295772624203	0.7983671300170594	12.44291987725566	0.13585158671635897	0.693082194249442	0.20069115906766555	1319.015360949777
-851.4528472923412	0.4401769403321586	5.3616912997912785	0.44819518737674857	4.53826847951076	0.20663423398275876	1163.1481352438661
-845.3595861455453	0.5197034448796995	5.563311928026293	0.6487558502306767	3.718725213849241	0.2098260845591183	1018.0016162256991
-977.7439564630293	0.7727226248167683	8.209033517807168	0.1473632264567317	1.042772712186246	0.20436556013330523	1312.8609906673992
-1032.3694459044264	0.821982342716118	9.561562650515636	0.11287058288310331	0.012060331882758351	0.2011444734636409	1380.0110461845695
-849.7073953896643	0.42697281229992845	6.732312525210152	0.8620652523826848	4.673962572314002	0.1943115567160051	1019.8688224708052
-1866.0077367909007	0.05723305372216409	0.562502128694235	0.006745537780096852	0.13640921058695088	0.19972951981166692	1951.8371880396664
-980.5928681623587	0.8360658825594509	8.153298993860803	0.15833445801873916	0.9856648216827418	0.20590761424290885	1280.7003587422
-966.6919683741467	0.7409539449923069	12.621134460279345	0.14529809593623064	1.1665722470919677	0.2053347972601821	1307.015684858162
-1885.7857600794578	0.044490457588105076	0.4945840464599936	0.00523771144914321	0.20547741742203163	0.19535910251302038	1959.5521762319293
-850.0471335785696	0.5438114433277281	5.4625902535699495	0.4547653132426795	3.4945347695757714	0.20936040092784333	1088.071422427784
-847.6044692914236	0.5110038341163531	4.967242066974016	0.5825112646194888	3.7666317931123108	0.20960180935098005	1061.8584818153186
-915.4474708789764	0.739403556541439	8.424129226334541	0.2542179429885651	2.0420944830624492	0.20776656984240646	1145.540565511256
-983.6117626517599	0.8190607200358472	9.353056937161103	0.14769559896355855	0.8736920380278459	0.2057785128743639	1299.386063397856
-852.359778162679	0.5549997721887463	8.286174555614014	1.2574510482759966	3.522784439914014	0.2185652141879995	821.4905205777164
-859.6234266479214	0.42614272876097814	8.79596648438845	0.6336663366865168	4.657016441921044	0.20701605732372888	1049.5212414164237
-848.8321260011935	0.44914031167272905	7.794754584518851	1.0944786057456504	4.489838823258573	0.20953960553428647	942.971313748633
-989.7501443437801	0.8507490873336058	11.769841859257642	0.1460948125356972	0.7811691238253474	0.19068453679617178	1290.1556249790815
-988.1347019582088	0.9995482046163358	8.698211139866187	0.18622977060232584	1.034135378187494	0.20489673255781418	1202.532980569786
-1039.4760223423411	0.7948531551812913	6.32105054647523	0.12321507365190441	0.3712106533178203	0.1989280050213794	1374.622861372804
-1914.819730809648	0.008683189428417268	0.28228425077757835	0.001	0.1352133567783611	0.1837336647237998	1970.2326420525703
-926.8291132516852	0.6774494636244722	10.53584765482123	0.20665966219555867	2.125135040467989	0.22603247579518299	1214.9783596828058
-930.8293324390671	0.6475059216335526	11.678412836078264	0.1852316896622621	2.018947971407818	0.20545356853494862	1251.8003940605765
-970.2790762297298	0.8721328688150191	8.618113427940251	0.17099161297022064	1.1706630387214472	0.19977373739431944	1248.635637816883
-1082.3687826414184	0.8479237720157261	5.394828518723601	0.11094361949813684	0.001	0.20900858445934972	1404.8589488308392
-972.4282158813407	0.8137806843367149	9.423497961802612	0.15264819204175212	1.0746247718486803	0.20641839772588705	1289.9662851819296
-1006.0323894653019	0.753431448418577	27.583430883355796	0.11107019826212594	0.2480902430034578	0.2013768300097501	1372.36746584788
-952.5657673988838	0.7317320268502664	13.841136025056551	0.16916409206359287	1.5141051608387015	0.20656938741018693	1257.1137572772939
-924.0957108093046	0.7471664673333018	6.772142784196082	0.22304257340284298	1.8996922608885807	0.21776914660597566	1199.8645510042934
-947.0057246779209	0.8957264435693036	8.668381339079714	0.30717842114954735	1.7322867863593805	0.1986716024640173	1050.5646044970606
-928.3330722123599	0.6772943526597911	11.099203876652167	0.1859452892409043	2.0174197139306163	0.20605235556395765	1246.8535257141843
-1279.0889543345256	1.3811288639375117	3.258663972598485	0.12212229266854224	0.001	0.23272724162755645	1358.4673174566094
-1013.2803091143326	0.8615831012716667	6.533835779016835	0.14933637490186435	0.7027573266742009	0.20399826688574021	1305.7396678506116
-935.8657075144579	0.7477052138937633	10.363515308959373	0.21786112825381956	1.776874795136918	0.20542290014073009	1181.635113454583
-1003.5350734528728	0.8095225724877851	8.527888034808656	0.13830732094346937	0.6101366322122376	0.20543712546649662	1324.2545221140406
-906.2334608951002	0.6250710432986649	11.138021900050237	0.28709809984533674	2.731285011449267	0.20832645488647378	1122.8620052395386
-960.0510492780204	0.7900823193588115	6.2852137837856015	0.17187072809900278	1.4720607145252158	0.20742125540572182	1277.6474702510054
-859.2542926913811	0.560255720763645	6.320259872428314	0.38629422896112425	3.44260013004221	0.19571907092121069	1107.5613383142954
-988.5101202794157	0.8343919985784746	7.416244690182607	0.15899626515899662	0.9539635238877472	0.21675367623937442	1283.8530948805835
-940.9157934845643	0.7000981133158954	14.009351379728542	0.1843815918129019	1.844838791893466	0.20645677863612352	1235.3916602195454
-875.0646565941474	0.47945691927373124	8.122900075051907	0.2884739834260043	3.856345489420617	0.2031670575703675	1203.6765687489717
-896.0792569664547	0.6849390945487449	8.573461148890278	0.4063764782108806	2.554674660412589	0.20990317031824376	1014.0165595574395
-1753.9360699501644	0.22102849888928955	0.8554476161037597	0.027640981790629095	0.057639473065054396	0.15764113561605486	1860.1531503735227
-985.0806090912266	0.8517791855298789	8.608953178024295	0.1594836848308111	0.9017027197779924	0.20754228934363236	1273.0762167936314
-997.8088335732281	0.8132279782726816	10.88060384500567	0.13095104524318724	0.5579522163263597	0.2053606254040085	1332.6039615721756
-852.0768019672748	0.5816117985811762	5.295402931057334	0.5080871297642384	3.2444753170358664	0.21094032036965776	1045.177926433488
-1913.7510938009618	0.00865558505873311	0.2779753609019995	0.001	0.10985493255528814	0.19337202610195237	1970.683637021339
-1900.8039225053415	0.008681447103540286	0.40931908667144234	0.001	0.19043711426106907	0.20272706344989463	1966.7216533597157
-1032.2700551106586	0.6993679928798144	6.310030740506981	0.10974817014701845	0.6014235617697583	0.20888048472262952	1422.9849252457873
-979.5219174252786	0.795363449650164	9.84794221237238	0.14686153852612902	0.926836591969438	0.20525021475708782	1302.793389728937
-1258.6386405368662	0.7680370317989856	2.551621723656609	0.09685867704523388	0.003927550495938985	0.2039285757231746	1498.7978644840894
-879.8679170580447	0.7229930764171418	5.458647787809697	0.6407662201496133	2.457765832462965	0.2121317468477305	924.0767945497072
-920.5491778084311	0.6576632006879184	11.643019830783341	0.19978121111883887	2.329660553235396	0.2123355988723661	1227.6827606428712
-861.9825369154579	0.532764815978025	6.890581921970676	0.5223070177177789	3.247245352412322	0.209140028826456	1026.0111770827878
-844.185146065821	0.4633051932676143	5.965771800456765	0.6737530043171537	4.264844995675097	0.2085622332586433	1044.5455887472249
-960.3011588293982	0.7504881621291153	11.653382074865888	0.15862240139358133	1.2811874541705945	0.2044938675538213	1279.8620826380177
-1176.1893486564609	0.74486328627622	3.074766523292109	0.10295391422968501	0.28922305921087244	0.197179102583758	1474.1927804576478
-948.5488808709958	0.6122384577672975	21.035097207495838	0.1517181191130386	2.064183249476393	0.20515501136521694	1308.6621264480161
-1903.710562510023	0.008665279501324596	0.3629466255935918	0.001	0.15780589663456918	0.19714301127362782	1967.8891738327916
-882.6207846930552	0.6398256505110178	4.3206680095626835	0.9159959892156447	2.8423672446663106	0.2086315326056037	912.3134618631119
-1449.26324607507	0.4514146647834456	1.6657923384164097	0.05547266794628535	0.16457515918855237	0.24774470756246378	1689.3911198325557
-1906.16077581624	0.025716002641084465	0.4673721357476692	0.002981750177451375	0.14927111770788923	0.22751092885027993	1963.4958246258836
-1905.2633799239343	0.008666337957081025	0.3455059041617524	0.001	0.08205531271965505	0.19508099646496216	1968.3232507388348
-948.7126599877589	0.7979436778604532	7.740154412275066	0.19327844500090113	1.480116259132296	0.20667204247790133	1226.316920394181
-941.1742447057078	0.7922813524805448	7.720682128840838	0.2086122633150743	1.5960512049478883	0.21089577738714302	1202.8333380958627
-975.2332940151271	0.7670263080548537	12.804658339965512	0.14298488014550223	0.9743045325310765	0.20539597323231618	1306.9932744679677
-1004.8170159535252	0.7727102966898789	17.53339404600251	0.11667505272811153	0.2821998723130722	0.2043472868437601	1361.810986599671
-946.5867488570682	0.6088184865335915	23.17131969894647	0.16655913040546594	2.2402924947868104	0.20551439440123925	1277.7685160466592
-970.8197644107984	0.789205427040615	12.678597843847	0.15326318437154615	1.070562005896979	0.20726248003445044	1281.629908733706
-872.9034569850298	0.5238666980415779	9.217670348641285	0.47408879979741214	3.736181408062437	0.2119443914255521	1039.1525386803712
-994.9445679635023	0.8749499347751755	8.591727964934378	0.13700638149633035	0.8952390522935482	0.20224820959669423	1319.445882216232
-955.1273263756528	0.8191749895772998	9.989252889121673	0.20279402316900988	1.4141689649984543	0.2062369921547738	1193.002528686225
-998.813893173422	0.8592512055664313	17.210755815292124	0.13155726770186804	0.5021713217911788	0.2084647787893889	1313.3000607983604
-960.6016958150913	0.7938105090520999	10.605835347624526	0.16916635792504106	1.266717645790256	0.20436139175601328	1255.0125515768216
-851.4093968677141	0.5071189958415369	6.337634482271231	0.42753845702380344	3.802887802528743	0.2068412007876125	1107.8740869583785
-1043.475074372197	0.7670759023899633	6.698279840908	0.11240913724582055	0.23036977451253732	0.20279099064625355	1402.3853290331767
-1342.6935327500273	0.48727848316177075	1.95953479924827	0.067959179063873	0.26455412394275135	0.2047912485899591	1640.5991338685062
-979.2908157294735	0.924243046164763	11.180141380872138	0.1779428880425282	1.0568251805255402	0.20463307701141376	1216.8108952323787
-1063.811530549925	0.7821318501682999	5.794855204597049	0.1099473093503402	0.13777954211877394	0.20257577992439402	1412.807319984621
-848.2454475365023	0.5175833569213756	6.369954373268507	0.5254960989518187	3.7456149395828495	0.21108852286619947	1051.1341806200585
-1031.816802747365	0.7740608959190174	5.705044983873319	0.12645462131666305	0.6382815598970992	0.1975818264988975	1375.8339373734393
-905.0204887685372	0.5202072127955476	12.668543056621923	0.2362115615752194	3.42143683682516	0.2064993779005069	1217.3338851999295
-976.1926761431987	0.8050191462589771	17.86071248203917	0.14865663686504568	1.0684152354170873	0.20943854023797076	1280.268212942956
-844.1889907561184	0.4703372977878544	6.0858704709674765	0.6791854632583934	4.217059958232817	0.20952702235116996	1035.2554123259931
-990.7799816278953	0.8129021453559313	9.084818941146104	0.13913737395191048	0.7688297114134479	0.20493260218671375	1320.0236455753181
-984.9070453360328	0.8440507210191718	8.250836775531498	0.15261853162249228	0.9205409301654092	0.2090230865014471	1290.5413243794212
-920.1937101991825	0.6945715661842244	8.232773072304504	0.21272850199529036	2.0013449587480836	0.2129098140885153	1213.6578217240103
-1107.7304012905583	0.7204301361974567	4.609316217193216	0.09446229515813845	0.013582227141553568	0.2068101372368947	1473.213315809824
-1018.9714532199273	0.8458204603302515	5.774134038287457	0.14489449023641857	0.763838330872107	0.2054024498577075	1324.4116929012237
-976.2550650779376	0.7989353709844016	10.176613875730972	0.1506950208333996	0.9759344760032812	0.2047499570371663	1292.8766886638448
-1847.7619258396087	0.07877483548899568	0.6089624824549839	0.009244774366843152	0.08235162932677136	0.19306606516994537	1941.1033204852224
-846.5284556402001	0.5220517417312514	6.128318040098534	0.5869818512122926	3.695432111569942	0.2096429770848828	1026.6636507055912
-900.3617360477069	0.8010323804435532	5.640925851588425	0.5743571464407177	2.1604452704718518	0.21650370565203989	923.8748143804678
-861.07882414099	0.42146031956359986	7.995887738383037	0.47433106017030824	4.55226403908246	0.21612996084663835	1119.8493010427717
-904.5507271750705	0.7506707211660112	6.217157909749171	0.26816319956891965	2.1789168987930614	0.21728655108216388	1149.6658180080913
-883.0074290847438	0.4653679565305556	10.504578048356056	0.42301290154109183	4.471871398393176	0.19555532547711987	1101.0697395966404
-1941.7081772067372	0.008599603340524726	0.2575053964614845	0.001	1.1279693915030595	0.23735217363633568	1972.21785109617
-1012.2528431819153	0.7501618172373135	12.603494512113095	0.11310191670360686	0.24545465648991646	0.20963162147204037	1381.8320642201422
-1056.3937394534537	0.7754375295866172	5.896680068851878	0.11287537632720253	0.23921602946803092	0.19506399671663255	1405.804249525223
-936.6344035984561	0.6578391417289549	15.405928230628165	0.18975515618258199	2.098438052098509	0.2048159075157501	1232.7531150114478
-1058.5039475371955	0.8264351718295352	4.82621017799776	0.1283244871975834	0.5459307444720499	0.20635961294289634	1373.51125785632
-939.0050872079069	0.7033189489077353	14.270587129370993	0.2016625620403711	1.958969612164062	0.20669877786070895	1204.492456649801
-1046.844631162118	0.8032036315025929	7.395299019270572	0.10749646185682749	0.0438740209262565	0.20215545552985167	1405.9175749808694
-845.4958474213777	0.45437513031534843	5.742974930988322	0.6095496621172884	4.326607645822176	0.21482781480811905	1076.2386422239788
-1907.0101181697096	0.008655411774936058	0.33020918809894656	0.001	0.21856112888819937	0.19230208574671628	1968.8690738180007
-867.0671356010757	0.47288090063898885	6.067489091224427	0.3576964327735529	4.135450595117684	0.23326692415696293	1178.7279405757727
-923.9090292400383	0.7213687724750241	5.454384076713809	0.20943276215060055	2.0943560856628256	0.20305160267042074	1242.4242405301875
-957.670862474449	0.7672831752862468	10.463975609621501	0.16062649862384265	1.3266752930077883	0.20502898274429668	1277.3391840360932
-875.0619119636995	0.569244750996182	8.711734980054686	0.4759341235980984	3.286926124921659	0.20923807678673004	1015.6655127840096
-852.7618210494409	0.5859380026641305	5.003253362143327	0.5975489283819924	3.271732297228405	0.20771370350382876	1012.6572674095028
-937.1688344538527	0.6338695219140155	16.968505950389666	0.17713533336565898	2.2194803241900933	0.20685862576185476	1259.054872573179
-893.9372933190577	0.5512787575370187	10.8597154908365	0.2962174627492911	3.2727207917619725	0.207909964747483	1143.061842706065
-958.3934701982478	0.9250542407927199	5.593036958513752	0.28223721060158546	1.5388299473832285	0.20601683249903838	1106.5121667637927
-951.2841624793178	0.7563270480120257	10.305010549109408	0.17075965602063267	1.441255737260379	0.2060750173648732	1260.050869009648
-870.1706748800983	0.6614957578592693	4.935132374565246	0.6521853241677618	2.7015084632489286	0.2112971295920197	956.0763946355637
-849.4370394481969	0.5250900485011508	5.4332071907726345	0.44738616633728356	3.634931459669693	0.20684269472778757	1102.9850946747938
-847.4559379833547	0.47572533678617435	6.567875484665621	0.5398285953548572	4.131212647453528	0.20788581939712636	1070.2691448850314
-1323.1101887306727	0.5432678462433949	2.0920385266356094	0.0694318175150901	0.09737249067322201	0.21226589523797137	1619.0030146794852
-1063.0269972770911	0.9127798324735225	6.633982409099612	0.11132178683244433	0.007603069431588876	0.20651061370906199	1386.9565077490838
-1180.9221934219077	0.8459167619536448	3.318458579425568	0.10797094007869913	0.001	0.20703545643121768	1441.7194032525515
-1051.299966702465	0.8827507145085489	6.736446547147151	0.11890860949928905	0.09981012490553226	0.20245490351034343	1370.3493361396122
-1110.2187721919681	0.8192104878551939	4.484561640688581	0.10580071067793544	0.003184664491695303	0.20498997374583772	1431.3426934035062
-951.350786323284	0.8697724989199155	9.656255121612398	0.2614426752274798	1.990865315115892	0.1791616157200981	1104.9265366945162
-946.3119958039563	0.7717489680279398	9.584790450448816	0.18631083986174476	1.5209565966419505	0.2051711711797445	1231.982949888775
-984.7182432663985	0.8532687329830253	10.75174521575939	0.14798789195370288	0.8408591346848491	0.21048320601369733	1288.616796157032
-978.4096611866349	0.8083480124490057	7.287248523398261	0.15911723062377336	1.0834287551296562	0.20484009978423692	1288.9288168735338
-1030.9045617943057	0.7743754832750623	6.347392863736513	0.11902902219211452	0.4977617118660481	0.2063327519569062	1387.7322250841062
-906.4356229631649	0.675537766312573	8.463258924891923	0.22572912690554572	2.325240735584184	0.20210377365286206	1199.7097287822137
-928.7210005927229	0.691516108031892	12.601580654511016	0.23527226371552604	2.1734040072722083	0.20669048307466192	1161.0092413637838
-961.7415661496368	0.8359500246751719	8.567236201416582	0.2022252249127862	1.3055805774484177	0.2051980112293034	1198.4575281753557
-964.9775249428684	0.8189115613879123	4.738116038746646	0.20520002587700853	1.6443295924138737	0.19960897714452924	1239.532957128594
-1013.746339620121	0.8089627791480559	9.493522097505442	0.121043501060867	0.3388965013926527	0.204908336574967	1361.933506088058
-953.4968786315517	0.790288778045583	7.498887698408953	0.1909115589722639	1.4317196538676886	0.19963392979913325	1233.005842997165
-941.8032250422509	0.7713880571821027	8.612769032994878	0.1962923772649069	1.5848532559754205	0.206474161341772	1220.4343610690553
-927.7133959248425	0.6656772338281114	12.80208639431634	0.2011253559148211	2.158752836350559	0.2053264754426048	1218.5103788531405
-960.9461113789989	0.8760962202976746	7.213778464032572	0.2067027636164681	1.3468748113998854	0.20544204534720836	1195.3288454000885
-989.2694518255242	0.8526940551739542	8.897627499257919	0.15451678888693102	0.8195690175429811	0.2076402229454215	1281.5635296256767
-954.9176059649196	0.7572251197571823	13.27730369309556	0.1687411608031846	1.4411485782393911	0.20430016128546308	1254.6561826685643
-970.4725483794394	0.6770236701023185	10.24345988926418	0.15083832888931334	1.2442379056541886	0.19554602197594775	1312.9650887132702
-967.1285033261936	0.7456140323546644	12.947537141139799	0.14969199237975597	1.1573447182892096	0.20126939803467142	1295.7395369265994
-907.9251825369402	0.6093003507828745	9.270064164675915	0.19998659090464896	2.5623489252334197	0.2062556652433555	1250.715193215292
-856.9615260055026	0.41882657019928304	4.6682571649361675	0.4783996251359587	4.751698231202496	0.20576418386754272	1184.4484797430423
-1907.8940599595073	0.008665511248375035	0.32303534838284276	0.001	0.23728434006945856	0.19810429479874456	1968.984877549641
-1012.5693924122952	0.8716880800774264	5.974696016211075	0.156473011828587	0.8152589039291984	0.2082816307888154	1295.1176262986146
-994.0641120554495	0.7898414320558491	11.669490005524274	0.1285011640612306	0.6073525499537885	0.2056034923701753	1339.9020136459571
-956.5009165131328	0.693293247515971	19.194510662442955	0.15494734432781296	1.6076384336519955	0.2029307813895402	1285.2981088340061
-917.5126687913286	0.6944942683123068	9.945558791784826	0.21818940167627154	2.155765652390507	0.20785242108668375	1196.5690018663784
-1164.1348716560717	0.6605409298687093	3.388569788956893	0.08989189903585029	0.1252471814012237	0.20210183824514458	1512.5435543935052
-898.7046417000159	0.6156959535223828	6.521510827598341	0.2138379619286097	2.6722135023805613	0.20141043674908057	1250.7736529405609
-1002.9287453546019	0.7917353834131375	13.139886392281419	0.12145623790925933	0.38728845521078437	0.20721459260288405	1353.7597925948355
-941.610744045588	0.711231119702579	13.478753992003163	0.18578461245338912	1.7929772124614614	0.2062273566062305	1231.7037248733002
-859.6591276146389	0.6307910837579834	5.204618978474325	0.5993626119344773	2.9220655528404516	0.21307953769177645	983.4617037293827
-1879.314693727467	0.06197901187755019	0.5199984864326548	0.007268929557596936	0.1266856272717215	0.19835736324855618	1953.0202931004524
-965.2470945902942	0.809119725767904	9.157676198072982	0.16811598871473515	1.190197556464678	0.20447940777049775	1260.598109720877
-992.9181274062885	0.8859083074811156	6.8984152351931165	0.1620728710889954	0.9359602004004784	0.20227692739062708	1274.3154572268052
-985.7350418209224	0.7636376943943477	6.955122355384453	0.1382380673331045	1.104379895206272	0.21136785686391688	1342.234985195899
-992.8820652809518	0.9457067394000845	7.016155040517049	0.1827687742444175	0.9933487698997053	0.2167465960671866	1226.4787871834592
-989.8087478207547	0.8006159751522677	9.473798607256889	0.13900060613409382	0.7630244267720837	0.20442628185423548	1320.6528257568025
-1927.9716255843646	0.009461040935355354	1.3477255606206586	0.0011222292535436012	1.9216596562034531	0.13916676769976694	1962.9518063213225
-852.5593958925251	0.5536242370775606	4.952796204950798	0.46230035600272024	3.4000635998309274	0.2116263746729133	1090.5255087678624
-1011.5667325290509	0.8524761293525301	12.198213123830424	0.12280742663857615	0.24689624340309635	0.20466984985497613	1344.1957938844528
-908.9786028218961	0.755137789482785	4.184356628851633	0.664405222234297	2.2886344279299586	0.21221181690988897	941.9145811080573
-863.608209294953	0.5822708762695724	7.165712151143299	0.41013358557364094	3.184631538248117	0.20879086312264672	1067.079889373688
-1008.2218572118078	0.8381610545878504	12.393847282675303	0.1255713330668696	0.303662854787718	0.20558513565027275	1338.151430011293
-907.3428504369417	0.6837125052381421	8.82428560689855	0.257916330030635	2.262525526431891	0.20717364234356317	1151.4989783992805
-846.2181002296406	0.5138816741800291	5.768496305171805	0.5244826740320265	3.7583179927504644	0.2090847078027838	1064.9124119810263
-1001.8489917703799	0.7382241674158343	8.507988691799548	0.13127073008733464	0.685258243443272	0.20152175862972835	1351.4520711109574
-912.6710615026598	0.6242454618780982	11.772483006442048	0.23448910866316744	2.5638362384813482	0.2063825506948458	1184.1424340253097
-952.4838247200141	0.7432519312987038	13.484827295137936	0.1680946615777655	1.5078291930040943	0.20805037333522394	1258.0156347998636
-1123.5697353607948	0.6709075581900301	3.4052542681018765	0.11532050542652987	0.690466182113424	0.20582364437389644	1451.8801960921644
-1894.6272261582972	0.02602180378733162	0.4566480720349167	0.0030179997001273046	0.15160051186515783	0.18737131504471222	1963.9352089096615
-1020.8034542892137	0.8770910022106526	11.383811826529701	0.12284268811453658	0.12056343935198352	0.20711037165569124	1342.6055293779036
-909.2283817041604	0.5806507612140842	12.391558422566233	0.3217710814455602	3.055314106810534	0.2074249413374862	1097.9545645598898
-1192.7040953491062	0.637112444362997	3.0082209499914665	0.0823857159557106	0.30302196300525935	0.19464317512531767	1543.6174306812734
-925.5371998985208	0.617622052343887	14.112338111062162	0.1912212415290025	2.427323660196232	0.20651128216035514	1244.513585380145
-948.4823123824838	0.9046023179246935	5.114669404554817	0.33837556515994655	1.686082673910803	0.21167067394413824	1062.7327803961036
-1903.9184646844683	0.00865960914710106	0.35962174153685517	0.001	0.065359617837851	0.19598726972486363	1968.0237447226227
-979.5891806693912	0.8949840462227461	10.068959742414284	0.17093641790476388	0.9896641445585102	0.20788169331767	1238.0076247899885
-1064.1888914835765	0.808471079651997	5.96193709873867	0.10947206740889548	0.0780765130016184	0.20443028494334864	1409.1185265914223
-1043.0543807543013	0.8307583898627139	7.860700817871058	0.11076230993957883	0.027914636457237445	0.20035028082248202	1391.3404451578922
-879.900430430936	0.6144970845475387	8.336788163429564	0.43405879073728076	2.9401852284398635	0.21051612815972992	1023.0970564303806
-1018.6572243319587	0.8292406112220894	9.01774796580408	0.12277170614799451	0.28895801279255307	0.2054610358442266	1356.559894765442
-950.7582350587217	0.6529349765242136	18.285516164397258	0.15370726353748168	1.784559373206918	0.20499178207139546	1297.427087360565
-1032.878797081054	0.863342139255262	7.72293165183957	0.12171882016147395	0.21362846494431167	0.19999000838048453	1360.184179238419
-844.0576435919334	0.4846177096291548	5.9787143562334775	0.7324823290968658	4.056310389459183	0.20917787211277428	1010.1590184690225
-1900.1601365075965	0.008818966131516516	0.408337420673027	0.0010255506762173907	0.08377823937019285	0.1970469698702488	1967.5709093037797
-1294.5176968937815	0.6646076106793406	2.313101019739234	0.08052128163305279	0.03043720801780389	0.17918722243663762	1561.7132817808144
-1918.5917932881534	0.00866274954258653	0.25246919746241037	0.001	0.06137654855177274	0.20053740653203117	1971.7657308017672
-1036.7062326850812	0.7031929548974718	5.8836507527678386	0.10867038972007051	0.6735690045140169	0.21100800137316636	1428.4048954323573
-1129.952602906534	0.7896225903187635	3.5901728284921237	0.1030167070365238	0.49222779551933105	0.19682406570240268	1456.6957012059038
-1095.7974372222511	0.7795737458516633	4.912732149712701	0.10007293764667502	0.020610182058390145	0.1978847994875931	1446.6761413036095
-947.1652735544212	0.7257435474220977	13.289356830430158	0.17440548112913085	1.6292519191061727	0.2069736617686497	1249.8896828099732
-975.4565248684853	0.8564505219749132	6.858530325096944	0.18273375000914543	1.1862231025521577	0.1960073934631771	1240.9375960409907
-959.011257250446	0.9097126286483065	5.784517663412129	0.2300471226409845	1.5079779028592548	0.2031373451065742	1171.7158485725283
-1917.574149694764	0.008658826383907876	0.2560075363434896	0.001	0.09184325675985093	0.19754483905310952	1971.6326940708364
-969.3128826600615	0.8226442787459908	6.199179418716887	0.18156398916522265	1.4606886726395072	0.18230237147954684	1255.9616714378305
-1020.284716670908	0.8226273621470196	12.242984480259278	0.11521258456140769	0.06814626248992173	0.20270527929617696	1367.2110137716927
-1903.1322050786962	0.00866257304389748	0.3735401719449108	0.001	0.24423691756829877	0.20010883531564252	1967.6677736167983
-1891.8282098514208	0.03071708645148499	0.4677006878989198	0.00359494184833128	0.24595445859150497	0.1951815424195054	1963.4135788087465
-907.3318454758952	0.6278644623713985	8.985177783490618	0.20530679908266594	2.4921099419991757	0.20300204067375507	1238.9638666642873
-892.2404121541857	0.71472047646053	7.45419825141673	0.35258607330065894	2.4215685882031663	0.21795511569003834	1059.5275267296245
-1435.3419323391752	0.846181564191478	1.8424742107502778	0.10527821170846786	0.03729288285951462	0.21436232737835373	1499.5439919147375
-985.8121098753343	0.7920630792405957	11.909729247534228	0.13825032446929916	0.7681008358744879	0.20871730638710892	1315.7478961885145
-962.9130284906443	0.7751522621020742	9.617557953508356	0.15891254569840577	1.2275871051748295	0.20509282286287842	1282.4484122518406
-923.999889303465	0.663945797712547	11.664863978292576	0.19939042531327145	2.167373031724511	0.20806089494894048	1225.5517419045157
-1904.4826489387513	0.00864419538300166	0.3688217185048012	0.001	0.10426597788476342	0.1849638997709783	1967.9551627191067
-946.9036704582674	0.7494804318315108	8.822417131976032	0.17551856672560123	1.521898723363854	0.20222325173228967	1259.4610367694388
-942.8594275777589	0.78785607949294	9.533469857987228	0.18692346541081267	1.608194482945238	0.20848807945594644	1229.092881058116
-1038.039571178589	0.8180161320229186	7.621678739362145	0.11528311993285088	0.1379071086789314	0.20111275077366306	1382.504661373526
-869.9205763164746	0.5746328158732574	6.182130734622528	0.2902667328709685	3.2344493258510987	0.21132115808314317	1181.7980220208365
-887.0920575301229	0.6920586553176276	6.3011045281386675	0.3119624579873079	2.412933949041879	0.20816794705684538	1116.7770505691362
-888.2674686127352	0.6502801513827141	8.465272094275571	0.42389444892095296	2.7274348877632173	0.2101172767700329	1014.5037636655903
-937.1368550026814	0.761764548215738	9.92332627606338	0.20323630385484345	1.7078239501750472	0.2069302115716391	1204.2434682674177
-1099.1681542487227	0.8110406865561224	4.692201663533686	0.10519212239365562	0.06929928719977392	0.19632197724358322	1431.6803818772091
-941.6348937083419	0.7040786407111433	14.062188164946555	0.1862597226293754	1.8339393853081842	0.20545005218807194	1230.852419610592
-1000.426705518055	0.8233252616651501	15.667023813052971	0.12829762755649343	0.4238749162590987	0.20118933582975498	1327.3464671637987
-984.5458405586228	0.803830381207914	7.860787179412009	0.1499041247547685	0.9538353943320044	0.2003801118977736	1304.3585448477293
-848.1593077731507	0.5470480785827324	5.6751234693317585	0.7086508729195499	3.474207544017342	0.20612973987202202	977.995934208881
-961.6516729768013	0.7673154605700458	12.695896610595234	0.16181059818037577	1.2673964598033556	0.20599202354605906	1267.6794315235798
-1134.865325655125	0.9311143739212983	3.890134402416958	0.1474723845033659	0.3690477884552176	0.21803771381664852	1333.7403243602062
-953.1035430244715	0.7487949578113802	13.049900562318195	0.1704063984644885	1.4734628141507324	0.2056267828682907	1253.4727735890237
-988.1388406305365	0.8097313160486103	10.030286125236906	0.13927238507317344	0.7685957475715423	0.20658569276414693	1316.7209673214122
-996.1819373208734	0.8479614547429416	8.249644967831538	0.1450460161556085	0.7381680103920613	0.20492265284520098	1305.92940927986
-954.7514049323229	0.7981247681341584	7.991024394420796	0.1858453075662362	1.3870764283950663	0.20350179233797178	1236.713968618138
-953.7595787575145	0.6532642019305677	15.156819336575703	0.15243723809533843	1.6021743498178365	0.20977669987458297	1303.5895896526997
-1093.7877563288657	0.7823558690911937	4.6963294053504825	0.1107480655663227	0.14916686366790324	0.194722873963342	1421.7414986428523
-1911.27580560134	0.012772580272858835	0.3851956734919548	0.001479338718232003	0.15777202709819285	0.1709153165560112	1967.7157176634607
-849.9953110514783	0.5153236912470083	6.371419890491214	0.4680087748960358	3.7225292798833283	0.20835844522336366	1079.6703438811624
-1060.0836318944139	0.878297984134269	5.745643433395593	0.12177337183681816	0.21523788352252435	0.20794844487138853	1371.6301089191602
-991.3629706119821	0.7774431145198052	9.21510592641831	0.13208454654633128	0.7649890672221278	0.20479496766290772	1341.2289830163916
-941.4314883051577	0.7009197299270682	14.68690629073685	0.19990354297476398	1.921402100926095	0.2054120662460139	1206.6573849931024
-976.1141025517923	0.7991880176430334	11.240901396263089	0.15496036828706036	0.9811870396028286	0.20015858489868754	1279.9904376706536
-849.993922796275	0.5028982337124898	6.47636535199928	0.527272860363825	3.8992183447461133	0.1973194853200681	1058.5465329282326
-1034.9541155845466	0.8216122764308714	9.077642526357767	0.11176870720704571	0.008016652257512101	0.2042859871997357	1385.0536088764172
-987.0641951701164	0.7647248194316544	15.308347905139803	0.12951634918500116	0.7107052496031003	0.20450613505714915	1334.1192230252411
-958.9682680515186	0.8455826427581528	5.086815441922945	0.2175064814198937	1.6050104923184059	0.20112273445637283	1210.7608090216568
-1021.6047950743989	0.848753625597091	7.778756769039633	0.12667500037886173	0.37907887020835973	0.20331852056412422	1350.0939575679222
-966.038710930662	0.6335426098034806	26.223872941881734	0.1381042449935002	1.5194755762495997	0.20470770962984872	1327.4421231114472
-1043.4996012029694	0.838452164467621	5.89915584310127	0.12442483973584244	0.3973953331566819	0.2054749346913709	1369.2633071263483
-883.624523331579	0.5714257653348476	9.470415772787247	0.39115295983435705	3.2269866012085204	0.20885424982845596	1061.8547951532503
-975.4363487438388	0.8012169354791229	8.812432466392726	0.15297600409343012	1.0332955437160032	0.20618727142381862	1293.6588553099202
-960.1829080486954	0.673189746737745	23.018528627190843	0.15022941865026043	1.6051093306007709	0.20391877717270596	1295.4917038435658
-882.1975347628388	0.4898776065069298	9.332457938943836	0.28366841997680087	3.7436493546184773	0.20750930898441475	1193.2591941893743
-987.2427142892584	0.7639593754698147	20.260969364201806	0.1333652829658249	0.7352396318000147	0.20456528661703224	1318.7504558281723
-1125.5587846837702	0.8271740861207043	3.9850819132759767	0.10832194572268017	0.11417585847465868	0.20322872867911315	1431.3459190726646
-890.5337075768266	0.647769949200134	4.556203327398732	0.3027252353105902	2.598834083137317	0.21101922689461666	1172.2088268807815
-850.3974663726184	0.43916170914667174	7.35010354426583	0.6339308612071721	4.508860782286725	0.21287329950799502	1054.2577130266882
-974.436802044239	0.9797800974972724	5.3854850656879245	0.30003350044797683	1.624203190851187	0.2435978544055461	1082.9852290753704
-1039.9425856159587	0.6744427808786815	6.84762422677068	0.10622936505151678	0.4660223240356931	0.22151976801952825	1432.0943446538583
-1212.6952355882217	0.6550643897300434	2.880716701750291	0.0871172815415849	0.0837878256561204	0.18827450225703754	1531.1282714226754
-874.0938259079851	0.5767680618041956	7.828298747540314	0.3088714858659424	3.2209778440091985	0.20433772432451786	1143.3375436837741
-1028.4761886363735	0.8315842926065441	5.682879607460706	0.14039103033700137	0.6660807351855861	0.20315231230913847	1336.6204812631447
-935.55633690285	0.8292996889637408	8.373582485302533	0.3613506917519246	1.8762236367277605	0.2111586822414714	1012.043956211741
-882.4890242529896	0.60860687085509	5.082575841444679	0.27180911564068944	2.8619307291200164	0.20772779826964197	1204.84861960267
-1020.0786416755009	0.7989228207684435	12.22859101340148	0.1119026382467698	0.07352974941810395	0.20480411594185804	1379.283536629602
-1007.9731383913522	0.8009309428070831	13.948710486271963	0.11945894693351009	0.2647398720804388	0.20805994473219583	1355.512967605476
-938.3655559359192	0.725681470551973	11.26526903272422	0.18797510914340557	1.7457149267462182	0.20774879225181073	1231.5221014682693
-1900.9213876428062	0.008658373420350706	0.3958733438270205	0.001	0.14096159681122242	0.19347476265353533	1967.21692556799
-902.7820235473112	0.6375022532845843	9.754566677097396	0.2587923224685826	2.5531136750681624	0.20184001832386944	1158.261959402481
-928.5205278120895	0.840932367597431	6.749691083016543	0.29631489767101665	1.7905872275554833	0.21019587323103353	1090.4107837541349
-927.6996302830115	0.5902462217664618	16.15954621095122	0.1918380455773403	2.613142934033158	0.20623217373516278	1247.0911941074105
-985.3260276807973	0.8267821210070024	7.904680456006534	0.15103063302053243	0.9323611574652355	0.20691652719953763	1298.3178632913466
-1033.8899275707668	0.8475410092939314	8.062493565304722	0.11874294303019714	0.14198102932902706	0.20431833138504768	1368.0527208890865
-844.0833367139942	0.48065098679637297	5.729520463163906	0.6741375195143889	4.055766385625442	0.20873090629479166	1034.3268902027105
-863.0144706013461	0.47830482753428416	8.134685566488306	0.4085715818544121	4.0657016191715325	0.20686455659060615	1114.1485854217087
-997.1161355928261	0.8273881604523523	8.352193102402602	0.13907704674319066	0.712133614191519	0.20526730286497907	1321.5601919619032
-967.4765860633488	0.8056146304944477	10.808481880563646	0.1922288253981318	1.2469303968189989	0.2077258505241844	1208.6640488883138
-973.9745551554003	0.8333950453338954	7.170767477976141	0.16617631821556314	1.1788777122080834	0.21500670697729807	1272.588702625875
-854.421547238687	0.43603315821678323	7.541846111221749	0.5094901191737421	4.562355179996612	0.2068108279692859	1101.1061865445126
-921.0483143819799	0.5747425287105724	15.225718245551828	0.20832523803380892	2.86177866515869	0.20521092603198787	1228.2923558759317
-929.4580628109567	0.6086932593064492	15.280591205840494	0.1924773085054565	2.4050165897775653	0.20962350450618952	1241.2726928266359
-1906.5379211512227	0.008665076112988265	0.3340793606080257	0.001	0.11483269018283214	0.19243284205148442	1968.6554737475526
-881.6909691522194	0.6204061693539803	8.550873618777622	0.7653151208211791	2.961346210363159	0.21125758262358948	873.2155432759146
-988.2616955937011	0.8019806968129435	11.70813603482329	0.13775097393652616	0.7202397154216326	0.20472711641221952	1315.8490658407566
-1110.686675879492	0.7990418281379787	4.2082191368532955	0.10767639815452698	0.16168945746819352	0.20720230071304907	1433.4980117979494
-1277.690346510156	0.7614176043781085	2.6905755050726263	0.095672951309765	0.02170981970382954	0.2578844200836883	1498.3674914187989
-986.1946903886993	0.7738432160646634	9.699412619030614	0.13528355122285338	0.8300917866418505	0.2069732680853498	1332.3456291787593
-869.2776048848496	0.5982133297006537	7.3386222679191135	0.371643329013467	3.0356699172805706	0.20975568128486424	1085.1315322243536
-936.8297592188748	0.6037025170800453	18.93967682089912	0.18872812310646947	2.4435590618564778	0.2065579083579891	1243.3359157649259
-846.3356747458429	0.5316881328456139	6.142500251333752	0.8115288013748742	3.657658469233178	0.21200930242217017	951.6098576741647
-879.1340680589798	0.49962017957980515	9.670732063880113	0.34215922554548106	3.7970095572375944	0.2071317162494504	1134.7128652859117
-846.6177779012831	0.465504887190282	7.189747993999447	1.0649251662781742	4.221635761690311	0.2065280528866762	936.5359609103339
-864.7561025773422	0.5444403781201457	7.816457413788204	0.4097285857954755	3.451578273237623	0.20884235032912307	1077.629506031958
-844.7849616795644	0.4825513439553866	6.245754216327071	0.9047373567703572	4.082240346179212	0.2100770241318259	966.6571614935855
-850.5015914697999	0.5713002800478857	5.899058668670328	0.8216803173169656	3.3262501734000374	0.21279045170760952	927.7075221670393
