# /groups/rgutenk/lnt/software/anaconda3/envs/donni/bin/dadi-cli InferDM --fs input_fs/fs_086 --model split_mig --grids 40 50 60 --lbounds 1e-3 1e-3 1e-3 1e-3 0 --ubounds 1.1e2 1.1e2 3 12 0.5 --output inference/fs_086 --cpus 10 --force-convergence --delta-ll .001
# Log(likelihood)	nu1	nu2	T	m	misid	theta
-422.7987460935318	0.15179734353472824	0.028043147610447784	0.04992568654706219	0.11202869011912592	0.028753025204898277	311.4120650170079
-536.3203423333908	0.2064195365277988	0.03784226369492031	0.070397732774056	0.08048550709093798	0.4560456440052968	300.8581448921833
-377.1644448247734	0.3925389229290963	0.08414864155975994	0.24110756066382985	0.4162678554150991	0.040052212416412464	276.4082187979796
-382.5960467748256	0.38898727565939284	0.07973222324665034	0.22066070122970102	0.3486894504157012	0.03482384106554064	276.1659465249918
-413.7638234757141	0.2934598438070406	0.0605423310394157	0.11854664444549062	0.07973283976489019	0.07221724006682481	286.14151298276477
-373.60048222176516	0.29975714731772757	0.06030111697399754	0.172506365297669	0.5755577379859934	0.006833794246608438	302.78674205707404
-359.0201004242781	0.269218720333	0.05164365345383122	0.25676975230582966	1.0764358496320496	0.0037796799438222454	345.80098218433056
-357.3417537244012	0.2887288852401252	0.05291452284439157	0.31190888541078443	1.0282919679796014	0.0	344.9130595100806
-413.4225335115231	0.22595248497598477	0.044930096538429214	0.08511577064636633	0.07782796021725158	0.0002570087115961682	299.85257725339267
-425.1570238026872	0.3600390146930852	0.06757726045366114	0.13590532115126297	0.11094701945195833	0.16707039263601164	271.7333870347965
-410.59392604813956	0.33857329036433453	0.06849148855053934	0.1356858763260367	0.08361606975345387	0.022684875110585118	276.23219298267475
-413.40516617801376	0.24724103079724408	0.050220236691373085	0.09537092460206635	0.06257319772882029	0.011121041676618803	295.3328090044265
-360.5413920050579	0.32929628693932217	0.06655367191399712	0.301375165493158	0.787667822375917	0.007166256728054464	313.84000075527274
-384.28838416626877	0.25323657864532895	0.060903619200466816	0.1541127609744893	0.4452229813441176	0.0	314.1196555319624
-400.23254807260025	0.34220996833646317	0.0718335064289682	0.15636359873885952	0.17878755700352594	0.015965618408682644	279.35474841421745
-369.5389243763962	0.48241712137668746	0.08906604064487023	0.40938461795219966	0.48805027975991394	0.06061166320389578	263.4975790998806
-402.22657552953166	0.23176047457915958	0.04430546919630911	0.09138561972789984	0.24738589202482386	0.017010782656640265	302.36594428589615
-403.95311446036783	0.4009717993177256	0.08023883215667095	0.1746173128679899	0.14754840290528734	0.034280028693835236	266.0924387911351
-398.76780137170704	0.3160225204528002	0.06020534007531485	0.13212271082930083	0.21793953063225696	0.04490408791816896	284.8686381602918
-405.4098881951972	0.31486839338234945	0.055473179007751415	0.12689686203148595	0.1681879417025692	0.0	285.501369712791
-407.841824288016	0.3170450269428506	0.06322529461448737	0.12686846287565412	0.10845531783255384	0.021044338856602986	281.3550538721273
-381.66622441752025	0.5509437646926019	0.10001354566862874	0.3276787938412485	0.38782654049462	0.040045560194401815	244.73236849169874
-407.8901539433195	0.24159810381360916	0.04924557212390172	0.0967514426745398	0.13472827648172503	0.00769379852285789	298.7736161228022
-421.6752356019757	0.13645973955593135	0.02399672579955871	0.044589684718906744	0.23829531875211926	0.018669133169907523	316.04399120722053
-363.2381215903782	0.43443272924329945	0.08009395816815423	0.43778462042319344	0.5955813385093958	0.028380351238163716	280.5470395956496
-421.05721634403955	0.15756239731581434	0.02909791621134323	0.053503286768612726	0.08231579038702042	0.00013712806428437947	312.2042045300079
-379.62859757838373	0.4398734215768334	0.09267141709282671	0.29186148551607655	0.3850192202228477	0.07398996815088162	266.3377542630448
-364.54540068684804	0.4508344761156771	0.08219737246234876	0.45404513680598607	0.5602143179206973	0.047351928186428686	275.2883878170857
-371.3503678636273	0.3119584158745342	0.07415571222539649	0.22977273061687217	0.569369429205011	0.026795455715120143	304.01708414322866
-374.25460286845737	0.2972302397977202	0.06634555664292716	0.18986524428589066	0.5347937816950801	0.026569734676974335	304.81465762377366
-411.2959190741865	0.2588145533335856	0.05186134291703987	0.102210455533237	0.08558372710106847	0.002276359178609241	294.1461704915397
-410.1481109354106	0.23830923025770584	0.04555510877571946	0.08801124265277861	0.12113614148331793	0.021547548229355964	296.8840470086084
-388.304474494848	0.3321739025697871	0.061384424210439534	0.1441110570035048	0.3661581595292876	0.0053303952238285025	283.87389793974114
-355.668343734563	0.30645543199416625	0.052391683518468374	0.40070794292760986	1.0326015025012014	0.0033221238538524048	348.775565156029
-414.0664096810133	0.23779469137444542	0.04493199684967355	0.08555782692431005	0.06648769909994486	0.01824492900245792	295.799372962445
-362.3297927645815	0.3144098637366342	0.061509843149246436	0.24809995664251652	0.8025165493544656	0.03378285729289957	314.5303196732255
-416.12976167783256	0.3289080234296676	0.0653275088191332	0.1303390073157667	0.10675937598251775	0.1165599969690006	278.4653789931825
-380.41555334388	0.24788300559433962	0.05479281727836748	0.138201643553592	0.5313991927679058	0.0013768562620346128	314.1435431687816
-378.4840367641475	0.38650763663688453	0.06843429902069809	0.18899690840744385	0.5042485203349408	0.024782010288058282	277.26357089332436
-409.04438071401535	0.37657487119760175	0.07498892867672587	0.153121634370388	0.10681238718044868	0.05206775181919607	269.1832076326779
-532.7021331531811	0.27473887092560767	0.04556560761653956	0.08997450895323382	0.0957661924246979	0.455176664246954	286.2781992818317
-379.61836306967217	0.3748433991024712	0.07023426615042305	0.18588695501563315	0.4504478478771423	0.03288304523268671	278.6339617994636
-438.67856191339996	0.13689120494691542	0.025333698746795443	0.04556210484960851	0.04644507640368645	0.12657657708592332	315.88722598637474
-392.22341307807056	0.4027005163702267	0.07897709849764932	0.19178450739697145	0.25981483690034646	0.01227979776043632	269.0722102025535
-364.1568294317524	0.3124410461317988	0.0629565600545498	0.23038201276219664	0.7431144839316162	0.004538617767717931	310.8033994513524
-391.3233915344217	0.33455108250444876	0.07130171006765322	0.16301482394332498	0.280053645313313	0.04622863332358125	283.44278585065837
-406.88465992969566	0.41572171804367836	0.08704932442270645	0.1868548038577232	0.1325424651169184	0.014940982539596574	262.53989684545536
-355.919348692265	0.3206340283793267	0.05454742661157892	0.4183400281452914	0.9531033971900491	0.016358019984720248	340.1821034645086
-373.3048813289398	0.47263886573807956	0.09109607267018974	0.3328132670406801	0.49200418289222503	0.00817867533944488	262.6855284000087
-380.4664644528608	0.39450211156137593	0.08273638380570224	0.2364554284819812	0.37133092820435876	0.019575099190896325	275.67484883428796
-376.61830228559245	0.351870213202647	0.07059010616492152	0.1961886352956018	0.4605754768112242	0.03025453338426432	286.38904084543776
-412.3997145246669	0.1871614665764746	0.03579113117519174	0.06923432853258035	0.15848453535952658	0.0	309.694375882495
-376.41986382559884	0.4469234550966621	0.08409986876170912	0.2731251498690495	0.43054011877088666	0.05740009311793756	266.7189103106391
-398.7489328591322	0.3210581187692727	0.06828840707500732	0.1475169104324415	0.19793964417008267	0.01058703979110904	284.32876520373804
-406.1043024814473	0.28999800011537746	0.06026017459730647	0.12023128765641326	0.13165596304452926	0.00662917331612852	288.0298158775177
-414.01179007425105	0.2710510341578517	0.05542802751627646	0.10454302794415939	0.049870037765953626	0.01618093573197506	289.4440973033342
-358.15589741772897	0.27254061102522426	0.04913236258715002	0.27935718307171636	1.1332829835687122	0.012646603063825068	351.6313674284743
-412.4980360522367	0.17792692681330752	0.03432910175072662	0.06628632372599716	0.1882103005159488	0.01974952729110542	312.3879700021101
-383.51422230955484	0.2988953078125544	0.06088794990974471	0.1534430383992484	0.4030329397700618	0.007447299790257225	296.7301912926498
-371.2539959865477	0.3522358055946602	0.0701756879581236	0.2252156721414182	0.5894661270005033	0.0677813849399194	291.9966710552426
-354.0401708690444	0.24477489296130003	0.03889524146983181	0.5494644942951376	1.4294207110053436	0.0013765992946475397	441.0880957211127
-356.3123219566664	0.2972518520594784	0.053936031876257916	0.36352121332244314	1.0208262745951229	0.004802263297145485	347.4705961029448
-414.8297940546508	0.2817724873514991	0.05452391041040914	0.10348448759692046	0.04144610872088333	0.02705990403770002	286.18566459900364
-421.94330033172764	0.13321970934177185	0.026328804750528775	0.048304647913572474	0.1331104726026528	0.0005405426469304403	321.8145127000589
-360.1162444643527	0.46151613551671034	0.07758341097330258	0.6192132417019076	0.6459513070616831	0.03996521427752703	278.4244820591135
-366.56902317028334	0.44873825273518403	0.08330399205448782	0.34950369339645126	0.5730411550831913	0.031900440822678955	272.1462728845674
-418.4935379193664	0.24545888523691098	0.04556869208549937	0.0880917772917543	0.14100691161497125	0.11693542755671194	294.47709897471293
-425.6953448384602	0.18685987027192785	0.03391180067141869	0.06432350836157678	0.0879595117239051	0.10458379132149158	306.3370707063195
-415.9090599961021	0.2474973388057951	0.04664133180552078	0.08622525706684042	0.04137886406320172	0.022543098118853976	291.92271706567783
-370.9495526804147	0.33528527669360036	0.06910473579563618	0.21633114869959352	0.5524853098067719	0.008399350696257623	296.0335263719849
-374.96471289273506	0.3379486892068166	0.0782456292734427	0.23498628373549071	0.4856512017715224	0.0	293.69827135633807
-391.72583896500805	0.23838465558993965	0.047734676506963926	0.10541918214523087	0.3962934673782567	0.003338081625501676	306.2399591235224
-392.4368785488956	0.21690205465636497	0.04099673600984194	0.09396137339753809	0.4669044050922267	0.004331811044145586	312.7323013719519
-429.27362611744786	0.10630760672131163	0.02121446959020261	0.03807640811413916	0.0941400179112302	0.00463141759508647	328.1355269811518
-399.0100253674764	0.2740584948735422	0.0568294989671575	0.11917610187133065	0.21970557706296612	0.013268575657586526	294.4713186017859
-383.4705905540143	0.351805032832952	0.07099546366359039	0.18554722442275143	0.5060574474283144	0.1055062870509903	284.47330971427294
-418.624630658928	0.1987861510458666	0.036197777145817615	0.06707581159938236	0.057260981975696186	0.032329703445865034	302.1323270411001
-421.95739868032035	0.17606941083659375	0.03222307497569897	0.05882952499629563	0.01901535936606927	0.009279884443943839	306.7193907419681
-381.31755095865424	0.43217367504240406	0.08688688081252421	0.2700431187382793	0.37658162320378913	0.07941917891923492	268.44936672187777
-382.66144753717504	0.23414382786302027	0.04868654324686022	0.11352769932812325	0.62456071321992	0.0	312.3683209051844
-404.7773429899813	0.24988776485672007	0.05149902040697229	0.10141143937949726	0.17118623065426997	0.014233366735898633	297.16074700707077
-424.9128462325549	0.42070816264500205	0.08300632766077562	0.1555525855039204	0.050783837728698676	0.12019807773749618	258.14750697661964
-470.8977028408619	0.5923292585438396	0.09749962781992802	0.23618655455441223	0.20354611047887103	0.3378099279005971	235.92201067818363
-402.92017324681115	0.2950762096222015	0.06051680509708433	0.12019872902964827	0.17022464400635387	0.016159638136966133	286.5018741970319
-542.7295042514654	0.28079303836747493	0.05859884297332932	0.12090227678937578	0.17289209156102522	0.49276438694942104	291.99673738518356
-440.3149892468766	0.30744739044559305	0.05058088315997175	0.12083770681726326	0.5876530920369547	0.2916833313616225	288.96562106766595
-356.99485162816836	0.35413027045165396	0.06410255467360011	0.43784274192230305	0.8322492976459075	0.023172185975280202	318.6290339591511
-355.8775506015729	0.38688691164430855	0.0614861608793886	0.6805911052110056	0.8456182482772788	0.0336211402362562	318.2900072599648
-370.6435245587493	0.25906762196877786	0.05293266038537072	0.15936214410023578	0.7451673937547475	0.014388279843529785	319.49982394074584
-366.5996864051422	0.24069630229521366	0.052766617689516765	0.1833857038077306	0.8847277908707731	0.005376124759197238	337.72468223534287
-375.82437296867204	0.33654202233599934	0.07099547962079636	0.18719138522266518	0.5143996274264528	0.008247311070032176	289.1376878627948
-449.7083457924282	0.3864291627074899	0.036550218539784844	0.06661036943973148	0.0024856585730013638	0.03885529429309034	256.50317655979416
-377.2141101722115	0.2856567612835688	0.058872446182390674	0.15605424146731992	0.5322474601949926	0.022781680079400925	303.580711800034
-396.5031156356299	0.23529854918210077	0.04805595300812652	0.10490713603079842	0.3284048249591268	0.04310506298597991	306.83429040488073
-356.59910590643585	0.3267956034003746	0.05807261858754591	0.3871149192495029	0.9115511036460956	0.022254138038701746	331.0861986644735
-407.99194388542355	0.22591939765202093	0.04513597108021552	0.0885717692972186	0.15451267141788724	0.018535188995066124	302.1530256769097
-371.2119423027955	0.3425865473065832	0.06789170277833795	0.2339943160028143	0.6032306277920387	0.07808696163571303	297.4629149582619
-359.05757889324167	0.29477491475505324	0.05785729367096662	0.29299960489444976	0.9041543387189208	0.012859935751232947	333.7251247769427
-353.62554372926763	0.2441656612641634	0.038444796024798125	0.6707002474285679	1.433100968985943	0.007258948233572528	460.98516652550074
-354.9490609722584	0.35486979951532005	0.05702630561205013	0.731505112136402	0.9313531820790937	0.025658487279167072	340.5074003711346
-417.57738276104203	0.3094986135459156	0.050844393716853564	0.0965050335784606	0.03908950601991257	0.023107093067228055	277.51103344132804
-443.5966168474717	0.4807053037975775	0.04871491248195354	0.09760745923305941	0.1144038421452177	0.1345643115677059	249.41849755306157
-397.7223937052221	0.26828359074941555	0.05388219660177323	0.11613813984470382	0.2459666636033445	0.021926718004983733	296.698975475657
-428.67680860370433	0.13824150908461802	0.02450723908146767	0.04574215773628463	0.19016122884148023	0.08970268228491676	316.29154978396235
-417.5378569408389	0.36013231950777175	0.07385322386056413	0.14470240828316644	0.07489291445413011	0.10205016068974884	271.340238040686
-408.9578123842613	0.30406446364134326	0.06397621699730555	0.12717460183237794	0.10135127464769654	0.005908348964407231	284.64185244654243
-365.3717184241759	0.4072904128421557	0.0702348866167313	0.305989354824217	0.673041695352088	0.05794373887815204	285.9853018642142
-363.02634262745704	0.3648643456924614	0.07090421749616374	0.32897484988282916	0.659214942257422	0.010524434191596333	300.27833975099617
-357.7754480093721	0.26407613490094595	0.048454528576171586	0.31847814560360044	1.293145606971002	0.0	368.29265460002097
-419.8720339012247	0.17298515978871223	0.032725237512507346	0.06108857484611364	0.05075838496401998	0.0007355556052484987	310.36700139045695
-419.64571057480873	0.15475825955415992	0.02819754007342057	0.052743297342974844	0.13160368165086767	0.0	313.5552781094828
-354.25776334378486	0.30208777254725294	0.04880451478256378	0.5409134842900665	1.1170193464427074	0.012119868789744354	371.5260429209681
-390.11013231960766	0.25192192210991965	0.0510985051310435	0.11714070043291046	0.3777763823006271	0.007588759556120014	304.892799272731
-424.5630719052383	0.12112917156378625	0.02303237592650011	0.041255763349111324	0.2372424425079243	0.027506416796613635	321.26120351753997
-418.1074266136684	0.23368015439165932	0.04549556317743315	0.0841150836722605	0.012023272846109113	0.01819565712047757	295.92089651018375
-365.72066494236896	0.2988525906339521	0.05950607936553584	0.21044518481051944	0.7319910102978124	0.003416959982383157	313.68477065537064
-356.8575066621338	0.35241265185728177	0.05996162011706515	0.40671171197136274	0.8840914667545876	0.030277586469933677	320.40785310461666
-408.6148577894626	0.34041586552097947	0.07016166834464221	0.14340981206105893	0.10225738546948664	0.021588235609894684	277.15880356790484
-388.4797562838354	0.2599335497852098	0.049370178240968045	0.11159353092458986	0.4583402356787944	0.01175225698497066	300.5086800281209
-355.42207091830585	0.34650202345705744	0.05959718143443684	0.5428871675837444	0.9190294001356928	0.016971711225937654	333.38602337824125
-407.2833681609627	0.29795748995021215	0.058212112913558996	0.11573861991382273	0.1270220403925261	0.04412059095558013	284.992100984605
-404.6161182795992	0.18657393169039083	0.03958243241058898	0.0796183855336382	0.27590139141126047	0.0034417771065011426	316.780969954255
-391.9945017235035	0.312419595936551	0.06705946646245187	0.1646214481300528	0.28486543306878376	0.047030927883739776	292.11492639803294
-401.16184954519724	0.4649251305062347	0.099752947932269	0.2165958475178117	0.19721490645515566	0.019326375508896033	252.93265381930908
-362.77428788796595	0.2350020182527504	0.04705773117191549	0.19458782427983684	1.1548667318429653	0.0	351.07554268372166
-375.13457644236126	0.3809469240084893	0.07748964948056243	0.23713390320653524	0.4474651554123186	0.01863127102677731	281.6277681996955
-383.0774282486754	0.4067523831716787	0.0861852723900994	0.23595653744649492	0.3409619249283853	0.01931723332653887	271.30771764008966
-368.3522364697036	0.4663913362167672	0.08598539339021104	0.43806883336937097	0.5063001276531779	0.024398576607587482	268.9610419070419
-391.0257682491043	0.3073876144213233	0.06636049172936154	0.15110117727635844	0.2928261941728965	0.0020696114537957647	290.42158708846836
-455.2175263534681	0.3346949551134282	0.06623331633386348	0.14783730597399553	0.2525069807886779	0.3158635363160988	281.7646288773692
-410.22679657795595	0.2534366808626148	0.05077738924578605	0.09860710179090876	0.0990817762386361	0.007541107302246935	294.72166929520506
-362.71447757995395	0.3685506547353135	0.06992409330672683	0.3702279843905762	0.6506081130092185	0.0276911719272643	302.46249737061464
-414.65233890790495	0.16294095780622547	0.031403748137159536	0.06033856764108266	0.1815464795449084	0.0	315.98001714120755
-362.03519455879325	0.37279193518284504	0.06675803267601424	0.3191919841409046	0.6946571909085526	0.017498021397307786	299.1332200433943
-363.99753217080547	0.2961513058897515	0.06011960726479314	0.21294707764059606	0.841625098317051	0.0	315.778330209375
-393.5053186540745	0.343253377057024	0.06451273016638875	0.14731213631564335	0.266977227824177	0.032019962164504326	280.17998828405206
-390.2940801412374	0.4694671095160601	0.09434580516708829	0.24077434071955436	0.2736774793069577	0.04040643476158109	255.87492031374717
-375.6722698208845	0.3077981426037917	0.06413586172589342	0.1772378542680595	0.5138316236392432	0.003048518081583773	299.058033977659
-393.73145611634027	0.22900079090947006	0.0456752247366242	0.09950835105852418	0.3834861561452747	0.0	307.8751620092914
-367.4159515536636	0.2980318067525402	0.06565873245586361	0.2195287903379761	0.6705697329133838	0.027960258227125962	312.2491038572418
-399.41241559916466	0.3164897370844495	0.059250321595077024	0.12589534720288548	0.21215440018677933	0.024792542996928128	283.17836585498463
-417.01902567735885	0.3689206331009121	0.06982247182094402	0.13696556395896908	0.06756838984439507	0.09109417308338305	269.11556993620604
-419.8682243093484	0.1455551190518599	0.027616256096529596	0.052356052638822995	0.23818528129957717	0.05695761472491625	319.0048130414287
-370.47275632504227	0.3737614230872858	0.07523311788129819	0.23182063093757677	0.5625193231411479	0.02457720526019415	284.48844303188844
-365.01150808976047	0.3000541606889486	0.05913128248647138	0.2041207444122952	0.8346649058764737	0.0	312.684285990198
-410.44937738882095	0.2970654885043737	0.05886478170344715	0.1150657648233256	0.08437816145258806	0.01749430052616	284.5972660671878
-362.2613570060143	0.3488853685365173	0.07049114555176078	0.2987108308817397	0.7144785039674386	0.007468108373133151	303.5984549235597
-414.8362382137799	0.37603423129096286	0.06960198585187667	0.13597010126909956	0.059088505272486276	0.04920219494304529	267.46010193427026
-406.6023742136505	0.26705256401873356	0.05334365487728361	0.10456865968555573	0.1385829821997577	0.017598942468815222	291.9368620212567
-374.3850575638046	0.3556446986087298	0.07482745181845954	0.22457032333125557	0.467715787462901	0.022024814034028787	288.162436886796
-409.8396843064261	0.28265935355905547	0.05833158562503626	0.11895838954921174	0.09569645105125385	0.018217688550881704	290.6013975627861
-409.7516014704009	0.29385617243381124	0.06026615771992563	0.11750876395829757	0.09159107895218026	0.025435174701750368	285.7957141186341
-401.9716611780034	0.295670042150128	0.06420013930669975	0.13598717959544915	0.1715551497772698	0.015001078028262305	290.06149907657516
-514.6997592906312	0.28491997202286723	0.06188801839801685	0.1458789854188795	0.31187842052811265	0.4599601495314196	298.26367405386003
-359.947540333657	0.3403977144308503	0.062133426267119554	0.30178764389095514	0.8013300091274035	0.027471031282325826	312.1198905587142
-411.9046744368307	0.17630943814598896	0.03417097077983444	0.0656506456999558	0.19987131940408065	0.007585953708035815	312.6785457182115
-480.79088951939946	0.4124889588049663	0.06886499920301378	0.16981577830704817	0.3592281968372028	0.39440538091086824	267.6473163712985
-413.2608793247149	0.16909546280344073	0.034987850447065864	0.06623787508651852	0.20485300141771862	0.034521093430665256	316.40501023296736
-400.60322320376997	0.28620326295434034	0.04961530663493307	0.10353176505757287	0.30871984417237996	0.05994345613381843	287.85884222782
-386.7678822924249	0.34452733279952213	0.06813144823453236	0.1656523540756902	0.3494185744440868	0.05455676194292208	282.91192991859504
-402.6299224509057	0.2798106279839254	0.05779870001876927	0.11727342618362503	0.1835658851332869	0.04183877017836524	291.2898228800336
-355.1337132251283	0.2674588346780742	0.04541564558371589	0.41872741667142954	1.2272630489873904	0.00668478259541266	385.60499526896047
-417.7550181726846	0.16017131331238457	0.031130708243341496	0.056527917883759424	0.15077162042837777	0.012474940983882434	313.0357102993089
-369.92656090456836	0.3847982794640919	0.07692916720671436	0.26752686974669715	0.5202427806114764	0.020989980763315697	284.64513932860103
-366.31938131576317	0.3099882101037801	0.06340938187071035	0.21145326940481723	0.702846768117119	0.023234209092107126	307.4406425762188
-394.4930911291122	0.22425264687034524	0.04821894240835469	0.10598027111179706	0.34913646513614355	0.014143080504829136	312.0125097991596
-392.0990428108468	0.24952089983025977	0.047752159875350655	0.10461849960011234	0.4016510128744323	0.01400982340221294	301.5677687931499
-416.91683785344685	0.20748221923268287	0.038445809163410595	0.0722943864783346	0.06980285593746134	0.0369278299108524	301.60197378674764
-494.247095989897	0.13085817251749687	0.01948220940917098	0.03514980349403656	0.1567419936070946	0.3189872332831848	306.80251624993133
-402.54776769184815	0.1844155091413707	0.03619731892326094	0.07475253304434826	0.35847588442128225	0.005565616624746634	316.2070906957594
-354.72223143813176	0.3288573653155634	0.05380320522643378	0.5341434547125724	1.0049181978605939	0.018152026218556976	348.0478926128128
-399.10974372815326	0.3867821035853197	0.0831481747336546	0.19264114140967367	0.18900971752942416	0.02513336049280607	271.00149596838094
-421.00791690652045	0.3158788515312664	0.060171525514324344	0.10824215392722367	0.005996653684996612	0.06808559985971156	276.4403689479952
-428.23211043487083	0.19996476830427945	0.03554545563460285	0.06496724460815623	0.03186472055120432	0.10730430791073368	300.1324659318399
-417.3111837461902	0.19973783135355436	0.037996298547458826	0.07028159913597923	0.06342782251718716	0.028764007567306953	303.3760572576598
-410.48488855381515	0.2119163008851116	0.0418249453590618	0.08097386911726014	0.13896807506357356	0.018885308687135508	304.5110357898939
-371.75233067206443	0.4503034363678659	0.08954427816620339	0.36571969603834326	0.4653066807631096	0.06560393515274807	269.1326084891001
-395.60780411866466	0.2850503855622667	0.0606339866704204	0.1338771520168227	0.25087963737837304	0.002087561185856623	294.61991608746996
-376.6057759500284	0.3656698887587099	0.07520215325324861	0.21652343039754088	0.4552043499849408	0.0	283.9449663331112
-376.2939567048363	0.33823879064428025	0.07426555883269055	0.20748776147997147	0.46571827372471586	0.001955166959063795	290.80499819575107
-357.81941042188123	0.3479817790159118	0.06262135382011613	0.41108365997518403	0.8071514006211025	0.019227874451063342	319.4302385311172
-382.60521971913727	0.46814991372147685	0.09939304223621818	0.32625647603424934	0.33722123226425194	0.04042565490458333	259.5071732554735
-373.3600072753528	0.2708006042402742	0.05693447031696999	0.1603322400481895	0.6287093599568659	0.0027912940508667376	312.04815953049734
-411.27302841707814	0.20196713864903032	0.03911451684673111	0.07562720289651047	0.14442810803810927	0.0005307333869061585	306.3217004028333
-411.8994781094351	0.260659931523082	0.049890695907243	0.09490711802600543	0.08317014060277571	0.023504407894142258	290.86337196355856
-408.83998660624184	0.2620384435770533	0.051704750662916514	0.10145417261082884	0.11316774681110961	0.02090384666610083	292.85008843607613
-370.3587497876335	0.27442902510201095	0.05617051755908699	0.20156340501972128	0.8732978269821102	0.08608326262431423	324.6465095293008
-381.74717769908426	0.5216785442318701	0.11022904687979732	0.407015475877993	0.3612654306433103	0.02032315518887474	248.04880679634357
-376.4278607406775	0.5073687023621484	0.08073558614547459	0.8966078755295783	0.6554750904270513	0.17317514473230086	266.0021978404264
-362.7979346439321	0.38875328047481955	0.07419651138316799	0.34948684151101334	0.6353767827559664	0.02678554962347537	292.49393764601086
-416.0217503770217	0.16639709231121538	0.032246201354362285	0.0648322315680696	0.37522306581621884	0.1050143971610301	318.82351567090996
-359.02683729692563	0.3709008054642233	0.06711421682825405	0.37878353655563396	0.7540085090805309	0.031627794456391745	305.2532429198615
-385.23981060401275	0.3325846923566722	0.07221841169110754	0.18729689674284553	0.3420581265440074	0.007019176873095197	289.02643953947756
-422.17573766540414	0.14261429407210133	0.027422847669357445	0.05020937558678852	0.11317700885337824	0.023059643811145964	317.6973592428227
-402.57724769737627	0.27399110800762777	0.0567460773945038	0.11368891053490526	0.1803165738257676	0.016885959909322377	292.1608068951302
-394.6801625829327	0.262385224680436	0.05356549396253237	0.12124368574059517	0.2912158838927273	0.02636261127239992	301.24211970130074
-402.3538232890193	0.21006057601770423	0.043140788254516726	0.13530007192659624	1.1803081826379427	0.19820144370415957	342.25669780723814
-386.72263287631745	0.32996517878539416	0.07245525608888391	0.16768503188524608	0.33760706567682	0.010734405796972366	285.49251725586737
-443.09316560458853	0.27799589443316297	0.0478121940611617	0.09473116553757946	0.11660589704749433	0.22616184696116734	286.6397441054738
-365.46617116434464	0.29423136741114025	0.055292241626948374	0.2116420488833083	0.7693612731382026	0.00011231777322709551	318.3905778387239
-406.97362433393096	0.22892577588415758	0.042755628088428865	0.08606858500316333	0.18692588347231198	0.026216284054115996	300.8555615831665
-418.0952238051629	0.2552554249814648	0.049327586194803846	0.09137582457653642	0.008195505412973819	0.006879748236543748	290.85814592195715
-379.18327063582433	0.2808790667261464	0.05771980004373454	0.13963798175205575	0.599786248088216	0.023450556596612743	300.61882682741026
-396.3152039536267	0.2838958712215219	0.05449135551092073	0.11656327847824995	0.48296801617848273	0.10023010976414636	292.095217996678
-365.6763020959979	0.3212001673196041	0.06273674231061822	0.265070181202326	0.7561562372999412	0.07477646631987905	313.5728013275099
-412.69614891064015	0.26002902946993006	0.050281244705842124	0.09582388703046625	0.07157830229941028	0.026687533852758842	291.31611561922955
-418.58684202305005	0.20779513183259604	0.040026316233760746	0.07444649819960678	0.020860227392011276	0.008472358275034791	302.1258042230954
-387.307136949651	0.41607126272943445	0.06813674271051873	0.1857899501682436	0.44454020606478123	0.09001712630188012	269.95812238537945
-414.13370781214707	0.20175078205167424	0.039559763670252455	0.07505247490462125	0.0950712492469848	0.012938044168235328	305.56395907965066
-388.91000721308046	0.32781598037184356	0.0733815027365673	0.30035299145976413	0.6661688810795705	0.18852642286552304	309.440582879818
-398.1607721039658	0.23949907268673493	0.04801679721780008	0.10297891561683217	0.28349506032576166	0.027573853724631028	304.03648279926836
-409.6621033120824	0.1947166759490353	0.03926431135462044	0.0762351410973238	0.17573071132878543	0.0022825098115748033	310.01130535995713
-368.0733661634537	0.3892045895353918	0.07604010468368515	0.2804383495326898	0.5485156300770881	0.029382509389218898	285.2531669616423
-381.8364416970564	0.4760999933995534	0.09681084059368576	0.2976156181664672	0.3534679177668011	0.06481348223339153	257.6193968028171
-391.5069812315577	0.2562120633462122	0.05094413364337154	0.12399263812864997	0.47087053691755826	0.09296118407877847	306.71892351276875
-403.9183851971756	0.2938944917422064	0.060665100561953726	0.12783599076731414	0.15219598172388973	0.014739343242782399	289.46002831043546
-407.542581439801	0.30841620171316064	0.06345454858950944	0.14477021038857069	0.14007887420466106	0.0	289.14177437979185
-361.9028411327472	0.3945530394738427	0.07380583660899481	0.36951648358971395	0.6513860978922047	0.037523520727440175	292.37644537846404
-390.0529430704212	0.3768696106363912	0.07572839951504673	0.1827121075930698	0.2778102235054228	0.03666628014624337	274.7956725772694
-407.71314379586255	0.29528125245725967	0.06388663736656033	0.12931444488692928	0.11394951803139759	0.019707387186103896	287.9640731587251
-357.38425826664115	0.37045587093660726	0.0640711519971605	0.46073941078056574	0.7937002905238587	0.021476452497247257	312.8499687456462
-388.43087222708857	0.2349325899889126	0.04773217452956678	0.10815714525985863	0.4626102713035095	0.005943710797421226	309.29700294028356
-355.5796260710035	0.3470299877873319	0.0577990443220638	0.4968696363016655	0.9269072554584038	0.011987670185283185	331.66043479234844
-397.5168469935677	0.3160266693833633	0.06985205875688381	0.1480409016544487	0.2131031723563728	0.022812711768826596	285.2500130321041
-356.1309380613891	0.38347798262592575	0.06394951116053058	0.6178602004518289	0.8277836107266733	0.03209946873198112	315.6218116492125
-354.59794261165894	0.33561778597739356	0.054288140234616096	0.6562060456658261	0.9845153704736469	0.02237240306952255	351.1117629711039
-450.86058840753043	0.09526911941367805	0.015869082061579734	0.027903499323171484	0.11476924526317328	0.1357553428828788	318.75172452535793
-394.38080040337104	0.29742182580372944	0.06091875582516389	0.13669946184712528	0.25881956685855234	0.02329433654993552	291.5369898927275
-409.85372071190943	0.2370924421548395	0.04229994799994335	0.08452365910399644	0.22424418108079	0.0778245612769019	297.18500158403
-381.5446661040122	0.40275649954919296	0.08170580747377482	0.22384823712667926	0.3704084988607832	0.054010401858266076	272.65134760969426
-433.4797627197235	0.3370082371819491	0.05627416043303964	0.10646187240652254	0.012740136489551843	0.15368784775871083	272.53340839832475
-396.51289215011934	0.36963424137979417	0.06706645497714232	0.15888014709609458	0.23041332762785868	0.038195427456469706	275.21598103335623
-400.4428127782088	0.22807737566887187	0.044520875640298996	0.1336380542389312	0.9811277499747835	0.19183317245349563	329.64315259074846
-413.3310838987345	0.23365750122769016	0.04901744549147389	0.09315805974397506	0.07317583880656948	0.02490185767429666	299.62558440305423
-389.8127785409918	0.46279013202957214	0.09496891976508187	0.2854047374312729	0.3005566550890526	0.09482162041828865	259.85105987683136
-361.2825941696691	0.3446457721255678	0.06682247673222877	0.2901859444899772	0.7457062126826923	0.018159521417638522	306.18759614478336
-368.7535411216776	0.39598154777798217	0.0791072698837048	0.2820914520189569	0.544406616131993	0.049977548455873565	282.32269046964365
-521.7717274101286	0.2790549413679887	0.056754750587899416	0.13656035546603643	0.4398946794215253	0.4860246684983932	300.12506048623726
-375.8083567774227	0.26914392605411663	0.056461169578293544	0.1835122480563913	0.7789568425809797	0.10180950590955838	321.06400330523866
-386.1041314831367	0.25375921726169404	0.05311554992235173	0.12536791223698315	0.4333270597210101	0.0005547944544900474	306.9240024198006
-371.8377360502866	0.31889246665616033	0.08211939822973115	0.28596248048760725	0.7190326088775681	0.07412348001598364	307.2662600104022
-396.41507216916875	0.38178151531762344	0.08333149955593283	0.1853033272996509	0.21343426809322483	0.037503899738214906	271.06302682989866
-410.82240683119267	0.3920784715713591	0.07455585088708144	0.15078182519461988	0.0916841890962126	0.03453053944890051	265.61258496679494
-409.0111994565377	0.1969829523968618	0.042158387911372976	0.08205791010475637	0.17228329691688007	0.0037912536465470738	311.72848844666504
-440.2233449988147	0.16707363705465483	0.030381866904510075	0.05924665019246254	0.20386299940949462	0.1886095969141466	313.3529975821228
-398.06687765711297	0.33327865653976874	0.06359973613494051	0.14583452856546503	0.23464350444582355	0.0681023676124868	282.67480555354416
-355.6417506346569	0.33350635861309347	0.05643973875470232	0.4452923790111101	0.9433859771810822	0.021130120679989137	335.1582659050103
-513.3324820294702	0.36791062347231823	0.06908430172640537	0.21565687101031572	0.6303188717305214	0.49415129351817083	286.7098946312511
-377.2689083371984	0.3669066089988559	0.06965595713447698	0.18992127351310234	0.4835364674041037	0.019318301252589667	281.72349354919965
-408.16267649348254	0.3617900554152943	0.062160470669964225	0.12405871771780655	0.14294598900665298	0.047744885119268825	270.45032134288317
-426.90436408653335	0.12393665863003156	0.02235203850674904	0.04039064812832701	0.11298586093485403	0.011366010685857764	318.27176628554867
-373.24159771384797	0.3307611205719643	0.0688695898833224	0.2052584915622343	0.5166883944631483	0.008131423459736237	295.38087027981453
-405.6109229908043	0.3262098736331033	0.06833552030968085	0.14183980541898644	0.12975455410441092	0.015547330663508689	281.19585541914535
-355.5529603754304	0.3266093757403792	0.055811009407830264	0.4359351408450709	0.964504716718217	0.017439207502600217	338.48759303720107
-357.4035103242273	0.2417082801334508	0.042100349510342215	0.3152834847706343	1.3878925086666847	0.0	390.4780583660502
-403.7013596708923	0.25506246914985586	0.05497272867958576	0.11410135257423647	0.17350830108278717	0.012945047225239018	299.65289096732437
-359.0690916122536	0.4176855374538594	0.07231112832144902	0.4953100956765675	0.7133561118570251	0.04647471397918697	292.57442268856386
-417.9646426675525	0.2968672748026527	0.0585114462847508	0.10909555331363986	0.010165299845931305	0.017894806911093616	282.37069284284496
-356.1508001005243	0.36878339274107325	0.06287807030853493	0.5214295144279859	0.8488075192343429	0.027822282791326865	318.7326364120547
-420.55208019880297	0.19449265133400395	0.0376763117380577	0.06859713539431851	0.0035342947975596276	0.008882152516256408	304.2490515714108
-412.68266377623854	0.2585979567550189	0.05074039764024832	0.09650330119323244	0.07152001348969939	0.003098730859631139	291.8886012402051
-406.71297513863	0.18579570985704266	0.03858521411351745	0.07624879041682929	0.24479379935503234	0.00046901863708675767	314.8920752077345
-358.0196674632178	0.3059314722427186	0.05798599263336678	0.3213618060487698	0.9221883117647013	0.025009021800626557	332.9958984745359
-404.210147360742	0.22767512551516583	0.04612859763831852	0.09636827664201138	0.2004043546788778	0.0013129785257471537	305.8437237121044
-401.1202201017263	0.36309304672556303	0.07818941943591028	0.17158301195957915	0.18194746518762694	0.06346886948379532	274.8631219541712
-414.7927666631283	0.28744447187643424	0.056597579023827824	0.10732683091139496	0.04051419493873898	0.022224788737003152	285.21489377442265
-432.0749103412388	0.1316951542343351	0.02357268324774486	0.041923399761855225	0.0012090694239053391	0.05781738315863048	314.641119479854
-417.8123780518241	0.25475121600192946	0.042110331654952746	0.08340782555091804	0.083534089868324	0.07232295766339919	290.43676900829536
-359.1221139870929	0.22010008313563206	0.03692582511440023	0.4327954003274035	1.601726622218984	0.04300185301698708	452.63282086372743
-396.57548188656006	0.3541438867190928	0.07584839225833927	0.16814998749857576	0.2215330698642982	0.0009439850081309627	277.41415282995547
-419.39715838192484	0.21173972224072304	0.03856445193283901	0.0717517287760575	0.015687911092901182	0.010553975368815638	299.3182658552971
-416.70903359986335	0.2522374408117688	0.048274242795891376	0.09062979081576816	0.024907954945754655	0.02246834457760845	292.00683355411996
-494.8344774909875	0.40050317826170667	0.08442659614282363	0.21536265483915631	0.27814451710497196	0.4243638269532117	270.77408948597673
-353.9295506064768	0.2542130811432249	0.04050559545878908	0.569643921322607	1.3802829559047447	0.001606227598912527	430.8952761151977
-393.55869244706366	0.20849305609678823	0.04390460525516778	0.0971996488600324	0.44604321897710636	0.03496236015868582	316.7542776763693
-411.2983670992254	0.2697917547531656	0.054443149368830955	0.1049602072798464	0.0824853539235348	0.00200935226240642	290.58112062925545
-527.3038625679633	0.2246396088800649	0.04174338011519602	0.0784287024767326	0.06001419622005845	0.43817375393325214	297.6121853017177
-380.4702135588451	0.4939574435970246	0.10059815861481043	0.33882046734420096	0.35702660885092874	0.04723174275804509	254.60887418951486
-406.346721722492	0.24739506945894418	0.046257678107859655	0.08967126907830857	0.19482223463525994	0.030899438240030462	294.4681529732352
-411.63075758703974	0.3025575939971239	0.06013169853129169	0.11657901978982807	0.07207745826376871	0.024626507113425383	283.03904279233956
-391.854444283748	0.2960968937124122	0.06246290513094519	0.13623799857671706	0.2987704144359321	0.010181029351903044	291.18179079645466
-429.794287627201	0.1159788635607168	0.022444237338368322	0.03987194329129295	0.014347517015011677	0.0	322.7539206313582
-409.5929530811744	0.22938249476592884	0.049698125003865765	0.09773169880147187	0.12202707969476649	0.0	303.67201500706574
-358.40588777189805	0.36476471200565685	0.06499983707203152	0.40373835166951705	0.7692196354174373	0.02186283426529822	310.48427942248173
-455.67373231972664	0.11865222242959322	0.019388548357152764	0.03311184797270748	0.19560944522621515	0.1795932624363347	310.20678909604266
-495.54943121256633	0.3379051621095372	0.057078535056358584	0.4641182602139953	0.9336904206401268	0.48170691573002206	334.0171255316183
-353.8238441467504	0.20300880465645763	0.03213470437394877	0.6091506800487514	1.7428953393123217	2.3510422868723545e-05	534.0611659421368
-405.72316531405914	0.3816056213761956	0.0623406146603539	0.12840665930701994	0.18867809696622018	0.04069485677633011	267.5188535885486
-386.66840781133897	0.32839332340746585	0.06964870209210207	0.1655350532297198	0.3319747117447246	0.015047251623576015	286.62378808588767
-484.99075539282956	0.3345309311415896	0.06773008460273505	0.26765084313240994	0.7113841733458255	0.45127048008636667	306.07157581538945
-375.6675186548449	0.3808098244489588	0.07516017097858793	0.21692339571484906	0.46227934611468985	0.037917555736515444	280.0565429903292
-391.1188689680788	0.37152704510734724	0.07859606183216905	0.18634382048542772	0.2647318703443139	0.015745528777401804	275.5576577479542
-406.71416580883215	0.32015161705897033	0.06401229939542549	0.12849113824960445	0.12302306229788425	0.03938912324878823	280.7440619053542
-388.5943210562077	0.32059215503860994	0.06542095552260442	0.1614666505988072	0.3128251753661892	0.012738722696092901	289.6906345710372
-358.69281253998014	0.3144943368936975	0.05808653931279358	0.29660295993032987	0.8916777470110135	0.011187376352317415	325.1414897367892
-385.0629985514113	0.24341902802985116	0.050454786152622035	0.11945295739450407	0.48661903947033686	0.013261624375258203	310.0362429116347
-422.0434850149764	0.17426449506529892	0.033346096904692236	0.06067006452546737	0.006664031172891251	0.0005565311800065833	308.74352632254426
-415.96138208916295	0.262696155225213	0.048592698783600126	0.09286046595445721	0.03434592805179372	0.019955732225413938	289.7345173336066
-365.582951136069	0.5223890703987151	0.0862049895110599	0.5614984789988793	0.5465948262126085	0.06638917771678939	258.1582247403857
-416.86447752396737	0.1969461652666971	0.04713139300100843	0.08474580454014405	0.07484183477759997	0.0	310.28690832861963
-414.836588021916	0.15241726890270815	0.027799181029947263	0.05183278859749675	0.33778053450912415	0.002601165542186523	314.1995238286015
-397.5027590460253	0.3039252611333196	0.06052308640899815	0.12944472839679355	0.22547602281143123	0.017609675180719746	287.3033595857021
-516.870765114155	0.43777933113549417	0.06001561302140426	0.12106149332129973	0.13611375280550708	0.4175500389625344	256.6441601877308
-362.1059457596808	0.34736378901554427	0.06529706205543688	0.273756506348726	0.7473951611490569	0.029079196506024477	303.9352546865348
-389.91350035590403	0.2600426485227989	0.04955023594526746	0.11564158203744451	0.3940133605667124	0.00408299556725085	302.08744210496576
-426.25607693796564	0.13783763476422728	0.025040946415539653	0.04451857043937347	0.08894627630903054	0.0315130314367021	313.9228886878557
-365.9044857773381	0.3892278032997091	0.07618993378049872	0.3085309322124484	0.5867032173048374	0.015615697600412632	287.97071583371047
-389.55663288212884	0.3720437926917818	0.08127109686431787	0.20326139290351358	0.2765114347800563	0.031145753253147716	277.10962467273555
-467.73107695229317	0.1334100620772603	0.022945495122326718	0.04139390003711637	0.03719127574356869	0.24294292529788214	313.2979249955724
-386.8647466684307	0.360440410270189	0.07385655984471479	0.18238537824591702	0.3156567435921333	0.015750924740693985	279.65267104823556
-370.8758193479016	0.22074060463367554	0.048067944098179195	0.14884187688930625	1.2424149381452454	0.0	339.7270508125631
-357.0645081963413	0.3890965913232753	0.06626528902943792	0.5539734631847637	0.7832038220601102	0.023451640975507497	308.6922404326124
-370.85668029598514	0.3562660679042182	0.06909872287677973	0.22927302107259362	0.5396468659164876	0.016279185474840457	291.5367066765209
-418.4200436067215	0.16846372519373012	0.03193304887213385	0.059316563303636285	0.09416615309634137	8.344612563676644e-05	311.3215168283521
-396.9772867623184	0.30971232958189504	0.0621623680186215	0.13339016447783217	0.22759929668001547	0.018805249807781938	286.1836304398328
-378.6901004054826	0.4315049673003207	0.09085492572006267	0.2865546064984265	0.38664599050305803	0.060502921768217546	268.48789361918494
-412.2422433826089	0.26936526025730767	0.05367843126858196	0.10288844573832202	0.06983071125078309	0.012016786503682571	290.11256829063
-371.03124633306754	0.20312668580352947	0.04068932268098269	0.13044829175087827	1.1711874883057396	0.0	345.5331502861907
-406.6918887931081	0.1939136323024756	0.040985583014417654	0.08198998689641894	0.21762755376527593	0.006464243363004799	314.0285142740422
-361.18899053903317	0.301817712097196	0.059258789739824326	0.2506069564107843	0.8381184191189276	0.014180149969101438	321.654225298716
-354.3481526310603	0.29253410659595763	0.047268556017745066	0.5086499660241899	1.1566779632810331	0.013286323182634018	376.9895934792382
-412.7755655032414	0.20443307238782268	0.04138408680211436	0.07995623529539925	0.12434208084624669	0.03862023016313784	307.16738873936606
-357.59521542385056	0.31706050806958397	0.057677841291112905	0.3354912959846892	0.9348660618489848	0.0	330.2469829989455
-410.9922770355374	0.26445707100260996	0.05140969812778396	0.09881035214019944	0.09066412207621322	0.004472941048616441	290.8774550814904
-362.00840706734834	0.38560231911619625	0.07214838334371688	0.39956147119665436	0.6463084568900546	0.03373655473157375	297.4886804776866
-370.11881023147714	0.3408600831183589	0.06945922930939034	0.2244029547631257	0.5562933263504809	0.027628868245390965	295.4750735617092
-388.3712523646484	0.37278249284752185	0.07723751298250114	0.1934902890828469	0.29456618666336676	0.04655620346424469	277.03428661814763
-395.3058035290719	0.40569845686568834	0.08990726889788432	0.20270032479583647	0.24200178809274916	0.002888905190066343	266.0680635632274
-412.3674155423221	0.3054959621084141	0.0536753085210701	0.10791320969833591	0.08045406651973057	0.008812132871870338	281.9220109622326
-392.9109391054915	0.382217824939539	0.0719214940369593	0.1705398433647503	0.25861493065571123	0.0356039991977774	272.8029699702382
-364.9483088277739	0.4071732093676752	0.08298013183473008	0.3391652197298844	0.6075778718437388	0.04514067463691465	282.65634922935936
-389.57180022879055	0.35909778867285813	0.07100049832877749	0.17368664237765635	0.31215487325138597	0.0672732413916947	279.48033689253106
-371.4537705425209	0.31610686186932574	0.06313715697833079	0.1844644180637387	0.6400262777935108	0.03998511565298204	299.12028420209475
-373.0928639996479	0.4013672822767692	0.09181387995095261	0.2869888396644339	0.4788864146270004	0.03716256442826479	276.07423614626083
-360.73574489786023	0.3769205724448609	0.06779489538615834	0.3275750350882278	0.7475804872952544	0.022074754128711488	298.7536105293517
-366.6636195888593	0.3165370846843359	0.06461862578713042	0.22027091608213353	0.6763212419609291	5.0135558263959996e-05	306.037291912245
-389.01515312580966	0.30552639536122034	0.065067312879401	0.15185739729851233	0.3142436461336881	0.018518474297302828	291.8687841565218
-410.52387375134936	0.2157124907056539	0.040795453389761586	0.07798929017845337	0.14943042799919204	0.006110807227500609	301.4194206841645
-402.0248367165012	0.21504240267647404	0.040583127049262716	0.08243167278176204	0.3344313041324343	0.03663725082787573	305.443841592936
-409.9154830056307	0.21743580877310992	0.04276763299728313	0.082745283941512	0.139754662377758	0.0002249679372271161	302.96228622817847
-377.4548088820545	0.2884651418011161	0.05909625127588541	0.15651704238930542	0.5216631148034151	0.007830125447641485	302.5643976867369
-399.31375936607344	0.21014182194508932	0.042991947252738354	0.08894636983333078	0.32456097678996837	0.013559906206801713	310.64231065332956
-375.6496716869324	0.25661757034099464	0.05315701297224814	0.14314307653964956	0.634665503034956	0.002196282615030919	313.8303325011107
-423.5395600638647	0.4374271031771002	0.0606557025773158	0.561275467838353	0.7581355368356139	0.3198100086254191	294.77058952601067
-357.00816746840553	0.3240143026954234	0.05879198581920363	0.3585474470960193	0.9146829360632116	0.011926164815971198	328.9216201749913
-410.71043897968275	0.2982148818110926	0.05935819401653407	0.11597564762702109	0.08141757951011154	0.023915787943460474	284.38462222323255
-415.94942543847054	0.26964728088580564	0.050505287013474606	0.09495770253775998	0.032228996839419544	0.018293310977690807	287.7121132287691
-369.2365640998878	0.28766329754469505	0.05857759761676611	0.1797488546235416	0.695810704304312	0.002507577121751865	310.7091617287781
-365.52226786025653	0.20669250204002623	0.03922140774395973	0.1748422301226869	1.4641920355786315	0.0	370.392254691269
-364.2586923926625	0.3620039180264708	0.06932838955039966	0.27699376198812287	0.6551353148018336	0.03504516167712699	296.74316208462227
-355.4580140916388	0.36269093639373146	0.05921632464032089	0.5840320191602861	0.8893603122644341	0.026068888724231586	327.64877979147695
-371.6177283434821	0.44361723525514296	0.0881614016646268	0.3374414757450002	0.4682780247769125	0.05762579932646441	270.05345324893125
-404.4542814112959	0.21172667272975687	0.04142598918372598	0.08328419847476061	0.24087378294868647	0.000506096635003673	306.73759876856053
-356.9460300058964	0.27943807963971745	0.04951795773623841	0.3134932659669344	1.1134536151915526	0.0008953444004867136	354.0410106857134
-411.4173058294381	0.2616654946903768	0.05120189650431654	0.1000527350678081	0.0871535432534413	0.0345222314434287	292.48736051379404
-419.76682754188045	0.2517114309066531	0.047125653110694304	0.08983541277174659	0.08784047280577023	0.10677524163733235	292.45824572536935
-395.146616082324	0.2079026785721735	0.03948657648624986	0.08621034059175403	0.4660144098777369	0.01781703428222294	312.30998361474957
-387.0737028916298	0.29940891390744906	0.06666897841576912	0.15900256651070677	0.3409346976990598	0.023956952823368564	295.15145566700994
-516.9475555802128	0.3737168629008526	0.07938482691988488	0.25327231579241566	0.4594172410007169	0.49418075518605425	284.7956828316289
-358.80782689717	0.37090469059958664	0.06526463822475417	0.41343085029852894	0.796423444541075	0.0545584365459036	309.30508078504596
-377.1918371028969	0.31224902277735844	0.06883789745332373	0.17339558460308152	0.5159610367302393	0.02878652366421184	294.43089995428323
-377.2019681190901	0.3047570669903262	0.061572773251496085	0.163699258882096	0.5258385412246125	0.03984990587001833	297.856259928813
-355.928215216191	0.3177950286642646	0.05535614256630142	0.3952315768111125	0.9775225869830405	0.01788753775411609	339.2205040617095
-424.207332298666	0.2428097480025588	0.03673050019815136	0.06738232653010501	0.11199201370109761	0.08486178700120504	286.5309026381454
-363.68264319814284	0.3089668053826328	0.0636336180218665	0.25364363560110637	0.7302560468860009	0.003828329097930321	315.81635755824084
-359.2896127721656	0.36132339752214954	0.06748629137174741	0.38058133822386875	0.7446137440442907	0.031042751301408215	308.4303142948231
-389.3868257661287	0.2381800131937411	0.04961768648505634	0.1126802819295344	0.4158787434646158	0.011733882862232191	309.09942832548194
-393.3876512025231	0.3678880131926979	0.07445273100911576	0.1607585928127738	0.27302774486045106	0.04281058170309639	273.3333690263557
-397.69918032943986	0.2408027972939625	0.04748688546679399	0.09981011530664055	0.2987830509860409	0.020073705681886413	302.12898349569684
-363.4536472800544	0.41843654155141874	0.08095036763840924	0.4088828753821373	0.6520803159119986	0.07066172371044767	284.493859998888
-416.42289034858675	0.1530280311992301	0.029788885812311025	0.056273909519334094	0.1803210451837986	0.0	317.8919270721743
-355.03434548094793	0.29152687569190316	0.04985148422626784	0.4362685069989593	1.1321457198299578	0.0	366.0053538768479
-388.69493940491	0.441812086533407	0.08665281716210062	0.2126509645820102	0.33633328411485586	0.002690775713157096	261.30715433055315
-408.5355833614593	0.27331604033859114	0.05463818369381127	0.10525184686552554	0.11366152672151068	0.013121282863728156	289.58687329463544
-378.76727007768653	0.31846715846613405	0.06517644662196499	0.17542880649314596	0.48165312426765505	0.05742438700918202	294.51777167850184
-403.5354415441738	0.302224558677977	0.06192277621448346	0.12584057032205098	0.16060464100336203	0.04082891644306566	285.7784018495129
-356.7416975213782	0.2897983382037542	0.05139439657197863	0.3250626392437114	1.0869523624987822	0.008564185478068888	348.65813900842386
-413.557633937123	0.295490218925814	0.05584391583769599	0.11081011268561072	0.12507773345282355	0.10084640699050666	284.87837373611507
-354.44109929721714	0.2754961123068386	0.04458533647473101	0.482393443003497	1.2505042020107124	0.008007796724485221	391.1518044847071
-517.4044276441159	0.38517641845886674	0.07948084012378293	0.18149979515718523	0.1983940184169299	0.453011824659017	271.01390576891436
-363.72962757039824	0.3714964651794259	0.07207088653616675	0.35494227715622534	0.6260763437775132	0.024979152643469317	299.1100972107829
-354.5010625228739	0.29077781551171167	0.04792987075138944	0.47861890859164774	1.1578694874884279	0.008346412439252686	374.0977125930751
-391.6753992417831	0.31909101476952206	0.06575402953171842	0.14761707417148712	0.2814375735544055	0.02240726734144352	286.2596077923989
-411.45825959152774	0.26144723627622773	0.04898908099663969	0.0956147437660959	0.08845078188828939	0.010171092599988106	291.4593708191951
-408.49947356468033	0.29144787761348007	0.05920650528407426	0.11779895008699821	0.10563699721376385	0.00863668310912757	287.12288555928575
-379.44826171833256	0.41023321003858576	0.08418475187504239	0.24410596982723817	0.3830397411203621	0.047326717859794296	272.2423238140679
-400.34704901426284	0.2507377570181237	0.058491038333815346	0.12965407901508955	0.22973870548773587	0.0026906671484753187	306.32112293628535
