# /groups/rgutenk/lnt/software/anaconda3/envs/donni/bin/dadi-cli InferDM --fs input_fs/fs_027 --model split_mig --grids 40 50 60 --lbounds 1e-3 1e-3 1e-3 1e-3 0 --ubounds 1.1e2 1.1e2 3 12 0.5 --output inference/fs_027 --cpus 10 --force-convergence --delta-ll .001
# Log(likelihood)	nu1	nu2	T	m	misid	theta
-1653.7659915863067	9.804760833515651	8.055444087242352	0.8917271245970221	1.333922502107609	0.07747933602639794	1517.332105287668
-1605.3571536151458	4.22736656897427	16.122974411367622	0.8139613962940682	2.1758531698525214	0.09155346308176522	1667.903954658966
-1134.8507257485298	5.622416580659755	5.926088190432362	0.7839796904417914	3.21754762537215	0.07634393485687183	1807.1251070784235
-1460.5703669196403	3.840993848019303	8.05523965718515	0.6846308722276999	2.547740058458693	0.07559473130540231	1964.1936437474135
-845.2871223025592	5.7388601110027855	11.802993306566208	1.2882827861216568	2.8706193616073374	0.08087163878347131	1287.0822355848077
-873.7609789048793	5.5996948530702335	8.991679465187508	1.1522334774675147	3.803672123105396	0.06283934596841949	1414.2134703763195
-1364.423885913609	6.410116070672483	4.706997250109926	1.1507323918484746	1.9628155742258244	0.07756256807401507	1544.86683308986
-9013.025297395705	0.5785204674591335	0.6768497124838387	0.010044978237737293	0.10428865467904591	0.05111719403265452	5670.851629671432
-725.2328975302581	8.176217413869555	12.33460258437537	1.7297766090080462	3.421189392509391	0.08376597804274456	1020.0791015819183
-1619.5314734959884	9.334651116310733	10.955912733057032	0.8708295366715825	1.5818047722011865	0.08452817371914806	1491.0804270196204
-1412.5030107345353	18.51075416166589	9.304477219379185	1.56576665140596	1.5972752905338767	0.10315839949486712	1007.0817414623208
-2165.1245105366465	7.179478314997192	12.047812354570766	0.7016669916020308	1.119369809182553	0.08056587668816864	1715.4721929716225
-2854.70898079971	8.304883764591287	16.563771254110456	0.46780285763171864	1.1084464616214014	0.07509918621536923	2068.593092154044
-1260.9118153594213	4.860880747147663	9.34942295056926	1.0622493314661436	1.7450598642573776	0.07659166174541197	1506.8010553530764
-876.6952008969516	6.127937718516162	7.045824277774986	1.0057471345177804	4.594210541533684	0.0778061186061358	1537.8749635902252
-1453.1357656288114	5.05692066406732	11.936994106817908	0.8558974471578621	1.8287489278759386	0.08023293768754498	1620.710442284316
-951.9156709764308	18.947390325440495	16.498587474718132	3.0	4.6611125873722	0.09977776055183744	593.2017795831063
-785.8793821431674	6.0811724919808245	9.484964534119314	1.2713009572075884	3.6017970959778074	0.0828741275954235	1316.6060208487897
-3733.683464506188	7.470123448527153	18.287181177828646	0.206573208512404	0.12078153740998604	0.06434548319799457	3098.454884963108
-740.4162452441899	8.744824974830731	12.315263114650165	2.2021068244726214	2.3770615137491093	0.08343454272065057	891.1825097729981
-957.4358974069274	4.111476004294703	7.829939252530165	1.187823574231297	5.005640041434347	0.07966320337637024	1508.4547523955484
-3843.7325665215585	6.529044368007227	8.581782375441401	0.1715185685179613	0.20838447267846547	0.06720244234675331	3412.7395732542873
-905.4946656109289	5.666045815595759	20.449967374125876	1.3698082217829262	3.675133835521113	0.07332537339966201	1177.4556364660612
-855.4789075124036	10.774416335441108	5.498511671131292	1.2966152001401017	5.607211549308181	0.08182379328074024	1296.8255433473685
-4334.826486137207	4.938062280920272	5.55847004794612	0.14868308845705838	0.001438450538885214	0.06623969293979451	3685.8160235637242
-832.8590614992604	6.5792891948183785	6.805274574608975	1.1348408573936613	4.511615435046931	0.08124900867859472	1440.4078410867153
-709.437092363072	8.600074868981888	11.194337203278423	1.8719685334430258	3.8345344800418015	0.08317880536580835	980.1835162587479
-777.3029958166803	11.732717098295396	10.823840444935346	2.222219980173865	2.226478917800278	0.08208408715645919	858.0970456615502
-1215.4627881939336	7.011687810774907	6.523112586337133	0.9290427241376099	1.9691795631788365	0.07894006847367553	1595.0603948889102
-977.2768737883155	5.288855227605729	7.459960739148603	1.0267540682288563	2.789606008110365	0.07631288653540726	1555.3868039273189
-1274.7387913663117	4.670092987565418	10.346223607048536	0.7814621680606949	2.6296726533864496	0.07567964515674151	1742.932709806056
-799.5119751537136	6.391161513257444	8.257949947306088	1.6356231762459787	4.096890150194687	0.08225449257642847	1173.3869192345005
-1348.6749088700592	22.097640453829445	5.786868276963373	1.3157206575587033	2.5121537679982793	0.0808045141509518	1191.369764491899
-2250.1474405864374	13.162014504846061	13.321511920767655	0.850561133151606	1.1852566774920932	0.08273083190013329	1431.918913230051
-758.950411055012	9.482828910757407	9.201840725234637	1.509324116575388	8.605245327981446	0.08309773457633515	1078.7797727341665
-846.8538677136031	6.45710999531723	7.887058491875548	1.4896032296956454	2.641860449361712	0.08860322838767076	1243.1177749506094
-892.4646372210559	6.185313470893035	6.283175943186408	1.0475758252538263	4.082551544184059	0.07916164979666629	1534.9325984243546
-786.4694402901085	6.00869581956569	9.764037609441775	1.567561342212298	3.097969696337744	0.07584255785518851	1185.898423317042
-858.0748492822061	7.646308973951386	9.608725236580256	1.504722918362092	1.991731629941332	0.08220843304530451	1162.4637964008157
-1621.3049802412036	4.5136763661369415	8.941857449938144	0.6435798258576348	2.1118951025729813	0.08741757564736297	1953.1407707669687
-824.4325967913251	5.685042211647498	10.887623567020166	1.4654352582316623	2.632326466440036	0.08135349399266263	1222.0990237088258
-865.2838101744778	9.541750645160397	8.50938766755983	1.4415811499376563	2.282180506041789	0.08164861466635452	1166.8801317585956
-731.7682948409378	7.656927775532264	11.242309240916603	1.8279244182201189	2.7357640833764982	0.08246219068673084	1022.2491366110002
-895.7576807242506	5.872589522162185	9.587345936331953	1.2477525405363283	2.3955664773953105	0.08103932286603098	1340.0979682159607
-707.28481684273	7.921748818790117	12.1600079409695	1.8808825286778674	3.61651652228485	0.08359539730179533	982.6852347040325
-3764.877592049427	8.381363515915213	10.256311658306444	0.1893420557756587	0.0345204636977366	0.06557873311468201	3252.882208576281
-706.4020300748257	7.873339938275043	12.560290203649108	1.8927638701654004	3.7829832306737274	0.0838303466807577	974.712035811338
-3482.6171823604996	15.168250772719494	8.918244385137083	0.3048621957423434	0.615317964669169	0.07190762659227616	2582.780771733135
-752.5132163259785	12.025222476561245	9.103486731649953	2.0762746371231318	3.760326178841434	0.08383370716972727	906.2359217421141
-845.2173568849854	6.526059444325917	8.550680545875597	1.0568313413082528	5.422889153961497	0.0828771183078203	1439.5520548983877
-1156.301188932764	6.530594226077362	6.195936226740504	1.0108063359504016	2.0260755113477424	0.07821312309420016	1559.2871711009911
-722.6012095430821	6.469652762286887	12.710363797990077	1.7857505159697105	4.1241973051578045	0.08602683000658339	1045.502983138641
-716.5148852181305	7.047108410697864	12.995237736746684	1.8475506365752032	3.3574338014634098	0.08319397322706897	1008.7492284901872
-860.4153496296713	10.039369422794731	7.3440600815775845	1.823949150123136	2.3068006206817406	0.0879294941322036	1053.635988470417
-1083.2139334569067	5.5469369216042965	16.830481467438695	1.1999343491020182	2.392315948089347	0.08211885576104665	1293.4839472041347
-763.5225484552775	7.847420157965849	8.095073309996263	1.6626622373819342	3.3331064252025486	0.08437150556640208	1126.059238840971
-1019.7538685848149	7.557300101959088	12.056323501918678	1.2588719698216109	2.067090038562743	0.09502374272105081	1238.650927996413
-2010.1687442477914	7.518337532084523	5.505761641809866	0.6027638563762765	1.7364913082830007	0.04683325298695017	1999.1590485758577
-875.8668857272703	6.312213249858284	7.233062272369351	1.2066551844771296	2.847098905879265	0.07917886833355069	1401.7582937920793
-720.6915250267821	6.434087487617553	11.900728669045327	1.631525021770674	4.317328759865436	0.08312940283221819	1105.975591467697
-877.8515867058002	6.184197735451141	7.4496866012234175	1.2303291099516427	2.7355235406555685	0.08100784415727735	1387.4688897144003
-2044.6699551515449	7.298331875730624	6.199088400090146	0.5253718757451634	1.6581678018624741	0.07496136374397336	2114.877752876334
-2695.3217638238993	12.496951066882938	14.010691868021608	0.49175068521878484	1.937492819691443	0.09141285084714464	1972.8646278222218
-3775.49327957011	17.743546664413852	8.59742937658623	0.19258740561120066	0.023425964053415755	0.06957945818463601	3187.391846923056
-821.6405807234199	7.216781018149085	8.928886361856634	1.7670380103426715	2.314191538332384	0.08850059513783924	1096.228537255054
-706.4966856292324	7.734381056864938	12.646544105054776	1.8602319037364201	4.2229722632344355	0.08291248241192489	983.4921163666219
-1109.272256526147	9.838493361095724	7.5975947750115145	0.9375083631562565	3.526057189799299	0.07706737420482289	1481.1245169443127
-1442.8633004687736	8.55792169892198	6.168639733258157	0.8475556082016836	1.7785834744446534	0.08311950063802455	1640.2691991854897
-763.3047560066992	7.430835701535617	7.94350247984431	1.3274913202729417	5.1918663343915705	0.08072765073716913	1266.9354827525765
-717.1989554839051	9.303626832100015	10.38034189630801	1.9127929681475007	4.195167500662001	0.0845556811410917	963.9152014070344
-1789.82541604257	5.747925248944004	7.148953808996675	0.4637332382354221	3.083085608526513	0.07989403543216414	2264.0107661053726
-4197.828395815795	4.829596553570401	3.7587048400835186	0.22298745588084656	0.8623888645974364	0.036254703940957936	3272.1062430451643
-1183.6414527773309	5.6081697190594815	7.320593621326506	0.7373882693112925	3.2401886167603378	0.06989021610844673	1811.2530701303401
-4422.665545505201	4.354138812452559	10.946617614586962	0.23016660753708615	0.020929871169096333	0.05610316848757182	3088.515783164195
-1395.263720714889	9.7305324324508	6.808279546995108	0.9727713335693733	1.62257743898969	0.07637411067747456	1483.6348485569226
-970.8733347371975	11.567859403449951	12.548299120991372	1.6995151444323826	1.874559128140493	0.08000913704675384	974.5029741421594
-722.4919302710566	7.789309944140778	16.15192969354989	2.1898460487898714	3.100652892768545	0.08445999208773831	875.3249650548448
-884.8428434697671	5.314909869896284	9.821228325448415	1.2944168041596094	2.596790145478207	0.08040502860747838	1336.398487452362
-993.5940636935319	9.248072989231282	8.744736312418569	1.2843215952705915	1.9684269227196658	0.07277651947414962	1242.0818265672945
-745.7242564450511	8.639219264271942	16.830697764037648	1.9370187895031676	5.343625805742949	0.08605002521427996	893.5562991789315
-5434.453212997395	2.399241112639447	3.2662208133732222	0.10169356780396369	0.23935615699785792	0.05529741029121943	4285.044853786937
-1175.0504950456607	7.430942660329609	5.95572293541182	0.9190834654671409	2.2592675655860166	0.0794700086760909	1611.7273908031682
-2216.3314165082293	6.025559769170196	7.488051309757057	0.5799351161895985	1.2738029485783062	0.09829100639414597	2016.9682920181197
-741.5200384706545	7.05255760792206	10.111298153040899	1.668427386159063	2.9842534335450814	0.08339742976608915	1106.551588686867
-738.0908348458958	9.680399162500622	10.997434887729908	2.0848226361838886	2.528332414188383	0.08188347718046839	915.4833655699692
-709.3303901234812	7.444127900471068	12.9152389911868	1.8049369453907214	4.8483911659947925	0.08407788563058154	1000.2534831011241
-1897.4621780439193	5.682115558125249	17.90542392307385	0.5881645766761465	2.9666067849280577	0.07213100499023177	1886.157395304009
-859.5040446582163	7.963988829763303	6.5927329768246254	1.435854074708552	2.8021681051704657	0.08125560920914439	1257.7210635019756
-1135.8031252905869	8.971815149249945	8.992729129236816	1.0627915465150608	2.0229584586573908	0.07932693047189562	1374.4384583481267
-4105.565029075637	5.072094823723575	8.02296994671412	0.16432310515343634	0.010183521212537886	0.0691564591973654	3516.769014906
-851.02122211188	11.226077471634632	6.78694202173448	1.7605730968925004	2.7737510174170517	0.08209148965530808	1068.5911497481004
-3348.4035294184523	3.77117101890319	4.7690298109402525	0.46811264738942215	0.9798834480816059	0.06351311495494269	2460.5055008482245
-1701.844530550286	4.323577878587784	4.677722562591064	0.8293350918723731	1.9176075937884218	0.06887934459480459	1905.1347843473254
-710.3351190686479	7.511866420896285	12.317669347790046	1.7456883459461774	3.824739535762544	0.08345960010533271	1030.4271751620652
-843.2125737217348	8.259444508085332	9.31696818294114	1.2763858094403446	2.9503808433323977	0.08062556396481056	1251.7593007992887
-790.748786826258	6.735158648523676	8.64337050357158	1.3556793855425942	2.9966239457968604	0.08078793427256904	1270.9415086817924
-823.7420032057096	12.714489325951918	6.010183780736692	1.5923218178933496	5.322443761264932	0.08489525561765535	1120.7735646474298
-748.0593060584728	5.645349182285199	21.08076683150348	1.7682403244231677	4.779147508752143	0.08063801817081251	1020.5335474853955
-714.9969643579545	7.9220052924011695	12.104191745694955	1.7575643548209197	5.448949180244299	0.08529889762317422	1006.3226555734753
-707.9039163516268	7.904350171138532	11.679164866097514	1.7806541726300327	4.253255226477474	0.08399444642918819	1014.1804715548759
-2203.85100361459	8.254221889253653	15.838528836740801	0.6272686076314734	1.7134293749793372	0.06628889950739265	1762.2611844904113
-1180.9002095416267	5.664034996931932	4.85677123361696	0.883921090334768	2.9548031591305675	0.07549514643264264	1761.6767530006373
-4641.762054311538	3.273016453907485	4.328114188616256	0.23397944885402513	0.5288402362447105	0.06331312480644144	3274.4084958198814
-1108.6136051312749	4.910158529811474	6.593051677330027	1.0215872978846685	2.422029471366677	0.07831006850728855	1609.8506217657198
-1204.7796081279325	8.395675580338729	21.445523356193004	1.3400363136681521	3.740014785643015	0.06440233240357869	1098.4154354108607
-1073.0781522175746	6.714476245624817	5.896550212601286	0.9247718393636692	2.7278807245597596	0.080553215499843	1631.1264638967898
-2578.378626890465	8.625104325131481	2.89367022256085	0.5613771052358131	1.8608044394690693	0.07243088103478666	2223.12768725327
-1052.770276999313	9.173738735720907	10.70257811982966	1.9662371521568252	1.1720641615204486	0.08323401701601216	964.4798372130035
-920.8988798369601	4.047973794671413	28.627261932620858	1.633021617689899	4.0617364495840835	0.0792385230175308	1138.062926837489
-929.6315831904733	4.902548826603531	7.683805208040636	1.0275569831131186	3.5219241393331253	0.07580621219623479	1567.104101735439
-1182.6372196278285	8.65282661144029	6.556844436892416	1.4843782985034402	1.480558144176925	0.08216867866826374	1226.0103815194527
-781.0654049625209	7.532863396755209	9.444927823804814	1.7028166388395547	2.3918474596943806	0.08448648619641894	1096.1385943802677
-971.1148902457633	5.180039041196095	10.232826150550947	1.6686858795141206	2.1490109320207997	0.08711069913856594	1182.3252404427417
-806.2923482265451	9.539856784695832	10.786726826469119	1.7706691722636332	2.0606224068188204	0.08485748024560975	1006.9467139205041
-2350.8216759291395	4.644850950884646	6.13941123833474	0.4372828502509893	1.624243451639896	0.06412138672046742	2410.8155152894656
-836.6555629773318	13.375351996003205	8.927355208354982	2.3784868942505515	2.199632655542977	0.08525151545447655	841.4197681556575
-1008.8884114877375	8.047719579068005	6.332388961300577	0.8725311886078287	5.139474294058257	0.07859881732360743	1610.4613091439624
-999.6556046206342	7.094863887743933	9.312683276495513	1.1268130503172853	2.10932534909126	0.08129990582277258	1372.6521019664028
-1253.8240686328493	7.549141765984521	16.809795608887868	1.1715298082853878	2.0499555574582384	0.07930637388237119	1242.3118358190331
-1850.9396852426298	10.634791841356883	13.72065994416583	0.7858640683440117	2.3373860758388996	0.07569848459983723	1524.0848150374973
-1597.6573589775207	3.9240891185999964	9.50571852076912	0.7577987282992213	1.934879970812226	0.0766594055172202	1833.5037316813768
-797.4988857827509	6.661114613734399	11.082149834065177	1.325565250706344	3.1659264548364447	0.08052201353315643	1241.8037597173836
-902.9328807123544	7.797243953112552	7.236953397600145	1.238698501512612	2.6663336045693193	0.06724705665340525	1336.37093695393
-827.025910731491	12.571691856973624	10.170356502681466	2.1748467002887266	1.9512075744656616	0.08434408506708369	869.4616424711907
-834.8542265356543	12.322864961271295	9.743501656908748	2.1134178953812843	1.9332552300672625	0.08384028112693735	893.301752622329
-706.1195942460104	7.872489827719656	12.552517536491486	1.8835525606591204	3.984662254616632	0.08361089949931987	976.0026690068496
-3747.0351040209657	12.913447537165405	8.93729295523941	0.19771605343281298	0.03034638284370642	0.06869112016487676	3171.6252280385324
-6228.6764101035305	1.7319012051754195	2.2206308745377354	0.09135365736730139	0.564525494806608	0.06352595596968731	4524.245754788655
-2402.801041259664	7.635622046071264	9.075570246317135	0.4019944763440628	1.8416959564244277	0.08212027696339057	2328.4783666767694
-1722.8863463851415	8.611202469842862	7.046953639144782	0.6145098060558274	2.151775967058284	0.08863307159761155	1899.0328279665289
-2246.246025982672	15.583346405302695	5.9945238007507395	0.655459154453942	1.5798293721222456	0.074474276414361	1782.2710340059245
-3147.1069264251255	4.404525856225249	7.313444576816367	0.34700067814501795	1.0277972526977208	0.06425777663394698	2643.492833965264
-1698.6280246349197	13.86133407978388	18.77683353917178	1.5268207433875274	1.252770497080073	0.08022634380964799	961.9222993969563
-1057.856764779536	6.72233314296882	7.194936941810206	0.841848647190155	3.9530126180738225	0.06529220226792144	1655.1493992601627
-2733.6600917777864	7.143727683865134	5.320968840730628	0.4265456268300465	1.184432797999105	0.06847488174465013	2373.7422555889466
-1036.2465100743343	11.25935886412297	5.400269918848842	1.9492900558189878	2.9124385730604163	0.08412405735054879	1069.79304972119
-837.4637656815034	8.015664046617363	8.665414763983135	1.569139065487511	2.1087517149070463	0.0813645765239999	1147.2538310370112
-935.2929799223305	4.102029432237374	8.263711771064687	1.030628868975222	5.793004834176572	0.07612925717442365	1595.9358424368775
-1016.2215832816123	6.828510452150607	6.811601366611415	0.8836014434177333	3.4084864459607664	0.0792844485987832	1626.3133343597904
-5799.038694829687	2.5877096060766185	2.3505835493908798	0.12614937536117193	0.6070202299261801	0.1135709312050965	4130.56072741967
-2315.0699924725986	13.758102743252444	8.592009120813604	0.6050907794271833	1.9420641093390323	0.04731063348183495	1807.6915297769187
-763.0141377287422	5.331520585597804	14.981039110751272	1.392275273383937	5.729041696354596	0.08614679552788568	1210.1784994921866
-801.3917595357221	13.09972279096396	9.540941131158306	2.2548175430249078	2.3513044106957337	0.08441010727971965	855.5851472230435
-1158.08066957061	24.131257645486514	7.8361618857576945	1.418056239749194	4.99305122790181	0.08871720287662012	1058.4073259836491
-743.2934796920681	5.79941193319174	13.673117572544388	1.4726413909384808	6.75975399432099	0.0857746495409069	1157.0711240232397
-727.6067699006963	6.483815324373333	13.866771217234897	1.5597454403681168	6.032978974807096	0.08103816942812854	1096.6372735806228
-910.8093923101515	7.968220567482746	15.106772683243953	1.3130369674459577	5.501372996094117	0.08069376203920796	1150.2737272338793
-801.8660883465607	6.248459523622674	9.532114098320156	1.176801286624676	4.205912976619953	0.08177974100109918	1358.5886217916934
-804.1964165342664	13.244775168996616	9.064446765121481	2.015587451350605	2.635055613396079	0.08328720558506685	914.775911893942
-4640.6273526242385	3.778022444984857	4.234160123877134	0.1758066174686191	0.47773383422936117	0.10935312906192267	3570.125903361241
-948.8752706312921	5.325779886680362	15.791639861885631	1.3384596252616614	2.5514077479287023	0.08094677541747713	1239.1287754964412
-3622.8065148558344	10.262466369796599	8.18412337801026	0.19547114148495404	0.6633251105802906	0.049961334698714895	3201.209848375451
-4336.7326799965285	5.645926498750703	4.359908108248948	0.17217307402952362	0.22884854119558873	0.06056890098979798	3519.8509438650135
-2668.615538959833	5.5117363622554425	7.642152005842469	0.3528167626329783	1.4820993212931688	0.08483686368026007	2567.694281036401
-810.3764551217512	5.609633256884949	7.944295541609089	1.1952867497369593	5.2152352564965225	0.08200016652146343	1406.292916363142
-1002.1086218733526	4.99299330569254	9.07124802823161	1.1759107636298751	2.299826742550413	0.07968227912904971	1433.5332851658106
-4134.042916727606	6.6770358602965025	5.504190138084239	0.14892143181922388	0.10534760314210351	0.06644565930459732	3638.3683426666594
-1905.339109489981	9.13138508244707	10.26466812996982	0.6591759456484362	1.8330749893146563	0.05993130994250572	1754.2128180569925
-3646.3326602830034	8.680916748092496	19.593711633061353	0.21115675536036935	0.2855585035489606	0.07027045194363965	3046.903428318344
-1095.7781233928322	9.562954580458065	10.991356879219003	1.4854299430359228	1.6598944885486495	0.1117716814443612	1104.961317479115
-722.6186205197903	6.453275933875008	17.804561296697376	1.9262174085832222	4.501545761188604	0.08326015809543813	960.3471311566277
-1204.7406440777922	15.008391330464374	8.076684353861427	2.0826540947439804	1.2284625129697024	0.08290527236931097	907.881451336834
-1517.2067494962582	6.761204728717581	9.40960219267206	0.8361217481948742	1.5264422907108144	0.07898747009747341	1613.3788869935
-757.7921387423808	6.46140425420886	8.845971919922508	1.3344867591212535	4.403120844455572	0.08193061442335393	1279.0434983159062
-891.1765400982998	5.91018890453439	6.615812442071966	1.0877916719327911	3.5836428656591632	0.08083055087247268	1508.7147927366036
-795.0072269087652	6.00637037464418	9.391815467253336	1.2612844435720418	3.4554136210712585	0.08085321483154605	1327.4678019027965
-766.720487507596	8.55807709845832	8.764971381084317	1.4821470811667141	3.097114816938217	0.08130340124284352	1160.8426619378329
-2375.030346386671	11.954090261111629	10.715794012599005	0.6859228241083909	1.1286195380106254	0.08427549085180716	1669.787035252561
-795.9076029673035	8.939363576346127	6.51004767917913	1.3827744680506375	5.402723064478356	0.08449052179587721	1246.1229956651596
-915.2502971476581	12.449249092505411	10.395829111638012	1.78311615464495	1.8983123879928798	0.08138068121839774	966.6143468417667
-804.2263457605471	7.494366743344614	6.645629429315553	1.2662934282249374	5.160426123025464	0.08068877267680911	1336.7116459218796
-765.2434568329829	8.213080173484828	10.59570049216731	1.8598322687570887	2.2626996947709186	0.08737017773607908	1011.1731910485994
-1098.9086932327175	4.593263623411089	7.656380838884008	0.9806349108385924	2.5266566933486336	0.07456362209680165	1624.1839404622403
-1594.9184944941383	15.029310194886635	10.600637649832288	1.273037883617483	1.3162283576929599	0.07166039436807799	1140.842014976668
-709.4924714647253	8.292705955409442	11.21063964877429	1.7972536508727692	4.253543421896683	0.08227073066339123	1005.8375482365325
-1745.0588038016053	10.955605618154395	9.92886083623521	0.7477511891517821	2.078276200234216	0.07743732698744914	1611.9357626680078
-880.5322870007451	6.654412731670733	6.161868511373818	1.2883822085326393	3.435093134940713	0.08122623019584982	1380.9002815712167
-768.8905386466829	9.355038937753232	13.173701681804863	2.08366840427936	2.0812128987451457	0.08553164723089417	896.6548612456172
-1178.3322948224777	5.674762311699912	10.502741877802178	1.0862419203249412	1.7507886177051308	0.07794859632224505	1429.040596280106
-853.7342805890198	10.728742812099558	5.664298600792335	1.5424809280767695	4.609615344780771	0.08335144595531534	1186.2635828061773
-1514.1733020297452	9.65579273995173	3.4665521092925737	0.606895513749849	5.164417324434292	0.07595341199159894	2073.41785187192
-1260.5004261892966	4.175793619565717	6.050832367552022	1.0279470147369973	2.439749225224935	0.08044910206863524	1676.1600059330408
-717.1174156453974	8.22714400996418	10.692877978200444	1.6979407461915197	3.662165830935435	0.08549739151709414	1050.396642548564
-2440.9303621493777	4.42965094681199	11.52653028617962	0.4116397635664777	1.7651325641229048	0.07534523099880659	2377.4239369642532
-2004.979551960345	7.329033974542117	8.138547352088638	0.812735548864893	1.033769065801063	0.06692421939514337	1648.3775234341626
-1263.2817509173587	4.444617004217179	6.190150851495971	0.7927317573034016	2.639967692837505	0.07809576301568605	1854.0019963541872
-833.9197426212261	9.825904040993086	5.751200935314279	1.304354335741674	6.930920092900062	0.0815182184180177	1287.9405786024056
-3422.6122723239246	15.523867753806666	12.268790825023167	0.3103791468640666	0.8604868957021842	0.05402113422515657	2522.2036806283622
-741.3648696107523	7.361907740198006	9.213605028581261	1.5793624991621975	3.22992074474315	0.08247037404002718	1144.1781580964703
-4146.91328793395	9.624268094680422	2.192764434505429	0.23299090007458373	1.6873777279578077	0.05700220851070595	3249.555832462855
-1884.472202271954	10.483741439695084	10.394104364274252	0.8159046691804661	1.3258177661060062	0.07355794779092698	1536.0608431469434
-1726.8715264714474	8.39088792958825	10.321086639112458	0.6387547189077534	2.462129626084675	0.08088867131447701	1796.85955729357
-1835.7698850718625	13.556028025476005	3.213362388442167	1.1695223195314044	2.2484031987360895	0.07935344494303893	1497.4768571056386
-3009.964367405103	4.450235706753924	6.137110663331609	0.3101276448241035	1.326030046264193	0.07166343248257183	2803.3605431519295
-711.9571103387798	7.730215935027532	14.580499806270385	2.0678328433493545	3.445098571750384	0.08393707657458416	915.2471043329847
-1110.7162026797723	6.121591072567166	20.069934475515765	1.7662863194694314	1.597497285645174	0.08237472814236463	1011.3918053485904
-851.8364192316096	6.095110467050278	7.197689400215751	1.0993918700427974	5.445992390569273	0.06898028873000295	1463.921225317113
-816.7420692650638	9.509093941605107	7.779207568997228	1.294445881100147	4.108468257975869	0.08198189001084437	1244.8213461555185
-881.8008860969337	4.966026763850911	13.192747464644896	1.317589902680814	2.9985051999997947	0.07372568764304856	1292.86459655424
-1214.4052183985677	10.592198615388988	3.917951043604742	0.8321982789495678	4.886817322142373	0.07293326578434839	1735.960315853222
-3435.775912883434	7.391819812442468	14.261016610275114	0.3047652652163605	0.5911563618529763	0.07147509880639037	2614.0740386139582
-3510.9707551873526	18.035886335239244	6.254042200408066	0.2586471578578345	0.8915640127409848	0.0744430291330582	2828.5555951506612
-712.4061014503045	8.213458547371058	10.571748040678482	1.7287364941424674	4.429846432100008	0.08345198911448405	1037.4689255953656
-733.7665915863249	8.315483027766971	9.063087026275783	1.735368668717454	3.366729148041367	0.08608887831507839	1067.6788010794753
-903.7025027948243	6.83884336723529	8.069651351656226	1.3593668438449853	2.12323329892601	0.0831098870696687	1283.3078516193907
-1781.4324006887716	9.038439006232588	5.297485886987841	0.6211237422716898	2.0087426396886587	0.07677995624184529	1943.706760235318
-798.7658161811643	6.053674539848002	8.98780745493702	1.1819340646823302	4.152678574761475	0.08008668177123554	1374.818575198013
-799.5780760870468	7.976364643085707	9.942641618226682	1.511841815909168	2.3888390460267495	0.08493864518656907	1143.1134454421683
-858.4057535036607	8.20460310878554	7.068169472446235	1.0884059697806985	5.436740047326388	0.08498235219283261	1407.3453038783211
-850.3340524692069	9.347338641847244	8.405493043281835	2.057156679058996	2.0646625871978888	0.08311765507715352	978.9697355898611
-770.7922595887296	8.963380231716542	7.72184402203031	1.6232852159803344	3.194898343860568	0.08482997866888464	1123.5202577241469
-1127.4037585283877	11.404864399414068	8.961143864667395	1.2689914793647101	1.8640587198756355	0.08690406659290949	1209.6647659614616
-936.8158812265455	5.334912075890395	8.260500121549313	0.8837614830113676	7.394051337732982	0.07679918785501598	1627.1776115804366
-879.2793073772114	6.571348543276214	7.692121673704563	1.1324318737599868	2.89524208061865	0.08224902656992214	1422.2750158703159
-1182.590651718847	5.83677958235517	6.26066020316145	1.030568747846557	1.9928596892291928	0.07303481766340744	1570.3958236372669
-4250.353136066103	4.988688324738721	4.471447775797778	0.12822803264089733	0.8141687585995906	0.05946133852423792	3871.699654712645
-5125.099127827324	2.366800092381259	4.704316700061737	0.10393722138509912	0.3009747660260092	0.06827419065928163	4211.050243881566
-903.6887429557783	14.8972941325624	7.955771715843525	2.258698937702085	2.11005167345195	0.08449201668371166	871.8767270222949
-740.8262095036716	8.166947052281701	9.05315693956456	1.7024624324070365	3.070209323040378	0.08095001060944898	1083.8629027428497
-772.672507077175	6.834355925672875	8.64054226684707	1.438608446415601	3.0983856675194903	0.08175291240465073	1229.9461438668277
-716.0250790345744	7.677551709870363	13.25797815435443	1.826239921177339	5.7503325732046	0.08373595550486648	976.3625661989369
-874.6829251280695	5.939243152647545	10.250801063019951	1.3027893251485672	2.4065104605415297	0.08096927410620801	1296.4564672425888
-708.3079456814486	7.432494271567758	12.693163523455086	1.797349643576186	4.636236217611555	0.08356503660725674	1006.944320657432
-739.3155239518085	5.90572695665939	16.957412336105232	1.5447018959400762	6.96102214105199	0.08269240449269365	1094.6662790479638
-818.126155813967	17.473057397635007	8.448779225834212	1.7577259350653538	10.103692120312134	0.08518846686534269	901.801821005398
-785.0133027298712	14.872675482709637	8.837755196044267	2.0070667562328905	7.79135022458716	0.08555592087309792	863.0214447971749
