# /groups/rgutenk/lnt/software/anaconda3/envs/donni/bin/dadi-cli InferDM --fs input_fs/fs_049 --model split_mig --grids 40 50 60 --lbounds 1e-3 1e-3 1e-3 1e-3 0 --ubounds 1.1e2 1.1e2 3 12 0.5 --output inference/fs_049 --cpus 10 --force-convergence --delta-ll .001
# Log(likelihood)	nu1	nu2	T	m	misid	theta
-698.6110211053152	0.22784782494197314	2.1525422385432256	0.24981314635644947	0.5910421649384663	0.018886543634164484	420.0157698960075
-701.5952961075427	0.17130290072705207	1.9572200974713878	0.15281936445293157	0.520430950093832	0.015284561589713037	466.02061432995333
-687.6398064429397	0.16460996653142068	1.4775504154036019	0.16563209095621467	0.7797530510969028	0.012032548633109897	484.93720596226876
-740.3601277274367	0.10354931048267943	1.1329604671638673	0.07166711091986845	0.017055517083019264	0.006981505071552943	539.3790060162385
-706.6639806447581	0.15708640125785683	1.4052544076794915	0.1348519793072195	0.48113362670196713	0.01371534020480163	496.6563508611896
-703.4608511176108	0.1802111855235106	1.7942496314164922	0.15548926489814247	0.4758263071786879	0.01805578294714352	468.38604028767304
-664.2290500777599	0.15829450195313047	1.4904226101355047	0.25519602458443014	1.4251914233959357	0.01616441768944707	474.3552408916685
-663.3853201661539	0.21079915807543959	1.3992497434285016	0.4734096701020979	1.1999629278933293	0.014725554168820898	439.1692650024022
-667.2662398211212	0.17625609327255234	1.331781144795746	0.2694992006241347	1.2230874829987	0.009469636453000084	476.64869665527635
-730.1556521006192	0.11512984945042683	1.421070434830702	0.0821393580648848	0.09865930660216066	0.00751976199698023	520.9481912280442
-738.9899435582931	0.08794962208362851	1.9115559641441702	0.06114149201266231	0.07710920661663767	0.012858049077613589	524.6757422206974
-732.8165341099673	0.11511354566802265	1.183025447951603	0.08259332103406555	0.1379819102695429	0.008345323913717718	531.3199531871593
-730.6087019615763	0.13192622197744128	1.7828292613422414	0.09386362188411562	0.03606748275482372	0.013732723682719314	500.4801410173021
-767.4954163735895	0.0717544584312027	0.6864792489324125	0.04766999156999637	0.0902928411396557	0.0	581.0748100884576
-731.1579107738571	0.09614989893292854	1.6817602251218817	0.06857933163527205	0.18633278751630297	0.009716562494890257	523.9101035200492
-705.4908902009106	0.1817542108654133	1.942970803829681	0.16049573826781954	0.4483558126019095	0.018066285033832095	461.2190599411847
-710.8806814581585	0.20998258858686075	2.6657786895835507	0.20450146601088387	0.5301070492935246	0.02371031765708324	422.4117305508065
-715.7776522944225	0.14213315045452296	1.646521368655728	0.1103508449709944	0.29975337168121846	0.013000916172798551	496.8209585565442
-724.822123620962	0.11673665696184049	1.6636827987113496	0.08518023946034295	0.186185102202955	0.013885800157812885	511.7970830743979
-658.5627009897869	0.16456336130621563	1.3145154754333583	0.4555041282373816	1.592350118596862	0.012565912674354255	470.933581584475
-737.8412538803044	0.10374515999946436	1.1217723508804383	0.07285940800324023	0.08450570234583538	0.007815516558299762	539.849493772347
-767.738667376498	0.06287712525162999	0.6991100973964697	0.042794525121594325	0.08506309315596808	0.0008811093079412915	582.524555789871
-746.9868363926907	0.08876407292445797	0.9922405052027324	0.06269967758257372	0.04832768416041647	0.017315563041316113	553.4681736817357
-668.2710980374832	0.1613114929690327	1.53347339094296	0.21933255551474412	1.3552532787802112	0.01518535030753878	475.7292880283143
-698.1100667048738	0.14229130958424693	2.4691267736358635	0.1440398761786251	0.9358508308038576	0.014096259258579434	465.36714137255325
-683.6899951963929	0.1779263907029142	1.766332203793781	0.19082239212961818	0.8099961580686198	0.019264624121847866	461.8516326301652
-666.8219619761074	0.1699908787105908	1.4380464464800493	0.23996855733421432	1.2845050000442082	0.011646733372308055	475.24748053244105
-730.4555030010893	0.11329174653311279	1.2230436628945376	0.0816097060400531	0.18314863257915728	0.0025096507041960092	530.2596698869564
-792.285415727273	0.03681247648984118	0.5966945069664384	0.02515162968695454	0.05532737356169817	0.0022177546666604215	594.8757791837509
-725.5345773596632	0.13293991306263958	1.8524667735370284	0.09856980744384332	0.13213506715327544	0.01359257077637589	496.7738943857164
-1276.702858539562	0.14527600379242664	3.5551593581762564	0.10817618583906638	0.1906269625173584	0.42742150900107334	464.031336244843
-760.8262132786407	0.06767237143300599	0.7288199399873291	0.04741146775216575	0.22779719271486795	0.0005858859781275547	579.6199899187073
-730.6725112227053	0.14362550061442958	1.5045068335271292	0.10208010775077148	0.07148072757005748	0.010362808932280709	503.5193395273753
-763.7666952629709	0.07842979181279139	0.7133094232093953	0.05395747138925094	0.0956978179172271	0.005249726918127831	577.5859507004271
-734.0576824284026	0.11223549546996937	1.2669546669498837	0.0804157737800586	0.10005882341738695	0.02173232717896049	528.5904688898587
-667.6208422769082	0.18935053965643658	1.6350489897803426	0.2822602696647023	1.1158120544378838	0.01721322597445581	449.10585249436946
-1302.501883520631	0.10976063686620433	0.7308011398611316	0.07536294315624814	0.023269664596983514	0.42709349890404047	566.7914893653372
-1010.3093095944022	0.13513322063143562	1.7452309172289873	0.22398784496562202	1.7507657236107896	0.3183706903937711	475.31677238097996
-709.8643743958314	0.16065809320025412	1.5085267561275821	0.13505391783707854	0.407287198304511	0.009500092729457899	490.3678826575305
-856.7335626866762	0.014054084118858568	0.18574092338924253	0.00896940722716678	0.1688288561968201	0.0	631.4177233942407
-737.6314995807638	0.10788160277961724	1.2733912968397576	0.07574853935917084	0.001	0.01475492079682105	530.5448010604914
-718.258554347118	0.16771140075384652	1.719751540567568	0.13196137029727756	0.2567441717847458	0.016575482226484497	480.51840964263374
-717.7860049387327	0.14234868173385773	1.5914457021111066	0.10946760873415373	0.26851284880256027	0.01214097381713887	498.8909089170325
-782.2340230597174	0.06017671231359727	0.5711377006477637	0.04069475565960192	0.016746968520663777	0.000879858408272917	595.1979931834463
-663.0282231384806	0.18256062247830362	1.5783250067803563	0.32782406608607384	1.3095538305698577	0.011828765578352766	449.8709184602774
-729.3379148400134	0.13241672494592396	1.8480875709520892	0.09437233996068642	0.059853657329136195	0.013356062340845406	498.51305683733875
-683.8072036149159	0.2065821034263719	2.0306018749966492	0.25099592553882627	0.8078514390628418	0.021077243186898156	429.94065082389494
-730.4373930168535	0.1419932600499864	1.7786261572527784	0.10015776458324553	0.04386026077676391	0.015701060438317854	495.5592761771052
-998.214187965383	0.15114899434005638	1.2042895150795743	0.10702289363803773	0.09777080178930982	0.27571764342975885	514.2755484281852
-761.0424844887968	0.06999549485254075	0.6702813080208835	0.050490790691220595	0.4487008892679326	0.008766677669859646	585.4100797929582
-750.0936026885831	0.07493436909673408	0.8076670437946829	0.05534386636067787	0.3367840518811763	0.0006998099855164311	572.0484538382769
-751.7019416234905	0.08612891074095139	0.8580940801219352	0.0657889771497349	0.15526099015610678	0.0	564.0198655794427
-691.2148623342009	0.18786312064205166	1.6813207772083356	0.1980526850029718	0.6581412125066682	0.02303382741802756	460.51714823591743
-764.8131045521918	0.07573609695690639	0.6945763985276098	0.05569343565394479	0.17702533396959547	0.008746856302262464	581.4897122697439
-715.4182107790856	0.1609779564888383	1.6546477633762038	0.12859489974018845	0.29864605393987287	0.013152192093977281	485.75730555464463
-664.0330762429609	0.17930115114773412	1.5286203091695878	0.31684529292457214	1.2212269197996195	0.018483268106371926	454.70218341210455
-1081.9356859523714	0.0918472532507231	9.713673179331364	0.07126999222182373	0.538927571943126	0.31212411181261346	486.85508518982584
-703.7905461297461	0.16847863698795384	1.7003897603519171	0.14274220749417377	0.48152341067261556	0.011583186744302197	478.563127419216
-677.1725081164517	0.20837104357213843	1.7699505974639105	0.29354660394398874	0.8738923641974305	0.024396338186741584	432.8333743623508
-717.3869875023152	0.12609763406557878	1.662339611493068	0.09580447327686348	0.3161956113643783	0.015800767927469487	505.74503905192904
-729.345255579992	0.13951790244703635	1.3286039290386469	0.10299972518486032	0.15061062248452703	0.019440940407430506	512.1231824279963
-838.2143881631305	0.026182395029691736	0.29469616717163427	0.01651478083120185	0.10508695699633781	0.023259932440152883	623.55229258296
-728.6743229017679	0.1394297672959038	1.4513041035890766	0.10201231192963588	0.11225655221872358	0.01102993886857023	506.8848120338894
-710.1757029506263	0.15672512453789295	1.8730046823651068	0.12851654529490023	0.3822758792705947	0.014232878860423495	479.8142583997357
-689.4458880812122	0.195286854780194	1.7566581613242394	0.19308170246030357	0.7038388009141723	0.013404309866119388	457.0051914878032
-719.7836704963842	0.15733681829262916	2.1377733192127164	0.12080348672845115	0.24903026298158792	0.01552739199426004	475.1295229453689
-731.291943755064	0.12885554183985762	1.7334540149471989	0.09060609996308534	0.02343111603472389	0.01311071057227713	503.89128744746114
-689.6122025255772	0.18352451893387584	1.6091200992320407	0.1886219253230484	0.6865243718592889	0.01813406174627426	467.46422497363807
-724.1051628754269	0.11578334300015694	1.4175380230180592	0.08588303076668535	0.22755136072858603	0.012324003439207639	520.1666637403008
-742.7488010727441	0.11303943825018332	1.051302637962725	0.07848526582413724	0.038641762431791356	0.010258903474414124	539.718016467679
-760.5215096114637	0.1723470868260835	5.927046000006636	0.1888285047882674	0.8527783106513185	0.03674530563121523	404.52974900281436
-740.4749625678165	0.15244206277773167	1.1543652996754776	0.11198490372305672	0.14380492922806054	0.0	516.038970558287
-734.3249676876865	0.11146865294924653	1.38265938125219	0.07845716446189656	0.022596579037333538	0.009935276956794182	524.3778029548382
-671.237279303933	0.1499242046305297	1.5399785540839912	0.20672134465006572	1.225067544511721	0.010857484831304968	480.0605779689142
-724.3078801055723	0.13211156201678648	1.5387040774891354	0.09645774475344374	0.1703338328947368	0.008812410185550625	507.48362899148964
-738.5301570022366	0.10793778615052747	1.3497174233081892	0.07189058475736074	0.08056036489942983	0.0295420340797143	528.7020626725547
-766.9807452403747	0.059486860749300645	0.7424490770664537	0.04038995190106099	0.06171092685415051	8.651276295964665e-05	579.943956528821
-759.763843323351	0.07707293987936593	0.7727170452089809	0.052812278298899826	0.0510413583106209	0.002106989144107536	572.6640443510544
-677.7870842899862	0.16646981783048384	1.5695181821050372	0.18730350542213864	0.975733894837402	0.01860251040822853	475.86981732215173
-704.9845750062416	0.16724799990417524	1.2533328548750406	0.15952205379104262	0.5932044497676936	0.02098261931930991	498.0679891717023
-684.6566297806818	0.15395847830546996	1.7758251319388492	0.15900914826053328	0.9066193392155807	0.013854031703181238	476.64836527250645
-1347.1575754959872	0.142640962948029	1.0821182299656122	0.11677385752016892	0.5533787085055879	0.4722805945795549	524.5000784845059
-658.4432252254917	0.20011090488614797	1.4483335972718305	1.1682269565991754	1.31527878786098	0.019203724044012726	408.62081551038835
-732.7640889780237	0.1247199898408986	1.5801571651621427	0.08731617577090396	0.02672240053039189	0.0030063393431439527	510.8253914834477
-722.0914551283261	0.142688696115449	1.9309627478795048	0.10663097999700191	0.1931063719008046	0.01677116182424633	489.23883331788875
-745.1548790187376	0.09130699068890026	1.0217539451232676	0.06278310922014152	0.026349011471434213	0.003708408676527675	550.7399566475887
-725.5507918583926	0.11644897253984296	1.6259339200519445	0.08660325337021116	0.16661646319120024	0.013715744515691084	512.4152294690298
-737.0435176376993	0.10584639067905251	1.1790797514977014	0.07426664940887032	0.06501308491797916	0.0041599320529377036	535.973995246343
-1099.3343306837298	0.005738216397181328	0.2253249420307082	0.0035090136665781504	0.0267512862395255	0.2426739700398942	604.501774948805
-1023.6518260782686	0.12274226678575356	2.0934126755033335	0.10640485446266781	0.9388102129229793	0.3097733260401452	493.6423019653283
-658.0063011455997	0.17069541560817278	1.311698361417811	0.5773695559930763	1.5517153544208646	0.013003757073142726	461.9408433683994
-719.3569407468096	0.20017480894557038	1.6767202430835069	0.14514532237984848	0.3626937606426345	0.014478510564923271	471.13775095959033
-730.1267979392428	0.12839264970759384	1.7442656396895586	0.09099281375481573	0.045741279433055664	0.011519569533204497	503.6277538698676
-725.6281827163156	0.13592311103783983	2.0309078444831394	0.1006273341882608	0.14080526867795545	0.014683349156795403	490.8761734932465
-724.6014837472931	0.14224908113060225	1.7785167269068898	0.10476831892653726	0.14218582851857928	0.014627522730278113	494.04551120034455
-764.7458770392165	0.07538387799847315	0.6868940096236996	0.053174649838861866	0.18032739737430814	0.009220303679518864	581.5299475576097
-819.509914718361	0.03524065930035083	0.3493997797368768	0.023161630253451658	0.059188870527165476	0.00011871290723367281	621.8246452893881
-660.6233651627233	0.15241879022240748	1.3037493505418003	0.33507593598660734	1.6873583896404274	0.010817611630733462	486.08161873340066
-747.7480594872131	0.09108027120163126	0.9733450714748729	0.06195839447878757	0.009272581793651391	0.007292201611549677	553.6084287917246
-736.2904034096088	0.11619426153666705	1.3346361938534181	0.07928958186440675	0.001	0.005129082828691249	524.4969381507893
-678.3565506017087	0.17880127399005485	1.9008880720678338	0.2110132072499582	1.0016772383217185	0.012567835076876662	452.36522782019534
-739.8123575140562	0.11511893606288767	1.1494339826098325	0.08305620738431682	0.040273318833721324	0.016609996864228427	532.7254046777044
-694.9783620556675	0.1474604780419996	1.946532202230401	0.14086344316549596	1.2797905514674435	0.020024236656864362	480.05930502479396
-720.1763806079318	0.1319359020438928	2.147331603185055	0.1006400447535177	0.28035536875692924	0.01156098945908388	489.87404608290564
-695.5714187066997	0.17186671065212988	1.609937707125228	0.15027884887908935	0.6673525353711739	0.018914547314437185	480.0532763252822
-773.4904330371598	0.0641094917324839	0.6449402360878462	0.043510164760338386	0.09846371757053551	0.01404825336593966	587.0937211039552
-670.086472001942	0.14262129136913118	1.2495217301577373	0.2003053220124314	1.5688413977844688	0.0022760001292140646	505.93057743633017
-666.4387255668804	0.1526063176737965	1.5017494419126747	0.23534410508688752	1.3698708086600075	0.010287358239742321	477.8795240874187
-1146.9499625073186	0.13716149920379614	2.2060731253455734	0.1073954035553499	0.3728277316555089	0.3733579836457965	484.69487456070465
-863.4989090846627	0.036078419188280926	0.2724990062847114	0.023991019344710877	0.0883156476523192	0.04348286234918565	640.6319732551814
-666.1384450220482	0.2007396106391332	1.6496664718357361	0.34168668102805777	1.1106911178141434	0.01894911395554441	436.1651298462247
-663.9934986727387	0.15107056267352706	1.3694404928923416	0.2470259874542455	1.5166068408606155	0.013385791404137308	487.4363439768905
-665.1374825307691	0.17916943638256305	1.6043949708277614	0.288405674413336	1.223386156120695	0.018371716392974424	453.78946542807654
-680.5987617645346	0.1991163503174128	1.8102661060840795	0.2408250954026194	0.8247133737832294	0.02077409492884587	443.16112633550057
-657.9542309311629	0.18456194932195383	1.3631086691760468	0.9348678843127687	1.4368725120172345	0.014461866548145774	434.9089780025866
-922.8148735853454	0.28582426178300674	2.2327470539814787	0.201794350280964	0.055184092314615615	0.20898493532918877	418.9417733666873
-705.3944373552531	0.13698846565116146	1.6037297690382455	0.1222058442185178	0.5164180393539839	0.018122504415037065	496.8506390578796
-657.9279564826325	0.17774736764693438	1.3427773468997712	0.602822933627509	1.4823607331327369	0.014434140080739628	452.95827550836765
-727.1251182285929	0.12288807847820495	1.089021293499793	0.09372768857026482	0.3241098245927239	0.009220669656705701	532.8664041086056
-722.2555085895592	0.1537612390236245	1.7479904488403357	0.11678877171922966	0.18656067706840004	0.01289442616494045	487.8492269233217
-685.5122396101059	0.15972230926965644	1.4312833815921044	0.17222347720362996	0.8553858293785502	0.004970882912588165	487.8318160808271
-721.0004568662584	0.1489945636517373	1.7506642264673788	0.11510069646652232	0.20636861182629013	0.012884039028914687	489.60008269904347
-752.774794972428	0.09682222584417167	0.8745192507402156	0.06916120112211581	0.044245629268840764	0.00211632506111374	558.2151009362315
-731.7778719958782	0.1256442240271061	1.4814289202414852	0.08901734120346286	0.04136757425887088	0.009376939380215835	513.3539738581176
-706.181409751907	0.15572181954629213	1.441483639313495	0.13707436279074844	0.488221205065401	0.007172764406851755	494.66517889357897
-727.4482513118116	0.13506652625498583	1.680087244188151	0.09744350757322089	0.09685620033575386	0.016026108528659447	501.42633875017685
-732.4830684155625	0.12308057587852443	1.5669941036273847	0.08742796903533023	0.015387925013090878	0.011732949224736411	511.6018333110002
-685.3245648157379	0.1994315703191879	1.8114405021140687	0.22883884154762182	0.7402925404992786	0.01837186233169791	445.1507678841505
-723.829725173703	0.15317433608495257	1.5344110303887806	0.11507119456730462	0.18451461194890093	0.016911662267182964	496.1856500171371
-710.3418474227929	0.1241428458473685	2.0411690863962932	0.10563782545138166	0.5251511269355148	0.009754029663864284	492.99732017414317
-723.6856845323541	0.12839875823597569	2.0770687586018153	0.0977732651905711	0.20103693117280882	0.010635852174370825	493.22390704587275
-749.2286762661422	0.18744212163223403	2.5518827574098655	0.1316843982681058	0.001	0.0006655715477010892	454.91015455511825
-770.2562051338102	0.0923346798162004	0.613152950881261	0.06942047091490572	0.4520584231185989	0.0	588.602304964434
-776.2594854686718	0.04638264314470419	0.7734107566903848	0.031044503279745242	0.07450312459006657	0.00010159554145646958	581.3782565693762
-726.7266207266996	0.12557623266944884	1.3770414067483132	0.09197262260087076	0.1740816409552743	0.018893868184775484	516.9723227477954
-723.8977831290813	0.13746564261647584	1.6575533104387594	0.10383902366422935	0.1621255954787076	0.012749973335869325	499.42160652441686
-725.8628218721117	0.11875943481201144	1.4114018079745594	0.0863067605797213	0.1871969901064713	0.007120081505988286	519.2598523651178
-748.7037060733642	0.08678686824617683	0.9679412839163132	0.05942739527517049	0.0011159370271045842	0.006355486350705349	555.650568728285
-721.2423538161638	0.13702238784763143	1.40093236326864	0.10403056613642216	0.24874682044372542	0.01313191574036482	509.560390758953
-659.6866019853635	0.1696708907542792	1.347388631135552	0.36309618475615135	1.4888198067979743	0.014340008800582732	470.63190307066276
-664.9906853401197	0.1512970308738893	1.3382406383241958	0.23663896621030162	1.4723206739294779	0.012398323947008941	490.67012189837413
-709.4503044922612	0.17859683655174907	1.9332508537397708	0.14872614260551154	0.3904911955795184	0.01735135496340565	465.8879490216475
-730.675851327732	0.09648408271984467	1.3498248861441242	0.06989470730182962	0.20780705854967504	0.01173264955134094	533.351738461613
-659.2431261280099	0.20129761697208998	1.501269817068733	0.6774777477113768	1.2931294745810746	0.020855359537381497	420.58138061918567
-705.9466603783862	0.13833654456005506	2.0576557238101993	0.11751017778715439	0.5583906491767314	0.017781217715930744	484.1997230907959
-681.7630284457122	0.20574974260249976	1.8552425478035603	0.2502428990041414	0.803213828801573	0.017814739153477942	437.43699978734753
-733.1174437248662	0.10751575654705663	1.004386678336491	0.07999794856536124	0.3052773276286342	0.005433524053810034	545.2344219057646
-658.8799056179622	0.1645898287230182	1.3169703678415752	0.4188981997097442	1.5922240943558146	0.011757432615183477	472.8611410631196
-847.1931430575409	0.019887398708717228	0.22602171679282956	0.01292376702100447	0.15449747722221463	0.0	632.943905739595
-716.2793009948865	0.1491251037858086	1.6573520960342032	0.12919740223156967	0.48134241107895387	0.05155503438818866	489.19883275326936
-790.601863497905	0.04201307393247955	0.5600003341530683	0.027527325548303602	0.0010639838727320421	0.00030200792795431373	596.4640544784121
-659.3374738961842	0.1629978052429101	1.3529149241526517	0.37823142908431606	1.5510534140421028	0.013096561057043214	472.1899687537726
-737.68435709432	0.12319466004845744	3.370324839929576	0.10071575167268766	0.222279020648666	0.010155444492976548	475.0255639584012
-659.0692202954725	0.1780906776136061	1.4376517471500172	0.4292944698863185	1.4321464864474476	0.016231839735636522	453.2529672872557
-780.7262517123656	0.07610888801373147	0.5951827702094016	0.05258834960369833	0.048196822813797474	0.0	590.898894606223
-658.1064971185854	0.16675278615187203	1.2679016425753105	0.6765269627768015	1.6037383354226178	0.011382851128016791	466.64103249958686
-727.5569476190265	0.13762336333172132	1.6139230452322992	0.09926109143958385	0.10033309107703378	0.015965678341838572	502.22612118287645
-666.6380194489309	0.19403088396956875	1.6428931280304386	0.3116206484308366	1.117675658957956	0.01970955354468139	442.7875755168276
-717.8899636888468	0.16150187397960128	2.928321181327942	0.1379884798472834	0.47464056424892054	0.017689354930111187	453.2346956847634
-748.317685272207	0.08664516644393536	1.0321754353096515	0.07167185369181904	0.33084562213419333	0.040684249046456095	552.1565710232396
-681.1817876834705	0.21711760035410105	2.050684936265349	0.279427032139801	0.8742993280586139	0.018943557799904455	421.1474958206629
-665.6399314964392	0.16471379727149782	1.662080744836064	0.2777167801598694	1.4219656363312172	0.018965351991779036	458.2081039043255
-693.397281882385	0.1400773901557696	2.1065450572614006	0.13766721148968333	0.9082429740891148	0.014140038533524012	476.5694431461555
-720.4778284520825	0.13666369412405144	2.2099574369239328	0.10489383571642001	0.2710244741998955	0.017452097997285584	485.4707418815427
-840.9294749752511	0.2583852136351116	1.9053499086077375	0.18301092763339122	0.29969496240031535	0.16729717152256912	440.06433272870385
-1241.7814036905534	0.2646934981531146	1.913518499661169	0.25211749908236997	0.787330997692241	0.42980427841351176	422.7878705185307
-796.7767403080231	0.06771681191720065	0.7391235102137668	0.04580523219902446	0.13081741914236794	0.07566597458663517	578.0128485256814
-678.5818340520723	0.12714637805550588	1.430645642573486	0.14831321635976602	1.3472834448976354	0.016294522223329097	505.63948919365424
-723.5067020107887	0.15648643726578573	1.6159189761552264	0.11981814576880234	0.18826538431273382	0.020717219701614817	490.70935876012715
-669.4894074083622	0.14398706700347966	1.4249490968230838	0.21145297568611654	1.6954528846742063	0.01775928936600456	492.1245178032754
-702.8087855183469	0.15705164086393275	1.5925883286631395	0.13449148877271197	0.5124325731345452	0.011036814433997962	488.272084853556
-707.7839857138038	0.1376312381448024	1.6848330712665816	0.1144427690978175	0.4746353435770961	0.021589005056133714	495.9908678858923
-740.9527987796412	0.12171546137621947	1.0625473234909029	0.08796726731336887	0.12395206783381801	0.023916731931749282	535.1477700956931
-659.3103628504098	0.16809642751596932	1.3974871356788259	0.38611558314416156	1.5184647154842756	0.014350160863721803	465.1205354228354
-737.2484801302135	0.11570286747862954	1.1563468080078418	0.08182445850856565	0.06597352123528599	0.011834428787714457	532.465783575867
-805.0964483191033	0.047306665886532324	0.42692902350330836	0.031825250349810576	0.0713458905973413	0.004458649839978697	614.0251143870438
-719.1631913145357	0.14555948198751928	2.0349919646332273	0.11421206389808183	0.25321546087639246	0.016185595465790206	483.03967779429314
-813.6170643658336	0.03218054570606088	0.7310005711441662	0.021132644738785226	0.06720585082481399	0.04748599980470304	586.7896709630784
-727.2847550766974	0.15233557427842398	2.1954661248015417	0.1128885213240362	0.13630411767873507	0.009772625601517322	477.95967620981963
-661.2859456641349	0.15318095130646314	1.3001064378240652	0.30286786729833454	1.6174107421752801	0.012443241198206135	487.8298953415584
-704.305348269783	0.1951300878806555	2.005287049951511	0.17974834723175853	0.48360930987856304	0.01104964544329559	450.3847081952118
-678.7815802201434	0.17141711846243624	1.5233368631500743	0.20582137984363638	0.9093710629623378	0.018141403217067652	472.70008982319365
-657.8597862380589	0.17887001975888067	1.3322135426004122	0.7732567145240206	1.4833545918558813	0.013539649595313539	447.17696477836563
-760.2270919027682	0.06861703432963555	0.8093842076292678	0.0462078079328006	0.04767615039832694	0.007930733393682294	572.3974695779015
-743.4559614118422	0.10047563749763092	1.0185919069044762	0.07008500926511299	0.05526872589824184	0.012484477272015822	547.0100727618717
-714.9017612271277	0.17083991626087933	2.0626984237568453	0.13898919650163735	0.31852888264542084	0.017094437057065814	467.03165401926555
-712.5529351262696	0.16641081797607585	1.805154549870968	0.1357053980304165	0.33633178333612457	0.01594479421737178	476.9629615731157
-786.6671419564923	0.06133775432504013	0.6100276838157146	0.036194947937559216	0.3212928771225174	0.0	587.570781867555
-723.6473168148145	0.1408889778689487	2.0227061199188765	0.10448611921389171	0.17388219364572396	0.012451147112720209	488.27430516786916
-734.9037379811252	0.14750824648011204	1.1563513494529618	0.10160062372720029	0.19711469919417837	0.0186873143405013	519.4507568544365
-730.5968988822867	0.11366430573678205	1.4446273932550997	0.08157423957928392	0.10755998081982415	0.020596658627106582	520.7325020998185
