# /groups/rgutenk/lnt/software/anaconda3/envs/donni/bin/dadi-cli InferDM --fs input_fs/fs_044 --model split_mig --grids 40 50 60 --lbounds 1e-3 1e-3 1e-3 1e-3 0 --ubounds 1.1e2 1.1e2 3 12 0.5 --output inference/fs_044 --cpus 10 --force-convergence --delta-ll .001
# Log(likelihood)	nu1	nu2	T	m	misid	theta
-1167.3745471075995	0.16444954239885365	1.4798469152796554	0.08307821896033567	0.26321652205509194	0.20162922980617765	1597.0440932609565
-1068.5258830104294	0.29236838969456047	2.6845495981094616	0.15233856386570108	0.5081316320889651	0.19939225160578508	1354.5600542903035
-956.1317266364993	0.23646336800571593	2.0081306910796948	0.3240528031260218	1.7964384284802914	0.19874770915404694	1321.267925871309
-978.785699200467	0.24886556504260512	2.57488414255094	0.25315002319784863	1.516397289884618	0.1990735045814964	1294.545178756982
-1072.36282845077	0.23242136036581076	2.4906654007746027	0.12657903095079875	0.47198271649944235	0.19278730285722773	1427.9149537889139
-945.5000145429385	0.28965304249419255	1.9548791411507014	0.5071001544003549	1.4893245053718476	0.20444602979587692	1208.6583822118114
-1060.5303816339085	0.24643512011076124	3.79766888902569	0.15385418900728945	0.768500323728334	0.19396973960637498	1334.7677717277984
-1014.1901932646255	0.2845741421845667	2.0089160965122805	0.21429452632858625	0.9251340250605112	0.2122599185820722	1345.1771122717985
-1080.4934522090612	0.2912015155397737	3.4822861171832677	0.16292871273983314	0.4244167651603725	0.20060599535738896	1307.0336526814706
-1112.9694704735987	0.252385504753483	4.67301004664372	0.13205281086105644	0.2978374469307427	0.1997144463109478	1343.155640804471
-1503.8857385794856	0.0544628626343	0.5089538423335097	0.02356195702412361	0.008590217400765822	0.1683771896460381	1854.4831133922196
-942.5752448976181	0.2864111155058211	1.924381121060988	0.6133029151676558	1.554895167937636	0.2014621630550619	1188.2298618726782
-1126.142378272852	0.2232223698553145	2.251769353673187	0.10424857484764465	0.03556772641205323	0.1915142944490392	1474.4443264320664
-1061.1470283468127	0.3051959351331276	3.5499611833016913	0.19907694515621524	0.6323278517196915	0.2047770404636841	1253.7854682434272
-952.6580594359818	0.24555387665339146	1.9691166506877036	0.34887439332208403	1.74556966677228	0.19624421119861768	1306.4924589976254
-1176.3524334095273	0.32324866321785245	1.7803646727670839	0.155796645023792	0.1131345908472959	0.18792723920718726	1396.5244494513609
-945.6712786161424	0.27511165127862053	2.015047874716671	0.44953008660187393	1.565107481538705	0.19872001447549958	1232.0725727360768
-1064.443309231908	0.29908105661494977	3.832248654613625	0.19722643492196884	0.6828748462603518	0.20174993715733497	1249.7936774930163
-941.4699513304632	0.2785301423678064	1.9900810031302654	0.6141954460201637	1.6082236459199544	0.2024315626795796	1185.2917932748148
-979.7199878249733	0.2517663966844147	2.0682114362057287	0.2258855809044421	1.3357656477529218	0.20195023017428293	1354.9056357071956
-990.5197301746441	0.3136285302493207	2.8118348826340474	0.29529131665240305	1.1610710815524454	0.20932369459814787	1203.6061247081375
-1078.1062237429837	0.28143492217580185	3.0370529599547833	0.15206337512806775	0.4103509241775558	0.2157138991602188	1342.7624832967385
-1477.6610136419408	0.06628565708998832	0.544771723213282	0.027524468485644344	0.06331522754752267	0.2017558193328004	1838.3242708226385
-1128.5746779220394	0.21649076757180202	2.1818155796120786	0.10249473533870868	0.039762121975335366	0.19132275764222262	1484.538984085797
-1035.3960131485703	0.2958599126029017	2.8076963834708826	0.1919383251388605	0.7093159133830389	0.20686464110321168	1299.928845164181
-943.0364572327719	0.26415954529301755	1.9715273989387594	0.5352741998063104	1.700267242851334	0.20080363071663712	1223.7818645862237
-1127.4920972050618	0.22562881501641802	2.3605605837126564	0.10260575222546787	0.001	0.1912462611958677	1469.9073639984747
-941.8283947193629	0.2755058706588888	1.987423546573621	0.5848901395875574	1.6283793776467164	0.20246847104213775	1196.2610292282463
-1102.8966499183314	0.2669620357233931	2.747067416333011	0.13009917953553393	0.16879422466581484	0.19887089024938762	1391.066661502394
-977.9107035512379	0.3538692489876992	2.2191400755530464	0.4370825804012233	1.052135692334955	0.2098906091116122	1151.33128477221
-1106.303230783964	0.2513963379701342	2.337341663704519	0.12131556709525931	0.17434579868503353	0.19828617004886898	1431.4351913438582
-950.0811678454352	0.30203656427341813	1.9649282109270207	0.46088487101033604	1.4206101191782041	0.2071904619143357	1212.9900564258085
-1211.8824753392723	0.26028824846450044	3.994117750498055	0.1317809166414782	0.2585317989333462	0.2985431352534029	1353.1639487413543
-1098.960851512043	0.22510922189779295	5.396207446224293	0.13719444251572147	0.770060672040127	0.19633200211884305	1340.911680616457
-991.9301653864352	0.3184323724395614	2.1130470160766435	0.28729234881730625	1.006533944586963	0.2073138554542198	1262.7641446628272
-1121.1649886344583	0.23438619426072943	2.688913539960048	0.10642106392642865	0.0175579734208932	0.20104927767087033	1445.0376682366025
-1190.4296074898612	0.2217132081395834	1.3685878128076836	0.10427288005356551	0.11403925026453056	0.1910659842400977	1548.9585953913931
-971.6673617817163	0.3124277147241947	2.2216417088371254	1.4838835289251975	1.4624187263740536	0.2541013153025869	992.5436191272721
-1136.796335813708	0.2194799579400441	1.6537450468366939	0.10561935182329238	0.23725636886901563	0.18735011270278473	1518.6734706629486
-990.5710834122674	0.33088736976248045	2.8038483745759395	0.3190211679801583	1.1619076026401445	0.19929921434834924	1179.1464795984334
-1541.9419871138766	0.04679399453973481	0.43733627932601754	0.019781551482447143	0.06568800036690876	0.17865630861514578	1872.281754648297
-1113.369138598065	0.2599481761393744	2.0415126520261544	0.12645706317276942	0.20314845010016017	0.20325919070797058	1439.1131245570682
-948.9078335111002	0.3142545560446165	2.2220642877258383	0.5216770089473395	1.3701443363565768	0.20926351523710912	1147.417614674229
-1043.5237458111826	0.27836433926531445	3.450979948724402	0.18307106254153666	0.8130854097149824	0.19758767140586236	1291.4710525098865
-940.9077514323703	0.2846977068347474	2.007069853474818	0.7317776289374331	1.5977160167003208	0.20328559056105966	1151.3789123595986
-1113.2396320490063	0.2505789029336033	3.105258626733585	0.11899094943678813	0.08556200517689165	0.19074782643256188	1401.8447614769493
-1639.3970993463722	0.02035229246331145	0.3178741877482959	0.008223654458551107	0.051529595078672746	0.19090887746102575	1881.50560099439
-1090.854234482104	0.1880416886966264	1.8986635597922723	0.10198980528058312	0.6769651532153587	0.19510644933450796	1525.8225742421089
-1299.3660941177402	0.12660155824077926	0.9211979213136453	0.05640898725452756	0.11188745766365886	0.17714330417874666	1717.932278204354
-987.7506900190158	0.2938885128535137	2.101985347929489	0.2567979924925523	1.0752550292381695	0.2007707481965467	1299.3913674722796
-1270.657397063876	0.10595085074178333	0.9892675509704837	0.05255576384473729	0.8076708759831105	0.18239993223320616	1731.894875571278
-1106.6743334105095	0.26486584121676304	2.5500291741231913	0.12886785203835957	0.1498274813244911	0.19717852000455935	1402.7593960591162
-966.9469954238094	0.3543875822192516	2.3913906796116766	0.4686900333785434	1.1440658906244214	0.20283296648392787	1120.8582528189716
-1180.417368674486	0.16761960374875745	1.4403623310442448	0.07933168763095351	0.1515176018998964	0.18102367792492008	1601.7891114237518
-1037.4353789643556	0.38654765755524945	3.1134882361816976	0.3117292645668764	0.7736706582951016	0.20149837986134198	1135.1667526743645
-1025.2605342017782	0.26926561782064706	2.5602404623942485	0.19584774892268125	0.8046132124426663	0.191598938270563	1323.8780684719009
-1099.5313892901645	0.24030031446785904	2.8311217842619274	0.11669243249704987	0.2044178081601638	0.19841456788751868	1421.2793066473916
-1161.1213952195294	0.1707053998140151	1.748769491707381	0.08235727867006525	0.3404802204620726	0.23870282600906567	1570.9301646113886
-1027.4598662631277	0.3127372881250852	2.4828074977456307	0.21503395460352095	0.7305884189372684	0.19800943753568603	1288.184459203936
-1223.454262481761	0.19218306134025837	1.226211204433367	0.08377901132879317	0.051216456883052985	0.17623973615633054	1604.565790219207
-1111.1030046600158	0.2295001374115745	2.6647910878617966	0.11145031538850224	0.11421771542554504	0.20440223534747762	1440.8860391580338
-1343.6137083301517	0.1120694606826133	0.8054987499833955	0.04937090369755172	0.15342591273092288	0.1701569839054707	1752.9779523733457
-1115.1107158118216	0.25217280670325387	2.6397823048602382	0.11694189243863398	0.07819547294365804	0.20659002462475298	1422.0607405235576
-1024.6017759781112	0.3452797800495383	2.4313735760369077	0.2535417601913227	0.7520141573207293	0.1992750108275806	1243.075646608133
-941.26521927268	0.2757451149795448	1.9632000371129839	0.6625914307133391	1.6365704806688175	0.2028562276165048	1181.7712208105816
-1121.435960351935	0.1959544971155221	2.03662541755486	0.09353836938713803	0.22776593041685914	0.20224620825283912	1519.419103121308
-1086.5395627379717	0.28267716316800956	2.7186902331523553	0.14810611480290367	0.3029618650922435	0.2008822839781146	1360.611105283664
-1266.8461633627876	0.15633226388390534	1.0363221946113657	0.07189900796090225	0.027913155598152502	0.18013720221069696	1667.5066256016696
-1137.441390547493	0.24071943305926016	1.8980228277528983	0.1115957696198071	0.06628001938739111	0.19630963749325256	1477.7160030342286
-1017.7599381811099	0.2572407226527489	2.634643943093713	0.19182203946672677	0.9465425386877787	0.18063736599084013	1331.7654615845588
-999.4262976888897	0.260459484954788	2.4270308764105044	0.19971846263055437	1.086437113385591	0.19289407425883476	1338.0174541883944
-1047.840583645992	0.30946368792911727	1.7746658155560529	0.24067561807253837	0.8112462329056273	0.215694658379161	1336.7731351397442
-1152.3631954418374	0.18881767237109198	1.8315986883961306	0.0855698833051934	0.004599703150494324	0.19581236733972643	1546.6213079575555
-1023.2597945653474	0.31446809601027403	2.476245447182833	0.22810122295879576	0.7624090352785181	0.2085884973886846	1275.7640221254799
-1120.7424239862908	0.21710865220100894	2.7237183942122987	0.09810636324313886	0.058974856363732946	0.20150409656401766	1466.86377189088
-1076.5511807163866	0.27290457199709345	2.302672351680621	0.14745158234433586	0.4137035637869907	0.18882493068696662	1390.1691711451454
-1120.1204924590766	0.2367763430937851	2.358971319100998	0.11076176960865168	0.05905888489595246	0.2009086279777113	1452.1473608966626
-1113.324400003125	0.2286379766757043	3.2132113262309803	0.1139878555225288	0.10624152995113208	0.19648956131024392	1417.297557621327
-945.8607635029593	0.2983719455658925	2.104267479734703	0.5413168376733669	1.4159745634529477	0.20556872245963884	1167.4505536949173
-955.1148419624769	0.3045194213342329	2.408077296443893	0.4608425076512454	1.385331276695552	0.20503211146411568	1155.3956054498076
-1067.1937582717187	0.2876589330887662	2.149225076017131	0.15782755381935246	0.5175846493424608	0.1996708970242571	1382.4128277457462
-1318.0176781078053	0.12073131954081898	0.874919749730649	0.05388174525648366	0.008939401554253663	0.18384561502265537	1731.4493950563774
-1106.3838824955783	0.2517275802778557	2.6933272723293014	0.12120027114270308	0.13736478015081627	0.1985135264110407	1413.7024367839474
-944.7789764537195	0.25384132616451943	1.9115759333784854	0.49242481354487494	1.7425063730175967	0.19643122703176727	1255.5896277303984
-1519.9209116882716	0.1563186497250258	1.4880551776258695	0.07161465960306554	0.054811770552623124	0.3815726389095501	1613.155267012257
-1088.7069540579791	0.2499076753167059	2.591843810698691	0.1310728710132609	0.3201573359147369	0.21551895929222947	1406.064586283745
-1025.2407378442128	0.24599294080617073	1.9444122164197868	0.16728804644907838	0.9563468054185253	0.20191870510993457	1416.359169052698
-1116.954116529581	0.224743514580552	1.8737335593375712	0.11168184148126159	0.24755005009631434	0.20109454920494446	1489.5172505658445
-1543.941714625027	0.0627293777916079	0.5593246198036633	0.024496511420347495	0.08138407272544661	0.2643644288383486	1830.2784627351205
-953.0901250223814	0.2802604056209214	2.0751603331658703	0.3612134944433586	1.472073547478415	0.19757690858422844	1255.703491546723
-1089.6730082711013	0.2373324041285009	3.950915748321535	0.12823160372269596	0.43748000298865036	0.19765811960532748	1372.4428524334185
-1127.8085603463628	0.1970664918740671	2.3818493509479346	0.09207224181014942	0.055398092437693995	0.20443179690062716	1501.679194960986
-955.5681600512834	0.31519513062676413	2.084832980250576	0.4540909743167682	1.3468206649610643	0.22030100137955377	1188.9090484633282
-1121.4451389599988	0.2325304548678969	2.7762171295224523	0.10720459585019147	0.006444142256709243	0.19919490941903137	1441.1066488729086
-1840.7807444897608	0.05425260881642079	0.33224493172545483	0.022463408535641747	0.07183209990463399	0.3367777348924304	1915.6981143977082
-1003.3419790742316	0.254750336671139	2.4244098429185073	0.1855924178135863	1.1818393575135508	0.2038980091870291	1357.0521850968225
-1095.096022920147	0.261230864263109	2.4199979818893036	0.13571053621886967	0.2585408593037242	0.19152713328188353	1402.5354279885703
-952.8526157320894	0.349432864841008	2.341872503813504	0.6917081607086825	1.2697537548308726	0.21877791663698165	1058.3818217153419
-1136.9600414791898	0.2613351355335856	2.055303251433592	0.11992989083172036	0.03438006993179606	0.18942140038306218	1444.7425438506873
-1072.9865314829826	0.2900214399184071	1.892949213161455	0.1816019025230335	0.5796744994602967	0.21419837244324305	1379.2037868876096
-944.4284841745098	0.29449682307694214	2.1037004457627257	0.5420711418161211	1.4606123025802131	0.2021621972284047	1171.4608079389325
-1015.1003026662372	0.26174215139264534	1.9508774063065655	0.18754809378441445	0.9916915790239469	0.19333646721735692	1388.0004810399735
-1069.6567370462603	0.3831212307628842	2.7084503266963624	0.23888359844677523	0.5187293855413038	0.20502236627483797	1219.2844740109354
-1108.7503619435538	0.23389613914620916	1.747858096591093	0.12078054660220512	0.38785390675845666	0.20453825520796953	1485.2878102277423
-974.1838487137402	0.3142784408762842	2.3278478258221544	0.3259779035852048	1.1289772394657025	0.20097620440562705	1220.372270868887
-948.2327347636228	0.29361645569452693	2.1131211738231896	0.4614845707419609	1.4267838773762562	0.2082202557805556	1197.5442392204675
-1039.4659173469586	0.2553503215954789	2.1202588997769243	0.15832220963782898	0.7689454907626969	0.18826389671841456	1403.0200673257823
-944.5763526601735	0.27217804622481157	2.0818458854876822	0.4841545681960283	1.6034781538762277	0.20128582351342214	1213.704190474819
-1172.9658530113054	0.23113493273673158	1.5141189688964665	0.10804527994514526	0.0830950291498303	0.2038913640327192	1522.150650329702
-981.8180955560097	0.3407330432530691	2.3688681738465958	0.33412874382457425	1.063754037103287	0.20985719606119027	1197.2924416275882
-1138.349121255922	0.2085873250165121	1.5239031549555786	0.10134763398108393	0.3737001436670627	0.19813879822723643	1543.9560652198866
-948.0194979083867	0.2599138601034636	2.0831427358010135	0.41442761386506316	1.681953225182755	0.20093274269026576	1250.7280436271594
-1342.2073868615275	0.11726803706721158	0.8417789894666889	0.05053064134587499	0.0019492898304262493	0.2234955411606699	1740.2230365587768
-1106.9163497816407	0.26372267569790275	2.602178944633824	0.12674801615691944	0.14359700343615533	0.1942144430076111	1403.8595825356676
-957.3879858972027	0.30281069610075445	2.1602114923970728	0.3961394879490308	1.4273570837126734	0.21952523749371924	1213.9655538490201
-986.8585696949915	0.3117743624079922	2.4823417281522584	0.28701402048931707	1.059053449131948	0.21278744563894134	1232.8215044327567
-1022.9427164646038	0.2898173321000649	2.8753858573670223	0.20118962568407633	0.8380724355190547	0.1965476019240226	1290.5348200623916
-943.9422521899035	0.2572845953528577	1.9186962242145023	0.5159599239081871	1.7485814165334947	0.20076281019032305	1245.0371260495801
-1141.5281707261067	0.20342316035098645	1.7251520977388262	0.09794893122699322	0.1455681716756122	0.1994652185045405	1530.5013161381123
-1225.538282483199	0.16328751091646926	1.156207622447419	0.07524153927904131	0.14440552426888595	0.19903212541250537	1642.291184445808
-959.4823982413998	0.3306460541877078	2.4300821990998034	0.48255142694608577	1.2808125965720036	0.21360317262682002	1126.853718418745
-1656.2501899122233	0.02042402170950004	0.2682719216849942	0.008378926906300526	0.16672944918932908	0.1895880466610782	1899.5986562431
-941.7433856317537	0.271260350499674	1.937666003644957	0.7237684118576357	1.6905430176225409	0.20370178761390606	1179.8792010553632
-947.917335808721	0.3291737695728588	1.9932227748991334	0.7234101646385838	1.3382989233187466	0.20602480917897734	1113.224866821166
-946.042969917558	0.26004144876492097	1.9617303001466841	0.4363996949826315	1.6970412401882469	0.20066526151302055	1259.7949086975595
-951.2648950586098	0.28921280065007243	2.246095574812507	0.42993882605379696	1.4303247821633538	0.1984973960895212	1196.7300863443786
-2219.2922546273426	0.05194805791035677	0.477044661072423	0.022675779926009207	0.07596440229019308	0.4736728034125814	1864.7035302063603
-989.2532181949776	0.3753892764531564	2.8307186718658826	0.4635221256725312	1.0825623463268688	0.21406467458779926	1073.02123879496
-1086.2386368603393	0.2378476178198339	2.0585750881135016	0.1277471395370598	0.41829090915488537	0.20670620980491058	1449.4729740485645
-997.2992519941636	0.3271259486813567	2.198210946916448	0.26014362553297204	1.016649810094519	0.20636595774993066	1269.9544746346712
-1090.6228853373004	0.26687616372227896	2.736920001723253	0.13664139964260213	0.2673060375143851	0.2028811108711592	1382.7466037766167
-948.2323265951541	0.28464011530843514	2.2012192906416246	0.4471121840651899	1.5093250496296717	0.20016059166485378	1200.3603000723672
-961.1467105021306	0.29044328167089556	2.216137357956328	0.33464194317135154	1.312840185234699	0.20300675787836112	1243.4082444068251
-1002.535421067354	0.27003673145459217	2.3006143124813287	0.20605178793911233	1.0086277448984027	0.18890738891049355	1335.1943075011259
-943.8322892992948	0.2646701280853856	1.9721528066809584	0.4957959235999615	1.6684975325363975	0.19805270605106035	1233.761535164918
-1013.4274836287452	0.3152636319377128	2.564244336780733	0.2384614990637312	0.8365730141353164	0.19546879112282478	1260.7686233457096
-1142.018504064415	0.21080089964381354	1.9274991056179844	0.09505464434901385	0.018795083766511546	0.1900911817980543	1514.0308232624436
-1328.868163695673	0.138184806333037	0.7946814617222681	0.06360255161485077	0.40092860049444246	0.18688008859664415	1734.869882112366
-1041.9178388068083	0.21983241483314286	3.281267086745001	0.14463671390336452	1.1081958681871553	0.19472070014398313	1382.502268302971
-1193.2476387436932	0.19002688897882372	1.306980898635942	0.08988189910201222	0.14898676835799746	0.2006959069837062	1590.9621719159009
-1173.9432035205198	0.2061076665580824	1.435277496004437	0.09825462817486899	0.13486674446515268	0.1956187559154302	1556.7200284518233
-1235.8197553003995	0.14355196111577334	1.1367668008384058	0.06831867158120475	0.1447440631614981	0.19892364995857176	1665.5852408383598
-1091.5705590985767	0.243284015386986	2.4696519206180807	0.12409150526314758	0.2791525650474465	0.19809128641657367	1425.2176775032626
-1148.4581943951107	0.18981682758821103	1.5271757427866248	0.08993486295995826	0.3300549752155842	0.19356058992188385	1567.7223952870966
-941.0975591263252	0.2895049937785391	2.028749772474663	0.6774028275305921	1.5508144946416191	0.20353425470454364	1153.6637233588556
