# /groups/rgutenk/lnt/software/anaconda3/envs/donni/bin/dadi-cli InferDM --fs input_fs/fs_045 --model split_mig --grids 40 50 60 --lbounds 1e-3 1e-3 1e-3 1e-3 0 --ubounds 1.1e2 1.1e2 3 12 0.5 --output inference/fs_045 --cpus 10 --force-convergence --delta-ll .001
# Log(likelihood)	nu1	nu2	T	m	misid	theta
-1734.2679355906234	0.00791240792405043	0.6437003295392782	0.002431196630673095	0.26045775588904946	0.03669773999772976	1012.510626732307
-1738.6369054449724	0.003375592547946667	0.550682110044314	0.0010261246756743745	0.05753807921725311	0.03010401022242531	1013.6009634495332
-1739.0927046012653	0.0032964273505801645	0.5499762182204195	0.0010021023750360681	0.091280230954931	0.02685345027415657	1013.6139644877893
-1743.3668193100352	0.006005181935169691	0.5483046671757072	0.0018247587272242917	0.3465745553793468	0.019799643373923374	1013.4890944080441
-1220.898791256177	0.2626989957367312	3.2341240031810883	0.0961574176743245	0.033395890446967856	0.05318299137962182	797.1774944753175
-1490.3211068718483	0.1737596681775416	1.515466323959222	0.05625271723089103	0.143885351016187	0.0552887425972429	898.5067805027563
-1693.9876569371015	0.07305900138752178	0.9206925009038387	0.02271679672401525	0.1422070267088958	0.07979703242613927	978.5125286474721
-1977.111705283574	0.017811345292491017	0.8429912907307759	0.005402799905021455	0.0016510991101240777	0.2143357910549237	1005.776103327234
-988.2273782094394	0.5401952536572061	5.6518574992107204	0.24143393419966466	0.46809594761150464	0.0557473208849207	601.804320889776
-1961.0018841576825	0.0033487372780435973	0.2469829570826253	0.001	0.06326809402902575	0.18266351810613332	1017.4179331449313
-1773.8294895307681	0.003334882185676559	0.4297400748351562	0.001	0.18883622232210884	0.0819075135322066	1014.1017131940974
-1745.4987763088006	0.01133469808914274	0.5460685793623762	0.003489789988743749	0.07118603529768772	0.03556720679310346	1013.7355914036724
-743.0731039444744	0.2977208813808016	10.84878517264354	0.5780676193643989	2.182778554302336	0.05225016358139387	504.41890057738294
-1398.3143901164995	0.2960677812335887	1.8847905777066605	0.09556497219980961	0.10228629687992626	0.04991401004951165	819.9997796371196
-2980.915466789802	0.003355364705633738	0.365995977483885	0.001	0.1945270786619667	0.4951110327771441	1014.6785715631132
-2896.0098540003855	0.011026630752178844	0.6218308928540731	0.003339612603394982	0.04660229000306674	0.4794203127286736	1011.5585989546677
-755.9632017515265	0.2864352127588386	8.91893408621714	0.6249768773134593	2.34197216300794	0.0448079598367545	513.1541901412129
-709.7763217395934	0.23307060539531935	25.535177801262613	0.5916478459257154	2.9412022161622677	0.04485180350460076	519.9631191695818
-720.4893979762799	0.21619809020444133	13.572959295137334	1.0781227617795526	3.0952556755385783	0.042674028745727934	505.3386691722559
-723.9357466772847	0.2877186759219226	15.221159153080162	0.6749845866089346	2.3763433175604582	0.05426460646850355	480.537445681621
-817.0718891256511	0.5484304009204688	8.948199623843749	0.507853821943122	1.207335499418965	0.05749783016045718	465.12217627886224
-1436.4504163550396	0.19668521951050175	1.7448561307571304	0.06497469487465993	0.006320589330901768	0.03710394286759892	876.2669967444488
-1732.9063365788766	0.008612365912423037	0.6663721779739418	0.002651200064487298	0.021624964281212466	0.02708879035757278	1012.1105246426828
-1686.2807628934447	0.04232255955916857	0.8823002000853607	0.013621088066855622	0.06970947155365972	0.03488497226175839	995.5593347072605
-742.5571537651813	0.31706031438951143	12.586887050938852	1.013205309785048	2.1582138542076708	0.052848211809499994	428.7029694110322
-859.7303321338513	0.357774633110254	8.023782301743132	0.2492233636611747	1.2810879880438626	0.034186812048196444	614.6347956790939
-1781.6516615417186	0.0032991763159235118	0.21560471663696718	0.001	0.06576905321292599	0.058685532332031276	1019.2377901219564
-806.9873354105312	0.3782934773347354	7.976915090686506	0.40023879276055535	1.4451681227897966	0.05560002790855376	537.0579515011209
-1002.1382586685932	0.3975084247369394	4.500476198889349	0.21957310716723386	0.7998923937053192	0.04950552758484638	651.3356702398489
-717.0435165360632	0.19911879318737882	14.0805570083837	0.5743178127243055	3.3991311865008935	0.040571306621236536	572.7178091343427
-1755.1228785259361	0.003292500165387994	0.3224427126358333	0.001	0.18002803564868958	0.04152619952406061	1016.2187452352459
-1754.0376898748325	0.02711034295527556	0.6990066810511577	0.008481140098732387	0.39797515806241346	0.08122453176670709	1006.8948132742739
-850.742090291849	0.32992705240599574	6.081604086001586	0.30676314322608883	1.7142149392406263	0.052095640798724696	606.6424026895462
-734.4549937511842	0.31628541401269145	14.026400323035116	0.5093717096370651	2.028209110897667	0.05290633050354115	502.09612592654406
-816.4992376364719	0.36761899812424104	6.79440192847332	0.40159972322982757	1.8429227108635313	0.060578107626326656	554.7134589284572
-1782.3080793150111	0.004013580446946819	0.4907938537939604	0.0012037981583697779	0.0974140145177376	0.09172001429606029	1013.5609421821392
-719.0126392051253	0.2558187649363425	15.557318179678203	0.5903393203471529	2.636965358729044	0.04806712873522497	514.7423857809575
-855.8802354155532	0.5694769430643042	8.661844949772522	0.5845243225697132	0.8573075491482971	0.06404055718109776	436.1834095895462
-1737.9458961482228	0.006070415434310214	0.5907903213914971	0.0018450327335398987	0.0960981623445788	0.038313068624906535	1012.9749593170646
-733.3572769534096	0.2317870789318007	10.364187567738098	0.8249941388705153	2.9219456819286544	0.03990211309199469	520.1252910441008
-1737.0275193474688	0.007518471600140031	0.6035416043109573	0.0023096692015885283	0.23864179649599565	0.03463587800268221	1013.0716356730691
-1953.754429633802	0.0033968979849351316	0.45180115400209586	0.001	0.11125276647481792	0.18957524076360754	1013.0995496747103
-718.1307506107655	0.22294273316470647	13.695208377949712	0.6715957827943524	3.0422255084224594	0.042887852224459594	533.8677248149266
-842.7908400516312	0.38063076940136586	10.870671032347808	0.2228644240705956	1.1382034758839115	0.05017652335790435	617.6504203429123
-1746.2048302899218	0.007628577741921179	0.5775163181627514	0.0023172191436943513	0.0708076226898768	0.055695939456072756	1012.9158024964233
-1751.89672903257	0.003289507147947298	0.48378015291588683	0.001000000414602054	0.257438229168943	0.009549948260414894	1014.1392560969377
-1940.1907962584437	0.0033424712938021116	0.3774331716121689	0.001000619225868618	0.06833137511795087	0.18084479108318696	1014.6875343712001
-719.9801604674285	0.25941737393727454	15.543052134361709	0.5830316369803498	2.5678499372898766	0.04871666691964022	512.7746074382954
-708.0123204170511	0.1784696733920679	17.065747827298463	0.7321858973819447	3.9174155375928117	0.03242191446518258	582.4863404131735
-1741.0141179088246	0.0032896482813741983	0.4939669908717225	0.001	0.014480348589787752	0.03173684288780822	1014.0351122745394
-1738.2229096759102	0.010488245124024489	0.6093679245964013	0.003230327296029134	0.0876262225409224	0.025337601743716985	1012.5761408589727
-915.9987353860042	0.7107373493057051	8.473235521024657	0.3921406526348384	0.5012759411809179	0.06837330967947869	484.2448037806277
-738.8306635763373	0.24516804056426533	10.233343423695933	0.6284493597116211	2.627554571249024	0.04406052226886924	528.9253704388274
-726.9667814579312	0.2295346043417228	11.479656651826277	0.7115626785500307	2.9326895202800816	0.040258048835103845	528.9040352615413
-1807.358507447403	0.0033516467474598386	0.3927214402735736	0.00100238270403206	0.12924707370816763	0.10688674819948484	1014.4421695366423
-739.2084730527424	0.3696105576150265	15.89912114877291	0.6257324676300644	1.7278658341674613	0.05649208206837406	448.64801377053544
-734.5361128910879	0.2686017635337673	11.2335579569277	0.7156453595542408	2.4984703856365433	0.04812216246403305	497.34720565991375
-716.6563868739187	0.23629507927458276	15.634992991998063	0.5706449276845879	2.9227953391939065	0.04557753051257006	535.4073885354478
-1058.6596159316864	0.2065296323157885	5.315796345674336	0.16453455486995722	1.2044396997165767	0.01861025328272042	729.9242556951831
-711.4871193641894	0.204743204741055	22.883690952467195	0.49262678749301686	3.3352524299717228	0.04012251551747799	568.8386197695048
-1000.3464184578552	0.22810929719048179	4.757955086545391	0.14488750458239455	1.834253157719272	0.04963039531986596	751.3911722193533
-1832.6161238202785	0.00333508592908029	0.28725123669285296	0.001	0.06192279970463909	0.1164747204384636	1016.4433536713124
-748.5781079560081	0.3152216279735939	11.953514665310067	0.49888456534720016	1.864195629520846	0.05252143778424986	506.97076161085835
-749.5963259677796	0.3506317846486856	12.145133070834275	0.7176205230921104	1.8016886997899757	0.05502521482868811	446.8902146273953
-764.5556727545115	0.3374056753358423	9.180265471998874	0.5932498053481289	1.9004791247907298	0.05508798497918052	491.3101957299084
-743.9073652285538	0.4035814642402847	25.81291201908209	0.4431278645130102	1.4402640538585927	0.05642700856951421	477.17416467120086
-2240.2563153824613	0.0033410832744136467	0.27847795273253767	0.001	0.11259371878416986	0.29413911628841566	1016.5931100931441
-728.4676814625757	0.16597364060795344	9.388643920763263	0.7763201976018324	4.105262583780029	0.028072895432052276	626.113325514491
-713.463325561615	0.18739009524122288	13.584128140542077	1.1601830338786958	3.726320448059033	0.02966201447755055	555.9742037111848
-1758.2000251156671	0.0032991616467093615	0.31902831044070395	0.001	0.16111915356543555	0.04906383066636449	1016.2016640901294
-1755.055130391077	0.0032966460248435494	0.36885573765041835	0.001	0.10264611755429148	0.0530474106526078	1015.365346550252
-1743.1605652783446	0.0033396927571737053	0.5559870507456931	0.0010014986034270461	0.06406642544290882	0.05149856701052439	1013.0082188607615
-709.3711493022474	0.17619682620534363	15.256808831031414	1.3926895336552343	3.989493563788206	0.024826949931682767	572.704673033331
-744.9582854821174	0.3494142339550551	14.877362885081416	0.41875967757533167	1.7363088322110884	0.055230867803841524	515.8977941066718
-709.9780345900895	0.1915257698380469	15.949255296711437	0.73606325042289	3.6483415033314754	0.0352538919458249	563.2977512009195
-802.0413903033261	0.2280930965291902	6.8598644404445395	0.3431888290615952	2.8511872192677568	0.04679491771204048	634.1092634664783
-741.3260130481577	0.36687768197189563	16.07710872964507	0.7392899867118405	1.7505355013199764	0.05705402576589802	426.87893928256204
-1726.6339348413744	0.016963362923945492	0.7122544708292576	0.005282187724815561	0.10157754650204014	0.042870600199446815	1009.4230319060892
-723.7429861486834	0.29130503740049973	17.305903650935196	0.5027811916704708	2.3049956238721516	0.04713105562940072	511.008389539818
-812.0952296234798	0.5198360596602489	10.052261379199644	0.46112204923272754	1.00468273666743	0.06023347020827208	474.90218367750947
-1818.6101012440754	0.00333447802203342	0.25219058873352007	0.001	0.1277704530260704	0.10254549880676132	1017.4328188454227
-1012.526564219233	0.5587276853720673	7.899950428444899	0.1778192310930371	0.03224802464634563	0.03567577882248128	634.6565691549912
-708.4768279490947	0.15548961960148322	14.246147765997934	1.1473192993562078	4.52009926196713	0.021372099829896924	632.2346729340027
-740.6694350703954	0.2513127582251666	11.866412950860813	0.42202832800137213	2.6079809881917027	0.05186047110907528	567.7582888939128
-1722.0699425456392	0.020921249965163796	0.7278556176072948	0.0065895684597491976	0.2171429622335346	0.030866186839377342	1008.2566177601659
-1891.6297156050086	0.003339042759608808	0.27301880882943036	0.001	0.0782562346850276	0.15020529574257674	1016.761877243343
-932.3395335224434	0.6447656377019231	11.331612256860765	0.25983171257995313	0.16488212104771413	0.055646395504656415	549.7828461352907
-902.4258521409356	0.6074379341104537	8.728911110820624	0.3537452024819866	0.5098531253057227	0.05333991544587266	509.9443805984106
-2973.6820037520047	0.005692544748806499	0.408798149236672	0.0017072744626138601	0.29652760653849003	0.49290111719391455	1015.1050512606522
-1817.5666550288156	0.003340903868626097	0.3953752174085578	0.001	0.17433386750379495	0.11414718702417735	1014.440975579225
-758.2639440955268	0.20442136586625365	10.392402917150784	0.3916590775405605	2.8643988450609834	0.05429947846257777	606.9257324908109
-1782.352268208884	0.003335808771286765	0.37849855952348516	0.001	0.09626628500695257	0.08620005994292847	1014.7296832029958
-766.1034586736275	0.3257843880198592	9.655805639326761	0.472509527887593	1.8090038917102793	0.05576414751737256	520.5636174060967
-727.5306069128417	0.27276883717472467	13.45136727365728	0.5647323431154998	2.4084455412248573	0.050665692001713905	512.4985557322876
-708.8410153662861	0.20568527679458432	19.49782873492525	1.1003416258017291	3.5374102557539717	0.03324859957532745	519.5580389214493
-739.4869900526047	0.30758913438230784	13.223617311711891	0.4464551729799585	2.0768306140996597	0.05323404993107923	526.7331724508678
-723.0388970008569	0.19190700712332626	11.204844329299709	0.6815542437041978	3.572273076098004	0.03638914107401305	579.6966724864034
-713.2666957962786	0.1644109922699895	12.518695606333631	0.925646831740899	4.241318116689798	0.02560012385462914	614.4395114486196
-720.2982277898941	0.18691799419091565	12.635310239653633	0.5741241103907967	3.652876070807598	0.037220058662783266	593.4829522361637
-707.373224152286	0.18745612410568116	19.43190555158412	1.498693317512711	3.8073917502084034	0.027344449241460882	540.0811253575592
-1868.884292017848	0.0033353976459784746	0.3834676470526697	0.001	0.23261119994496518	0.1447623241663294	1014.6726957054882
-1732.0151174408952	0.01596706559216156	0.6599284647433208	0.004979571544944863	0.5543973484130699	0.03135277292111128	1011.0236854199691
-1537.429329460584	0.10686581840152888	1.3560479919476147	0.03968629004021634	0.5423085689585815	0.027488958842764092	942.8911911048456
-1160.38230275133	0.5226088508649815	3.374070364027965	0.19734542936507976	0.348451806281134	0.05764122292607232	662.9614672680885
-1844.4780592413117	0.003334154343592218	0.3748986753033096	0.001	0.11236409288876074	0.13022059895533855	1014.8028558937751
-1107.5319707724418	0.7535682629446637	5.516806928883436	0.2192171100186854	0.00488905692901188	0.07705832871584359	595.3838886605408
-1730.566128358496	0.015500586580534027	0.6838153242446713	0.004837090443547575	0.03198179276962962	0.04255684814156228	1010.5374561192812
-928.9776449074022	0.3377557852144566	4.035011153739836	0.43546086488722124	1.649369663470748	0.053747467002906495	585.3808295504318
-782.118209217597	0.5118657111552259	16.565933459247933	0.4429894118671349	0.9802673214835105	0.061602633665448665	464.42976601702105
-976.910717613435	0.4902637416586184	4.536312069142937	0.7042750723865948	1.0816979868944765	0.07973087251066197	471.63013799126435
-1745.026168807263	0.003289673917543694	0.4277115583960881	0.001	0.14357611561013417	0.028799049664578493	1014.6890308934228
-968.3440825338434	0.35151494242035647	3.794668518826223	0.35937675449350526	1.4866706070678983	0.03911449611108405	610.1332820083563
-1107.9723655023788	0.4095501131853029	4.421713317682726	0.1477491722419687	0.08480234925273623	0.04892848630795706	703.5101657877284
-1769.9524083289348	0.007539430384470775	0.45389013240184406	0.002290917368909146	0.2304287884385746	0.0703589669757502	1015.1394025005329
-1744.6826890774387	0.011272968225733624	0.6229103230084402	0.0034634875039542836	0.12515513348658464	0.05834665014462071	1012.0984474631333
-1997.0646177277592	0.004192891233116493	0.47167441656447856	0.001257427794195538	0.2263190777878298	0.20863418523082242	1013.7907598535508
-802.3315252627702	0.6141121102990852	17.940345074736197	0.7465002403157426	0.9435750806994718	0.06225959449959811	366.03677682246354
-1734.7078322928464	0.009323330659697877	0.6550737848599496	0.002871376522476961	0.06670201770726764	0.023049727529122026	1012.1054077810043
-841.8778295524917	0.631428507133743	13.20033176857479	0.4156873003643902	0.6130194056256996	0.05745784838822394	464.9863305703768
-900.5242528514136	0.46995150802455005	8.358478012506266	0.24717210800065928	0.5953377448262808	0.049137973349074174	590.4210385594589
-1688.6619128143248	0.031780518474595516	0.9500883659481412	0.009520766481297396	0.2510060701053244	0.044876965118854445	996.9127566933603
-1790.2294779586323	0.017157489707819995	0.7645066606791494	0.005246796743952674	0.061592037852061354	0.11497132429951078	1007.6482533337496
-1715.7208799300624	0.04889762102076195	0.7606515803722128	0.015681485859326483	0.10369487154916088	0.03174344099425935	997.4724535322008
-1012.64454223815	0.5754504896261151	6.3632606674096515	0.23082704523165679	0.18149880469627233	0.060225026333085095	597.7145273443314
-2001.2157593112602	0.0033445012343704754	0.3031673012715528	0.001	0.21355731682419615	0.2048661898852372	1015.9641920252188
-788.2791791714028	0.45218874978605306	26.38711380368635	0.3288711390125263	0.8751156064998961	0.05902673312422774	513.8624251562771
-915.925867859238	0.20574465314435325	3.8146396858518674	0.30024617453549857	3.1262522916530617	0.04735253888913588	705.108117938823
-786.2173421298523	0.456989748902697	10.147509075230062	0.5597913003666498	1.2965448060426363	0.05834151424193122	457.6891261229633
-756.6749401641287	0.3407908711026334	10.616076771982032	0.5591387557860465	1.7829566887944661	0.05533921683933964	487.9996925328119
-768.768165149872	0.4621591164288755	14.149665967956368	0.6850000266567527	1.2989652800937141	0.06240689544799434	412.8359407287616
-1742.7627126042753	0.0032894733639609905	0.5342613471485365	0.001	0.060203417574450316	0.01855205485098713	1013.7239134348597
-1813.148029237188	0.008191426625536367	0.6671693566171043	0.0024871413405369936	0.11598180451696201	0.12112737476140095	1011.6666413629249
-1738.2776331037098	0.003847278609293513	0.5681540001247974	0.0011692988933003742	0.09180449497372888	0.02869736526841235	1013.4342534454153
-921.6059557449227	0.43163192359266156	5.970422143401829	0.23574133912954914	1.0012405481076394	0.05078626922396645	621.644882701485
-726.3578965681108	0.30926198995638876	16.456024666058905	0.631898723339735	2.1223491321367662	0.05225863877712852	471.56954789458246
-1742.2930431008008	0.004999168074430501	0.5405468230692286	0.0015189532096226111	0.06539692922789161	0.045014845487140236	1013.594461775853
-1040.7910971934384	0.5050978625303634	5.124137311278868	0.20915478298965506	0.27948853176421956	0.04974821687184039	632.4849673853478
-1880.794955098941	0.0033371779766110245	0.20028341714570289	0.001	0.06051379571092834	0.1350477521773391	1019.4580763975745
-1118.6755243834073	0.9381884566495423	5.180897197018536	0.32925058076949626	0.2534725274343924	0.07522160849419043	519.389217835139
-726.4841771863103	0.2982878249287105	15.647809017807614	0.5408777478923965	2.1892870878753694	0.052043024458220816	498.9110519711124
-1756.4221349268746	0.003579844911236594	0.5264213388722833	0.001073876774853003	0.021059405756206635	0.06892247563452063	1013.2260583420407
-1756.9182447034382	0.006359379568282952	0.396427754583667	0.001943078230114155	0.1971593765469964	0.033575041769692046	1016.4367598295506
-1757.4664051916739	0.003333551785605287	0.46665423730503675	0.001	0.22545596444035007	0.06684691640611073	1013.7421115670189
-733.9852430807595	0.23180642661727435	10.435888339783723	0.5874466332857154	2.9744787156625816	0.04821900437420621	552.4085035525653
-1026.5481556139941	0.6383564620114465	6.538802656564608	0.19832283266307715	0.19092686753928334	0.06311932977778441	615.925218544813
-729.4005112262575	0.30627918963430856	14.813408722110767	0.774899933599886	2.2208002049644704	0.05299301990727714	454.80641972072465
-1822.2076654598254	0.003335811801822321	0.24117909495273826	0.001	0.11293325552208039	0.10358421982035922	1017.7799255296788
-1741.938953394898	0.008915051105112528	0.5788401970779095	0.002733938683091707	0.013649185920063136	0.045427357142591746	1013.1357367158432
-1735.106242220441	0.007047083322252294	0.6353019367955732	0.002165830629743	0.16416583835670637	0.028304853747267197	1012.7874362752218
-931.2104058671777	0.6399639197285338	10.392989326900706	0.28960314580288316	0.23638092947691658	0.057402797683077364	533.5104058472201
-1267.8366984196164	0.30772529814254285	2.7210745644941867	0.11059874981910794	0.0032404005044621292	0.0659848001793263	781.4133704826309
-724.2630546980029	0.17790535266433932	10.61352776195127	0.6908955449687705	3.8600638924153357	0.03279951007119267	603.3970711818764
-2279.012162875094	0.0034346099395411184	0.23476629687518538	0.001	0.06085184609502241	0.30430777930971786	1016.7579019158879
-731.6417705257588	0.2602973232049512	11.390298626437525	0.8073292210189879	2.750716528375418	0.04434919502302626	497.5430788543127
-1823.6454496103204	0.0033339394855125227	0.4144955164004143	0.001	0.07657426236061897	0.11912126248267184	1014.2822128574647
-784.4070262035767	0.24259591792818327	7.4689944545688025	0.3950167144691067	2.554899072557367	0.05044829908662498	599.6971536685055
-1807.8720683085826	0.0033345580413657984	0.41906968393229455	0.001	0.08558364835219043	0.10866652089881537	1014.2211737730515
-1524.8995292318268	0.20254829328817986	1.400014480696287	0.06437014919755552	0.021113338506341277	0.0581877354721004	887.9911647454301
-739.6727608678843	0.3216539650364619	13.075922817894549	0.6885775570699232	2.2197975816154214	0.03784634834519028	469.3794736194754
-1747.479218116559	0.0032942419294605747	0.402044885371718	0.001	0.2590558029753414	0.040506314675920654	1014.9457911474095
-1354.3685503552456	0.2220049762315715	2.191594027053871	0.07065031536122045	0.24099104705692978	0.05562114259108474	852.4815669162004
-757.5251213637258	0.43835676010716407	20.021924451702645	0.37437114658101445	1.417457157901871	0.04979856125919112	506.211072044821
-862.1483468897652	0.4097445686878227	6.5647388451550395	0.3692373826994739	1.2275190236038525	0.03721017048917244	551.2781635023747
-2197.821233046261	0.0033891960899016193	0.596321349259207	0.001015396373999194	0.037178453557009904	0.28753552113110087	1012.709830232604
-1738.908653510435	0.008660877058939524	0.5873159790708156	0.002659620350394625	0.0904566754268545	0.029581369492238243	1013.1003441673323
-783.7775189149463	0.41312466598465114	12.234268107557723	0.3358823137626717	1.3939727019235895	0.06857241609938064	541.551507112929
-727.353747366787	0.2481143066822156	12.858866258394745	0.5231370493324111	2.6861944743538606	0.048145171516663865	540.5126051898126
-720.0559533565308	0.259371639430035	15.14587009400205	0.6407099088139404	2.5899292261699824	0.045948334872510606	503.38856174874894
-812.7384359201014	0.29409893230521783	7.2273216166245104	0.32433976740843906	1.9857491779825245	0.05361414506178068	601.8652023988537
-761.192209021961	0.3209934510174806	9.514288398245167	0.4627940451386376	2.0379909110430376	0.05343201694785171	530.9538099193993
-725.5220455798292	0.2549497831232067	12.761062334929667	0.7935945727821168	2.692368614535544	0.04615833054798324	493.6716076206089
-844.4045766315016	0.4044062190503445	7.13176084057424	0.33669339677330573	1.2312194401959737	0.06227231215954519	562.3183547638682
-1731.9577202991784	0.015127871791500488	0.6619743822092152	0.004706272227508877	0.1260124607635627	0.03040789025338444	1010.9728065099848
-803.6768398202425	0.4334676812813021	9.247618008327198	0.38864906855422915	1.2820317807863104	0.04598270898600472	522.8267470161531
-813.3423216909875	0.5488561982096948	11.077421974921021	0.3843108924924883	0.9678122906984646	0.05986374591935401	497.89449542220035
-759.2565986886102	0.42270708154265413	13.432165747265127	0.539551010416647	1.4050091222537036	0.05992952971280079	459.0961562046151
-1789.5598831755824	0.003291815454008188	0.1644762687468887	0.001	0.10707507541492226	0.034226173338916685	1022.2185668364508
-725.1105662214758	0.23770868711382245	14.024127776868072	0.5525324703333218	2.6309613336988167	0.04397309083899905	532.5510641874978
-1826.6623885227552	0.003362626391808118	0.4324605406606886	0.0010067127617929394	0.10354010934732041	0.12181715819504475	1014.0068286990552
-742.8539959944723	0.3095247221549862	11.905404455621023	0.8532704761821905	2.1215350164518587	0.05208484084635403	449.1273016593148
-861.3020795788526	0.6188349357233718	8.409518410516348	0.46287758147585517	0.8379100111685228	0.07320337352922103	469.3369421925714
-1921.498321629168	0.0033387794779639467	0.28867063354229133	0.001	0.06413474207955776	0.16696788706390736	1016.3626113512175
-1745.3632671109249	0.009700329830910332	0.5596914035919378	0.002982222226199462	0.1383297579781062	0.0477855262028538	1013.5193254983463
-717.9495946578127	0.18587402267498698	12.535196203468455	0.653827025604653	3.705867003808572	0.03527631067596481	586.8404929958601
-1727.679359338637	0.014345939023551189	0.6996166145098194	0.004475626625175212	0.5642584991228962	0.028885678987232474	1010.6728348996846
-1830.4987911877483	0.0033397588687271718	0.32396794515552646	0.001000003132173358	0.08612801879256005	0.11823428647330111	1015.5862394086366
-1550.3644908574909	0.20424721374257784	1.3267351400246006	0.06558632619625912	0.06656252771622855	0.06571072030135403	890.3873642252133
-1766.1649978466419	0.0032915619606942556	0.24245927146616825	0.001	0.19695753456015366	0.032856177997229286	1018.307546527636
-709.1389393599368	0.17895692237646704	16.21561304129988	0.7082001889491744	3.9094343518204875	0.03165651648015133	585.3337505924326
-1849.7097787925977	0.0034743246549452005	0.468180186517773	0.0010397741771567522	0.2817949890289046	0.13701955394706625	1013.652822884564
-1743.352756913425	0.0032901148545413234	0.4505311595794272	0.001	0.016236874512913023	0.0326142202578732	1014.4322695934961
-1705.89124602739	0.04114252192468899	0.7941060810289863	0.013248897593362422	0.037183005651404956	0.03369790725795348	999.2046428917954
-1914.4462835596414	0.003379232812152609	0.4987728237587273	0.001	0.11002708694427542	0.17224968870854918	1012.8856497150476
-1751.3973052986476	0.00346631755512184	0.5795760214371987	0.0010398475322302447	0.18074141561913942	0.06560775190560927	1012.8634841510609
-720.1987935268064	0.267663705280707	16.1876742143768	0.6125450259434825	2.463434735258932	0.048592978706881375	499.1243456581524
-729.9433699845406	0.2992902991137616	14.948253871793904	0.5009678540869024	2.146898857185251	0.05260707163752652	509.60850848070123
-709.3046854304882	0.18141734454685016	18.12320525220497	0.7202788544248618	3.641568006799163	0.03607254368576705	566.962848109352
-770.9603885336161	0.22380887089060833	7.014535188161301	1.0617001096130656	2.9234037831862025	0.03967850191995199	533.4198036258107
-947.4888898639649	0.4430266815004431	12.362499245029952	0.6347430529110716	1.3723432719515198	0.1918505076999526	434.08966495427137
-732.2590469824843	0.21107197726378013	10.266049257240981	1.2576508873563073	3.1813182520287033	0.03753856932486022	520.134235007296
-1742.8956830353845	0.006580775622201239	0.5343687667400163	0.0019999799353018553	0.025232192191555355	0.04082828401195386	1013.6211260808968
-2328.663027594068	0.0033364722012871008	0.3743491811706641	0.001	0.07686835682164891	0.32643385653338813	1014.7801762424635
-1765.7179024918792	0.003258675863779187	0.4439518670423482	0.0010015029618703868	0.004749310330068856	0.0005208032679690113	1014.9616141308253
-2506.3807461606293	0.003509078475549258	0.38473151438549885	0.0010485935151986728	0.13876428933931947	0.3789497657213194	1014.5798660370222
-1739.8997527413826	0.003906631974839258	0.529600716598311	0.0011863979810896878	0.17481498957898592	0.03458397370626795	1013.716689795454
-1166.7930596484157	0.35822557732908333	3.6266391499509427	0.12909517206704174	0.06300761445721205	0.057621108682218015	739.0707310795635
-1597.116184254809	0.11803419934150658	1.1411389386831896	0.042183638692544004	0.0714512323572894	0.04285125118426564	944.7617261654119
-1739.4365521007544	0.0034832435858646745	0.547780631222265	0.001058458148351145	0.1205555037520183	0.02618171436461577	1013.6050689694837
-1763.4976006468496	0.003334906563016842	0.401404721719612	0.001	0.1752861371589537	0.06900130487366664	1014.4371385404827
-985.2314101757113	0.4186180759393528	6.059866345864995	0.19500025330347648	0.4589155154311348	0.04223690921044097	648.7329410005348
-799.6017552356346	0.6467867435181575	16.67960695137965	0.48158407380305585	0.985171333581082	0.054496598003901775	436.66955607437365
-729.2897612886361	0.24530473526859237	11.729324311898045	0.5839336767313772	2.777986354938388	0.04244171675057875	535.5728682816759
-987.8571307183602	0.4887924384272181	5.630967894230142	0.23269919962641725	0.46802972117503155	0.05060072079181968	614.2357107778203
-859.6345275884117	0.42210307005065206	6.266397170579688	0.7715680565300946	1.3527678174381985	0.06521491869121614	450.2924029871823
-816.326249468778	0.240032086871389	5.417236420528598	0.8298886686118614	2.633438777723045	0.04215701621532292	550.6076922514432
-1820.4168100905897	0.003337630457813279	0.37896224877257245	0.001	0.061168780025364966	0.11516815185715645	1014.6985750901749
-755.2322740438856	0.17687128926628798	7.352889861450322	0.6063221625701702	3.880550099226985	0.04028929835374966	633.887420459887
-872.4703765896929	0.16069656377519287	5.182867901129428	0.37731982829313093	3.109878841711005	0.01765153648115752	680.9387727235379
-1748.3946651240635	0.003813786400614979	0.4113207369617622	0.0011591407989262807	0.02683390143853704	0.0410114866734595	1015.0339458902522
-1115.6152789741968	0.44156192577131415	4.1659475261340635	0.1579715871478662	0.13827033636824806	0.0540077865372344	692.4720625749013
-1640.7373551246424	0.060972090089893245	1.0562634537832478	0.019708195099926384	0.01790867532208433	0.03660579858039601	980.2362708399135
-1338.1330736549394	0.23782106731163938	2.145354411881931	0.08976174235554402	0.19523929610170568	0.04603932638216948	831.7775106017914
-1060.834773545599	0.5449910563481656	5.7668834072718616	0.1908097581898546	0.012272817753767267	0.046917722683323455	635.5316988196321
-884.0312389726173	0.5730186688434897	11.88327072594619	0.28028479822026403	0.39486207110061805	0.056341643520969424	542.9440237660821
-752.6829017029066	0.30314829755875955	9.737987990220638	0.5775531995852218	2.119993914531867	0.052114546194635215	506.4911566141367
-719.6065458264019	0.24883740785979824	15.173503664669182	0.5820760572929584	2.7319447024019974	0.05388069496596519	522.9960420904873
-713.8053820742568	0.19758097911999675	14.19478374500055	1.0297592888787697	3.5104757322050846	0.02994170708351352	538.9161507093042
-2390.4188191915823	0.003420550872910013	0.6359867592349605	0.0010215043988131493	0.05565730961346539	0.349291172728603	1012.3567505628808
-736.893301006392	0.3614222018085449	16.69377296883299	0.6002109790390983	1.7428595331472072	0.055996313966504375	454.9657069904961
-1766.7175939027402	0.0033333917333097504	0.3075986914541272	0.0010000019203811948	0.08035150828486178	0.061301311201665404	1015.998743244041
-1757.0615329494037	0.0033043178776247613	0.39795852062625603	0.001	0.1468086189652793	0.06025024506848686	1014.8666356599462
-2009.7736429627344	0.0033423672415765276	0.3608333713241279	0.001	0.13440394580128182	0.21126930225044716	1014.9148105019522
-747.1648111140737	0.3550847854862312	12.772452147095366	0.738316295960804	1.8095545865528917	0.05676546990019058	440.4511246703952
-2110.5461246392733	0.0033390952125168303	0.21995736099812663	0.001	0.10392921740440356	0.24331858748095742	1018.5417463998084
-1008.2510003917429	0.5845232827637794	5.1144412029739375	0.4007136261043945	0.5843382049729912	0.07079536145233307	522.0172378427767
-751.456072905462	0.33249417450451835	10.90643466955067	0.7383574931758389	1.9566369721288945	0.060008029148858166	457.75589684347307
-1757.949292039317	0.0066038186264288454	0.5910091888352159	0.0019942610484864867	0.13125246629255716	0.07304062831887945	1012.6430350897201
-734.7565255290857	0.16572275525984373	9.69517499697347	0.5455061663263844	4.180552983095949	0.032074452249899424	643.7539618260379
-1743.3625305400174	0.005175542092038455	0.5337446532158613	0.0015724235109324035	0.06699549130431172	0.020554334631037265	1013.6604321121365
-960.2129853335309	0.4249494284534207	5.980435268058378	0.22548865738837665	0.6197905184345236	0.06792240251437898	626.3132290009107
-1722.7354931251307	0.021992773284915453	0.7225168193456045	0.00685556473348282	0.059499531052500505	0.032331428045642784	1007.5716674678672
-756.2489216958685	0.2826807062188745	8.725222511755462	0.6777462013780983	2.439863298170971	0.04539039134668267	509.74713960078714
-734.4500804598008	0.25097912840974634	11.840075984881633	0.47727986564452773	2.6881677236442116	0.04786060729427381	554.1363999165742
-937.8115389099651	0.5920159953503998	7.0053456010771376	0.3434907890870447	0.5121703518850881	0.05805229151247723	526.8201013578621
-1729.7230184361306	0.006557834498429331	0.7612887861641165	0.0019928062808369125	0.03757066920029999	0.041971144175199926	1011.3461501616457
-1751.721908377292	0.0077501545859813385	0.6005035402051461	0.002454085477296258	0.10550517619130548	0.064978409092223	1014.3184261686124
-894.6741313994066	0.6244902664097484	10.164980017978921	0.3265820612771191	0.4345260733072268	0.06244349891242502	515.7854034260638
-1710.209080027625	0.03875246815876912	0.7757575027667126	0.012607384747505454	0.15204090813646262	0.03162939328057544	1001.3053503086886
-725.5628684248808	0.28152884121033145	16.93100798210772	0.792034060104568	2.387026773602896	0.06241361986335999	461.2108263144987
-805.2928242252796	0.5059971033411673	15.96967160331987	0.3138601959572176	0.839037890101964	0.055353142677702645	526.1172103640087
-1797.276737644021	0.0032899209114944103	0.14891333978345445	0.001	0.0010841024685247398	0.02830594766978885	1023.4985177020134
-744.1612450717137	0.2599081280242046	9.981747401039744	0.5959024334880388	2.480516283090665	0.041899246886346234	525.7600683771183
-2969.4905800855277	0.0033412634861007787	0.2585497069463031	0.001	0.06050100105531373	0.4897569787511667	1017.1468460228083
-1766.8989171443309	0.0032577795046432496	0.3569251663122325	0.001	0.11655020356676726	0.004077098112390063	1016.0466860207954
-1079.8861188241021	0.3379650198396934	4.120752060005207	0.15593304440377267	0.5065933304990241	0.049868902043972325	713.8323420403038
-1741.3274636252759	0.005441410965000283	0.5319530123505515	0.001653969638382353	0.14466218019352386	0.03698212130668258	1013.7015311638995
-706.2331385887928	0.18718849701181758	20.412564998238352	0.725643523605563	3.7650856002162545	0.03393382088742483	564.3784775124781
-1835.9896993193609	0.003333944558437988	0.5301251649261256	0.001	0.13938906912430277	0.1308592841094495	1013.2035052394584
-1861.9268408579858	0.009992000837931102	0.5840793584410431	0.0029969962066557494	0.3585968174818321	0.14578241377464585	1012.0328873228219
-743.7058212918677	0.355182115185179	23.809581621755864	0.35471788327765313	1.6626284404099636	0.057604164905776856	529.6560184966852
-1746.6853351773677	0.005909220882705193	0.501994621700427	0.0017960281528146545	0.08551619756131526	0.020283001632107507	1014.0923622532102
-720.1965969515429	0.19279523441351423	12.798632381273968	0.959372024399828	3.590102458894532	0.018622528857208998	554.3065773776407
-1937.758928840957	0.003336026633411673	0.28837093313744666	0.001	0.11195720666012188	0.17494274738394136	1016.4070727761796
-722.8750712046688	0.24544064173686594	17.15965306517306	0.7823110352037729	2.5419176067257103	0.05332902056856642	480.83884095254416
-1735.8867051713105	0.007934172480694791	0.6231456735384864	0.0024353578115888968	0.08526184890162944	0.03747873801663193	1012.6936136247184
-1774.0239807118805	0.0034021280895747447	0.4196734929899351	0.0010199764886222647	0.07166192953296112	0.08127979949912637	1014.220527538234
-1737.1030171096345	0.007799308309468049	0.6178141882459991	0.0023978686739257672	0.06560524520289712	0.024761071716974517	1012.8496708417812
-1937.9775460689086	0.0033361587366394557	0.47061985938059103	0.001	0.12241241843845188	0.1828122239325908	1013.6671064088777
-726.8218175458271	0.30625899616399976	16.885945130456957	0.609177446140187	2.092702319275135	0.05736988928492116	475.2415423752882
-711.9150959649177	0.22399255139985252	17.770476148757023	0.619352576952681	3.0662568492074294	0.046666489505276965	532.966425153804
-1023.4936772005688	0.4097761553647953	6.1235472389326855	0.1960010964227298	0.2251504717120437	0.05833795105055275	646.9190458536085
-1844.0568745785863	0.003341547365878332	0.3712487882226556	0.001	0.13447976911695877	0.12976988167571163	1014.7663959791953
-767.7033285592377	0.42583791233560914	16.8926872666103	0.9536452155952914	1.4220758739384507	0.058217301774082644	371.2997437540509
-1798.9363842233333	0.003340618935482008	0.47854741492837705	0.001	0.0863348731277775	0.10485287961262053	1013.5381564725749
-1149.7451841167237	0.5138193971250964	3.6601821743745226	0.198648741860702	0.23128309971779745	0.06903608298709804	657.472969204365
-716.5669345336287	0.16538876352526155	14.009627600069994	0.6378300829558737	3.900970959211297	0.037372903133494735	607.104552672648
-1104.3125467878415	0.3034826221416369	3.489862532764409	0.13667455474896514	1.023738476600398	0.04087458979849463	749.5550568856506
-1383.319637071651	0.2661102088005904	2.008033444735304	0.1013857153131085	0.001	0.03337777521911443	818.0577081555574
-1735.866446845017	0.01580829046470829	0.6493954090955874	0.0048685688903661855	0.0010472328418015364	0.04567443919910377	1010.6364452853431
-725.6657560868516	0.20221840998926932	10.771877672455508	0.8334813678647162	3.423123518129034	0.04143131727812457	555.748822943159
-1094.6238033115637	0.4377627031040757	4.481645865821321	0.16382407393982326	0.14334366706499801	0.05563298206404871	684.2934811351494
-751.69972908113	0.3928453681560011	23.06632519267858	0.3609680133641435	1.4048031401795966	0.055575338377977034	516.2486871010328
-1926.3379018289356	0.006481102672191707	0.7066344896691253	0.0019433346336299438	0.010952030088537922	0.18270062222804875	1011.2478393376884
-879.7820257409908	0.3102353481089031	8.231205447681305	0.19134032177283228	1.4614245831095385	0.051978836634041514	667.213918073741
-779.6862598751587	0.3189337418230374	8.448030851604347	0.5367566562922927	1.8070157939171487	0.04825860245173268	510.9854994019176
-1760.7879366958402	0.003299018634859874	0.4733874533422518	0.001	0.07832538001347782	0.07114796546458904	1014.1051552787599
-1879.0488077093783	0.004914339954293623	0.40902430930585276	0.0014728150879965466	0.10346239861460378	0.14898554742099338	1014.8112078805967
-861.5377671768758	0.43040859224126493	7.613398976253453	0.2894870712946745	1.0001209955091164	0.05420694033855826	576.9029996011723
-1869.4607625103363	0.0033366165610159075	0.3797429297398262	0.001000108493506362	0.10478238250785357	0.14490825578871078	1014.7071459136394
-771.0918786683801	0.3244611727910374	8.594896569782115	0.764648771381738	1.9932114766941296	0.05446401002438407	470.1587638409657
-710.03340856709	0.17551190966973645	14.622227040355286	0.9401563214702079	3.9953830554522165	0.027854719157191815	583.7926845624668
-710.2411396662711	0.16752741078857064	15.23688684023159	0.822873515162032	4.007443474387979	0.03012532765432746	594.6452511782045
-832.8863736708215	0.39793813873516104	7.3759554552957685	0.3486902598465583	1.504199854373544	0.08108281526283553	560.1944409763078
-965.683394738212	0.545776486955218	10.411468395785555	0.18542614094710505	0.01826058609809883	0.05315747446256664	621.1468883059307
-721.1850672248436	0.275648719763867	16.02380661569531	0.68604417124023	2.429997674162517	0.04936838310354626	482.50631453111185
-738.810837979318	0.243571952747606	9.877979031850737	0.7367211202427159	2.74525769038753	0.04630971904330753	519.9407413447568
-738.4541731499078	0.29164760647762095	11.656024920890633	0.7846368068893249	2.2661256023911305	0.05059457720580689	469.7550495463897
-708.5031873844175	0.15713441950754392	14.173648908648367	1.4678046611627473	4.512689716539313	0.021114923391200954	630.5443694804917
-734.3101132007353	0.3295408326217899	18.64020527946947	2.114265747485937	2.166608655611606	0.06289569472829917	356.10514644035004
-712.577735452472	0.18525067310193316	14.577849993618392	1.5459520882497466	3.7351945635855484	0.03353731222833588	548.761709331156
-905.7298278428352	0.4814920705932239	6.2666543522688025	0.29520144169831103	0.918765651349791	0.07337784458190688	575.0046603902974
-1730.0273136513476	0.01782516249663134	0.7703915861750307	0.005489192239939773	0.100466564747424	0.06324847895135986	1007.5662545125087
-1735.1220149155292	0.01240208276687308	0.6325853459664199	0.003819557482496426	0.16624503899126813	0.0331677288573478	1011.797955442355
-1006.8229462551782	0.6503888108470066	6.117807937213352	0.2404291210518285	0.32616794503667085	0.056869272519632884	586.2244237435146
-823.8747330811655	0.5983255101592115	10.528727039729526	0.6061719548799059	0.9893931167037779	0.04602599144295274	420.5656180868008
-1756.6308025450721	0.0032945541083024355	0.31302993513909694	0.001	0.07422825812742395	0.04290356179153655	1016.3768068796858
-1500.7547594257626	0.15117152969571884	1.540998327484769	0.04763339335659902	0.1906328261167271	0.06584870346464863	911.6529279606773
-1790.4129246806124	0.0033373827488603854	0.6310303188252693	0.0010007507501570503	0.4076087050252252	0.1031634744340346	1012.5822306710294
-782.1466128345376	0.41196328053538384	10.380324730772887	0.41419951991877474	1.369753588387125	0.06050054584188504	512.3013338103393
-820.6735224911129	0.41576555817938216	7.219663540147678	0.4344430003580151	1.4085353147325907	0.06022730195596799	522.6839419767707
-833.4761278313126	0.39048624346862526	6.684026070647827	0.4130813436426933	1.4082107442286962	0.05655395387146839	539.2209537041709
-1740.361519892236	0.003290466565880182	0.5075892084121495	0.001	0.13980073250882036	0.03414578001286166	1013.9200641890776
-2750.0262842826014	0.0033474044218764903	0.349035216670369	0.001	0.059392630830577504	0.4416817077119019	1015.0390643140578
-2199.4454213678973	0.0033925416910531893	0.29063986788905005	0.001	0.1794790422870529	0.2807264947067207	1015.6472354621355
-1169.1722789396185	0.44128771932823924	3.2104383466252466	0.2051432998497231	0.3729597618187037	0.0497856494555121	672.9111957346236
-764.4891207826806	0.26084642525393137	9.74949276320144	0.4009867511418662	2.2457950411523835	0.044675589960211703	570.9497186167399
-840.6276309638185	0.39912843455043623	9.637503754839232	0.27215536550511693	0.990843133771234	0.059650491377293724	582.4551558321197
-765.3028893910611	0.4675330908139054	19.29180002627772	0.8306653432294352	1.350861029515638	0.05953860057329978	376.1235267229488
-747.4150767221878	0.40910622134362123	17.225678956158184	0.5211872639350872	1.4583515179865412	0.05818154133234543	459.62409330160864
-1870.548314629085	0.013236835986977146	0.6114660214000492	0.004021982712187964	0.01154620097269363	0.15153232185681056	1011.465071106013
-740.0382586721455	0.31764414203755664	13.25629310237424	0.7660409395840051	2.0063009770337645	0.059700857078029815	449.7449051005049
-1750.5632039352677	0.0032915621834195973	0.4552225568066492	0.001	0.09509284764619556	0.012741951026263413	1014.3718702053815
-786.6492154456303	0.3866178980193868	11.115803468382666	0.3338844192501224	1.403284808032719	0.061810926146057626	550.1081703997851
-977.2168194653798	0.6389394721169768	6.5064440520223235	0.25413601032427735	0.445488744064817	0.07042246109271419	576.0804840587363
-836.3138885029235	0.49778476771713553	9.469373496835782	0.3553584379541812	0.8716217791725434	0.06123050756713664	521.991509575194
-729.8773499793285	0.19273184363139664	10.017305258864239	0.7648498973839537	3.4564728763698263	0.030590389360074525	572.5847497355925
-793.9172144233687	0.37475189953743643	8.421222355453684	0.4011565646481912	1.5819085080260955	0.0612442781515813	537.1646401032232
-1771.7710819765425	0.008986580222022346	0.5505268199421747	0.0027301278316733345	0.25572402815924994	0.08211230273628602	1013.2566923230979
-745.354344703115	0.30697100578807873	17.39224227686503	0.8987261463693501	2.0133668433899614	0.03223154685331098	424.1500548015219
-766.0428026553953	0.39260757561901183	12.398923345574445	0.73987791892874	1.5011424086659466	0.06666003671330774	424.1848852322827
-1421.3175281874167	0.21870887060715427	1.7844277900280379	0.07967947451251875	0.013936385596095393	0.04735687846280554	856.5437167383803
-943.8944804991667	0.6738264180361604	8.350898365049886	0.31136252665378694	0.40309684629493986	0.03456711677760274	527.126982202144
-749.6140214866318	0.33927939336541674	12.413874808520596	1.071011538877236	2.043912935407896	0.05899706187901343	413.43062865254024
-1654.608175902974	0.07712241159541847	0.987965141228696	0.024317675975804642	0.23412388348146465	0.05519059795770834	973.8986747687326
-850.1827390706244	0.5337065384951939	7.996329095023865	0.533574242891345	0.9466123387532351	0.0642141585032593	460.3359189394669
-967.1805111786518	0.7382633045692835	6.828692731379269	0.3498588343039367	0.4784015179259786	0.046087101356355395	511.26214981699644
-1731.9020411050428	0.008383670699826972	0.6755722440235131	0.002572395828698681	0.06051731490956844	0.036011340686375896	1011.9386481157021
-868.2285203802496	0.4389381387937333	7.090850753243527	0.3155538481588756	0.9884973320291519	0.05467871034385593	564.5532859879156
-999.6399618275889	0.6353570970173377	7.517561065252956	0.26937927946157597	0.1509458943585087	0.04911082414162952	558.0999461870147
-726.6121712884087	0.32708224106873846	25.526465156633275	0.46585635288769417	1.948831759676102	0.05562032861865953	494.7943466634437
-1023.7889994869286	0.4202135134471336	4.357670150903912	0.2324859011469975	0.726342599491938	0.07826834059279021	640.4239573559768
-1748.7771076363974	0.0032959149302265677	0.3745347984431881	0.001	0.08524157597807479	0.03195251953702202	1015.2892974014304
-716.4338279563874	0.20194529441824347	14.303430905548032	0.5785901409884505	3.3740216154947946	0.041497257906309135	569.0103468515698
-720.236469521683	0.2801260447133195	17.067447504568822	0.6028182947723236	2.3843404090212292	0.04969684219704125	492.9492683620434
-770.8781077678682	0.39706414131836976	11.619539008871532	0.9879777872614345	1.6153325872837838	0.05801170349750274	395.3225445601705
-910.3257257252938	0.37321839410265595	4.775550489571842	0.3299605259151926	1.39857433967494	0.05370693222431366	597.8506917870048
-800.576956179013	0.5598021936117354	17.338911224345697	0.3801358191366109	0.798213367919256	0.05616477923669322	482.6378788717618
-726.5295241347973	0.26165316039310926	12.942435076829929	0.6907798062179655	2.5355659197706366	0.047104440388639104	498.4569101788738
-1721.4236834683659	0.018084601063791287	0.7405130036534066	0.005637087909714586	0.08333461308480894	0.0336639796378013	1008.5048305274433
-818.5391043230504	0.6295191049929022	22.51131400106236	0.7870865693907428	0.89275557963975	0.08478154661755885	348.8956954882038
-891.3139141976731	0.6769894804119028	8.147745825824225	0.4256567496135073	0.7071272441646175	0.0781110240922803	477.4737151640657
-1748.7008972462154	0.007649333773870416	0.5367460632475927	0.002324652217366412	0.15471313339727558	0.053582653567375405	1013.5630210856704
-1741.7825951638504	0.005717090592784569	0.6621164069683093	0.0017377138954630753	0.016374370540668086	0.05744711738003851	1012.3658586776595
-1278.630239934804	0.2928934032344069	2.6279933650047087	0.1210716269672051	0.058730462416136914	0.05442928265888052	777.3990589490066
-1162.165297055034	0.3305196930404821	3.9284596951112007	0.11615004784572674	0.001	0.06775083668447572	753.2384601374289
-1701.0630996749228	0.047826829315805425	0.8199035252142597	0.01533386119373893	0.03349651644160486	0.046419195452583516	995.206488949496
-937.8122668293319	0.48328409203031675	7.944345357298937	0.229611263469609	0.389947139054302	0.05636369193232459	601.5936624985757
-834.3296372355379	0.3807618289754501	8.042495955545723	0.3091653118564216	1.38311946528262	0.03441810315243787	576.4978900986944
-722.3298703446163	0.2778132675495387	16.106285578700646	0.5447382357357683	2.3828790361822345	0.049763295256978854	508.47764155241276
-1121.4099592619496	0.38996805490562836	4.277847485851385	0.14288914230564223	0.05758596540735259	0.060662741801817285	712.5610016439584
-757.6490558210303	0.2921866079388968	9.15875418382564	0.5415376693805855	2.162853825628984	0.051866546376609195	522.1853136643424
-1063.992014515732	0.5673038422705666	5.601707811464587	0.18976734529718062	0.0347611753158994	0.05161103407564933	635.3698060239476
-728.6261123442495	0.29868582587823234	14.568768615618996	0.6550012989711845	2.1859629737213973	0.054203741797004545	476.12010203035874
-1671.5195050868106	0.053692546970536	0.9281007618807122	0.017310300527487773	0.0740230017005971	0.034237082347142844	988.4618669061103
-720.4901900917728	0.21385622277382482	15.022720981732991	0.7480264719969677	2.8989526549700226	0.03888112665513973	518.932951217566
-715.224834749249	0.16709246393152816	11.928354250355603	0.9484461367011736	4.144650837401939	0.025130498392791717	608.563025096887
-734.5772627126433	0.3499596237370581	19.47081317505748	0.7376821802957716	1.8463839032935394	0.05558821070554039	427.55450873658657
-748.7482233514895	0.4213541346372678	20.969074981772412	0.5966360389498111	1.4183775332999204	0.06012573493705562	429.95715508852066
-716.6834460194821	0.2514296563031731	16.791812581488657	0.5866380261875719	2.6781512391947495	0.04767256217300318	515.9597266485712
-819.4011909908698	0.22686671061402852	5.890444364409778	0.35812532030398436	2.965544642609279	0.0542630525244004	641.2152243936475
-710.5880972199127	0.222474189224946	19.344393573894347	0.5912434020056185	3.1112539234856977	0.04425421841633642	537.5182597510137
-2024.2384907995176	0.003987101588015557	0.3439423579091032	0.001	0.00488446867692982	0.2103583666841115	1007.6308223752957
-1068.123838537313	0.3778824513713312	4.40112142194618	0.16569986506684106	0.4010789761833776	0.051521030020870585	694.254817290714
-1750.251464167051	0.0032900872130539934	0.35850220238298036	0.001	0.12010492508652253	0.03452309789701044	1015.608420018494
-833.4650686292548	0.44482083462087396	6.732478882430595	0.5928545113262342	1.4020408528820958	0.05998975642521688	476.97987314332926
-1812.1158261407663	0.003334386145501442	0.2838147536983876	0.001	0.10259069855787768	0.10169533792890767	1016.5397980175351
-1804.8998240773726	0.003336326636705869	0.3718383626530865	0.001	0.1478092751729192	0.10386325799003768	1014.8228960706565
-1728.7318978173876	0.02855628295814243	0.6976149377424697	0.009521644004063266	0.05394376830447944	0.03047018837538917	1008.80361005396
-1990.9909608797923	0.0033518982484216147	0.41849186390960136	0.001	0.18261965667901908	0.20520466843048377	1014.020984574417
-743.0422778889642	0.3964946635173327	20.29115453744974	0.4757349287699788	1.4905155868309845	0.056401323362765966	472.7234194024966
-746.2676132990473	0.21945061065888616	8.783174380771039	0.5818532268434786	3.0175738838873754	0.04320509317218591	569.4417986200492
-1743.3920934614487	0.011416559468207755	0.6299977356702773	0.003470599825451648	0.0011495736921523388	0.05741092034666482	1011.4814945235647
-1080.370036700045	0.572324592619087	5.029559754750284	0.19952960032664757	0.09723823835231918	0.05132452067946468	631.9594801857535
-752.9953671242884	0.3597782936628346	11.446125987690118	0.5681913372377064	1.731971493650571	0.05666330295921372	477.10976068114724
-1380.5033974652858	0.2391736684955027	2.147747244802451	0.1069952966228171	0.06462005145719385	0.0792706195794801	816.2816733980216
-897.1612426828781	0.39979249152242624	6.238368349208647	0.27339268833842867	1.0645271566372385	0.03999534471862168	601.4659588592907
-1158.6357305278375	0.536985128068314	3.7273010916003466	0.19199560745494185	0.14480788065884234	0.06598374491820828	657.8984190094877
-1753.49704404875	0.003292621119050033	0.4055788235255663	0.001	0.005657956005310887	0.013072758920631282	1014.9066000508737
-1732.6136565439517	0.017211946817297593	0.6582097496416209	0.005366885328561357	0.22582111294475546	0.03652820865053343	1010.65254832354
-719.2816009866863	0.2551298406177256	15.207712768700393	0.736332110751745	2.6606203055017903	0.04642069383240693	492.51799743002607
-1103.5994033124525	0.451700189033922	4.670384305479539	0.14793259808718076	0.038466856915052396	0.0578014739013212	694.7667680202932
-733.2599701221831	0.27408899339806525	12.161334839576522	0.8704648839602255	2.451300082883872	0.048234653708520085	470.31096354331817
-1323.8078546321326	0.21657868505444466	2.3685842201250784	0.09329930519285341	0.101808704109252	0.04735444747742643	828.378010399019
-1038.7359450037407	0.4933522926621817	6.277293812111488	0.17072050043076248	0.021232811467509643	0.05817155883847327	656.0262877436359
-726.9188195017332	0.27514196886748515	15.127536967865336	1.2257980169156641	2.531038303733431	0.043623820978055804	435.80351844068406
-2840.943108120353	0.01218567881537557	0.6391071992912195	0.003699620206185116	0.185792670124907	0.4672907075096232	1011.1391957361403
-737.0670646647583	0.2336517248420077	10.098151542772852	0.5896988918870426	2.8659350804461026	0.04208042624269592	549.1910840413694
-775.1034544522981	0.3950017082335915	11.202599816010427	0.5027035616569594	1.387931490707292	0.06980199749211999	481.2077635603137
-726.9185619049356	0.16780701854209057	9.616908044028907	0.794075102414055	4.078823947976381	0.028028246250664433	621.0115150850314
-710.5908602053416	0.2037898390004782	16.355352630551867	0.7208410486523914	3.413062469450327	0.03659743206903709	546.2076888474545
-1740.377376921345	0.00973476883219219	0.5791301680769066	0.002996813498076481	0.16062612651300984	0.028598607995754165	1013.2154825896716
-1747.6417196106056	0.01727265425991719	0.6366626905434095	0.005318670944090027	0.062437128213221664	0.06316179633757081	1010.6134964473029
-870.1852030926057	0.6720058210934351	14.303980374959613	0.3852369769639996	0.429621582539036	0.05884705738791752	470.5028630425994
-1101.0847279186921	0.4156974154203044	4.611044728837003	0.14705590178787728	0.08761935824514139	0.0671711970486165	701.4314830861831
-820.3536416342299	0.45211683125231394	12.725972301509046	0.28218021223520917	0.8952432149862397	0.062209943005844835	558.6122069024435
-1737.2642181212473	0.004562914460826037	0.5989732485747188	0.0013864322046095872	0.0978503541350571	0.038593355279479866	1013.0997023831635
-1764.6883154544882	0.00831262422386442	0.6820373762789546	0.0025268820099924247	0.08693749340518239	0.08595283675233384	1011.5100557432391
-769.5364974499446	0.4166420860511765	11.396735742173206	0.7689264454276358	1.5446780501831194	0.06815860620765282	420.41085829762636
-878.7833688137594	0.5003803021795604	12.143859296645585	0.22764514424245577	0.48254378363381506	0.055160330242913454	588.8291452880679
-904.934309318497	0.6135063621622228	6.865568770575278	0.41516088779927496	0.7422849969197081	0.05930565016674026	496.88583815758903
-770.0702420706316	0.3475884675332207	9.76494547194258	0.41496847659612246	1.8911543622696205	0.06569294810413488	536.5129389333464
-1756.6876462576747	0.0033345004010821564	0.46423864001051807	0.001	0.15801489129403046	0.06569658617371299	1013.7495150217779
-748.7771790815568	0.24729506744258073	9.039377219154295	0.6004352842411252	2.6123594485214086	0.04817579949336745	539.0820185971616
-2177.1834089012555	0.0033522353026057055	0.28708073770527903	0.001	0.07995592012792016	0.27271649970039674	1016.234373759831
-881.4936428597281	0.5086890046341772	10.208638423422999	0.260993523458351	0.5276459280492654	0.06071188628083028	568.5822383726642
-824.3286715081324	0.2672867350721764	5.5154767473276864	0.8740016627669261	2.3611108187016234	0.04677662243048063	522.2030356305384
-778.7447396695559	0.28550977117814985	8.615784722352311	0.3683005888485431	2.178910791750076	0.05340722491910294	580.4418491064653
-1383.609274873083	0.28294130680252827	1.994023883778888	0.08586756907274723	0.17932482150295345	0.03423023943883746	827.9089645002283
-994.9823333196478	0.5329057938888646	7.920024879545221	0.20017758932464583	0.04878659984410662	0.05626566432566287	617.2146846990297
-1876.2469925517923	0.0033351278529360133	0.3417744885854057	0.001	0.1662759067275437	0.1466935588852796	1015.321092443238
-787.2765213570975	0.41244366458883336	9.562573974142717	0.830395201964285	1.5142574183192805	0.06310594549599434	419.65090034798874
-1127.1831386231702	0.42033714609261025	4.228899654681133	0.14193931754093508	0.0368209272945273	0.058174055800968204	709.2850641434478
-1754.2405410085937	0.0032900065484813544	0.3215350710437521	0.001	0.24826464381018618	0.03625690818684247	1016.2718915598665
-1762.7369155963017	0.0032903978554772824	0.26302177567357915	0.001	0.3166019203230732	0.03779697379130346	1017.6769963160224
-1546.7481443436218	0.13948149777932659	1.3236334626228619	0.04563684451405255	0.08597697121506076	0.027499119426756872	925.1734959031668
-1778.2718564851784	0.003304016472939836	0.25648589594439203	0.001	0.11550799240439791	0.06624088171321951	1017.6885974906654
-1740.030722702144	0.003876810756942482	0.5480568688623304	0.0011784309595677628	0.49970857651513506	0.024676933190839648	1013.6223824548376
-756.6146187113599	0.3525449080332056	10.6096817964063	0.5268092571582613	1.7874878834517194	0.05698987683527539	494.1776930157116
-729.0858793691189	0.20976547865977588	11.115374065138747	0.5510269566757034	3.3550003783147107	0.042206856766134816	578.9861888655213
-763.3971114179644	0.3959390938495853	14.58495640311053	1.209115157449971	1.637648290333548	0.058648096190057265	364.9368195430549
-726.5548246500741	0.32161767833298893	22.016098680850607	0.722577786215486	2.060721784394055	0.053120696125166574	440.57271773189177
-1749.8805994180373	0.010208425864669898	0.5109236007162996	0.003132267470541623	0.20454875608736792	0.04086584172750545	1014.470809484532
-898.189336566496	0.5370536889993154	10.631715563701922	0.22753320832494114	0.43786521050868094	0.055422575641541405	588.1383071073078
-718.4572289473956	0.26722617159038087	16.98506131248914	0.6938463131383114	2.5223137874334762	0.04821954279858731	485.3712934551224
-1306.2187634779402	0.3280610174760334	2.5101079718092727	0.1331551382851468	0.001	0.0505837275574159	762.3334808120196
-955.757068131425	0.6299582395262753	11.565836045565941	0.2255951702240912	0.026772950435068783	0.04825762994274147	575.4520655116422
-725.061702044329	0.21467374345063217	12.495008134170337	0.5286434092902569	3.130834857960223	0.04252683844002548	568.3112844101171
-983.0069314924075	0.5346138233749245	6.459151369339294	0.21198217331785235	0.3480626421052259	0.05555288613330935	616.8978734191434
-756.1867414889398	0.3452022055524546	16.34184123240986	0.7183054013295942	1.595540430616318	0.06692572132751749	428.8416862158381
-745.9234987518877	0.3603679160185661	14.913820148909176	0.4371275392493951	1.65870219427504	0.05727884690171185	505.1312710960232
-1230.3109348869252	0.3233105374151394	2.948686505765928	0.12028258683551939	0.07770454062331922	0.05943371529388191	764.9797387682802
-1753.603686448062	0.003577212065947214	0.47964146081897047	0.0010730273736763616	0.14514306704532284	0.06223738759334825	1013.6407434789603
-1784.4193754227224	0.003334847318918619	0.46670268582754837	0.001	0.0809241007211506	0.0931636179519716	1013.7174050111086
-707.9677450905284	0.17863863873701752	17.715886654962844	0.677425213130825	3.899039316234651	0.03287455092719834	584.8574952747682
-739.5961803643654	0.174584385606919	9.557856346231375	0.5230270521474503	3.9983631959338073	0.04559995940954989	633.9629560362208
-718.3874660330029	0.2822169464124496	19.824001738801236	0.5817966703254818	2.358417331360321	0.04919033083643011	491.6394166760559
-873.1066426856173	0.2608777138710404	5.467977743330857	0.2720205000529128	2.0620414939014884	0.04529039246541278	652.758965463956
-790.3156786224786	0.26020389467081306	8.516569509453214	0.5041463467271214	1.9359171215916449	0.04747436872590168	537.9090927624109
-1737.3055067485811	0.011333230271343673	0.6144458569545748	0.0034906128519232803	0.10186785107373561	0.028266247089013753	1012.337912478152
-1002.757370802974	0.6292426858790741	6.741370315677148	0.22355078705485795	1.0332295921409709	0.07599939196589277	600.3887553997915
-783.6247161838028	0.333747950731518	9.584816246882829	0.43874569207484043	2.5669045528788614	0.06761774462832244	546.5940053422584
-725.6845493314395	0.2063610190156126	11.881597773286975	0.5691251114849356	3.2425550347998233	0.035916159337940214	570.8773115003404
-756.867984480296	0.38547385669682743	11.821869816331702	0.6005195290549324	1.6028840753490001	0.05881178204678775	459.4093974151745
-955.8791366128221	0.3454826862145948	5.091743885104193	0.3363383708228475	1.6348872869863154	0.13413464463376723	599.7722424213096
-728.568764171744	0.21596560639109758	11.76379769299749	0.531942811364721	3.34289697495893	0.03820348375651859	576.4709092607752
-732.9341891990526	0.28634977406960455	12.354519963994662	0.6362691499285386	2.2913779623000763	0.0517492168710032	493.31777029642683
-718.3940841021229	0.2724378370444569	17.7151570507808	0.6380883016616561	2.4544313318120254	0.04929251171417703	489.5472141308098
-1082.9491095389249	0.5693512705488859	5.541097242170692	0.19921461805101473	0.07855824760701459	0.09776896649496532	628.0373779626029
-960.9892162652648	0.6709775253142427	7.562737764642352	0.33444807114211555	0.3468128587057409	0.06063380430337303	518.6406478153527
-737.5987145558838	0.24791366375253626	10.224048265478398	0.8183398287800518	2.7104902528808887	0.04507353393711424	505.48608549609423
-1746.6578332398408	0.003292918955773003	0.40164792585973735	0.001	0.09925155196091741	0.03462247359758531	1014.9579172942841
-1110.1473339998975	0.4967246470768383	3.8151356550004083	0.1976680708193302	0.43919320980946824	0.07765632868032829	659.1044292350567
-807.4130579810407	0.4092439386350434	8.967471881305988	0.32934635264957046	1.5421958830505234	0.04972580314998739	558.9754589297529
-879.9758900971195	0.5507427563441253	12.121817627636032	0.2909488592418517	0.4174011729874063	0.05596711179368466	537.9403225672415
-719.8424108814577	0.15029145072425096	10.40133809794518	1.0231585885373853	4.434425579432218	0.027213719858753246	650.5921423778815
-1776.2072484622101	0.003333744493477025	0.41617980378348696	0.001	0.1700873765428931	0.08326867210664765	1014.2700267619381
-1762.8650477592173	0.0032990061209625283	0.2714047663571785	0.001	0.25068950680212365	0.04404640541683118	1017.3260949784499
-2338.8208947875282	0.003357755699568878	0.310011421855647	0.001	0.08318814748434625	0.32754072386455596	1015.6446902048172
-728.4266567890933	0.3153823599682748	20.022180482534438	0.5844658520895882	1.963918053711889	0.06094516820723713	469.5422052294184
-706.0221398230208	0.17403044615310562	19.631818494568122	1.277348554834097	4.116426513748066	0.024982816074490183	573.99588934328
-758.5627879784126	0.3834341324705407	11.74996320457933	0.5515423948702021	1.5675726691051164	0.05499460782120336	471.47045676263184
-2586.5321254461696	0.003361814416798502	0.5305221588482631	0.0010028895555903765	0.12594899685653574	0.40313548967128066	1012.9789625964295
-706.8655225789591	0.19715856828156314	25.983204587529112	0.6848014719237752	3.4833288821612673	0.03302847670164413	543.9488649668435
-1181.808115588055	0.3441103999820801	3.2990543622564883	0.12265318901572282	0.22934956102409432	0.058233843487317846	753.3052896295289
-731.6589053385856	0.30956971344768297	13.850965980599481	0.7240290432935748	2.2183001393353967	0.05796201109270716	464.28958472411335
-762.0479845876685	0.41073153692186787	12.899009557022522	0.4190622516130506	1.485475502554757	0.06085746179625136	504.55879202982624
-863.5994919670491	0.42652964002241933	7.445147141386308	0.3028834992370015	0.9951957643737179	0.06417327926465288	570.8868972897785
-807.2297174647358	0.31304379312935626	7.337504813686231	0.3482515911399498	1.9216817737977725	0.06028066794317185	584.7912892553951
-726.4992868802503	0.18708502632773122	10.082794207350268	0.9583398104760474	3.646705482290154	0.03058281856845687	573.9635870590246
-1736.4992099085955	0.010106383923236565	0.617349794240201	0.0031115535082129205	0.31700747654438993	0.03672697497086246	1012.5346622755892
-990.0001401867892	0.3853017258725635	8.650930213807674	0.15360520360867158	0.10766493269635947	0.05787089131156857	677.5088971933442
-1206.3292241422369	0.36082035239633276	3.017000470044463	0.13154677271149737	0.21363801519377648	0.04624814867767918	746.7262070950163
-1736.3032162773745	0.0040601958334927305	0.6130156694601977	0.0012338011080442058	0.19917059590137368	0.029781663188610634	1013.0870498583636
-1759.6507759374233	0.005301331053781268	0.48546592284897866	0.0016317543976521025	0.11787944560958828	0.005319464837762596	1014.8288307596671
-778.6544029025006	0.2430525619756051	7.293115057350111	0.6112632079276602	2.6820544910242896	0.027017804364035395	554.3593104326638
-737.6483698651882	0.2900355776321918	11.32240737652542	0.5804647602110624	2.3517106451339274	0.048255217254718354	509.3051929189507
-1745.7370392525518	0.017012001481340414	0.5851249771326729	0.005238648083950541	0.14163929206286416	0.023916723170735458	1012.111085318113
-1005.5784588190525	0.6023867425637078	5.952548226303257	0.2683403697095303	0.317784016790258	0.06393753932237627	573.798437188205
-1750.8851696311071	0.0032896401204888254	0.35253065773508335	0.001	0.040569306320051214	0.03539483668671958	1015.7060132976958
-903.1757878149717	0.6555231059450705	9.064302216381206	0.38034055498988617	0.4908235709929584	0.06322590009260673	491.10944332487225
-723.9173446725822	0.17427088908986438	10.814164363082236	0.6522941143738885	3.9440541684580834	0.03265772394655314	611.9757498277148
-1750.948737902963	0.003294283959019511	0.362649667868846	0.001	0.08452646695729742	0.04136018887540031	1015.4886684447961
-1859.0577636604812	0.004833877826969455	0.4828302544436079	0.0014486768423169574	0.13953860514963543	0.1416827129213783	1013.6886736675169
-859.2247981223468	0.4740487889992766	7.937216081799659	0.289985564562457	1.1808737165991798	0.07495629929353788	570.6924624820274
-716.0208071774218	0.26655399418251213	18.143894884245267	0.6370322670145522	2.627550665549526	0.04815860461037825	496.90735692682557
-739.6259612742285	0.292180499678472	12.342384484782906	1.072965033165051	2.2986144062163985	0.04771747354936903	438.26034361434154
-710.4706508346994	0.21062200980691057	17.15603248615554	0.8093442192075353	3.30404955793735	0.037654718960769655	527.3701955501896
-710.5732115453831	0.1131562964621404	10.332628598921483	1.2456209103721931	6.1270642223125265	0.013466024124986084	832.5909975998754
-738.1975438970346	0.17647115147884684	9.168617612943324	2.154718943446373	3.5455162815370302	0.019147584258721956	568.9601345264953
-784.7928959630335	0.16864631262258079	11.228997327718126	1.9052715518499799	4.312143880557375	0.10069609633653043	614.1113033797624
-1744.7076285778462	0.006927033542463281	0.5949800846201583	0.002132966148680397	0.16735547317485627	0.013211653545016156	1013.3531425611674
-1779.850432791286	0.0032947383514712494	0.19015744288166564	0.001	0.17276667547836255	0.03533428020487913	1020.5460205294971
-1737.3065389615754	0.0033004066793065503	0.5832454585638495	0.0010026447988323794	0.030505112135473005	0.03491601579599774	1013.3674521567253
-1983.2416353679166	0.0033910438487205663	0.33616931786761106	0.0010031776384209876	0.1256293726660925	0.1986800220512988	1014.8590957596239
-1016.8142146273386	0.5339418268980195	4.4537576073745475	0.2397888687682191	1.0558107040607398	0.06187702741310809	620.2711102811846
-1157.641109272756	0.27009573377113266	3.5677161174037577	0.10300290704972108	0.751635192352861	0.06284691904625087	786.8087135748898
-977.7636763959337	0.3513947565951225	5.3203428097210335	0.18657427080248135	0.8281007825696828	0.05062129015417474	675.1493867423637
-1483.503126787616	0.24016272625555105	1.5446331673639018	0.07930695626949862	0.0358765324810314	0.05712649470857646	860.1092031345513
-1769.6947864338558	0.0033031480496244214	0.25413349254861745	0.001	0.095388082794587	0.05284178593295291	1017.771408434458
-1061.9321654814187	0.3642456158756599	5.5528614583693585	0.13233476950281073	0.16037365201749507	0.04591838634080855	717.434365462171
-1618.5669150062158	0.06712912963444836	1.1530521355975076	0.021725701701602297	0.04039511077876484	0.030147105540459188	973.7583059315472
-1752.4486825410959	0.003298757545918932	0.3657403773982407	0.001	0.1421733893078175	0.046858785904193054	1015.3885847981851
-2202.468729773873	0.0033808366636047587	0.30834325853422306	0.001	0.14773260659677198	0.28262037719224414	1015.3909537793189
-736.9949625225788	0.2643144733600866	10.840652465267809	0.7831779874897588	2.52448040490461	0.0453738334150403	492.54649946837327
-1174.354788937244	0.44650361113767656	3.409858004377504	0.16402151105880045	0.1725726601888182	0.06782392027707636	697.4951145512819
-978.1391433070407	0.45511980061926155	8.374118400619052	0.1724873779115882	0.13135163404346972	0.05486076543032649	650.1853155947009
-768.5717454868259	0.4215621807138082	12.124739831981849	0.42544153935097834	1.399459769656138	0.05889816621523033	500.94328256672986
-847.7250724905424	0.5362256421988331	13.459949229081015	0.293302472659966	0.5672441962034642	0.06158126828517243	536.5042153182297
-1740.438562294467	0.0034640606697720496	0.5206922979760824	0.001039211161440387	0.13136512773732686	0.038929152274906634	1013.2813640038918
-733.9819319259066	0.3125791868767845	13.599297193926501	0.5623976746867037	2.0556057511165875	0.053947024298561956	490.99997939107453
-1784.5296086287858	0.003372756780258563	0.4430964832773584	0.001008336334390169	0.04049032895086169	0.09203878232523742	1013.8325674645374
-750.6042816326095	0.3894345339940629	13.959266564889239	0.5028508532012891	1.5413882724296233	0.05649283836071508	477.2629069951765
-1081.1454684177984	0.6727965950672783	5.808203191039425	0.2318619879005528	0.030041226205663858	0.08097556194754933	590.6990646846524
-1788.7029303266704	0.003442028826884251	0.36836203218336544	0.001031286832317544	0.06975036843612932	0.09059108908211098	1014.9043488221033
-781.2625039511581	0.4067103768592779	10.454926942937837	0.9283912804051907	1.5423781373275358	0.05827084677160447	403.4204758265026
-1956.6097399834812	0.003310767150477539	0.2974774063245041	0.001	0.0827558845976616	0.18446235325818952	1016.5133205409719
-1457.3650911777775	0.1711725158175762	1.651545911442167	0.06295553143284952	0.15010643914340216	0.024816958624379354	890.0987061410128
-731.4223272372025	0.3013517648109766	14.111358488510392	0.5307640500487567	2.132388519426015	0.051317703969551494	502.54897228389603
-774.766025462338	0.40186590217283913	10.069702434759023	0.5448378560507787	1.4810100291472807	0.05435660831354423	474.91981404571226
-1866.4056563961374	0.00420042728864619	0.2126178569552129	0.0012448665454000733	0.0752052814554741	0.12284906803084866	1019.740775938629
-1816.8930389593816	0.00333338542308462	0.4258444637181141	0.001	0.004725454514124379	0.11518275697140519	1014.1530635205378
-751.7154831453456	0.3410331694667633	10.617893227788525	0.5495798978683321	1.9597867599566932	0.05830475757124782	495.22441623029
-729.3679244123012	0.22103220029922205	13.530171638529167	0.44508773431395576	3.014738868664707	0.04147272547741031	578.3493501942365
-1727.6998581143775	0.01859549111980825	0.698812655757157	0.005969718693228084	0.10147215371040326	0.0400248843912033	1010.4161879778353
-944.3421807748772	0.4240516393703823	5.539597542423087	0.2645169670873959	0.8182708265893679	0.043704571911543526	606.5363201723403
-744.0144511059902	0.2322685173662829	9.553464792065554	0.5135209330207517	2.878800114216113	0.04681510499392461	567.8060163850118
-1242.508154148152	0.3723354835826844	2.880581757257185	0.15183268717041803	0.09894393150276563	0.04678400404895354	729.7346736212503
-1742.8485061970362	0.0034074524730556897	0.4630665704697826	0.001034949476251542	0.1034120913682622	0.033837338315161614	1014.303267404512
-744.2731385771597	0.37177174869361435	14.245138612395476	0.6228427702067171	1.6931260703698217	0.060287153517835486	451.74945701345
-904.8744268022679	0.2482006561655788	8.764102921828758	0.16747989076667644	1.5021169318946075	0.05042922642771385	700.1149673667086
-761.0706867244025	0.21930824379645492	9.080316240899778	0.4070610346463888	2.864761721442938	0.05362472244048666	602.3014662834419
-746.5116042695857	0.38765803620250827	15.430684496000957	0.7213675430573379	1.644212841835279	0.05789135537150756	424.2566342241879
-724.7704913303394	0.26860446706094226	14.08393883758542	0.8626969612701072	2.6098462066299843	0.04173893079757452	473.16666659280736
-1758.7527530364114	0.0032903867821277876	0.28891707190510807	0.001	0.15127313869147513	0.038337135617023066	1016.9761769185341
-2703.4515022904325	0.003379360331126306	0.4838469932940436	0.001	0.09371837108895834	0.4325345208192653	1013.0101878520785
-1738.3530157710072	0.005229118620498645	0.5730678501726598	0.0015895272060092956	0.544800166369715	0.03058297202813226	1013.3059425708574
-906.3543635512328	0.44027924262590284	5.3564708873353695	0.338698405527939	1.1274985622550988	0.06459372394071775	570.7776425532971
-1693.8842590845861	0.02421161196794544	0.9451291364975019	0.007552371985952135	0.07789967237829881	0.029585954099281355	1002.0773917692952
-1799.887121383219	0.0033351733279592087	0.24108955189207446	0.001	0.04620660902492364	0.0855460371645409	1017.7872996395091
-718.5885830151362	0.20809866703098895	13.081237647299652	1.2646135358270012	3.3236701047767867	0.035240541260928314	516.7283847437651
-758.302700378548	0.42277924880713813	17.917738597583128	1.0334632107306743	1.7686916177846508	0.04377432236998179	373.62560179944467
-708.6413058461653	0.14408557536886757	13.61506284986454	1.0583609880682112	4.8763809596992544	0.018457602465106204	670.1421820818922
-718.6307321211962	0.24345379613303178	14.649420113441824	0.6507727125331391	2.773949191178674	0.04602660485691826	515.4452208243599
-725.3050580892038	0.2611585039458672	21.679322074108274	0.4143758897967213	2.4747663015493	0.040742500851481525	546.0807003855446
-711.0245863263585	0.23210594937134324	26.767827994516573	0.8214818402891993	3.019065454691478	0.040944586213380325	489.9804872505048
-776.861852941409	0.47497278727850595	11.212900236436488	0.5527907743558921	1.3491149985906636	0.059430171879068704	453.79207969189434
-2610.0353077513073	0.003381491897260354	0.48356658028152455	0.0010001238027768878	0.07039763398693837	0.40874424961625183	1012.9906301092029
-1741.0581098157973	0.0032941417272333044	0.5163013412002664	0.001	0.1826746726229957	0.04148244195850531	1013.8086226777447
-720.4701499942121	0.24436209612901136	14.291885561770469	0.718499195578445	2.786435632751161	0.0532026511031004	506.4382869318503
-729.1608549475151	0.1743210760829114	9.365076700511391	0.8358019170184942	3.9170068697227913	0.02886931560119618	607.2878333092062
-747.0329893741157	0.20120568240608216	9.648417580393588	0.47709646415992796	3.0727566686996153	0.04761102106881883	595.0912121613086
-1745.4116061967818	0.0032979865435297977	0.5333651699716614	0.001	0.19432583717657664	0.0539779177951946	1013.6338749880472
-1738.988160631034	0.003292574001573929	0.5533150831064971	0.001	0.45551725172596846	0.03932498226555455	1013.5755028989033
-785.8906777939097	0.38539754989927766	10.559727059866578	0.3767675163278188	1.4269623867432366	0.07248982838601985	532.458923577212
-780.1812522759246	0.4883415224312913	14.060416857508384	0.47568572349875055	1.0770336888432448	0.05948348234441805	461.80355114337925
-740.1517942605171	0.3714719045491003	17.668655700156524	0.4701376122283259	1.6276851464188729	0.05668354171042669	485.65668616998596
-936.2081332424184	0.4131276193330724	6.182440809069666	0.2321079525478061	0.7394372867073029	0.056894477291118184	622.8541742974695
-1994.9547240690742	0.0033790951898244226	0.2953078193571835	0.001	0.07002900296362258	0.20166512907838308	1015.6975273324182
-1012.6208214558079	0.395723361798232	5.180013238568256	0.17999250199759212	0.5166309634063415	0.05481074336984934	672.0777683443687
-743.202986263015	0.34704287895445757	13.779212144145017	0.7301685001270461	2.2055027290293014	0.04036679106826909	453.5039922120284
-919.4462687281646	0.4674207114408332	9.135520210266245	0.2229542832708435	0.40162686430332295	0.05270160454310396	603.8599665430255
-825.7964141056007	0.46991722584538287	13.934041104460015	0.2531782377063679	1.2343023817678331	0.0615177294678093	577.1506334867937
-1167.2439657389607	0.44717410025630877	3.8202939419803075	0.13494554938495376	0.09861485951232744	0.07412274122251372	717.1100120823893
-1193.9184762109362	0.3330297375409309	3.069778289324053	0.12243274828068382	0.5652862908457205	0.07995730005446303	760.8487137537375
-711.6198449936874	0.1771076791271718	14.609311858855591	0.7005405809920705	3.9134121880135027	0.03107008367598516	591.3806653266405
-1717.394014114093	0.025548827893697446	0.7504650196418962	0.00801166480356494	0.06896123379654179	0.03395726268251177	1005.8171737863327
-741.8318110766265	0.21980631401567038	9.154658257952864	0.6984856473475402	2.965998513545305	0.04621258920972471	548.4172815174397
-712.7936750023603	0.2198838708433649	18.11683060398807	1.1238053471588663	3.1491918646119124	0.035296986171468994	492.0327992845496
-996.2302383085116	0.43828270650599455	6.218328088013131	0.17948935256775755	0.35828876084835326	0.044120518558740114	657.4260544279028
-720.3553834787223	0.22558717604845346	14.159967059124275	0.6248826149065925	2.8737007771481404	0.03858681358265639	531.9563975644243
-714.6188629481932	0.24009461596436069	21.78517722743692	0.48757883518900624	2.8131457804716704	0.047538102238631245	539.9065011160524
-810.871500710557	0.24306008349048122	5.842971214492098	0.44932679646412427	2.5858419869203675	0.04457738804121463	600.312346703645
-1741.002773449091	0.011836040397916974	0.58220248630923	0.003645397251991376	0.061325212829541065	0.032187233816678915	1012.8921602241576
-1055.746275190803	0.44670935517618404	5.349235294999009	0.16353659384687458	0.1311102725848865	0.05685523730767856	675.4137301113078
-1738.5521579941662	0.0033002548768389624	0.5527829749216207	0.001	0.1878146430997239	0.029672600197634947	1013.4692885224441
-905.1722708432529	0.32940533236037545	5.064722110667243	0.26207269340173306	2.02961902382439	0.0352028182271611	644.3225724679895
-716.7990421290432	0.17525221732585006	11.869245206999528	0.9453433870678821	3.9264073574661382	0.025044701846364877	589.8566451908829
-1573.0889339225587	0.10157297647331322	1.4497174469692793	0.029186433811091473	0.06464872226262598	0.012471067599055908	944.8871659014453
-1767.676842932893	0.0033372746278150225	0.45378686977393634	0.0010011645803876571	0.20288267541382793	0.07736092377124949	1013.8683463464718
-733.9028707319196	0.36096925113180833	20.112771094650796	0.5095567369308881	1.7193810371695262	0.05504003075707843	473.6143949422156
-1777.8100329066276	0.0033626575636679402	0.4848895112980448	0.0010083081035383895	0.001	0.08839023474570114	1013.5485493378859
-720.333322952468	0.1858583958727797	12.087266682780816	0.6219660158584747	3.693191635363324	0.03692453054041325	591.4978775017687
-705.9793447768479	0.1439738565913279	17.60222545418609	0.8548025892078124	4.9481989080824915	0.018638515858870542	662.245565250308
-2649.8005039652458	0.0035031855043235437	0.5001040863397477	0.0010465711427953056	0.0669700858259888	0.41917994002496345	1013.2780784781083
-1739.2705425500822	0.003919270112536696	0.5415352831929396	0.0011911692121035773	0.07716157912302624	0.03256593178592696	1013.6392710139407
-1843.7941566819695	0.035232552990601004	0.7915552763515581	0.01125281709374435	0.049921905684895726	0.1544214616862361	1001.4577767347847
-1626.1782914250364	0.05786785047348909	1.1595973958463468	0.01874288595057384	0.009966222388096033	0.029222391087916886	979.1353347314113
-2316.7216415540156	0.006020435146338611	0.5958377371394104	0.0018053597222007923	0.08279315765377625	0.32639089035738483	1012.3713041641146
-803.0694682957858	0.38226615448525036	7.446669167649646	0.5142609458016391	1.7230503886813524	0.07448182173990654	508.69745568088916
-952.4764193222259	0.6111198546922734	6.726539821320364	0.27220650293410176	0.4903764146075712	0.05615855845222539	566.0766507353612
-1642.6300541615594	0.049354582235160295	1.1649562558477031	0.015962352556038575	0.1458770224846718	0.06104849400761321	984.3185089639102
-1811.7543836839236	0.005680093848350966	0.5307492098270499	0.001703904608288229	0.18490130498586307	0.11421939205174314	1013.1607271560957
-901.0645299882453	0.5762011817775077	10.340926480549605	0.24914751859010315	0.6327878051352663	0.03037994678626506	570.2160518978778
-1037.5172203931797	0.3361184646883571	5.374365786090194	0.13420743102862007	0.5818497932603758	0.048711346208270376	723.64655438392
-852.6049742262107	0.5155257600945821	9.625129052376797	0.30709864151175814	0.758499447264921	0.05991987816547301	543.3168429157477
-792.4668726435756	0.4293046377606642	9.550618830331361	0.9084452454162353	1.4972531278361885	0.0622523403784072	405.59492862612404
-852.8147933007426	0.5428144272319093	14.523854231683154	0.3931458432374927	0.5647853449028042	0.06429164068818992	479.4692695020907
-1755.0489630312668	0.007300820596141172	0.5903012866212703	0.0022183511446876394	0.11181417375330285	0.06949771213424785	1012.8028842506137
-1744.8949406701931	0.0034365142303799706	0.5305842702338155	0.0010420759456211345	0.04310500176654093	0.05258087359976331	1013.6460178560565
-723.1289938181454	0.28606438109405186	21.380802902260655	0.44483246270796983	2.2662802975343452	0.051893513415651266	523.6291072434898
-1737.1315120417653	0.005425950670305578	0.602737753447693	0.0016494910224145727	0.17753734033578164	0.038440478442690336	1012.9647333322782
-1240.4879074019561	0.2378759567834292	3.028754230533851	0.08621664958014173	0.17741596473083246	0.04778150299795679	817.2999850924848
-784.5281455912154	0.2724351464590573	6.88581903911542	0.5983500797571691	2.3460747961714192	0.04992730786982211	538.9256615772977
-2938.22755210141	0.003361659530320465	0.6072205657562517	0.00100611649445123	0.21171844183072225	0.48854572682405994	1012.6204190401064
-727.2061363655743	0.29361982968254935	14.743761703870884	0.5700239867883237	2.2245943465485087	0.05234334322458149	496.1795202893435
-823.3033003629066	0.45320629459118894	13.504236548725883	0.28378180648552026	0.8114830601174473	0.06068496305001313	554.8058438454088
-803.7743962273502	0.32007001615859487	6.57876640192909	0.4979707256501374	2.0265172774832916	0.060754304807755954	541.7741633112147
-802.8799297182982	0.46362936355203044	8.28532549768706	0.6252428291483183	1.5111849769543582	0.05958245265287905	456.2965610813171
-1737.7548100817253	0.012342523651697372	0.623510736428762	0.0037984621025402183	0.12838467039349366	0.04347432991078517	1011.9469440516414
-772.4457194068939	0.31510085697304197	14.050303986835267	0.31585562298601466	1.6321718192732062	0.045602760317092914	568.9249417659075
-939.476056835099	0.2713906305591801	4.164692443516591	0.24462367760694126	2.040027404848841	0.06040787187854572	681.4706690846551
-733.2427818159217	0.21721135424554602	10.509159752847008	1.1412758418885236	3.0561993363593967	0.02997449827777543	512.7080735241236
-1429.4886600465152	0.2760269810313694	1.689313143058704	0.10332752045923035	0.3108695752139099	0.03720856908297669	827.6798121177152
-1768.2351457564228	0.003962475349523773	0.4405533861118348	0.0011837869482866712	0.07101827624698769	0.07568161694371209	1013.954913482165
-921.3499783470195	0.4253770897171706	6.407246193891409	0.25198788509831627	0.769364896510862	0.05132162495441689	606.1874075500413
-1061.9321654814187	0.3642456158756599	5.5528614583693585	0.13233476950281073	0.16037365201749507	0.04591838634080855	717.434365462171
-718.6729761166391	0.24587124108403818	15.07163074214141	0.817958797910239	2.776509561136978	0.04418309386537676	491.2210485502145
-731.1016196976802	0.2846123099015562	13.337560382452313	0.836115552038414	2.3396791711302236	0.04862530880627029	462.0400321732273
-1020.3547879161213	0.4160692710101066	4.664319937429119	0.2012914121122016	0.5929468564521213	0.055715043378714656	657.7896324733315
-718.034897207379	0.22413832949097512	13.52937823145403	0.7533554214607182	3.1100903852880206	0.03871471270884554	526.3470139344514
-711.6363298254955	0.21421757983298859	16.274717001592553	0.7423939280905895	3.247794062617064	0.039721167173030376	531.3551180044075
-774.5161658101097	0.32761062789366574	10.509053927325676	0.3358167649497431	1.9412014264732034	0.05011324294517477	571.3720538463439
-852.970986198678	0.701204032088748	12.377613638193097	0.618642222590328	0.681449687306368	0.060880445394358426	395.4505773765328
-775.4540872169175	0.44205656023358075	11.277512872198063	0.5997060248876748	1.3367898861928578	0.06066433840993007	445.5937756204827
-1049.4860387117296	0.6647498632645619	6.3768755249405595	0.2741980889949241	0.10581921229972682	0.05352878182615432	559.2624194310054
-778.6009294029367	0.38136048764989544	8.959029518861671	0.6305499489127023	1.6789132944412357	0.048996036508511934	469.1544973687627
-801.0189949018161	0.3817062570270283	7.483614288417097	0.618819746158123	1.6296556331579524	0.05783723210134864	480.9795477903946
-1752.9416494669154	0.003299595503223483	0.3488328411709955	0.001	0.06273500666583207	0.04373561402777879	1015.6443422190381
-1815.8721096239894	0.0033346379799171033	0.3624974217842116	0.001	0.052933950154950796	0.11108379561597814	1014.9797092505341
-720.4120323722132	0.2542009945181596	14.835130012673156	0.5884588711842993	2.637575615498046	0.04832527700202745	517.4293331567355
-1712.3874067960594	0.03731627585638777	0.7793725053009083	0.011938644562334122	0.00620705099291756	0.02209182968163718	1001.0774286003468
-727.9572507129426	0.2393991126447327	11.676448428388726	0.6920358267056015	2.979880558903495	0.05337650447662983	528.0404480082144
-2710.6070939200617	0.004782171539193798	0.4080870664228385	0.0014154583062456663	0.05105365795063419	0.432253181205383	1014.2353068153127
-719.6785001399444	0.25875411411840865	15.298868164013236	0.6174195989330872	2.596437760131357	0.04807966560740516	507.749009813625
-1722.7414831232088	0.017611782896960484	0.731941528482907	0.00547738420253378	0.15086445804281565	0.03588710392175226	1008.7755472986984
-714.9308887311267	0.1590457107135639	11.598184703137992	1.055673247444092	4.530075050865674	0.026513422150457405	637.9698801280597
-2293.034622536168	0.003380767012235818	0.44217409885530495	0.001	0.07768766916074886	0.31672019372929744	1013.3913945142548
-1746.3717690157955	0.011185071958726256	0.5382625119891883	0.003444565057823453	0.07136176299237446	0.0345797988847444	1013.9377586260927
-737.1688505577977	0.35819716179585076	15.872992004185953	0.5925992377726	1.7668617781367293	0.056193709591000535	459.7766276505618
-734.071108836642	0.35383464447942836	20.3903840682614	0.7247611214558991	1.842184335575203	0.057135666724936425	427.570838286956
-1744.6333725791956	0.003298417592791486	0.46462734583107373	0.001000101851197371	0.07218195078476163	0.04471270492246882	1014.1984815182901
-1881.347474540219	0.003342889969084596	0.2408456690707969	0.001	0.11025694097668162	0.14123464699338573	1017.7019148478607
-719.9418133667393	0.14840142677920415	9.569270332957588	1.4106645023457913	4.654520989438222	0.021120690400622262	674.0206771489569
-706.517684697669	0.16164647249056485	16.928225193850597	0.9149961317871975	4.383956990033636	0.02335779006034372	612.4398438250178
-1746.0092309846802	0.006694558602978013	0.49698673519607023	0.002047746307324828	0.12290709116932942	0.038220721415356	1014.4915929678095
-720.4528447779941	0.2146091640095657	12.444165785144321	0.7026253108815347	3.190066271545699	0.04108486963553454	543.8554550148643
-1745.8400645379397	0.0032896861325563084	0.4139903803246171	0.001	0.17206799189539065	0.029823884600961272	1014.8498854879235
-912.7233340674261	0.4853536125540276	5.531249033805019	0.41333950057124286	0.9736300183976366	0.06087325002460477	529.2566871789954
-1028.0514156609217	0.5342834499538656	5.514655702398224	0.2595064104865479	0.3480075171875054	0.03357308467162153	590.907174173103
-965.1009863984724	0.4144891239463179	7.5411178766003815	0.17654973602156335	0.36275062170558486	0.053653920200066034	656.4769884912226
-1387.1659862589559	0.1534614081756246	2.198160606368256	0.05878349540040803	0.09502068721684663	0.02114035245795098	885.3168118724361
-1751.700425246791	0.006723769279414665	0.4732122985976953	0.002043484136409086	0.04457388078793421	0.018392114489186134	1014.6203240286403
-730.1612162208658	0.17724755841426146	9.247634207509375	0.9627399663364699	3.8099014273724645	0.029344961627470398	595.6247652731009
-799.6415522606915	0.4799087290632916	20.04548507203859	0.29771733664011785	0.8303263282463837	0.05356723337653386	533.8973283089223
-1024.586188070983	0.6010079256791077	6.221339494295745	0.26037425983728374	0.20282573868013978	0.07386815854291887	575.9526982352685
-1785.0055958126436	0.003299721677102223	0.19449800537885023	0.001	0.14162097500192222	0.054305723067260434	1020.2448599695662
-738.7296360238681	0.30828938233269976	12.45816862002346	0.5475295270769561	2.043768342376769	0.05471563940433658	498.78329455459726
-753.8858267885371	0.22905903288064766	8.160379663624544	0.5993083709553773	2.9106640604252703	0.04283716824571277	562.8390160879583
-763.8806301599934	0.17592444349968928	7.780260773443026	1.1781299449046179	3.1983606103176427	0.03536109633800089	570.1793202703183
-1772.7628386337742	0.0032533702895387187	0.3165488369886863	0.001	0.2507476738242627	0.0028279891740291283	1016.8415290458083
-1739.218884657094	0.0033165764155606535	0.5390964624021065	0.001	0.10541379002197826	0.03676564638935413	1013.3605380963293
-745.0925453790237	0.3205302054342532	11.429576145755762	0.7392673219073381	2.0412598275451828	0.054302871338157255	461.220381915974
-707.8938099160341	0.17917870027943944	16.748753038171962	1.1041782709490644	3.9501422476929866	0.02760791168414117	568.061879127368
-869.7087554495984	0.660801241091227	10.123470759527638	0.4904656162665239	0.6320252942691488	0.06163749493215559	444.2421319979217
-744.6676233722133	0.18593091789921737	7.909317747317633	1.0725983245556545	3.5916400065723706	0.03182609380116611	584.1454660452018
-1779.6920896014128	0.003334223956120754	0.40701076937859054	0.001	0.07158625651681877	0.0858393290100164	1014.3692937357943
-1921.0875781639172	0.003342651492022641	0.2708213188474576	0.001	0.17508052207677305	0.16537323567916654	1016.7821969413039
-1799.776480343737	0.003862240908284541	0.5889069498157666	0.0011576165586587596	0.11469927753117007	0.10886262937621431	1012.7141888898535
-1762.7708597492838	0.003333342472617939	0.5384304822217983	0.001	0.08191937856839995	0.07669002961302149	1013.1473486724971
-724.4362026585854	0.13029272112527618	8.845401926745323	1.0597937130204251	4.951955047954392	0.012999797838567391	722.8431146265743
-1721.6245405972	0.017460836273825293	0.7411777908123247	0.005434506019959075	0.13172023475564235	0.03287528347438181	1008.6672536945523
-1747.7795893999473	0.010583041830882281	0.5260113499337744	0.0032456885784317374	0.39652907625180855	0.03880237086592473	1014.1277326199402
-1302.850266933025	0.3187326686089715	2.3457237197410126	0.1012341984346937	0.4110752102300221	0.05370099073685968	797.5210091532894
-1741.905322824607	0.003291470242615615	0.4811265327889586	0.001	0.09502968913323336	0.036883940995319886	1014.1290216804248
-724.924903797066	0.284991877550779	15.845145900839512	0.5737372874849838	2.2443288497263243	0.052567394335339086	495.73726816458776
-770.9356203238765	0.32625207133398276	8.478554522776514	0.6628803008349772	1.9720567690406587	0.05627358068118419	486.54330700268133
-1106.107520344757	0.44476320126469454	4.5911038825181185	0.15887414644423165	0.020926093661468102	0.051540416011687844	686.0044025678388
-833.3911241389944	0.29666918687961635	6.046177008846404	1.3137346180772587	2.0752075929957745	0.05189179867251759	459.08017725022825
-763.5741078654012	0.38857688325500817	10.326562752383557	0.6414352658174056	1.7165494283907392	0.05630018359595837	459.1672499619802
-723.8735842910858	0.26464238092567804	16.009724519973467	1.1041585359528991	2.5672666208969703	0.04369458812516914	447.0533639475354
-733.2649569921858	0.28423089419976105	12.88504779312901	0.7855349382637551	2.334364763744436	0.05897465069205423	469.8610922281947
-721.940772438061	0.267115645776531	15.106466888175467	0.6007295282983908	2.4834534652516576	0.052427537932050315	504.7275490007965
-742.616044558951	0.1651411355904795	7.812389983357157	0.75035260519852	4.065013512386622	0.028213331061123777	637.9540856435951
