# /groups/rgutenk/lnt/software/anaconda3/envs/donni/bin/dadi-cli InferDM --fs input_fs/fs_073 --model split_mig --grids 40 50 60 --lbounds 1e-3 1e-3 1e-3 1e-3 0 --ubounds 1.1e2 1.1e2 3 12 0.5 --output inference/fs_073 --cpus 10 --force-convergence --delta-ll .001
# Log(likelihood)	nu1	nu2	T	m	misid	theta
-880.8559637482617	0.2570589931847578	0.3595430864561982	0.025046099229995282	0.16772402851374063	0.14571764129108308	934.3492485312486
-881.2444540216666	0.25593235502796785	0.3569568829781351	0.024649268444497333	0.028294373664509747	0.1457053809131615	934.4336832126419
-879.4172149161602	0.26450450542671583	0.36878782159219853	0.02660592429183145	0.6545934141626666	0.14567847601194744	933.2665297670867
-880.8068719730234	0.2607761555181745	0.35822421438337837	0.024921880025797486	0.2351812318880326	0.14698298928195744	933.4773313484743
-878.9027459000887	0.269455700432696	0.3749091099103603	0.02750908070058253	0.8266558715934178	0.14414882475300222	932.2699693820847
-881.0850408243332	0.26057853639701434	0.36438647583885253	0.02520273395445713	0.08857675254116408	0.14539223858145736	932.9241632133858
-880.9605369479218	0.25749263418342155	0.36176447910480575	0.025059985159353138	0.13111662592891618	0.14554809310191524	933.8963957646631
-880.977793745815	0.25809811866166527	0.35994983600337166	0.02503285392672036	0.12431683950952427	0.14549552245900116	934.0032479916503
-881.0427606451344	0.25370487363757643	0.35476388960171656	0.024604427582968852	0.10346682642836996	0.145622443346528	935.2867425205081
-879.2991422435822	0.2563095797949076	0.36580049377791146	0.02754675477821668	0.9447389519672278	0.1500658619151707	937.1890967526136
-878.3040785702536	0.2706751379122738	0.3770358406755476	0.02800718758378888	1.038393868354784	0.14596081041662423	932.3615049833111
-880.7403734722836	0.26003271847490855	0.36199825243064165	0.025327008019756684	0.20867455347235983	0.14540043528218818	933.6373122622292
-882.5612312011206	0.205117785986133	0.2837874891906405	0.019696214330960138	0.09830693264420738	0.1470240050227591	951.6779716616794
-881.0971457745263	0.25912670731344734	0.36225542121298787	0.025303858265702642	0.09496343105298914	0.14425298203561604	933.7746171639764
-877.3902706784107	0.2807423755894492	0.3890939446212041	0.02972483172815956	1.3672090775078583	0.14518455319845877	930.2241448772727
-881.0893908008507	0.2596148346919062	0.36312112877742125	0.025149050541097732	0.0854691776558801	0.14594482137958986	933.2847240575696
-884.8058012797858	0.3080351673804915	0.488783893272453	0.0316227455107099	0.001	0.14340941491871123	911.5489037357594
-1288.7533730923356	0.2288334505756432	0.2609668137986191	0.02010611758101565	0.010149968297193746	0.45557142188736793	950.8969070836318
-879.1163340670951	0.2677046989863799	0.37380093414834714	0.027140437658251304	0.7525854758621644	0.1457001946120336	932.3906066219984
-872.1653391708833	0.3285952065962835	0.4433606142497718	0.04095203610747653	2.7681411751534384	0.14664534129329912	919.7590232876281
-880.9644249459188	0.2575220512248096	0.35985962169079877	0.025017003615815478	0.1289506153564477	0.1457348357423966	934.1362798322291
-880.7111212441436	0.25870501515974587	0.36066945035755305	0.02528159826664111	0.21854752470078317	0.14577784676889924	934.1145835294788
-880.1211592604946	0.25460838521177054	0.352861005879424	0.02519234971349864	0.4386771857394262	0.14464548165488478	936.32132323481
-880.7972450453183	0.2615414420690186	0.37085012753290875	0.025705834554502243	0.19964662837001132	0.14442319183511398	932.3796526760714
-876.8933659365113	0.3053165881628615	0.4203359677542692	0.033591441654933885	1.5780073942912733	0.14585990687312012	923.3417753322359
-881.2215696924268	0.257468931412983	0.3595720240257582	0.02486583743447085	0.036803485421672284	0.14567109832099492	933.960116732622
-880.6683413456076	0.2592504893954042	0.3632498775848466	0.02528207010083294	0.2362939433060718	0.14597553195720725	933.5597223998743
-881.0038516233316	0.2567585247556541	0.358461610493047	0.02489460196355869	0.11509636489825643	0.14571999838955343	934.3674702817535
-881.1240617342223	0.2586526113894855	0.36031683806204945	0.024968680637184798	0.07308945345528929	0.14631988439113364	933.7059764155103
-881.0393533483245	0.2578966538355879	0.36017857098353373	0.024986744239327088	0.10221659476888888	0.14573935017837775	933.9440249342522
-877.9411532459807	0.2853429497341069	0.38770068596104534	0.02965702068087283	1.2333638536539602	0.1418862040166818	929.2243652430137
-881.0811960036289	0.25851860805039656	0.36187353074277634	0.025060988734311253	0.08769394872348432	0.14562677779936042	933.6250163019572
-880.8496805183917	0.2565165758990711	0.35942434800989015	0.02498264518024745	0.17056486741659252	0.1456825956414725	934.4068559668506
-877.3030283110719	0.289323464282337	0.40343853311519207	0.03104706924892224	1.4024654328235475	0.14609980848031445	927.3020867224517
-879.522331731639	0.26778750939171403	0.3733843204214695	0.02674083380608905	0.6232846333460309	0.14555416060317775	931.8957124554672
-881.0847260304553	0.2582408618598344	0.35843704311177527	0.02485887378386562	0.08902298439304371	0.1462575492991991	933.948630193105
-880.126460098371	0.25871578622741087	0.36267153902315535	0.025738509118456012	0.42107748419978147	0.14538603637479047	934.4614501461115
-880.8512902975571	0.25954312839448307	0.3621554239438091	0.02527970398964505	0.16925613081492236	0.14595634436308072	933.6587780827134
-879.1735919366415	0.26894953559641405	0.37849672582214927	0.02731873067107507	0.7364346792640045	0.14571561812695769	931.5562356505145
-880.6532038214334	0.2590205395405347	0.3617535925815159	0.025342266400330368	0.23842009521097315	0.1457721611916502	933.9496845713364
-880.2548587097385	0.2683415584510126	0.3776509744284797	0.026700056009326786	0.38482277942298515	0.1466062846530043	931.0096307217234
-881.1670898011296	0.25583561105886615	0.3563251530296133	0.02469574753192162	0.056788186190978134	0.14590738682907936	934.6368301650285
-875.6489399779089	0.3134579612061631	0.4394581628955001	0.036250985692385336	1.99327947531614	0.14092684222985694	920.6570980861839
-881.0706414344922	0.2568534089466001	0.3574225642622565	0.024764339145448747	0.09337218268713782	0.1461843496472488	934.312524648359
-878.8102827305406	0.274875866331373	0.3833557523937837	0.028005256755741767	0.8569697618673306	0.14499190885103105	930.2183550991598
-879.7737317327371	0.26557206721172055	0.3712504991779317	0.026536245984027013	0.5344039473954978	0.146036275877808	932.496470992539
-881.0729573325598	0.25982989118616956	0.36364645971180026	0.025184232712633044	0.09573385082518997	0.1471476410951398	933.1997391176652
-880.9714893664611	0.25481629082795476	0.3545422461766946	0.024706938100509532	0.12908595058856945	0.14562184383326104	935.209468025526
-880.1387612645633	0.26293946082394926	0.3678229494969731	0.026076428928133517	0.4135056902658516	0.14584208082455224	933.0593122060878
-880.2987219854497	0.2773552447556789	0.39231114276869367	0.02772009209590209	0.40634786018513097	0.14678986591060442	927.8553547391482
-881.253602846212	0.2570117206990211	0.35843722828874147	0.024759019887734317	0.02496990870920598	0.1458616562035773	934.0936251289577
-879.915922704306	0.26385619563140605	0.36885998243295054	0.02617800301009346	0.5079916663136215	0.14305462787002904	932.815039941657
-880.213941041825	0.26406650101337764	0.36926910601919166	0.026113179719412485	0.38965142594005664	0.14516501525917833	932.6008800370408
-880.6509808727114	0.2605553199715659	0.36450539006575017	0.025522955664944863	0.23919632346387415	0.1455974455749169	933.3871634485248
-880.931997690262	0.2603966155373102	0.36466675401603366	0.025346363082591573	0.14176844028305105	0.14548377355099415	933.1369900331964
-873.2575190569463	0.3050328506013597	0.4210264466118597	0.036861551686099864	2.5464315256352315	0.14045180765607126	926.2169410404672
-881.1181489826948	0.2567891643165934	0.3583422294898231	0.02483208569571862	0.07395300943915724	0.14558428692574205	934.2806373049242
-880.8569826507206	0.25784916308616534	0.35551819156116476	0.025039937942187118	0.17555753135352806	0.14452439732307631	934.8138387300042
-871.1050048494885	0.2928247317425165	0.4004552803177995	0.03650474714253624	3.0957144448243676	0.14886880617630538	932.7176529480768
-881.3122114522575	0.25567610733614526	0.3569184214590107	0.02461095220715456	0.0034390579062304337	0.1457387376059305	934.4419126322715
-881.3708390589443	0.24686854263070998	0.3410790665614685	0.023699072749035443	0.003850439582707624	0.1455358855688018	937.8294922853004
-879.4876416715078	0.27284755353312784	0.39300025350362777	0.02782984830522029	0.6710994291091653	0.14677471769012446	928.9607663993708
-880.9967517338224	0.2574374876476423	0.3610441623225651	0.02502341735621597	0.12054287354418607	0.1468337096802411	933.9720169243545
-881.0885318474382	0.2576393368739974	0.36005320010379394	0.024949215168346035	0.0845863659404481	0.14571203471167132	933.9697932795124
-873.671823882023	0.31791291288771495	0.4356248530534163	0.03783594445560853	2.4111853342799505	0.14545813649263514	921.4440455198343
-881.1931582723979	0.2552335956017308	0.35382014935734557	0.024623164684876468	0.06339055461682304	0.14816760007016472	935.0889134127069
-881.1604587122224	0.2590719645614639	0.3618780548411731	0.024968997688863286	0.061896416936806496	0.1450317831378021	933.3482913284726
-880.6084052011274	0.2558857817300765	0.35736969398085994	0.025153268840843256	0.2592861502139126	0.14621475452075364	935.1688259093778
-880.7423015259529	0.2662924651983157	0.3748110169364347	0.02607019025347221	0.21882485536092972	0.14624252409544491	931.1105085489835
-875.7238483169929	0.2819899215784306	0.391464261836378	0.030987433289407507	1.9104437757895325	0.14312579642765486	931.1437305261111
-881.1679027133783	0.2583074861994437	0.36189334470149354	0.024988172187952004	0.056823098001024946	0.14564012800449272	933.5621152568178
-881.1009240397905	0.2561841026147284	0.3576535092279512	0.02479099079245846	0.08030065397979885	0.14560295160728914	934.4809138222712
-870.7832277196228	0.32237201259083526	0.4358169263604885	0.04139073559308664	3.0575474741692044	0.14722793189396957	922.835111951668
-880.8730910238697	0.2567066061296335	0.3590281730753953	0.025004970912786417	0.16183069641842823	0.14564170409582813	934.4584713220756
-880.2266756053046	0.25969026882389173	0.3649979415208859	0.025774435287924957	0.4024553998444925	0.1485741485252123	933.8885442802509
-880.6152715564908	0.25763160120879836	0.3604526411319012	0.025226489894336908	0.25254152850700157	0.14561079302513702	934.3347296663039
-881.2894478374368	0.2563704091308182	0.35718906057898286	0.024671709903295848	0.011907562060335103	0.14552296473087317	934.3208503235045
-880.6542041943858	0.26088302303959354	0.3660818986755483	0.025569113330179395	0.23897332511160077	0.14537755964442312	933.1170642302561
-879.7708955113379	0.26794214090359136	0.3742374858190021	0.02677685248481784	0.5366664609351816	0.1454090037284121	931.7610418110349
-880.5585893149939	0.2572791002222695	0.3596100661258201	0.02525488042805293	0.273521763022641	0.145054469078397	934.6048073134464
-877.1515844987805	0.2380175322803754	0.3220968992023934	0.025203700238452014	2.284939989930187	0.15159525419389272	947.165388783832
-881.1818896613765	0.25880592942736647	0.3614641807681935	0.02499619018966186	0.05165498620220029	0.14572642363051277	933.5212656753429
-881.2468650551676	0.2584855617928497	0.3611002357786346	0.024922386446399828	0.0282888618612545	0.14549356081059156	933.5458580245266
-881.3049919259815	0.25656981769876847	0.3587421167690019	0.024714155626338455	0.0063101286024756205	0.14589713236368507	934.0822325361825
-878.6373992512869	0.27300387380889657	0.37943152426767063	0.027992698717520755	0.9048037873095567	0.14592713951761752	931.2883832903638
-888.8243645420109	0.28158053363901153	0.3845103487142266	0.027305524722162192	0.03188503344104484	0.18154408640663736	927.5895725034889
-880.7571483408467	0.2529793878235058	0.3499755803140459	0.024634319436135053	0.21810214037115652	0.14429889692555134	936.3302422981363
-878.0732615140396	0.27308965100263616	0.38191980352350535	0.028491486895419877	1.1316014643567402	0.1447636259332439	931.6491029152573
-880.793766928606	0.2596724701132764	0.3600470191684781	0.025161379317108955	0.19987082831709518	0.14395171859031045	933.7992928341265
-880.3497749355435	0.24914272166205687	0.34688453006977765	0.024692792871529326	0.37720571082547444	0.1455641434716082	937.9397850062878
-881.0884450331798	0.26014283728550686	0.36198685329356417	0.025166917156742043	0.08607523204282806	0.14590078351181954	933.3668607906077
-877.0099342504063	0.2861518051401825	0.3971412968992628	0.030844602212691676	1.4853256420921173	0.1457271432679061	928.8918972444054
-878.8080877967889	0.2705749765450322	0.37565879927513035	0.027567940162782058	0.8515954354929959	0.14566319946737924	931.9530551974524
-881.034699135625	0.2586510064537189	0.3615054980283394	0.02508037197646449	0.10468410142284579	0.146252394668124	933.6827830834217
-881.1618801249424	0.2567883037400923	0.35871226708900866	0.024812676214001617	0.05811307135284808	0.1456931183411964	934.1890335607802
-880.9144897746539	0.2560003311427309	0.3588610973556757	0.024928302101956713	0.14784277543158214	0.14530739519735636	934.5430683509777
-876.1194072197724	0.3043166448736898	0.4116078487316736	0.03327868887969922	1.7814985048149037	0.14466878210601053	924.7670852767336
-880.6115609512487	0.26187871054835066	0.36482214810185376	0.025634508547470774	0.25328896881231644	0.14587565156534166	933.1749071772515
-880.6386712971541	0.2619480435261847	0.36751426731294173	0.025649742627768396	0.24534740546383743	0.1454260323648833	932.7419223915861
-880.7272895168455	0.261253479626769	0.3680869426174154	0.025578154971386376	0.21570969741535756	0.146004662348141	932.7143334968627
-880.8840624825884	0.26326998640189914	0.3677218479464572	0.02562770795802005	0.16129229721671098	0.14602972353116014	932.3521402489556
-874.4923554875779	0.29921157483011207	0.42064555080614824	0.03444102043556597	2.2096946013221044	0.14607538605316328	925.6089197385268
-877.9618330916493	0.27786480125824553	0.38848629671529245	0.029224741769178896	1.169873946426611	0.1458737956308273	930.3257850411591
-881.156841137783	0.2577033102092111	0.36071993877831743	0.024919315682620107	0.06029799851565174	0.14572486877871924	933.7979328268414
-880.8186445305162	0.2558100804712377	0.3597393390454717	0.024977390015654258	0.18314355964518542	0.14516125362467241	934.5227006728833
-878.3819219167569	0.27262883768849466	0.3817586419527153	0.02806927830719917	1.0187761629514043	0.14524757410899997	931.1862866560732
-1250.6942840154384	0.42376943770952835	0.623037046419542	0.04139876648361991	0.3126788396301104	0.4362905810517685	879.5227386294318
-880.9100096486674	0.2571385906760293	0.36010657015584674	0.025015420525602308	0.1492306186307668	0.1451490576529987	934.1892629075548
-881.1902994963314	0.25471419612019996	0.3570390389109747	0.02460538393888472	0.04910649219321162	0.1460332740841624	934.6559050952835
-873.383206300396	0.2706095770435362	0.4249807308653815	0.03615272062142887	3.4511181058171005	0.12900691048954832	934.0989150799036
