# /groups/rgutenk/lnt/software/anaconda3/envs/donni/bin/dadi-cli InferDM --fs input_fs/fs_097 --model split_mig --grids 40 50 60 --lbounds 1e-3 1e-3 1e-3 1e-3 0 --ubounds 1.1e2 1.1e2 3 12 0.5 --output inference/fs_097 --cpus 10 --force-convergence --delta-ll .001
# Log(likelihood)	nu1	nu2	T	m	misid	theta
-693.1260350609612	0.40984640208930284	0.23082457993764702	0.03701039384969428	0.22972242050633868	0.2517564946075989	406.2303888181655
-692.4130566418919	0.4102725476715118	0.23632248452434945	0.039128906277039285	0.457573920486653	0.2493142568395383	406.4335657085446
-692.7533353439924	0.4323645825482011	0.2403027303522893	0.039473799412842084	0.33243709958593604	0.2493532962999191	404.1491591799802
-692.3783656107574	0.4335253031465981	0.24832227806046894	0.040753447624149584	0.44734148633166354	0.24923445870657165	403.45039038324205
-693.5713441127343	0.40635694030739133	0.22779047032097224	0.03617528838207549	0.08544557948876044	0.24892670042292317	406.5342879275459
-694.2423743333287	0.4049324198594531	0.23277454391285127	0.036598762983953204	0.02097762066992271	0.26432984795746106	406.12783237559086
-691.8687708936224	0.446858100220041	0.2552304143377686	0.043329828648384056	0.6032192451445443	0.24892071412398253	402.3924398730886
-692.8619840113201	0.43544973163886563	0.24186090739871655	0.039496865850347354	0.30062843169347614	0.2502899795548672	403.6857518784751
-687.5619184643944	0.44612642052041857	0.2629777384980826	0.05152172885278548	1.780553212164513	0.2484714485922521	404.3708686577391
-688.7953555359929	0.4890922076681583	0.2855445623479731	0.05530881918145846	1.4393037827930413	0.24901728127051667	398.32527403404333
-683.8790745318634	0.5442415797179423	0.3508906419381445	0.09456781400616975	2.669597730928633	0.2600576945229177	389.33605948237124
-690.999816375431	0.43352228494584644	0.25182332400835855	0.043403720741404216	0.846279595687303	0.24791720962430536	404.0307890795352
-692.3329064159025	0.39282746592051127	0.22093324226103953	0.0367678984915825	0.5302948498734952	0.2496346071796292	409.1315094087326
-693.8112618763533	0.4136328518002487	0.23201165378271826	0.036523036655385734	0.005628513758468763	0.24969817639128605	405.4794615414042
-690.5918524369575	0.4549720184775155	0.26171620666690765	0.045916308190589665	0.947189817492782	0.2504443029689698	401.7381043776516
-692.9440837980458	0.4168313020822818	0.2364034886191638	0.03817088987640649	0.28213907984759057	0.25245288706845215	405.39492405497765
-693.4941448188397	0.4346579243133227	0.23914236638018152	0.03830282473089508	0.11431331648122367	0.25163935551406225	403.61023711790125
-688.978231966452	0.47377930166478677	0.27597216675649666	0.051841893001787855	1.37874393702555	0.24702310704637004	400.0733286137742
-693.7147530915611	0.41661686708127943	0.2324701466467335	0.036887204220079184	0.04800014169841713	0.24505377039774917	405.35223335334075
-682.7455703126027	0.4907365213264983	0.3016152125198254	0.07661112969675679	2.9782433596342006	0.24033168712902725	400.12381770232946
-683.8075112648261	0.5054936564530824	0.306716253628828	0.07533576527865239	2.5924501305205236	0.251293979803486	397.60979470532425
-691.2868025408396	0.4662699240880115	0.262313052632638	0.046664392253996115	0.8469750384938248	0.2392800726882409	400.9698083920387
-691.4559318595212	0.4391227632741907	0.25003812928550123	0.04248826416016894	0.708482292632466	0.2500002613250051	403.4571636994631
-693.4845990316983	0.4160183691157629	0.23382695570031595	0.03700125604427772	0.11640786558828008	0.25228699338743016	405.26450274473723
-693.0352684125107	0.42840994109911384	0.23940618998174187	0.03874489051517329	0.24603650973000385	0.24987659548279978	404.2722708565528
-693.184090943789	0.420794799237426	0.23359169529502555	0.03786506218671677	0.20464824423144334	0.24760681540093124	405.3306847021061
-693.4069132831688	0.42044669512946287	0.23444896589502628	0.03752296939441789	0.13116038666296018	0.24981824927971183	405.0625609341489
-693.1063437929303	0.4131649170299586	0.2313260550594981	0.03730626794900797	0.2285320119830933	0.24945818293839062	406.0270705163249
-688.9536934453787	0.4827000052444884	0.27758557151186886	0.05325031994767091	1.3918372574730806	0.24945656231528324	399.465259334318
-686.9144303466462	0.45808878035451617	0.2809031254694889	0.056438059894322455	1.9387194703993704	0.24368825268137864	402.0670735024884
-689.0377371628806	0.4730394855481787	0.2726413685865935	0.05103258686763528	1.3735538286937206	0.2447615082505367	400.38530879762584
-687.2281453047638	0.4622679707052678	0.25569151907953097	0.05141557205689316	2.2305386278896204	0.26400326469283225	404.1064922387331
-693.2515434338336	0.43204202663300023	0.24106408906442245	0.03871413871409508	0.18318768104185318	0.24918289668495033	403.72625525882574
-693.4500008468544	0.4207926848108284	0.23487273835471265	0.03753542261211597	0.11800721716848	0.2500554527918119	404.97834300279436
-693.4181550569372	0.42202803489566704	0.23584752464989986	0.03775178667401666	0.12869761942301422	0.25063259964933315	404.83838236900823
-693.733103499877	0.41616272512902525	0.2314827110858167	0.03664814547387745	0.02929817550697603	0.24975482021672293	405.41517392665105
-693.3522953486518	0.42289202590988084	0.23674169847938772	0.03798243415294188	0.1490210820348025	0.24915051048704953	404.74902505574016
-691.5932667607113	0.4540462471848321	0.2553631555549475	0.043403282057928906	0.678985096643117	0.2530483759490804	401.83527956762924
-693.5184295382182	0.42720271186064823	0.23338457548092403	0.0374599808531863	0.10210584123452861	0.24947125850779828	404.6467726261443
-753.175403917695	0.474820375547707	0.26627547715581085	0.04626943312240369	0.8202233000368079	0.438742838043511	399.64158194706164
-693.562025894836	0.41835605600661935	0.2333605147795759	0.03713722428339306	0.08299376041913945	0.24980637748312565	405.2046185343931
-693.3088534379494	0.4002110284832176	0.2269658100758848	0.03632889992847903	0.17842394409823	0.2496787340088534	407.2672509874022
-690.8727207727047	0.45064784649760425	0.2574316901299911	0.04487029682860831	0.8701031847996366	0.2499078629311955	402.3391761620832
-682.6289968308952	0.4887157365789236	0.3004254613823324	0.07862599605732168	3.045831780505331	0.26483510710235003	400.8537301823786
-691.1139900372533	0.43127102269028383	0.2450782189621386	0.04187746226096842	0.817653681103626	0.24891534196448417	404.59586707749446
-688.4301295224259	0.46319000844666086	0.26975646156468397	0.05183099161078834	1.5513894497579896	0.25798118213351534	401.89016216736167
-686.6821026654418	0.49504047153708025	0.2958548940559041	0.06239474041125518	1.945736160806071	0.2554500798883444	397.92099393708173
-693.5466167534175	0.42164182243213943	0.23472958126748916	0.03744254666245532	0.08809050193569701	0.24966868370160977	404.8847713992598
-692.2658344797406	0.402624388083571	0.2306764533350429	0.03805645134415356	0.512718177238711	0.2480118581110375	407.42985996903127
-692.4874175601674	0.4229537708161013	0.24971841472860504	0.042106189252056066	0.4999759678885324	0.24695263943835766	404.6889568050376
-693.212977950948	0.42190787240121436	0.2349067285333379	0.03784749920790812	0.1930444324697906	0.25118444949354685	405.03764684038765
-689.788080339036	0.3499232842722503	0.24573598287268533	0.04430106750469904	2.0606277107628035	0.24838407644982785	414.1002126416964
-689.8850225397828	0.46545529060578567	0.2656596360072164	0.04810201848523389	1.1386678252052564	0.24927844300440327	401.08486535616214
-690.2879268440116	0.5442817008679481	0.30698427858848193	0.05783961561203299	1.2090252881714236	0.25134312346094245	391.7148421809238
-689.8104654031679	0.5225263772541429	0.28782951065095497	0.055378583440544006	1.436144953772061	0.270222727100414	395.42573322735916
-684.6973695235163	0.4794052487523579	0.3048716660463546	0.07012204529672271	2.4279750419200927	0.2488230138379927	399.55164716057885
-691.462183235986	0.44856479824891304	0.25188102025477827	0.04322646652607952	0.712393577720338	0.24691143444970645	402.7011691054686
-690.4381782091581	0.40587428226564803	0.2338484594188978	0.04093339795623498	1.1154159469839995	0.25557192874822515	408.1498700851659
-693.3437452288301	0.41260968794244907	0.23088993689632933	0.036885942323934585	0.15426671523749003	0.24888800431695363	405.9208118213188
-692.5701125007943	0.4180696516064991	0.23546851186289225	0.03791980403539619	0.47993441217978094	0.24257788396581276	405.32877007138524
-693.0820533562857	0.42254361562317405	0.2372672119834628	0.03835939997990138	0.23353062366414015	0.2479020554957513	404.8821580311976
-692.9183069117931	0.4183248993472981	0.23493626496001313	0.03811821878933326	0.28375409530659457	0.2487274635471192	405.4621261148263
-684.9950048447718	0.5274689284436117	0.32245158721924644	0.0769679866536664	2.336675399272494	0.2522359768091665	393.4484758073648
-685.0038196469736	0.501270201134208	0.31154131034311855	0.07157457730519166	2.325188901393087	0.2511972075947081	396.7107486687416
-693.3840981733664	0.4188122025236095	0.23380885835588236	0.037418732106817	0.13830967272946443	0.2496237205994469	405.239889298004
-693.1808802582005	0.42873826688182276	0.24026140102733906	0.038636275273534915	0.2039424611329578	0.24830125413555	404.071323944951
-687.072092073739	0.48807722863306546	0.2825862207619826	0.057819473438567345	1.8479602671901536	0.251917728755317	399.46774457897004
-684.2827732425293	0.4673699501830027	0.28099117938454704	0.06607153031733637	2.5813897217497703	0.24530761861529615	403.62029482958513
-692.3867629646282	0.44449819316905426	0.2411252400851978	0.04079828755626647	0.46268153442364274	0.2499591843851446	403.6245923872812
-698.1286838340739	0.5885645216073283	0.28871472669989695	0.045689104957588315	0.052160224531590714	0.27930539172782204	389.4471936139465
-691.1283638176541	0.4401859457683755	0.2508658613240828	0.04311550383619725	0.8008757403758692	0.24989174728964297	403.49636860927654
-684.6726275866072	0.5037940483803496	0.301256045599662	0.0700169803350976	2.3969025114505484	0.25058132069984884	397.74584737112536
-687.074443466315	0.5050702712028085	0.29692140489916696	0.061818223611193206	1.84592939641814	0.2505076404592067	396.7912732442337
-691.9306321679616	0.4364857184308526	0.2454919488495286	0.04129276977219425	0.5756306431630904	0.2518038335916441	403.8436978084104
-690.3507379208902	0.4464318123382022	0.25705578522909894	0.04577425341694114	1.0223491944477097	0.24680581925116277	403.0826749782515
-735.0424152818774	0.4785599541862875	0.26474443996810787	0.04540499638404471	0.591166220342213	0.40584538794547587	399.29292762545856
-693.337344191083	0.4186205177509758	0.23396651816316752	0.03750913434446773	0.15303523316116804	0.24971835744339302	405.27886503032175
-693.2387480380125	0.41495167682066	0.2325350821940229	0.037340489227018055	0.18527726173563086	0.2491814587389357	405.7122431248828
-682.5076496381191	0.4911905320715244	0.2994485977772921	0.07750118269729735	2.9537153305970825	0.2484408554596397	400.5507272908027
-690.8984513061991	0.43900590495413944	0.24653174533231356	0.042876008488845006	0.8729755222827089	0.24981468949599256	404.14108116575375
-687.0296600106371	0.49637015740460033	0.2939524255439675	0.06021112095435161	1.851051605615837	0.25014775913335	397.6501728295964
-690.974116895127	0.44618642780462764	0.25505387825811143	0.04451724941485574	0.8468801408040736	0.2483862399942553	402.9178905812978
-693.3782233457229	0.4065801208488869	0.22867378011394562	0.03661432932261335	0.1481123792235375	0.2484360845003065	406.6159055870221
-684.2885953130601	0.4775311855013552	0.28660538810940656	0.06566598540959608	2.5468454691236713	0.2513147786750357	401.6541472578177
-682.5416080152463	0.4385752330311211	0.2760609899392408	0.06881874966065994	3.28869704590815	0.24912542894777798	408.3473917925585
-679.3917320785765	0.5085403885361345	0.3282493265552844	0.1295069575959067	3.776141499577968	0.2497919559988181	399.6595813487973
-691.2994344198526	0.426652266780175	0.2600715688553677	0.04592382593859586	0.8920521568926719	0.24526285686527352	404.3867087990234
-686.0669547513702	0.4856610842077638	0.2921161451245092	0.0618701495406807	2.0812585161522956	0.24969399024901193	399.21059230207965
-686.9584048886768	0.5115787857213563	0.3102438128336243	0.06529335252231593	1.891153243320608	0.25094959953320445	394.9868882353199
-693.0187450015248	0.4469080962146634	0.24509125989873135	0.03960256969190632	0.27617395163477426	0.249081351648498	402.3819923676011
-682.7950035911274	0.46384586474890244	0.27740640211840295	0.06912298148235355	3.1814189270087443	0.2585013840251918	405.4041281813967
-682.3083059402791	0.5229591751515731	0.3227659653696546	0.09009851690642472	2.9294174459170077	0.25044118769925433	395.27111097585316
-693.3409864347927	0.4250941104538238	0.23641329532132827	0.0377278465694232	0.1552909074830162	0.2491089987258791	404.5026675426175
-693.0057231048245	0.41863569434556985	0.23654193219810868	0.03836134491696016	0.26033701197588094	0.2516427228802271	405.31235651426397
-691.5022014302974	0.44697712711296206	0.2501123548805363	0.0429295060378649	0.6976558334174049	0.250195807274808	402.97134151770774
-690.1536130654856	0.4686618695845906	0.26951509824764885	0.048429407831383345	1.0701332077071422	0.24960976696962756	400.3623888934959
-690.8207695375958	0.4272999259557758	0.24174928043115512	0.04175448030110498	0.9149013002490577	0.24928593746094474	405.3829464107675
-691.9129426550303	0.4233898082553345	0.24220487421964615	0.04043846801328636	0.5856754738171607	0.2488089725115479	405.05011854111706
-688.0769182829686	0.4853975371152288	0.28112701343191726	0.054600497235979525	1.6017738549283842	0.2508766621021508	399.1254667053337
-691.8895034806056	0.44032261579659593	0.2500517379397416	0.04192260583353475	0.5853249593486288	0.25062016719723157	403.12769318880737
-693.5889061962193	0.41528111403824164	0.2315995416367716	0.03686169402350021	0.07489991216651103	0.2491386019929914	405.57828825260356
-686.0769692405529	0.44082349309288815	0.2712740465811841	0.05737554010282361	2.190604421048152	0.25113730184980154	405.4834140329347
-691.0385555491482	0.4226858812070797	0.23504356619430697	0.04104134262719828	0.8703381788299633	0.24877867556626085	406.4797378712294
-683.0754878124551	0.4759308649353847	0.29750753121748164	0.19359616890351639	4.594422825572508	0.29263986663285685	417.7495675988099
