# /groups/rgutenk/lnt/software/anaconda3/envs/donni/bin/dadi-cli InferDM --fs input_fs/fs_026 --model split_mig --grids 40 50 60 --lbounds 1e-3 1e-3 1e-3 1e-3 0 --ubounds 1.1e2 1.1e2 3 12 0.5 --output inference/fs_026 --cpus 10 --force-convergence --delta-ll .001
# Log(likelihood)	nu1	nu2	T	m	misid	theta
-921.69049393986	0.368435199809935	0.22843218974469676	0.12187758093291531	0.38634919375823157	0.12251301132102244	693.7277334257936
-854.8870608254138	0.38262678901756286	0.28086619001353624	0.2968209985389253	1.2670641889426502	0.11667185012534673	704.9351901806658
-960.8763261033382	0.22052350314028807	0.1450283182761457	0.061650474182804296	0.0019777783083627268	0.09878451727240958	753.886856253166
-862.6817040854387	0.44369163167873693	0.31613315121816626	0.3385218629152775	1.0547526581166338	0.13006955283849533	661.8066456816059
-901.6896211911062	0.3756351168204966	0.2796178380106446	0.17999004090672482	0.6151732355274675	0.13767050436380882	685.9185213574222
-929.3531858085798	0.42995939283903495	0.29346865781369347	0.1516831985648859	0.31416749238498165	0.13543304986013688	655.0899215404654
-932.4475901154849	0.30310325345362615	0.19472632188615324	0.09770789419956559	0.32920703404739293	0.08377774097739196	723.053677890065
-851.0353506802148	0.38191927842933043	0.27040959042820806	0.36351814781290226	1.4139155068259717	0.11728835275184364	721.0811379106075
-850.3634759280659	0.3755169305983072	0.2711100488300005	0.41301515052697874	1.4554056344900848	0.11589541488150226	730.1445653670836
-859.4143337293399	0.3816574489271904	0.29372162897171444	0.268004539517767	1.2594189934000546	0.11757243889462828	694.1864064837755
-918.7841038878443	0.344806587242218	0.2392854066331216	0.11773102001108479	0.4123832292831993	0.1188725118164421	695.53860574075
-856.4712248057858	0.3718632796929309	0.26271196933829144	0.24995646332229998	1.264168859107203	0.11385405227875764	713.058203060706
-942.3466828452322	0.33847086203965754	0.22626671892699207	0.10434073498733838	0.13412020207554748	0.11253756398450299	696.8570043457215
-849.5818524436311	0.3486905828021375	0.249008037446144	0.3855169489476608	1.599102879653259	0.11457950110734717	761.3610789409208
-856.1699672305062	0.39984186485080714	0.2804743453116787	0.3273489470421721	1.2236946685465684	0.11012904699287246	700.2126767824959
-849.9823445679466	0.3298191849821654	0.2352932418521627	0.3574936020079709	1.6997872844239	0.11154676871347856	781.7479132578867
-938.3297884981387	0.30277239349771806	0.2137433890457415	0.09943036066423344	0.18642375770258685	0.11351718617645563	714.0847689937851
-928.5240301484221	0.4365547585264914	0.3211877272130544	0.15444108847046384	0.3676288631852499	0.13835079032480288	643.9297844244762
-852.9133417788033	0.37029652893056136	0.2566305330080488	0.28727387329609566	1.3855479489855338	0.10968131423357064	725.106413290807
-868.8591571854231	0.38975601875014637	0.2719440170289543	0.216032796469299	0.9905443929995302	0.12927826786530222	692.3146146867969
-878.4547021722732	0.440543210437256	0.3154562638484742	0.24162290623268132	0.8216789801147468	0.12335147423714649	655.620423128337
-859.1122427167492	0.2857060704143946	0.20012507793639767	0.19295720228381558	1.7698368606184853	0.10733000872837553	790.4146710319736
-849.7778543594145	0.3276134983526679	0.23372592490389082	0.4243217497465569	1.7510682629742236	0.11070367783224111	797.9099599909811
-849.4167780470251	0.3429182750135787	0.2448255575624998	0.43936276968906757	1.656078329443411	0.11348779900682066	777.5110835368467
-849.6500039172435	0.35061788346051753	0.2505610185073416	0.380541164113026	1.5741945510543465	0.11518673860545767	757.8714887081476
-849.4023846832085	0.34756310316991357	0.24820779700486142	0.4403661893527824	1.6287240472636642	0.11436378343526644	771.0703745000257
-856.0900835297828	0.35645763839614325	0.25164364454762855	0.2372712089897987	1.3183174440677816	0.1199825427854688	724.9726579486097
-935.5749803978078	0.3062119407094078	0.20936726241782067	0.09401681387291642	0.24030377676864756	0.11556242028556134	711.0864709907255
-909.7947329507854	0.3432354880875133	0.24534627562945685	0.13396924293766355	0.5511452556705507	0.08476830941838989	700.5974549589121
-909.4021585244313	0.3833356100966876	0.2653153267262016	0.14692553254346696	0.4885515191996353	0.11251783527950567	680.6634761075219
-948.9412626177557	0.3058939014990854	0.20574889023779266	0.09080666437119285	0.05275534932897165	0.11218817487814141	710.5163526742458
-849.5060386235155	0.3454124821317803	0.24805326379009335	0.40266401895422976	1.6219249193549976	0.11346312283110331	767.2291001918354
-874.1108611001541	0.45040003385564054	0.332712914404635	0.281435714259831	0.8833291095628317	0.12065310620368677	647.9613241739352
-927.0468428016583	0.32386820841838043	0.2226392418827147	0.10977849189045519	0.3169669165258513	0.10370309928349698	707.5025964927255
-875.1866628512163	0.4372251856711525	0.3154004953307844	0.24987792974582732	0.8642567873474187	0.12714533750696935	657.6988699788185
-933.2869122670817	0.3124890352874832	0.21173580317240112	0.09897267749242944	0.24875343309889164	0.12151057049696957	710.8117887529058
-849.7679904537426	0.33765124780628974	0.24116358063650795	0.362832371745228	1.6505976987114452	0.11255349012611716	771.8676443148676
-880.7950363014219	0.3973133034715196	0.2869618727845192	0.2009030393336989	0.8218002344142813	0.10270755277130769	678.74610408498
-1262.622250594021	0.30333543712193456	0.22339432875453047	0.10177972852052367	0.1517934035725302	0.4752895992548271	710.5142429797954
-849.5895584231318	0.35787247798685085	0.2571475751200136	0.6143095697662497	1.596244780605719	0.11540451288702726	773.4136573663324
-852.1256118318303	0.4061097469156114	0.28948619721766494	0.48144746833311947	1.3445077273302517	0.12078367589757255	704.6065438164395
-906.0036291948286	0.4333486131324606	0.29762084297676333	0.1796800650485119	0.5286717501718504	0.11378750310865786	657.44715667358
-861.4154668647654	0.37911268597352593	0.2578548829040456	0.2215694322513963	1.1658484398875997	0.11797793727409758	706.1659663845369
-849.9221057116856	0.34167757896025863	0.24243734501318143	0.34408346780703286	1.6146726869791554	0.11379404585922578	764.2929354883761
-849.3834946442532	0.34980885956355784	0.24987773575964495	0.46468668553619175	1.6235085577453832	0.1145891985465495	771.1441108794712
-969.5350438633336	0.18127658888846943	0.12026507977042108	0.05063423691889045	0.001	0.11052857749068573	775.6416178390517
-866.9054469296663	0.39346546710410746	0.27503414868808046	0.21092972842622684	1.1147159939491376	0.12967647407662172	688.5786837719759
-930.9546009194949	0.304461934066502	0.21232141313749878	0.09924086703393366	0.2794545734779697	0.11646070608453155	714.0555887208589
-849.6776890722024	0.3514334046670274	0.25291824242649297	0.3803333305829808	1.5763568638370389	0.11412967316353184	755.4844550945671
-921.1535707775769	0.43908921649720023	0.30161901344395975	0.1637613254724684	0.39050573952240725	0.13272928083793026	651.5144086840195
-850.121867388714	0.34134133035887776	0.24780562603062387	0.34459578725492523	1.6168277817642795	0.11098114042594362	760.4265922098654
-849.3694911408219	0.34501029775259123	0.24642423638714384	0.4773163427250489	1.6529392080949985	0.11411510379322135	779.6596782835608
-934.384480142959	0.3563332854363468	0.238588314813231	0.11072833946704963	0.25506932194340376	0.13860875650217122	688.2452877367313
-903.4909795114977	0.29323845449980224	0.1944537355668337	0.11106909793061441	0.7023131121827525	0.11070732973132125	738.2232417117455
-904.9755897471916	0.4412729881634766	0.27285440692612584	0.1639281434828266	0.5916879712360701	0.14200723782264382	662.3399724818186
-853.4030760392966	0.39568631405014326	0.2866047969560322	0.38387970236820784	1.299560977408438	0.11241332506046813	704.6877779793605
-905.6257647162001	0.4646249459241662	0.28618275301429763	0.1745069334994667	0.5727475625836564	0.12931773199215368	651.6283403169825
-876.4041524509428	0.38246458503143127	0.27706761216419723	0.19275745709043962	0.9016033446881543	0.13595957749948162	687.8026618062613
-854.2022993463006	0.4119051703354327	0.2925952242867361	0.3847232448055248	1.2564466796030862	0.12244266302920691	692.6285070169578
-862.2167655671201	0.34763930360348566	0.2559942349550883	0.21074305662615925	1.196555966246809	0.10262644404300945	719.7636974526388
-849.7375121586097	0.35607320679862614	0.2552303817157292	0.3884713596432149	1.551255067856574	0.11191852748278859	751.6662226124012
-851.3151261421872	0.31879608184501623	0.2274937667110472	0.2903744010029458	1.7047668091510386	0.10843770616627449	780.4413557507164
-857.7896100942958	0.4073408958931985	0.28812269708677607	0.3140365035221548	1.1676887041754087	0.11399610068815783	690.6039059602124
-861.5007105045617	0.27948204241929137	0.19438067253043095	0.18002465550268024	1.7779838960476775	0.11338248169194606	792.7275984773493
-892.5126730019078	0.34495575261837486	0.3062119113925847	0.17617240847506183	0.9992748226302788	0.11075786861388522	686.1255899429518
-849.2992430660597	0.31234757358318416	0.2230254422224037	0.7789153362678949	1.8520516619289822	0.11110661545303242	875.5358502390764
-875.0479325997821	0.4024548455874178	0.2583172704655625	0.19892358595386464	0.955782719718994	0.14003159482780456	690.4112818388743
-849.3942871459207	0.3439088657291919	0.24642095515062548	0.4534217675477819	1.6518189278365856	0.11317782714355393	777.312258658795
-849.5575246240464	0.35505785307726206	0.2534971194126409	0.4058785536110856	1.5703370397417096	0.11483420503088831	756.2711920896038
-860.6158184379124	0.4383062142065433	0.31145353246822755	0.35315118539649426	1.093606843591071	0.1262007789998446	667.343903360745
-866.8817316127299	0.4040095256927685	0.3053144587452868	0.24677971883705416	1.0211291103237692	0.119700031700258	675.0897943760613
-874.5443428858189	0.38010045191950687	0.2689390996793153	0.19285366837831786	0.910090226118233	0.11685540310258657	692.7764809059762
-942.8605534199417	0.30806080273794006	0.20867611025691313	0.09538003236008426	0.1279873473149249	0.11990782286990717	711.5714938986982
-849.3897675777343	0.3498995137623574	0.2501532391682197	0.5399167690379771	1.6329099146101695	0.11504231717644384	779.5899435424317
-849.4044246834344	0.3457808932032099	0.24760826875493716	0.43971410500071983	1.6334621786638757	0.11390110716220356	772.8305700404053
-945.2426421711073	0.3082957010354213	0.22189878656512246	0.09714789551982211	0.10383717826781658	0.11259480297782168	706.1085040668909
-849.5784664376484	0.33576729270780037	0.24000655747682847	0.4078571442886172	1.685696331289727	0.11342163402724442	782.4411071392485
-849.6378186536397	0.3478160376411871	0.24780483733892988	0.37688751661359554	1.5946764752061933	0.11526577163532675	761.5022272757956
-849.3992050741724	0.347451330266069	0.24828160224325707	0.44246031657217344	1.6287983127243775	0.11425730468623571	771.3737723790588
-853.0254355362578	0.38568890551105917	0.2696052007691772	0.326578669779047	1.3220340170366134	0.11979267933961653	714.4047843577605
-940.9427783071026	0.34481324522683954	0.23514411396850943	0.11007040907152528	0.15552715087465527	0.10837576475386498	693.4785199302147
-875.709049015775	0.25371695324334653	0.17882783688688167	0.12939029263479165	1.555840648484939	0.09792118052113817	788.2528182292568
-888.8665945883931	0.401063910195842	0.27940246346233494	0.1818743037355327	0.7205950214104226	0.10463492457812816	676.9034591036848
-909.4660722676822	0.302030957089695	0.2089898689352729	0.10997616004957182	0.5899952001837454	0.09924781692869762	724.5619285809904
-857.5454218734831	0.4331587119596575	0.3131149483915036	0.3837772397650304	1.1631538605311966	0.1225083570930522	670.7581571516331
-935.7128525393302	0.30156171595004466	0.2046813770670926	0.09626655476054853	0.2216791272926566	0.10801978075800592	717.0981715277642
-939.5834316207201	0.30518377737905145	0.21602369504777716	0.09915453542533012	0.16919629240596615	0.11528461861365813	711.7001023904273
-942.0776098105941	0.25566087410595995	0.18093461537984842	0.07950127331579504	0.20050683858638346	0.11617422492447484	736.3445287413441
-943.6373052189377	0.3510015099000092	0.23473218419185693	0.10909059050549166	0.12492054755511142	0.11604627489996056	690.9243156612214
-849.4627457351864	0.3528999378621159	0.25214657174456645	0.4269475834538373	1.590829440641462	0.11544353250536384	761.8541251577905
-851.1986327114394	0.369804868688767	0.26342568201246713	0.3317086053463077	1.4180048628624347	0.11523698505114967	728.335455064205
-851.8115914485952	0.34526653614354463	0.24840621266650173	0.27823509449696804	1.5114422402774932	0.11407454084548702	743.5058077287825
-935.7810047367238	0.3093684790662394	0.20881612569480376	0.10035609601836559	0.34267225621524106	0.16743839201621785	714.6474246934345
-930.0647409439173	0.3570245615923333	0.24810285947190633	0.12372494331064389	0.28383701105870535	0.10124833582251941	689.4790442014784
-851.2054720293696	0.3064340854608487	0.22151668465900837	0.36050405449182565	1.8565234967557604	0.10881046710620301	814.6252695656309
-886.7519833272654	0.3182986868627723	0.2212598060485364	0.1343515401303184	0.888865639327198	0.12340868578182156	724.773106498977
-860.8406000973573	0.3825499417316045	0.259867973150971	0.2404721172606513	1.1596919178121035	0.10784765327935872	707.3121637639034
-948.5822886320307	0.3198831700141199	0.21619006690030207	0.09487470003166275	0.058924811390901305	0.11279208694531301	702.7762147774905
-1056.6768789852827	0.35842813655401307	0.25792781555414523	0.6502889143260481	1.6405056807996539	0.396604571689722	775.9197386839389
-934.7001082466498	0.42013039239408134	0.2837897804000461	0.14252862182832732	0.25455117238023495	0.12669154255271148	659.7116059100366
-935.4627064736983	0.3599396581596994	0.23287560378826982	0.1101262245594015	0.22461834493186755	0.12625286020808354	689.2127089098038
-858.9502955938868	0.42184507308713504	0.29122210267494997	0.3884526015821465	1.2578757812312908	0.09104314170038974	688.8464190859748
-849.963299192924	0.3465012194644413	0.24627373728607443	0.34198686581188714	1.5789465275376786	0.11386371541192013	757.4758811204667
-849.6054903538518	0.35282156540032256	0.2527077563172754	0.3975316884064622	1.5658728854226285	0.1155255756412946	757.1783182459174
-931.6839730560275	0.39344324953104415	0.2734417746220463	0.135728944697005	0.2675825848653077	0.11766736268623448	670.3615374774519
-849.8493649884986	0.357376568388329	0.25500161873975574	0.37085461530099834	1.5323698088443953	0.1154445271835107	748.2962615600973
-917.9408945524634	0.30098188462087816	0.21423964830056053	0.10731606975339911	0.4509586600301888	0.12104644333005396	720.2273639515155
-849.5586650148852	0.3377561418753387	0.23895564727550553	0.4428676991423528	1.7023044634771052	0.10990526022539326	787.6407688263258
-925.7642409648345	0.3402789507548913	0.24124443303115237	0.11918161912908908	0.3211422095043412	0.12487044502790424	696.9333911626508
-944.7803014733838	0.3131521537522766	0.21365175036222753	0.09526941529144663	0.10300851433105374	0.11283984326316762	706.9284931979311
-897.734550063135	0.34146762430485217	0.2405134059489636	0.13624211037526748	0.6582213462884008	0.11238643483427997	704.7997715926215
-849.4321762343168	0.34646209603878825	0.24782612123536601	0.4242027540037253	1.6277388637981167	0.11407003657373004	769.9119202792576
-908.1277021715496	0.46218320961900183	0.2888033568086412	0.16568745572969734	0.5690064068958843	0.1230610594976716	650.0877937646259
-850.5871333636067	0.32869360897388505	0.23659649725192639	0.311677937984174	1.6604894892915525	0.11251426700418769	771.2527040429683
-849.3770938561051	0.3472254187057607	0.2482503729344468	0.4634215134227611	1.6353755543819586	0.11430776067126201	774.4102539123094
-849.3696752860021	0.3292535939780316	0.235577987934828	0.7828834380028817	1.752537604803677	0.11311672632990968	839.1724246642298
