# /groups/rgutenk/lnt/software/anaconda3/envs/donni/bin/dadi-cli InferDM --fs input_fs/fs_063 --model split_mig --grids 40 50 60 --lbounds 1e-3 1e-3 1e-3 1e-3 0 --ubounds 1.1e2 1.1e2 3 12 0.5 --output inference/fs_063 --cpus 10 --force-convergence --delta-ll .001
# Log(likelihood)	nu1	nu2	T	m	misid	theta
-1768.8693713164193	0.5124139057876672	0.04322034998106274	0.009456322496223947	0.1607657033444867	0.382942674022466	1246.6167482727851
-871.5891679893039	6.025912497890446	0.29849137200503584	0.07596536579007254	0.31456230351304804	0.08786929952832907	996.3097897859641
-891.5579639692835	3.716075880012337	0.28623085200128534	0.06862704626875425	0.05391651748977244	0.0849641828164841	1025.2983732806358
-892.348194055497	3.5652348986525095	0.2947463131548114	0.07197775734051372	0.14686824573330515	0.08742091166923882	1019.6890845580251
-880.2809160590234	4.878666546946559	0.30223921215667415	0.07363034155739759	0.1289961202639875	0.07896559309446008	1004.6424735428776
-862.7041093461778	9.269849931696418	0.2851777602535861	0.07991659323782263	0.8811990596565914	0.08795530181304381	985.2258294349298
-864.5493746239821	8.408748772276228	0.29364006731911935	0.07930667552583658	0.6153509520326146	0.08968162778925017	985.1531671814598
-1158.746280585664	0.4194182770354887	0.031149792974924217	0.0067896932923172245	0.00852698932771671	0.07947012422845803	1254.2979938531425
-948.0077191247602	2.813441017356071	0.2923240648355136	0.07057732701511316	0.16762553415319248	0.1483233777258085	1032.3196924477018
-900.9994829023217	3.045382977110697	0.3226669195900473	0.07846484038189042	0.6190438141240228	0.09851528763369831	1011.1463092908695
-870.6607086431866	6.443361091886944	0.2881494304735823	0.07313647795274825	0.3294846307797304	0.08309665302369912	1002.1314267133199
-885.9461872597623	4.048810392831352	0.3113034710743579	0.07603633313327621	0.19356293261420845	0.09133042468523994	1004.8185250054777
-871.6356076929549	6.946171793348124	0.2989072120983881	0.0726817605413218	0.03379254606098072	0.08799571514024916	997.8902186513201
-861.7221379089285	10.648036538292123	0.2796654262043868	0.08277518161667631	1.157257554328724	0.08874251956201266	980.2412671679863
-861.6781566229672	11.905391882181407	0.280464196514384	0.07904295242310516	0.8704909388650204	0.08867654300487982	983.8727522993477
-863.6583333508379	9.39101865667548	0.2785524405212254	0.07492047515279439	0.6980805684502361	0.0888806011862754	994.965667417301
-906.5758701492425	2.8204835660474425	0.273648819413769	0.06857808065573553	0.25234726361631066	0.08132335486042287	1040.1910863885062
-870.4948439699604	4.505315561857007	0.304435366778194	0.09992617754452468	1.5469138565130929	0.0896151334760021	971.8436124884261
-875.3432658248016	5.545037866449354	0.2980942722403472	0.07494304411821533	0.1665385572434065	0.09091326977592482	999.8780385754458
-947.8851939223827	1.949598095384948	0.21013229271157555	0.048606423395719134	0.002422529701803583	0.08556359697066931	1102.1454916023738
-901.8940335053406	3.3041467052352296	0.3602192849132951	0.09156059743167382	0.29055969679679033	0.08893458699584125	979.5229256401981
-863.3007061667847	7.706786067432463	0.28400112945617295	0.08389148448062596	1.1468934799117534	0.08715287202778559	983.3928085958187
-862.1960783233831	11.72565229504009	0.28483438058560245	0.07768337389164867	0.6887436285445466	0.08833622656114379	984.8656172641046
-1032.9994737338468	1.0659579654777558	0.16148322401350945	0.03659473219490014	0.027601750253180277	0.07768581930239767	1162.9083086934027
-877.5142742933667	5.045481121755341	0.29186493717061157	0.07248490012756745	0.18843276102485682	0.08756539069323285	1008.2193708076682
-869.2525160536434	5.4951376607224125	0.29476594443204174	0.08258228792040807	0.8255327244123362	0.08731632514781652	990.3344499871873
-865.4279965834844	6.3024410420732	0.2830194547898028	0.08606576386960614	1.1846034593731902	0.08883952311900542	985.1910548556327
-872.712198707183	4.2862562835145965	0.3000135238446971	0.09143440931381658	1.2605210339694326	0.08816833064009712	985.7377668071025
-869.6500328454807	4.70725502180737	0.2971447929942057	0.09199563693943291	1.36298146160432	0.08922209517822105	982.4811492771018
-1175.521494218751	0.2686450573678446	0.004668023406963889	0.0010010161708071078	0.1522310302766528	0.08259177238010373	1254.1913094147417
-974.0194689052703	1.5588693228559787	0.19985903932058585	0.046208563541716784	0.09007893209180391	0.0791528473940283	1119.6485139703652
-965.2967789752944	1.6824713626372174	0.24890867368613975	0.05869343398781341	0.010287020568203646	0.07890186372221719	1086.3140420006127
-862.8574220543118	7.921350949613047	0.27786523055847107	0.0862419194973625	1.4251179377047238	0.08868033261861613	981.6071437952438
-912.6746588723793	2.7257163310639814	0.2593467648729926	0.06184572125072001	0.02054156617888079	0.08183141021708638	1054.659431379885
-862.3995657598518	8.821056669253661	0.28198344470393055	0.08370815051308306	1.1765835290340825	0.08851537105075605	981.5111489287201
-1184.2062970170934	0.20893283950538843	0.004650989612100829	0.001	0.12571390792436424	0.05604423497603302	1256.7936332999236
-871.2810206613863	4.299634773010094	0.2664048094482069	0.09358190573661819	2.252406709781176	0.08680998916078149	996.3091450874321
-881.8549049040407	4.325576579227861	0.3040539395732408	0.07907194389956974	0.3816048589533813	0.07877017941625016	999.9333181952442
-911.647799016268	3.1475620128291713	0.3759738155202648	0.09134362354376951	0.1028300650616494	0.08783069031194862	978.3670021066905
-866.6556763849458	6.221776707014037	0.3110081644718275	0.0887472506296957	1.0927825432555505	0.08742790885667927	973.9403061011227
-972.133362905573	1.6405471121522874	0.27183421970632055	0.06350767501317195	0.001	0.08312197322683972	1075.9209837478948
-937.238670139111	2.0733179647420923	0.2570385070920974	0.06153998421685288	0.08823949302930445	0.08836030531091253	1068.9226309974756
-900.0054170449041	3.320265465007352	0.22967595623999387	0.05760062997152857	0.6284452862036213	0.07662989082939099	1063.4974801665944
-861.2292420212054	14.835947485806091	0.27920658522624736	0.0807999544323665	1.0310877243518315	0.08835515534415597	978.6832788466032
-891.4359431754654	3.7482991927632368	0.28060904602108866	0.06744874845919223	0.0591967786688644	0.08227560555142617	1028.301018512949
-888.007629830804	3.9463916461598165	0.2908352780299495	0.07088197512291285	0.09380199194244522	0.08571484312968781	1018.5612431398107
-863.2258072585089	7.451450949892075	0.2786660478358472	0.08761933659748306	1.4884732434627967	0.08864603460860992	980.8279181788168
-862.0545271702472	9.542503722861033	0.2762521643506246	0.08411448224556292	1.328088192995428	0.08884345483889663	981.412225233641
-867.7870828957646	8.081913614661667	0.2835060766336423	0.07409270750642898	0.29163836477191885	0.08533443759830277	996.6274224105289
-877.6212541476045	4.852407444476597	0.3033307153665989	0.07630134215472761	0.2792834424903304	0.08778164294300485	1000.526361347029
-872.8648637681882	3.926398645053102	0.28730368991057575	0.09731908700773757	1.8193714726489325	0.08852888611257836	987.1757879329112
-864.4394826482024	8.653686494192547	0.30610040764926916	0.08245091140022234	0.6515522635782282	0.09060048335360421	976.2715999808927
-888.5754981400228	4.139859986575382	0.3124004647998307	0.07924083971465001	0.08069891946800016	0.08428037794119322	998.3714969057809
-884.1943240570138	4.542472580214805	0.3586809116334558	0.0935970546896496	0.3776952680239301	0.09315399634991617	963.5084936515772
-876.198460539325	5.581386967871282	0.29843193572631355	0.07158917278154274	0.06324496978909433	0.08682395857910279	1005.151134706478
-1045.1917840828905	1.047432866114678	0.10898518637878513	0.025160149881445215	0.013459324243621644	0.0690374851423445	1191.5015125416403
-1132.5431905925707	0.5551849331923893	0.055131290642910225	0.012176295501233716	0.08603450938940264	0.0801571084575274	1241.587198427981
-863.0328086357747	10.205943461594664	0.2928511750726155	0.08404468632231553	0.8081324017342217	0.08730447117684795	974.0786823977452
-876.7443321869298	5.711522797366884	0.3326766068101239	0.08052874091402965	0.10207697629216635	0.08330888162810644	981.6723866102367
-868.9798847129831	5.015290474030841	0.26185471525490794	0.09901352550410493	2.421832867940062	0.08910119923100915	985.2402484516705
-905.0712323402653	3.040663702594357	0.306074545213682	0.0726708831530211	0.005032665000242994	0.08611753937085886	1022.0152281456541
-924.9697282002238	2.365132765801409	0.2737117701169684	0.06360722744506829	0.001	0.0882961464870473	1054.643869969679
-865.5291827854296	5.7695768989122085	0.27693086843461906	0.08891739572855516	1.6201503226069924	0.08861856682170141	986.7107115015759
-863.2704159727978	7.57731991946054	0.28472709745090685	0.08540346861934296	1.2205060459825399	0.08860311860334977	981.3645144993891
-862.4498180861552	10.894456858665922	0.2866117268631697	0.07822026081594599	0.701651616980201	0.08820258353393165	984.5915133437624
-1172.8644571243024	0.30407462215570547	0.008355912484993766	0.0018013529246610485	0.15799754003163136	0.07604387888215886	1255.5620533598087
-880.0930273544964	4.917370302723327	0.2991360794323639	0.0723059684822761	0.03448024697655527	0.08766851284613189	1007.1132330190302
-862.2575503773134	9.751227039501012	0.28188973454058497	0.08069738558916416	0.9593534537927144	0.08768665955243433	984.0525031857597
-950.9557307070559	1.6944188676570782	0.24617561700819987	0.06376315787772999	0.9472776895139118	0.07932697642678199	1083.5541499317478
-905.90934670553	2.921642858389766	0.29609681028795626	0.07084389737589816	0.14835474855679934	0.09448309632386254	1029.2327370333396
-865.0251951029179	6.290731335603267	0.26664648818705267	0.08952571056678883	1.8925317692518993	0.08754814352163777	987.3451335780999
-862.2924891279694	13.64304272640168	0.28697342684487204	0.07586651968748076	0.5218514260275298	0.08844062789284345	985.1643502124019
-929.0773923856237	2.259243656897149	0.24493759109892757	0.05733686211108338	0.06569877821758295	0.08862164927826915	1073.467742830604
-861.2429304935354	14.310652930480146	0.27585744874312074	0.07848087407202542	0.9881418049048584	0.08911796953190342	984.0579970806778
-899.0269874551698	3.2233592979574635	0.30999692411685903	0.07449053591725045	0.13966298595494192	0.08864900297191218	1016.209346411161
-889.4475471540659	3.9081636507889437	0.2838273432550608	0.06902062561726859	0.045615492837531586	0.09098843284164511	1023.5002690256656
-885.8886970864069	3.88154845843796	0.3088963054252541	0.07875593014736712	0.336510753602578	0.0891800460895323	1003.0949807606967
-894.9589530957599	3.4304731685119743	0.26838036673105475	0.06696050335597199	0.5065908082730927	0.1027716865638685	1036.5883624924436
-887.5608778591691	4.201411677966162	0.3130010219984711	0.07373149308511795	0.001613599777064318	0.09506725606075858	1006.3505671334575
-959.6947460199685	3.215422359067864	0.3161896618365773	0.07750093101466854	0.12784561454558752	0.16363775956078086	1010.3762446944974
-870.1152610189389	7.499986052923952	0.29750346668547123	0.07229392232508408	0.06875032150833094	0.08940588975850115	997.4418602216859
-878.9094372194161	4.494073618852659	0.2907523669006312	0.07450500074483381	0.40306723148273255	0.08936984284806013	1009.260129064267
-876.7673689458773	5.015920490509336	0.28483903153306694	0.07184413136142233	0.29173785314576606	0.08749331933503145	1011.4728695227066
-871.6982149539919	6.720416974624387	0.29673997602478724	0.07218022396844712	0.10401866040234238	0.0854525283698143	1000.2127100044229
-876.4048760847077	5.412542771207336	0.2863360712353073	0.06999350013730235	0.1327237302159616	0.08782162450585622	1011.7707707612495
-869.9490114797877	7.809204977283722	0.3092458874667942	0.07507418020893185	0.03179907787462374	0.08851593067692676	988.8156177502907
-929.5616352010923	2.4586842092041437	0.20097811166336263	0.04811156286523807	0.001	0.08901112433562869	1096.120053957236
-878.5717551316241	5.1866673380356465	0.30276887694714794	0.0731166975844297	0.0245835599054558	0.08733369906459694	1003.3515911982332
-863.2076690872575	8.446643368123276	0.28625380959770597	0.08188628373212127	0.9345377296840838	0.09071905415849478	983.4827646386664
-1181.2564008941831	0.21931601758640193	0.004717677830026515	0.001013479200386287	0.1049265071561054	0.09168856659009857	1256.297128421378
-911.2201986057071	2.6972826260958485	0.2886314019436433	0.06764170246583558	0.22192135528317283	0.09140563778232941	1039.4424735178252
-870.3059198205893	7.6820602264719575	0.2984759156269494	0.072360762883998	0.003396010562585498	0.08802802350762857	996.4336593800311
-1078.116542994026	0.8258714468555336	0.14203590673662003	0.03168752557814501	0.03154253180830178	0.0805445667630867	1188.390310515791
-881.904921128239	3.527541579341564	0.28856492649091475	0.08370260288787185	1.0641621902056306	0.08557904826721188	1007.1801935864956
-861.8744700771931	10.075023772414648	0.27636573094384265	0.08202078957173889	1.2040927748208072	0.08863355054149312	983.5242843272898
-920.7841725604317	2.523450904143407	0.28898411675591745	0.07082674588538221	0.021330062660617915	0.08347102321948506	1037.7213894732386
-951.3870927000478	1.8226365059182594	0.23017364774979157	0.05497967034429074	0.16684266747110937	0.08833122368695633	1092.0008499809803
-874.2379624117866	4.471157204324261	0.30297965493100004	0.08611048742224356	0.8921497093355484	0.09110721836779068	989.8195739496741
-866.3885612897952	9.765505098248504	0.29642886777352007	0.07379223886365761	0.13377737363988945	0.08812251644238749	990.3674774174854
-972.9432249800973	1.5673480231828936	0.1854117315057913	0.046176493796459946	0.40263336131869437	0.07330750656210477	1125.6463123612327
-897.3118391893718	3.4545672723713223	0.3237114498167256	0.07873960335203141	0.1000006617307974	0.095390012708114	1003.6451460262094
-889.6682119144973	3.887216923621965	0.2715375493228055	0.06605376453716309	0.07498860399558613	0.08822483177068151	1031.683142889555
-867.0914979720519	5.7511300706724615	0.29106433572806767	0.08447273465404004	1.0408866407703565	0.08868024345518326	987.690186151544
-882.308246714254	3.351744532243226	0.29909135809977205	0.09030112391775486	1.2762853624030817	0.08865002956361297	998.4596849495946
-863.292681372815	10.687858843348774	0.291137874470567	0.07671187400325044	0.5284264862706772	0.08819884544810169	985.9963683249326
-865.814259012817	7.289408870338477	0.28004302217338023	0.07611180471619246	0.7192666519792815	0.08636950287926623	997.37499487292
-862.6839392234945	8.429149611018774	0.286210836253778	0.08840462709369375	1.3812452377049087	0.08901679246432911	974.3297391562285
-937.7379422368235	2.0327172650651146	0.24545524689260145	0.05861665245510563	0.1990270245323575	0.08349728372314241	1077.2131257906228
-909.1249125882234	2.9027229694984396	0.312771819367854	0.0743934101084314	0.12971402260849385	0.07463308445271663	1020.285145072127
-869.8096604966861	6.069299441663487	0.29389318191467395	0.07752713733465381	0.5052943537943716	0.08593762255936256	995.1330436466515
-868.6828383898862	7.27832652042302	0.2984030506382179	0.07579634193510132	0.26786099066791336	0.08820464213029365	992.1012451218812
-862.6571878346213	10.038277434876475	0.28855001692461213	0.07954609456548362	0.7611210313782226	0.08975040212502244	983.247736794271
-895.8347164265781	3.4688210852777273	0.28929425225067024	0.06889791164695006	0.007224589830149451	0.08661730916853497	1026.5032994588591
-902.2030814691939	3.011070468428261	0.3051560656385557	0.0772504348879427	0.26675098923820295	0.08581982916801432	1016.7470125079457
-867.9125179613793	7.501912000431459	0.31252447792850085	0.0839096626526039	0.4518384049393207	0.08541785377344226	974.5599230061889
-864.2677189459725	7.664465717300127	0.3016869645296156	0.08828923612872179	0.9827409905177429	0.08695480226095256	971.1599545657085
-879.5973334934986	5.059597449529183	0.2984862783985752	0.07161498029275723	0.0015771058814651004	0.08851130677666876	1007.5434241901927
-866.604212236851	7.527059988166815	0.3030686675151327	0.07951712180909802	0.48575683454800433	0.08679768337432113	984.416014973341
-925.152615792414	2.301691271212647	0.23861728629100135	0.05737565036037473	0.2804725902527354	0.08248052180746622	1074.9311810346853
-870.3023127117185	6.271106798553863	0.30222246722763063	0.07832941008614955	0.3741696192816657	0.08763978532446276	990.5463836688426
-882.2292515958364	4.5152968914868366	0.3055279461572804	0.07506231563380597	0.1301033044950773	0.08340130229767918	1003.8817892111574
-893.0336575248441	3.803479539637917	0.337305773161268	0.07850408699516807	0.03066838276629077	0.08730652157133705	996.9837928160654
-906.1015642827144	3.068410515899052	0.3031037782276462	0.07475095930073859	0.001	0.08944530645790774	1019.2862582991747
