# /groups/rgutenk/lnt/software/anaconda3/envs/donni/bin/dadi-cli InferDM --fs input_fs/fs_071 --model split_mig --grids 40 50 60 --lbounds 1e-3 1e-3 1e-3 1e-3 0 --ubounds 1.1e2 1.1e2 3 12 0.5 --output inference/fs_071 --cpus 10 --force-convergence --delta-ll .001
# Log(likelihood)	nu1	nu2	T	m	misid	theta
-809.253609252695	0.023063787668710242	0.4750597727989003	0.0015468364806361721	0.31021787082500196	0.026319899548038823	1113.1224518522279
-810.3727960781099	0.014830545432652224	0.4132996065657869	0.001	0.015546048348225745	0.027641557350726976	1114.6250519460896
-723.7204243596002	0.4265979639693402	8.195682408151022	0.03211640837179418	0.2528040329910606	0.035962474457758915	989.1590152434266
-722.9513605793375	0.42654919405116043	9.456052775576843	0.03196412461303007	0.25309101582287763	0.03613084314231692	988.5258865634839
-726.9639274815836	0.42388903707479075	5.705693198011658	0.0311029712952093	0.06916163736443325	0.0340210689706012	994.3068422703894
-732.0064637467284	0.42057554955554594	3.9286526147563174	0.031010735182952855	0.20370386348191755	0.036032887394599575	998.8720016630683
-742.5726715868234	0.47687869369516894	2.7534319105090286	0.03200131546037473	0.049217452343305525	0.03718900955776723	996.3621584005023
-725.2395362236206	0.4256910737833177	6.569813713036657	0.0318416019148257	0.3006534870383737	0.035860201555069096	991.5190336470981
-814.7795888616848	0.0149351708512028	0.26277534102287	0.001	0.054010770684489444	0.025357529317185854	1116.5822008576813
-761.9537249271061	0.30671943710225563	1.5658896669732656	0.021211247871156184	0.2513982747326444	0.033563460938235784	1042.9798729158802
-723.2844234512986	0.4285241742805986	8.726698697935452	0.03190735156640382	0.36965126367484546	0.03603881027675796	988.9972519970465
-735.6379694601915	0.41978143502276666	3.2505007460396804	0.030752216491866775	0.3870070413650857	0.03421548638516642	1002.0274276267519
-725.3433828162084	0.41710126687306487	6.712307896241866	0.030954868256610382	0.12730812359490104	0.03466664646153725	994.018189227049
-741.1798553050465	0.4127786517666462	2.85089002753924	0.030510518918832014	0.31202032808654145	0.02563079645884777	1005.2437020676798
-733.69650611712	0.4099000882317176	3.620991237792603	0.030323455328063163	0.16787734009464844	0.036290545630923376	1002.3843932476232
-726.4070363241339	0.3942032840862259	5.8348631500021195	0.030107240973999118	0.4481305597824359	0.03496635361747414	999.6970972856948
-767.8838725239239	0.23661056644685177	1.408023585964137	0.01665703083939733	0.16504113132565293	0.030408206810533675	1060.2940283629086
-811.1161050864414	0.014941786049961103	0.37399893867407186	0.001	0.21281795589263697	0.02849928359295824	1114.7326906782575
-798.4945318594432	0.11831532518974319	0.7327892583361076	0.007832505133152003	0.3132032812258933	0.031860141971077935	1094.6242025019098
-729.9454034761841	0.48919622313097166	4.912150730968614	0.0347595500359881	0.001892928788576484	0.03793588176348323	981.8092907306201
-725.7623602733445	0.41311879729866446	6.283569819844902	0.030909308210751784	0.2431646474686953	0.03504920441363834	995.1535906782487
-811.251573762283	0.014944221930809957	0.3677108918745108	0.001	0.12003995479467489	0.029285705548605826	1114.7994376656409
-723.7363734780447	0.43348383149127334	7.584975187040727	0.0331827835181888	0.6157434065655037	0.035877842671975906	986.8688471243483
-730.4504225230488	0.4424184055395084	4.349862684493446	0.03411425234447478	0.4496975793850726	0.03513492126265289	989.3637955035632
-722.4847942490509	0.4237967602716999	10.146980431672654	0.032252660134140965	0.3686904885182455	0.03574158265838597	988.1529694158374
-723.162596209165	0.4477137083042631	9.955146030955532	0.032443962215349065	0.10562915687780328	0.03475094478001804	985.0368932044762
-737.0882514711138	0.40438378433274114	3.115325460816644	0.029564711190812602	0.1493477868724834	0.03510505405062464	1006.4273903003319
-728.685529213021	0.4258164253672712	4.649016590806219	0.03196800985860107	0.5514579750188964	0.03472165033470971	994.655594504578
-725.5679158600167	0.42734235704899814	5.992299656628012	0.0338297941319781	0.7784852409615415	0.03379472157258362	988.283648224795
-745.2428579349389	0.3545333328068391	2.3795305185032056	0.025168461365993627	0.0011994380311020766	0.034918091028646805	1023.8383407846586
-809.9417972916143	0.01687857283745825	0.43816871457322676	0.0011273675859270478	0.053277095775800386	0.027636924016862685	1113.8630187491824
-808.6171974511998	0.028884776512297282	0.49315766845905906	0.0019349854026867394	0.15669016635429425	0.02822335927889667	1112.2799845172049
-735.3902389087211	0.4389130371880738	3.383601943261114	0.03132069176342566	0.13062174495609666	0.03541099532874467	998.2778181138561
-798.034883982551	0.12095404358305653	0.8732889241931652	0.008322195505150025	0.019025523099523232	0.05115669102277219	1092.3622374842093
-786.3702990395849	0.15327565997062834	0.9723243045294965	0.010536554665527902	0.12682100993046608	0.03215531674861272	1084.326459193393
-723.1657881219899	0.41575041296628995	8.514404280890757	0.03218711211504072	0.5566971846884052	0.03506953820572001	990.0388061129067
-723.7076683654723	0.4306048028900815	8.646856421731453	0.031737655836485495	0.026793381691813195	0.0366787749642809	989.0313269359673
-790.5821282514052	0.15690976851820113	0.8825499405554549	0.010592724764129329	0.10705388011454905	0.030256337852097723	1084.985511538812
-811.2005440671278	0.01494770392582083	0.3697620988375516	0.001	0.12504941420191745	0.028621061547226077	1114.765129617226
-721.6574278977507	0.42209612923692497	13.650671758919625	0.03189164739371204	0.20675812221489906	0.03580700604910567	987.0677167861742
-974.5918043027148	0.01934120815373601	0.25903618174895415	0.001248904850395038	0.1411374200857063	0.15927823621826379	1115.45523770137
-773.0057537443485	0.23074405648320287	1.2624588663628364	0.016013551102566987	0.022648431604219182	0.03214021843272513	1063.5942946540088
-798.8930778644865	0.13567741261077357	0.7359814381080911	0.008779570368533557	0.2312904194216005	0.03113408526171401	1091.1001938241689
-724.8115658568174	0.42527509556500154	6.237712829538742	0.03277387928413749	0.8279894950210052	0.035923754902570014	990.384467090074
-813.0006776242594	0.01497393695230357	0.3031899486089489	0.001	0.00103127023594235	0.02886001888818354	1115.6549514681235
-726.9983725887677	0.46581134088214676	5.585967918184273	0.03681909735564519	0.8452036348370289	0.040298845682281634	978.9031685351675
-813.2325085498596	0.01498765331397697	0.2973918046045841	0.001	0.13484739000585436	0.02980988482874766	1115.7219638003241
-806.258292423379	0.07091485492992333	0.5733417003013418	0.004624950694084595	0.07700162241266406	0.03273244774619109	1104.8347545587574
-724.892117452476	0.4303090615342766	7.146695726203751	0.033314381093173216	0.4225581463890948	0.040023874144971106	987.3067297327416
-750.1405018559165	0.3344023226580949	2.0327375184968353	0.023762333501983188	0.5227591444388044	0.03454462247780934	1031.2820785344843
-811.2119818154422	0.014912485792539622	0.37007246008596656	0.001	0.1869106537304285	0.02780746258576256	1114.8607249300599
-765.348166060819	0.3898095031092307	1.5610855519855524	0.026004757368701392	0.08539075884473388	0.0384995199589481	1026.383809373668
-802.5887976117206	0.08899706851401255	0.6496716865062448	0.005941420084491967	0.6716132566825584	0.028876327422884106	1101.4042514146688
-727.9781143229325	0.4181629710909341	5.165350821342494	0.03080746943393928	0.12660385569954116	0.03603658386423019	996.4884510051536
-748.6792107094357	0.33694630174981577	2.1659656870639656	0.02400937987682078	0.024701204878958924	0.032051432776036726	1029.404277434673
-807.2606956997593	0.04454363431975427	0.535581749797908	0.0029785548573195725	0.08661112907965804	0.027147987861612603	1109.8193415796666
-729.5198362549039	0.44093341045090995	4.541458336109495	0.03281916603302616	0.3331344032555838	0.03632886995563899	991.5185730412692
-760.2368015761206	0.2221601497461194	1.8574769212495876	0.01674628757610087	0.032919660651900585	0.026222038174184035	1058.8401035724248
-758.0551392359826	0.35859026134755567	1.9341246614540237	0.024417326026578513	0.001	0.05216624787388118	1027.9406304418121
-742.5369650106218	0.41609401219640624	2.5767732091309425	0.030051160204722656	0.2639741396025621	0.034251718599170186	1007.3203068673039
-724.2842594962274	0.4358357749995624	7.904621836568214	0.03211879689268048	0.0052443502144998025	0.0352237172389356	988.2799572279774
-723.9977286190472	0.4606554833523944	8.538987187413078	0.03339460555019678	0.21913875893031648	0.03461136716065964	982.685524539556
-812.0551755765682	0.015061668860404602	0.33678711558730107	0.0010018437945652282	0.11120794629628876	0.027037411759706285	1114.955266811892
-811.0455355904085	0.014935693129358642	0.38204075179796027	0.001	0.0036737760010911178	0.031307836019367166	1114.6551540595735
-748.5494892657636	0.3916104946847947	2.1398987594967016	0.02733522050220846	0.41167070317133125	0.03433675751572926	1017.8564646025195
-786.786278716822	0.16342958053494872	0.9610023637473321	0.011303599720739507	0.03815818705193086	0.03291440067994702	1082.5733281851547
-810.836586040006	0.014936040917221857	0.38704071062485335	0.001	0.07412869346520956	0.028466541436925192	1114.5997032761206
-725.296208777106	0.42958529314439575	6.584437733511956	0.03210527827301203	0.24962905244251252	0.03563092433455161	990.513252728406
-723.7516409269238	0.43695514901308263	8.578764944161088	0.03220617513961843	0.03058816973961045	0.035672259045980884	987.419053871443
-729.3529467361523	0.41410853272186043	4.623383955875796	0.030092064102738413	0.47108842649650656	0.03905337509175788	999.586158666991
-728.8388506972549	0.41872454580496715	4.975007444240594	0.029764071856879015	0.001	0.03641899770052833	998.8514038800005
-728.0736775572447	0.43188066996696567	4.9012114708994305	0.03208415050541988	0.50059924613487	0.035907820068603935	993.1611418525271
-723.162685709993	0.4251775789048696	7.460619160422881	0.03346949105384942	1.0169258241247414	0.03565637858288996	987.7293224606873
-720.5842805554103	0.41037142523275827	10.990657589434658	0.033859132716309796	1.7163768600253457	0.03579652240992025	986.3496257267706
-725.1449809475087	0.4255305093641973	6.783291359861019	0.03157771102320345	0.17914701900182212	0.035434991811053106	991.7534770038332
-727.3637727526964	0.43702770830835025	5.557821661746827	0.03180105315969993	0.004108332283762834	0.03685653062658008	991.7113843425318
-736.7395824649727	0.3936329555219545	3.2108625658763925	0.02914017416331015	0.061372341072189494	0.03310866719027489	1008.0010880052059
-799.6017819890383	0.09620117697514116	0.708332571684439	0.006500816454746621	0.343600020527035	0.030161369114251494	1099.3888865372028
-729.1471826716817	0.45097937914386116	4.544334167203505	0.03373498552591162	0.6053759732357746	0.037285743801738595	988.7444106746188
-778.072914648599	0.243077524878989	1.1467101066034902	0.016059035622671896	0.0012402618090666417	0.03340820173106651	1063.022844726145
-811.734464195819	0.014962632962885207	0.348525987654167	0.001	0.1239056244407434	0.027183959913857306	1114.992050851814
-737.3196217422746	0.38507908291306414	3.1175949710930784	0.027211342496011592	0.048446501057173096	0.03503272370062459	1012.7829542828757
-727.494977252263	0.4221856067697382	5.199597136152485	0.031507377744200635	0.4248968610968948	0.03763890925796525	994.7356478164825
-746.3144632361767	0.3903555101129609	2.3052058583475783	0.027396758467933904	0.06603445080662512	0.03540735685286515	1016.4864109724757
-804.9870809576339	0.07384446910283016	0.5955721642088585	0.004910379688849417	0.1480684287509593	0.02968268307943955	1104.6312393969172
-810.2818133390373	0.014954427204173002	0.42507185274039705	0.001	0.3177057195698396	0.0261993426863026	1114.172169051718
-732.2952667444163	0.407384081239358	3.8354127482316276	0.029886584661337496	0.3070737956096269	0.03330220395177529	1002.7853821348021
-723.2556256719247	0.41990854768873737	7.969780384345447	0.03240570387320021	0.7032994693529808	0.03563673973205938	989.6801548467114
-797.4680713665803	0.10380691730168483	0.7523304100747685	0.00711158011800341	0.001	0.029487317015457565	1097.5794321427265
-806.3161099319352	0.049878339675341964	0.5591133644208188	0.0033352329427453475	0.01669712535740145	0.028943819436792688	1108.7572981375738
-810.6499709752586	0.01494096315812927	0.3974172012477661	0.001	0.03298382429394354	0.02972803239820609	1114.4749515628835
-723.941206619958	0.44954124495149284	7.894496691694404	0.03417652732153841	0.6301356508076784	0.03181118301113936	982.7955703099714
-750.8276857797043	0.30470333211847545	2.126475232445006	0.022978804746344332	0.17056093431339786	0.03919452659454691	1035.8658259877063
-729.6316170164878	0.42736909633970493	4.511175236925821	0.03124883283505995	0.24263083724968496	0.03521984391624552	996.0521914750354
-806.8540284415426	0.03887750348343018	0.5502861987737909	0.002603796618679892	0.10940401682200887	0.027899062583510867	1110.358753778595
-732.9959182715211	0.4043623015006941	3.7353672448252113	0.029494065047074795	0.15968069775931626	0.035208151455179325	1004.1220180250702
-799.3486167069902	0.09507936438692778	0.7148297182300747	0.006354761671596908	0.16440082050392224	0.03196276145570862	1099.1260380050192
-733.8270722867131	0.43863108116810856	3.6622303288924756	0.030879812278324835	0.045447406506425626	0.03533823229744705	998.0208832896714
-722.5910998669219	0.41975822550528796	7.827415527527666	0.03351658457021684	1.2239784969903391	0.035336103481445	987.9412457518613
-756.7584938761372	0.37776995326858037	1.784184986665339	0.025053438029682962	0.551712460588496	0.035632368806456566	1026.2981797357747
-729.1360915634004	0.4215448221690435	4.800969766292909	0.03084631142765252	0.025184434995492094	0.03716935911163874	996.7254375699076
-726.9572436069328	0.42494321463686036	7.168351466270803	0.028815169382620267	0.001027848808359519	0.032610666136926966	997.1517953197646
-726.8639600363938	0.42718143322339613	5.566768089503072	0.031883217511481966	0.2831248039163909	0.03584390843068731	992.7214994432144
-753.4429487674286	0.32741201002058234	1.9106022080756904	0.023017944415920748	0.02190723352241162	0.03469201075377137	1034.1831952543876
-723.1794234665813	0.42379490619358556	7.329048522965982	0.03352038038374944	1.0907121575733676	0.03588712065340465	987.7272171492814
-784.7204202790118	0.16697689079927783	1.0032175783478492	0.011284467601175312	0.001	0.030667327770706132	1080.8327941110838
-784.6464657011022	0.1517143661766976	1.0155412636078338	0.010392194480334908	0.38001515879884407	0.0312506258940763	1083.9272517775453
-726.2985617614808	0.4086857007608583	6.168212918584229	0.030242954802891638	0.01964211642916298	0.03511324740794107	997.0415858420218
-746.9035676299454	0.37510046060078284	2.2636398615906805	0.0260162350177801	0.08538474825591856	0.032362170961786924	1020.7647019867223
-727.1437141336294	0.3946021960536449	5.79258926645431	0.029037199739245356	0.001	0.034967196606923635	1001.5764900692948
-761.9422205858857	0.2549538861559981	1.5964272668003712	0.017971358813945994	0.23512194319262217	0.03409699936543555	1053.9632218398442
-809.0432610456327	0.0259569329625343	0.4773239582860684	0.001736973282242088	0.21507275035490822	0.028560624844143793	1112.7294333028724
-727.7572507285731	0.4186790165543545	5.067279291775379	0.031529404464080445	0.4177946070390253	0.0357490533727257	995.3496110725933
-730.0194235591995	0.4329760023214225	4.493704667644753	0.031412941113932794	0.06697375914285131	0.03507564622089295	995.1180542141443
-725.5848683058908	0.42570262929870956	6.630228662902453	0.03119742773841934	0.0034210986611766464	0.03592186218322043	992.613249100504
-764.8583833624589	0.2652530928957725	1.5121167269033728	0.017497577568770177	0.0010006287567872086	0.03508863246719842	1053.3213651162384
-728.5977129517844	0.437957377829336	5.016507347872557	0.031483437840423345	0.01440073937720749	0.035938119052561716	993.3130387199924
-752.2343354031055	0.4175528088234319	2.0391882506665797	0.028520709038461226	0.0016798417321111769	0.03504416211981975	1013.8580262586692
-810.816712307638	0.014931533426648961	0.388075933234209	0.001	0.08866096791929018	0.028820112690613485	1114.6011923918113
-740.56391005827	0.4407563758576406	2.7443257258576503	0.031220319535003163	0.6043976576676486	0.039949885806249884	1001.639370479345
-735.985879004754	0.4166609926761534	3.2570837770351777	0.029961479646804953	0.1537866698745693	0.035469679770334786	1003.7286116812547
-730.8556506503683	0.41350913024071034	4.345736122627967	0.029316917557416607	0.06110315248300346	0.03842352038071868	1001.6912571207929
-811.628953510583	0.014935113212773628	0.3510859341264813	0.001	0.06144392678318727	0.02876511452325546	1115.0342533012629
-809.388293077161	0.02255873664656633	0.4648100578684979	0.0015113521971404937	0.29007005991339524	0.02774489298316946	1113.2412538144856
-745.035653844189	0.47061468487258606	2.54654147863837	0.0317904571100439	0.1451675405207542	0.039573694384475375	998.7417302870393
-756.7312692578612	0.3379273142722889	1.7720393622331132	0.02327790666467956	0.00144420908261813	0.034351458932707246	1033.746543585714
