# /groups/rgutenk/lnt/software/anaconda3/envs/donni/bin/dadi-cli InferDM --fs input_fs/fs_062 --model split_mig --grids 40 50 60 --lbounds 1e-3 1e-3 1e-3 1e-3 0 --ubounds 1.1e2 1.1e2 3 12 0.5 --output inference/fs_062 --cpus 10 --force-convergence --delta-ll .001
# Log(likelihood)	nu1	nu2	T	m	misid	theta
-1380.4543750579114	1.5022695094407525	2.6874831713091716	0.11854168067324697	0.08429726758154323	0.04821687990081242	1970.1395903479392
-1356.3200996977407	1.493889566860413	3.209939063648242	0.12096042189940762	0.001	0.04810802173824194	1943.7546774548525
-1170.1728309382206	1.7260908277755171	4.781419520811555	0.23160037278098417	1.3065949118261375	0.06566911892385871	1583.2451080672195
-1060.8923845325612	1.7001781690936368	5.499019373484114	0.4119994015899067	1.4673236017987064	0.05991644268176862	1296.1054586871678
-1273.6536306348073	1.5762889316809687	4.649010149795712	0.16534262592060814	0.4911895671625353	0.05662683900451404	1760.1944564300863
-964.2831376759771	2.0001197039162975	2.8569322974483833	0.6003717353132995	1.4626909165117816	0.06660908494571195	1219.8861285268108
-1266.0512822091878	1.774211501860483	3.920743441940152	0.1673421007800984	0.547968260650628	0.05401698378508719	1754.471930132393
-967.8161381863196	1.5650306162587067	3.191674524539336	0.4121574402887684	1.5937477005205882	0.056699393445931924	1402.2029007270048
-1225.424426169192	1.5805728946775355	4.691506138666177	0.20052482865017623	0.800393003198143	0.049886720205044824	1667.5578759627758
-1289.9421095921064	1.687549786553443	5.0113529383374935	0.16290659979011618	0.3598477552546671	0.051329455643523834	1750.8194252423848
-1139.5862766777227	1.5818730695192549	3.695133262542523	0.24435771436467732	1.1493833615647369	0.05237925850902275	1604.768453216236
-884.4542494966206	1.3133938492116848	2.9680409405735055	0.5065786935099295	2.566716591559164	0.05803331908249335	1380.5727664893002
-907.5828754375709	1.400215653312732	4.190995694298658	0.5099780507134535	2.016211815586759	0.060254597729901195	1290.3881434598732
-1256.8291953704907	1.5578269265379339	3.9639531966237325	0.15971841586196306	0.6286676106920384	0.05297855614884736	1793.8577290431613
-863.7674104531775	1.8158248754719024	3.562021154746832	1.1841203258798803	1.4183297639029797	0.06232119646248653	961.0363277863306
-1283.0888236664646	1.5901734639873302	4.6794188663116865	0.15870310626946227	0.4100730731832411	0.049550550941975254	1777.6701396840533
-1078.4532549493986	1.7665718404928112	3.678742205046241	0.2947619476357721	1.3701388113248116	0.05728351407963132	1499.779055951015
-1335.162435487057	1.8215252150778511	3.3316896121551745	0.1385374785749434	0.14119624718567125	0.05544376021113934	1855.7774716738631
-1347.7126042204038	1.6379492329176926	3.1687901146042803	0.1258640346922176	0.07418867749512345	0.04994740350206596	1916.3696870167087
-1153.4448297709023	1.458361879298646	5.226593417092823	0.2605734271530319	1.2673056288922786	0.059963949350875526	1544.780581941259
-879.9277493476026	1.2224247718659185	4.038739250214259	0.7136684285194144	2.893137364201631	0.061160668403399926	1210.6580125660905
-824.7747999744412	1.8138658831465155	4.746606199115756	1.2733465874197525	1.6751863234488769	0.068475248921994	884.7672842171269
-1359.5046245368549	1.627067336530782	2.797401325897585	0.1282444269019788	0.17032742627026576	0.05062090934549464	1922.566900738821
-1137.7782170401965	1.7785536029177695	4.923853505478641	0.2917396551319582	1.1725542680415393	0.058085486180502924	1462.992502338444
-1214.589514295828	1.9325255338704983	5.4642315853711185	0.23851968527047282	1.037315531501825	0.05209601745767215	1536.2990673559937
-1316.2229262331862	1.6635028078033982	4.289751089092577	0.139342948457583	0.09753174542983782	0.05291509146108128	1840.803213490575
-1102.5622933757495	1.5293207637321016	5.747043611197066	0.3320587284913679	1.5749908298573922	0.05834136496678603	1410.8238140923127
-1036.378117718485	2.6603256613745825	3.292225375519003	0.602364871334532	1.7176833354472167	0.061465083349536896	1132.412813582125
-824.7013339812279	1.4675135299661437	3.591074027918861	0.8464351695241635	2.138824883625548	0.06437837903169048	1122.5658917197209
-818.0708060903863	1.6187630884044155	4.040661928965893	1.0779853995684887	1.8945570731734311	0.06419068188750134	993.613932239835
-1110.047087190989	1.5015822183025813	5.485132787222749	0.300647050962232	1.5501745942346177	0.05812802771572061	1466.872695431506
-823.6575735638055	1.9000005532120052	4.561989353544172	1.3280110514656538	1.5788560460228886	0.06815448297735964	869.0513384234854
-838.0085785259199	1.3386020728964527	3.5186495396878885	0.8335387494388088	2.487936156611299	0.06266735723667538	1158.419118269553
-891.3901294062321	1.4598867315326751	3.2824927400810333	0.5139516029474418	1.8696010333863722	0.056863807673359724	1324.0372770867668
-1340.274940066077	1.5641224571393877	7.4226743372554616	0.1390506200698755	0.1216145448339124	0.05184403102416026	1810.115811982327
-1181.5565820351474	1.8493418055983046	5.53025509524036	0.314936454428732	1.0083982209111895	0.055165271785786965	1404.7776331134883
-819.1747871271409	1.5625575372125549	3.8886755586262614	0.9851742619947506	2.0063311263604438	0.06540219043443407	1039.3029180099043
-1097.0356514673263	2.2256975386956745	4.950029824163146	0.41057249199742774	1.516648161741139	0.0629217590916132	1263.8340020659375
-819.4511067481097	1.5479597917112162	3.8960331304996214	1.0057743240895842	2.0284110449466444	0.06605859128137863	1034.7274179795934
-1132.8353056751494	2.3173503960517983	5.222792587758119	0.40688294765134175	1.2509054329161962	0.05930527677045894	1253.3860316742648
-1254.5482751771206	1.5888000310263568	6.800116203104027	0.21182385945811302	0.9536631108970647	0.05235877793455688	1605.3324622860287
-945.947927258192	1.9988390947721628	4.203930543244094	0.6635621175170338	1.2701536334827133	0.061585849889554255	1105.3962609105804
-1314.3569619744508	1.673686000649071	5.612031598761697	0.14861235571340684	0.15484149445416856	0.051839993477609085	1788.1110967966438
-862.9311498961961	1.8256966489882038	3.8292922879788214	0.7912815972537026	1.5064798295279322	0.06491401312464844	1077.7888707637555
-817.391490376632	1.663708952730553	3.9888659689817696	1.0899230749000595	1.856772901057441	0.06661080402566781	986.0713427433801
-859.4339706843796	1.5442859599860175	4.881258623163955	0.8647826791463017	2.1060351157181487	0.06364256953812202	1042.9202696018394
-1279.6506495918554	1.6882802343244148	4.206566102056814	0.1597713216492036	0.4221058272036913	0.05271534903455084	1776.0311352994486
-1287.3071749194978	1.742317362391663	5.762328100455821	0.18393660486198923	0.47971730771023985	0.05305140367459688	1675.0823990595964
-841.7241130542661	1.4602756710783555	3.5861186012969974	0.6781743530556827	2.1078270366340504	0.06553401011259076	1201.7234522045403
-1066.633720692914	1.3986544790499986	2.6486608343498794	0.29838674572514823	1.6105872816398934	0.06602396154069863	1598.5537360240492
-833.0626724610836	1.7556959242540726	4.291411716683965	0.9783685821630563	1.6120981493614008	0.068037973269605	992.151900670176
-823.3977704163606	1.8823210880211358	4.6427310564524005	1.418332280632181	1.618310130750403	0.06891508563408842	849.4198852992798
-819.7492260143599	1.5710291928492888	3.756930718577161	0.9387646402413862	1.9992818244222343	0.06543804655610805	1060.7819233297175
-987.1836891360961	1.4588543006655417	3.1770828444483756	0.3507557153899817	1.7554666054139125	0.06573916457067433	1486.877521089761
-820.5929867811087	1.573693713386646	3.648093437854172	0.934842844595137	2.0209904080433714	0.06639547043380127	1068.0889453966004
-819.9266919413524	1.6431321234877274	3.7514458949790406	0.9527509498638824	1.8709850600900746	0.06560337174852646	1044.6427487560277
-1202.7303584423844	1.4893701152261474	3.006567552934661	0.22531321676128882	1.0014084428941166	0.04980904270561188	1682.601867472532
-1283.5486081830334	1.9633183056394519	4.25011373020639	0.18114107112693492	0.43543424395122554	0.053460174886197455	1694.243545930292
-890.1768334455303	1.6068757026272786	3.4945385587021156	0.5569942968102313	1.7079510797317126	0.0612898938850948	1256.8876571950984
-821.7723473943363	1.573074703460074	3.820540682749105	1.0231453322007502	1.814516995387918	0.06303159733722861	1027.7056532867634
-986.41986210566	1.655167561893982	2.718099626732733	0.3999802831951557	1.6742499358324956	0.05827667665731534	1434.6792473511155
-846.7297643283636	1.3545278773151284	3.230380173847036	0.6563117964709253	2.3954626156359646	0.06072378902797895	1256.7704110300938
-837.4414851928448	1.5678324430577062	4.277931557890883	0.8333612674463045	2.0483481371101413	0.06501499088876295	1075.8725400850758
-1170.8197207723406	1.824356295440151	4.979397458035237	0.2988062137436779	0.9887141718014464	0.056812692535674635	1445.099772137484
-1230.7413901707905	1.6470584215543842	4.688665425030218	0.1966263668506629	0.7626506487212567	0.04924033105315235	1670.5694206035953
-851.9010742382272	1.7972532492040523	5.726070942484869	1.3728329463554547	1.7371670515383688	0.06917723643480737	833.3665716903705
-834.7071537750725	1.4444430603038452	3.6550873862517905	0.8350251832322939	1.861314999079946	0.06596386284457281	1125.0704035237868
-1095.977850004796	1.774807310189338	5.260446894235351	0.33377085318845967	1.5708070886259986	0.05567539306813019	1392.3946862676873
-1349.2937958357713	1.5649097679949855	3.0815836134905052	0.13273893249895138	0.11480057243925769	0.047859832293838916	1902.8552685216805
-844.9848973931761	1.6785278396253351	3.5399289385960566	0.7781014182118365	1.724845734861043	0.07152597721793412	1119.766118137226
-832.2186152131857	1.5389695804774381	3.4549550400399323	0.7589053840599431	2.061768120540522	0.06745108636272704	1156.229913897787
-1420.6887883310158	1.4246685978840237	2.3647458192609285	0.11421092070138023	0.059770067521383544	0.051251072653041393	2006.6956626906547
-844.1347865984801	1.4317603326572073	3.8144286862918384	0.731371807811546	2.0933475984840566	0.07393415654962732	1166.3946348812058
-1234.9374056233596	1.2840334275378333	7.190931423140387	0.21116053406792198	1.5132056716025926	0.0559569705209958	1638.7495567628812
-1284.0209665882458	1.69551861515235	6.311869711582679	0.19225305087768702	0.5949488371974593	0.05425715777356118	1649.4959700410338
-831.2976860749774	1.9761414369566954	4.476439289489798	1.1430042544962862	1.5721618895472522	0.06822787887882135	909.119866668786
-1072.1713330811497	1.7770919779248324	6.153415244970188	0.4924396577181889	1.4147980736493586	0.06526567745720256	1192.6219156812926
-1310.873473633989	1.6351071010031393	5.223270037971848	0.14353220783813017	0.15999332391546853	0.051261798437035856	1813.0213159542761
-1320.7106981378063	1.6958007259896104	4.944486336639467	0.14523414159850398	0.054111696429115244	0.050668525050913786	1806.9337962458383
-818.1668143168818	1.7036611402525312	4.041662021608634	1.1913014409364693	1.8208766961482648	0.06724741241087817	950.4414061623232
-1292.201376396817	1.7411636948675127	4.84783556540634	0.1598527234172987	0.33250185269842236	0.05204896936117057	1758.510947999088
-1169.209864362102	1.5517159439563002	2.8583164609136844	0.22913948512636245	1.1586080355939414	0.05439342902227749	1675.9246589382697
-1206.5702741382222	1.4479295147979716	2.6417100726135163	0.19994671688687193	1.1753635321153415	0.06218979475280868	1760.2998919353029
-1280.1750973652422	1.7424423234339865	4.192638748618891	0.16965535324355963	0.41899807941987655	0.05401793369781185	1743.734671419315
-1067.1184551852584	1.9776387970265799	2.267816328856476	0.503088718394842	1.5364415017326192	0.05493070526058953	1341.7084626540156
-1254.6184548425308	1.5751881979561544	3.960489459173445	0.17210374592968522	0.6129230845599164	0.050703859193679465	1757.9690427828702
-1058.0757702336687	1.6730971220913466	3.969086613502366	0.4430517484539675	1.165142870292114	0.054032760910977036	1315.6517229533465
-908.5721356034496	1.6333185675303623	4.075039517631502	0.6136176091246764	2.462121039412182	0.06583787773215583	1190.0074309013585
-933.0322922174504	1.5639248821429064	5.5614918288409045	0.6863802844276375	1.8141766374095487	0.05751164714014133	1099.2577010900534
-1304.8385237448804	1.661810579015387	4.650116852264675	0.1497980479322801	0.20192937103275233	0.05211027302141234	1799.791102432789
-860.9409845898224	1.7047690811167586	3.6635176234752698	0.7164995839714684	1.6173509531056822	0.0614851009455194	1138.1553202197017
-949.8014553856008	1.2423261502008636	2.857832037664717	0.3621648884174491	2.5834149721015356	0.05940840279064765	1534.4179759051237
-1312.4035072920324	1.7298880563396224	5.277923997604509	0.1478622143274814	0.14983137324217785	0.051708283557150285	1790.8140570644225
-1197.745016586703	1.8678238249820358	4.297839301984608	0.2868383109425832	0.8535017789494304	0.06251543026660371	1479.2691542610241
-1294.6732504730587	1.6294954067751062	5.150315043554356	0.15611096590603385	0.3299847072851413	0.051362286506574865	1773.737389496998
-1303.2152934173066	1.5713717956560393	3.8414175434754534	0.14382372115193018	0.27516226892654067	0.051659568531713586	1843.4885717953941
-893.6073404548956	1.4827079408142834	5.531825893452563	0.8608497547353837	2.1421919864003107	0.06159936265772299	1032.8457029549152
-1394.3109547047843	1.4826932645107205	2.2366012350455042	0.1201763893993024	0.4347700105203028	0.0515307263285792	1987.1290540079399
-843.9563708502619	1.3268928446204022	3.379531939411668	0.9167467662264723	2.5390050541236193	0.06083890051787517	1138.8930645663881
-1229.1839284624282	1.4609289391167222	3.8889989931501803	0.19574825909636673	0.8224409935586698	0.044941490026893925	1713.1351798844792
-887.0967980745545	1.1807552520927957	3.0501819482138695	0.7525386030236583	3.1520238782939516	0.060795299275421974	1265.125511002331
-916.0101899696049	1.1846886638533383	3.153928478581009	0.4263417143547631	2.3767852934038225	0.061372873714566546	1459.6456341092062
-1299.2399377661632	1.6893541857363066	3.753183453351514	0.15055005658544662	0.3091105927032408	0.0521239493179807	1814.8962280649023
-818.4944468691008	1.565210753555163	3.8180445439760056	1.0144802479805237	1.9616387331759693	0.06579341622409078	1032.959561468361
-821.3183217326872	1.537852722747617	3.68385368424212	0.8918892525000098	2.0129830444681645	0.06432952541355234	1087.1255652388274
-1277.138160713524	1.2963741344223298	3.6238294573252934	0.1378656256824097	0.7124218354191678	0.05025702582743738	1895.9971346763582
-818.6506623542467	1.7564713020004348	4.102898471636838	1.139764621345778	1.7273566970915666	0.06646157449887727	953.1987743909551
-1288.144748400957	1.5600123553311853	4.585109943004776	0.1518105536850342	0.3699097495501457	0.05112095472002451	1802.9330847898989
-1313.0625397732015	1.6722568951491485	4.868945174851859	0.1432832054164421	0.11676732445123776	0.051800677993425706	1816.4967709654798
-1314.9248400569286	1.7000506929699724	4.8326707810040315	0.1414736235676544	0.10067553738090272	0.051684524700466174	1820.9518289600273
-817.7279289275511	1.6194275954696098	3.9428046872892097	1.0387559890144846	1.9108033070575856	0.06609298085100539	1010.2756029911487
-934.5491715919002	1.6476857461820007	3.6434026509080994	0.4666730678221263	1.6677617753025364	0.05390584305406645	1314.6364366929813
-901.2975181121789	1.2761341699250996	2.857994489884758	0.46410816203532484	2.6350807940260146	0.056520576238959785	1430.1789134589762
-1140.1675602088712	2.347692984679293	6.745701341066946	0.5782289892415214	1.422111704830992	0.05826284439365632	1062.4634921770219
-1055.3634175664947	1.9546600488356367	4.9928178683278865	0.40836459369718325	1.5615044299291525	0.05843217707915696	1288.191324569506
-817.3860240178045	1.6655662450009256	4.0004843899022235	1.0980396103316894	1.8502783411105093	0.06654797758870584	982.8666553413507
-1308.754760028171	1.5967501317952766	5.234226441595923	0.14537962052867143	0.19258359885699528	0.05197800248094711	1809.6028974711226
-1373.4518834267337	1.8247797790830798	2.597260249406626	0.12909429913205872	0.3312714556747893	0.044698898189137484	1911.5642293344683
-845.8497967569907	1.568267228264518	4.643182188564964	0.9096233886882171	2.1149931429735114	0.06231482022097205	1031.2288640765628
-1182.347833219435	1.6367750456988965	3.628444696036557	0.2451184460211353	0.9554360390640267	0.062394110500081056	1599.3959525251285
-1290.1463733723592	1.544338154732392	3.808001215383156	0.15196277939829936	0.3924118697477827	0.053361020141976356	1821.848207292428
-818.184116259262	1.6123743767348968	3.8476403123039327	0.9975433257399623	1.9247434575285185	0.06558999469938322	1029.3511114638814
-1200.7993701816526	1.474233754459287	5.033620141030531	0.1916462505746299	1.2328164231859777	0.04657922472886615	1694.2151432379235
-864.2797782800661	1.8051235628135598	3.9215682353994414	0.8120074077297403	1.5899093823834867	0.08057418308702555	1066.8963013806472
-1122.2904284707472	1.4709368969916985	4.946067468694137	0.25916879528210873	2.1321206062783573	0.05893390510061421	1555.814113732166
-1124.5191222593799	1.4228170627741115	5.752784337442953	0.2960684290723138	1.5692721953185798	0.05299782373931199	1478.4415083245708
-927.8878451235644	1.8136835061189744	2.9084045562079024	0.6594546069261815	1.4946194148756613	0.05618479523943234	1202.983753618439
-862.7890905873686	1.2785343249331442	3.5624064983562973	0.7191031955527469	2.81149810288686	0.06279556158639046	1221.0192185663866
-1298.8770836442663	1.7373814973998816	3.927216947827283	0.15948297602621522	0.3021524251645167	0.055043948675141924	1779.8639670106347
-1252.064623600369	2.1779142481966662	4.73474383330712	0.25132850056371425	0.6993431443516731	0.05812005874290795	1506.967866303043
-832.661804932552	1.9703757891451414	4.191482509813369	1.0534923321921816	1.644352417638609	0.06498494497829103	948.0628999159306
-1219.6326266919227	1.5815804364924289	4.8004328450455045	0.21011002303253398	0.8331357980037253	0.051909592974643724	1642.7438023681725
-913.7229811710597	1.59830252562576	2.964379936511551	0.5114582779108725	1.826185919428096	0.04829732519046558	1326.0502950514765
-1298.1625744350088	2.0304180974964203	3.685159237922403	0.1935647783946689	0.4327656219944697	0.05139731899818865	1673.200169535228
-1128.3330834159183	1.665193354410016	3.393065062289802	0.25863515761488	1.1760713494512225	0.05448655031523651	1582.0919611676734
-879.2263882782017	1.936997890851761	4.590897395477129	0.830803853211539	1.4532410133340785	0.06438004379507084	1013.773949553397
-817.3865110110014	1.6649001311116147	4.002476135738608	1.096816088007232	1.852613412233195	0.06656620403422506	983.2231022972422
-978.3472552659065	1.4913617858260686	3.4166808751380415	0.36546847110392566	1.783417170392127	0.04727516493692413	1451.4013435669497
-1216.7683966810819	1.504386699520239	2.8687907917611666	0.21794143051069295	0.9781647929298092	0.05110082672510964	1702.6772368034617
-853.0788264133095	1.3849267284084623	4.059575082323752	0.7183615347200168	2.335691270678065	0.06952107527516975	1170.4278384746844
-924.5383183426316	1.5403333043562715	3.9239052967367587	0.4634815575775584	2.1062365132102263	0.05422437081620618	1320.6762988181179
-1076.9647941264288	1.380941062941299	2.396225167109728	0.2849804312516412	1.7323529861011584	0.04945153648695063	1640.6639905555369
-1105.03852446158	1.7498423270355934	5.248761928409322	0.34542354189399055	1.3283654580499669	0.04939565390359814	1377.9194825457346
-1371.3628389190583	1.9567281842569575	2.88662871076076	0.1402164543771795	0.099684224639721	0.04972072150896763	1856.7992519272311
-893.628243554952	1.2565442693924627	2.8258888899979504	0.4861006681485545	2.499578956894107	0.06549077438363453	1418.450671249865
-1115.1543326462909	1.6837070375084193	5.890076960842587	0.3817199429684241	1.330745992563396	0.06516622281653112	1323.2707713111274
-1345.9678986404851	1.5443034501452404	3.2363345673251906	0.1273913078917233	0.0702001803001372	0.04767409359358643	1916.864554786914
-833.9266046188989	1.5851460270986855	3.7790891443097716	0.9468157971129122	2.0077537219206127	0.08131723800170568	1054.667144748182
-1142.3665253594213	1.8265077765201547	4.101827722770561	0.2948348042167982	1.0586205085420075	0.06637688640185095	1477.1096473789714
-832.3023736514701	1.676856968100346	3.3240177208609736	0.8427007109055765	1.9262041123352296	0.06532281435425126	1106.8447911483504
-1190.5858258402936	1.8054991114480656	6.0220709994848605	0.2789553125754636	1.159117393533039	0.05708211971043424	1459.4177071651654
-1167.3702421895432	1.801017202865829	6.020461140035928	0.3529824423803251	1.1346832403164198	0.06509487050165387	1344.757682123202
-871.7694152698465	1.4036407029986673	4.228160412416609	0.639171841055062	1.970313769985341	0.06495604937486146	1199.2974420647433
-1312.4741143450133	1.6387122018946638	3.7197791395446624	0.1465905157642719	0.21291250481558155	0.051954791995646274	1832.5864241696468
-822.7957648629761	1.7084583369938782	3.8853720084593952	0.9316748698200932	1.8454427303421166	0.06642121462863668	1035.6192213590482
-1323.059940523308	1.6707218052897388	4.448939466435696	0.13483352285204178	0.028129270302456214	0.05111529015355158	1851.9736515026648
-820.1562611947355	1.5452135099795525	3.6794204787606954	0.9520010221103574	1.9990789324597076	0.0625943764706341	1064.6347315574412
-913.3787322152626	1.4544611358757353	4.9447196348668765	0.6068715650672156	1.9861904030598332	0.06133343884141132	1183.467269587835
-821.2460474579032	1.547495491985104	3.702935183462339	0.8962927972497533	2.027425851360574	0.06495984319909334	1082.988398374038
-1373.8167674262208	1.8804439368451145	2.690382790057216	0.13462134644891688	0.19587479714544218	0.05026065644529064	1886.5789363732856
-849.7434778040015	1.8158268480627076	3.4638427292703944	0.8580492945807335	1.5894652440996984	0.06581721890302705	1071.6514052501666
-1078.604492632268	1.1093453913846785	5.718699766087383	0.35063565661142004	2.661389029188303	0.0541941486403546	1459.4022937343977
-1187.5639905725523	1.5358179679274002	5.41907620358091	0.2423825109801134	1.0945351155770235	0.0514010686522602	1566.0351652505565
-1319.5601468920556	1.9764736989544165	3.9888458579001718	0.15195702317307835	0.1723426087298573	0.0531888202514841	1784.51181737915
-1297.9971027456345	1.8226104441222741	5.2948618106932335	0.16685814906774346	0.3359652759063005	0.05492394035996878	1724.1543758201128
-881.180050364088	1.776767737827377	3.3118397544300606	0.6327508247948559	1.672946883381331	0.06567395930955688	1195.9627618805096
-1311.7143520611971	1.7092854216821987	4.137031969054882	0.1433472599580691	0.14607086282237172	0.05100896589357411	1827.6523936374608
-869.8569158075838	1.4785112522830122	3.486820987430864	0.5522092656914888	2.0725450669504086	0.06051660164992143	1281.7168026641818
-851.702914665479	1.3334706222923511	2.9439562055608914	0.6612869651375289	2.3253840478840337	0.060251912932226766	1279.0355889912573
-1358.9304776167053	1.6991966399403258	2.9915018568943834	0.12761294425249411	0.06423235561154064	0.05072255212826044	1911.7273607697446
-819.6366190687011	1.5529096627756602	3.8984519335283974	0.9715307502536211	2.0133997148072007	0.06616193698506408	1044.85403282033
-1299.5924936663928	1.8910911708958105	4.54680703039068	0.16045029204401454	0.29483464589957903	0.05227309790164001	1751.4525550571425
-1316.3430232473786	1.6119894753084434	3.917314942691209	0.14303952135945094	0.1500210717255971	0.04818206893148298	1841.467740639169
-1010.921678252368	1.5197202255394753	7.141264121641224	0.8251257579936485	1.668360069299343	0.0667219822847865	997.054541824358
-936.8546699410057	1.0836281592330115	3.151018071406114	0.43714095906614486	3.216551654611865	0.05613566880916039	1478.3796288090282
-819.3752049317839	1.762507708434028	4.230228340270768	1.2821558583081805	1.7649581105196521	0.0686793269200279	911.4609883988717
-885.3189259256127	1.526900811110445	3.3532431980985846	0.8903556960865411	1.508409655898517	0.05945438224433321	1106.2173356345165
-818.1506831436742	1.601816924748833	3.867946728427324	1.0064720851132776	1.9442384838093199	0.06528194016768592	1027.1103645444018
-846.2265743236735	1.8673901867649005	5.015778316483443	1.3889331712424033	1.8006358643871587	0.08415576459121867	844.862774491961
-817.4188807695452	1.679164030480251	4.006149308414613	1.108999659271097	1.8314867822938083	0.06666865452277759	977.4840274685739
