# /groups/rgutenk/lnt/software/anaconda3/envs/donni/bin/dadi-cli InferDM --fs input_fs/fs_050 --model split_mig --grids 40 50 60 --lbounds 1e-3 1e-3 1e-3 1e-3 0 --ubounds 1.1e2 1.1e2 3 12 0.5 --output inference/fs_050 --cpus 10 --force-convergence --delta-ll .001
# Log(likelihood)	nu1	nu2	T	m	misid	theta
-2183.802339226294	0.010911545885133211	0.5349215880360199	0.004274284577862253	0.07759187712100835	0.09022832095063857	1483.3959310046198
-2366.31368027597	0.0026400378629957	0.4872699161736484	0.0010027504903927557	0.10180785832089953	0.18534805468957394	1481.505981172941
-2172.7633025023906	0.013725876364141312	0.6318155047162043	0.005425305419973335	0.08999582237295291	0.0972698754671802	1479.4724621709627
-2108.1483166028465	0.035988990826392994	0.7619514547563928	0.014968490738221145	0.055743404683632994	0.06374599700115356	1464.5506724506072
-2242.895499738408	0.002605701022890888	0.3906329338613266	0.001	0.12809962498372743	0.1279353293056651	1483.6767691635646
-2453.6471808066754	0.010214199073561624	0.7568835815110359	0.003959938018378715	0.25933347545182883	0.22530234255410217	1476.1960782334713
-1245.1837123217888	0.2946403113462892	4.398111028651819	0.16135080826168355	0.4009378028621585	0.05193852780841346	1033.2956673176363
-2220.31344983062	0.0026048064879643255	0.21651038944388726	0.001	0.1357956385710144	0.0918816858154324	1490.0812324914955
-2070.7992440816915	0.04594909539598904	0.8552928660716784	0.019370625441527664	0.09418045155261567	0.0597579667368725	1451.7053260187179
-1009.2334110628277	0.6030170258651729	9.659593591756655	0.46705758006805975	0.4259072415406615	0.08668143085696267	660.8713408908621
-1204.7813243410717	0.37598656776859507	4.446170842222789	0.20453597466621093	0.4020547400385121	0.0823313139260841	960.2297421861729
-808.6093789155643	0.3261651991694366	9.634228239553533	0.5942858168919884	1.4240811028333153	0.0806278819347452	690.4118017752495
-838.6782994441697	0.234938057889693	9.714269219323299	0.36535492905936123	1.8517491308212024	0.0775611526716094	843.6971672332859
-1877.8606576550615	0.08401762508447495	1.3731531693254395	0.0382768050790403	0.08789023227950205	0.045320290267217546	1383.4740235949168
-904.5106723781635	0.24160617872774565	6.119332706196297	0.31215379538323357	1.8155402903717386	0.07697216823986264	909.1019640246509
-2199.431143819568	0.0026045733749078415	0.4265919699793976	0.001	0.13903960019572653	0.10282789153128442	1483.0250912682693
-3673.544836445489	0.00263205167973741	0.27906140422257747	0.001	0.13533671490761806	0.47778638300811926	1486.2947005692279
-768.6154863990844	0.21183345889457436	8.885804929860678	0.8356000376493324	2.376352381005379	0.06439424367773991	743.119336624852
-2186.789358696956	0.0025803182692407185	0.4433401912938789	0.0010011525668223574	0.07931222855058902	0.02206292688918299	1483.3261859939057
-2336.7089740710658	0.0026327095535099137	0.29714174670105076	0.001	0.15147273198301905	0.1660236651317766	1485.607206153884
-2228.7612509672813	0.002552958135060086	0.426369354933043	0.001	0.2863249098046585	0.005047712166741661	1484.1563934463984
-797.441872553954	0.2435304357737172	14.03320845971449	0.5474806563520936	1.9526294391589034	0.06404324434080666	736.1944477559176
-1119.9730881259711	0.35500758902432716	8.73990867402111	0.18608591291659146	0.22512110673208646	0.08165909492809419	942.1914074587634
-785.248769065143	0.20892961987037764	14.50637688363513	0.6074041644907151	2.4252197634690558	0.0662233052901935	758.2157449014435
-1330.495204744961	0.3223705974906103	3.569317293231103	0.16800220383846914	0.22859873158113192	0.07958031089717957	1032.624385033248
-2353.3398546560447	0.0026352844556700515	0.3418295618036385	0.001	0.1095092929967494	0.1753530839811633	1484.1825852174331
-877.2952844034394	0.4162001352967757	16.176285080901135	0.46803592354505735	0.9209882720161142	0.07973984716160878	674.2231902447875
-3751.582181171283	0.015449993348912571	0.6088534355616195	0.006056006208482031	0.08986429948372125	0.4956016318687662	1479.596473834904
-797.0597215700917	0.23332039651466718	17.753459510825163	0.7079694615485115	2.2377562007757783	0.060506047271606925	697.4701195449682
-865.6822187843927	0.3284594670327891	15.841565227599078	0.3670253620140756	1.1904225724967006	0.07680127720375145	764.858890215806
-1199.2094846698087	0.3446287341241152	5.03940094092503	0.19113863322026797	0.2909442315003926	0.07703708859756228	971.6222211209893
-2490.1734528245825	0.002633137681939195	0.30890708301238495	0.001	0.14329020852811986	0.22156892402894965	1485.1998561146215
-2186.455121553655	0.0026280129727372812	0.5436271415562778	0.0010078924289795054	0.05997724831631261	0.09878015084978992	1481.3691665569079
-1023.6622183184761	0.44310747242172993	7.267880902251612	0.3355258020838054	0.5466899472674315	0.10478158035801566	791.378614367331
-791.9729257641538	0.26426214552506055	13.960850550321695	0.6272434734602184	1.8398542761231678	0.0732768048826513	695.4341613699191
-2165.1690122558716	0.008601324521614022	0.5512742979648465	0.0033662252403859672	0.047322449952810056	0.07523544567485312	1482.6022006145995
-1012.7014923614256	0.25820793929791985	3.7056620815954595	0.3438725698283604	1.7128692793373899	0.07467459545334307	936.12222519639
-782.2866143105246	0.26917984075194223	13.715139994458324	0.9168366772166606	1.8738879708780898	0.07163587741684382	630.8861065869515
-1145.2096155536424	0.38288615948692734	3.5960685474312757	0.3922466948726792	0.8125641586240443	0.08120705018690236	849.3784342788382
-2225.8700157504127	0.0026534792020208955	0.3860877741888707	0.0010152945646537445	0.10050669481173738	0.11779881517583132	1483.642391294548
-3643.9820788649818	0.0052421804168014605	0.32024072588902747	0.001991291163752544	0.1378951196910094	0.4709926957395685	1488.8176534856873
-1001.1644690016635	0.4327578550799321	7.4192599173939415	0.3190831999214127	0.5987224279614454	0.0880545713585723	805.5393543266033
-791.8991847388991	0.1757811043780692	6.032267164845244	0.7784044313120697	2.8449862782907354	0.06604843661850524	855.9801925420759
-830.8763352512642	0.22455063640098794	7.971416483706994	0.39344561477402124	2.1887201748293816	0.06773019123217654	859.6631261740616
-3768.557233303818	0.003245162735738009	0.36249175263795674	0.0012315743349096183	0.09534560555567075	0.4943747700535884	1484.3545624656606
-2120.720340916443	0.029335356913735046	0.7223713754323892	0.011967567832903963	0.059159728920470056	0.05678697912760914	1470.027840183796
-2166.7450368450263	0.002582277503381567	0.3937824923903528	0.001	0.07921451126048726	0.053587721960622794	1484.1128620065556
-2570.094945797392	0.005808922838431994	0.36782907003587484	0.002244371216315152	0.12837001539168813	0.24316618500356504	1488.057068493871
-2185.1854930362824	0.002584120013894878	0.26540963898007863	0.001	0.07015936227476513	0.056755307363262036	1487.9021583509195
-2869.385575518085	0.003270110778515431	0.4756234431898266	0.001242217846570433	0.21132628053882857	0.3272010209612864	1481.9168740092364
-3355.7233214485223	0.0028875551408995464	0.41767371010599275	0.0010954897294362075	0.06960827666226868	0.42585471132155583	1482.6870770781277
-1340.0266529189614	0.2863954768609869	4.198419058922777	0.1297770408737088	0.007637017859537607	0.07360668226216359	1078.426211770556
-2154.0031700704985	0.008788110484457193	0.589596260415297	0.0034441000841738214	0.13583412299034733	0.06538200428433366	1481.4753743293593
-818.6594006297457	0.34279471564044706	14.253957460682091	0.5850152301492436	1.336876507975944	0.08045498443406635	659.4022795798965
-764.1951509078624	0.1924341799114003	10.22114349286803	1.0209738318121355	2.7079871629973913	0.05516249601670291	748.9595251901633
-909.1494219742757	0.21022557088062407	4.768555389968705	0.36858373806598527	2.2190660381966145	0.06828630438901775	930.8775265633324
-771.4173732563467	0.23072376003799275	10.434119039744957	0.7573736195797932	2.1932605457445455	0.06872853254653209	719.1680628638445
-853.4031666224328	0.4204633294208404	7.93191136721339	0.9792742019196217	1.0280590571449444	0.08869647214832346	569.596244625502
-854.674359859815	0.3192780045281084	9.369279073601664	0.4172310668586554	1.2283652523418096	0.07695399577327354	765.6118021558584
-1562.8675455817308	0.26680352703757537	2.125414991605639	0.1412540454892805	0.33146600067580023	0.08542425461704954	1136.8671968090111
-2223.258156846301	0.004658854584597363	0.4594753105913224	0.0017886513949698488	0.08369631591881573	0.11750222083605273	1483.4311504067168
-782.8956842774153	0.21023155485486505	14.966396172440998	0.6960266726329157	2.443995264340597	0.0654489500680782	735.0591435537971
-796.7828840455577	0.20780730254736018	15.43965801434048	0.506904200711548	2.427641571425792	0.06920705357953348	787.5640651087831
-771.9958853266573	0.23198847266884226	11.537831346983491	0.7914668710146373	2.1821128109266166	0.06791059848400136	703.4269273097614
-2178.286844016996	0.007377533419053682	0.5660660770449863	0.002862349538699028	0.11593779338559453	0.09300308177782829	1481.6782565432436
-2267.8857051625437	0.0026118987783612544	0.2968410137340351	0.001	0.12804467840309394	0.13466175139003003	1486.0665419369132
-1732.2368912279362	0.17829995717068647	1.7082201877080285	0.08337007294170327	0.02337150695061565	0.052593463455128456	1260.2925747076713
-767.7690047755461	0.1977137110216246	9.526281679323949	0.7838530276579222	2.534291325754614	0.059769827682049144	765.4357947266659
-2182.5031851150616	0.003766095911438723	0.38898109913522083	0.0014707174326702055	0.06283608666609952	0.03282384792849121	1485.824757502668
-772.4942614278625	0.23597522605528656	8.951176102747036	0.8090180628626177	2.156233997382619	0.07010540178958621	717.5056806012536
-2297.460695676476	0.0026329331380893343	0.2621189489906515	0.001	0.1583686959203076	0.14584272649438088	1486.9940247992263
-2736.539430167212	0.009551678863922518	0.6355715465879295	0.003700482182867582	0.10204903023616033	0.29936558379866024	1479.3222191138505
-970.348273261254	0.4309956011847133	5.7110598488806374	0.4436017726762954	0.8439846407884678	0.07516476767328678	755.7909649659119
-809.102701451881	0.15754731482762907	5.4568939388673865	0.627110834092602	3.1639190543333116	0.05572952297538141	928.6579956642398
-2155.2255031159666	0.006815781567827469	0.6496223315172319	0.0026649671499845893	0.09294952149439184	0.07837279322409126	1480.2643158875562
-2193.6565332049568	0.0026264837735501894	0.5225267386605088	0.0010079690026400393	0.06340045789409374	0.10339596299092912	1481.6416703827783
-2725.01103946251	0.0026334275872425257	0.3697531416397693	0.001	0.24405115144911543	0.29022423521681867	1483.5470611346148
-1811.000467656071	0.12137234137482382	1.4992122643222958	0.06452620552445708	0.11644836458401893	0.06126180585562759	1327.3469891602456
-778.0453230740318	0.20078870756217676	10.349559695606619	0.5909665146237987	2.5269373330672638	0.06649277634856281	795.592041550496
-1053.1210040095968	0.5445537440130249	8.173758475441897	0.37946054882007385	0.3632478463944079	0.08662760024937405	731.2584942638457
-770.220168772385	0.23700086332020748	9.733074883540478	0.864736550931028	2.112375806664162	0.06967206849567105	697.0937770307755
-783.9602147579124	0.2468992381992274	13.519161910631375	0.6722395449116955	2.0247154822322466	0.0724681824257389	702.1448183039237
-952.4579136760558	0.29492727837860655	4.998619110069895	0.3389921432828052	1.4910430833253943	0.06099342677113993	882.2605128056256
-788.1208007348007	0.26073650184584696	15.033446165453972	0.8093258942011786	1.9167261255175942	0.07138722021144778	651.2630926569165
-2186.2577093873524	0.00659864367071786	0.4875550972337702	0.0025591695131561456	0.15141651941483658	0.09044032209778913	1483.931617590318
-1451.1472037920757	0.2695143187986262	2.956603207597268	0.1260121202758072	0.15200471148721037	0.046270027901801444	1117.364451247676
-791.8024414347856	0.3306172483039205	10.659591565989874	0.8809564517586577	1.4736509713041779	0.08467211441661729	608.6563158420888
-2183.8378769040633	0.002604187501971988	0.3013565350519161	0.001	0.017816228194062127	0.07220290616233548	1486.0628692122598
-779.5755036972182	0.19820116362558476	14.121074972173455	0.6832319748471737	2.602531727018628	0.06298605339560681	759.1226007299877
-1452.1967910463595	0.28617591792677866	3.1312983107351786	0.14353413024806885	0.001	0.09271680878682613	1083.0154561968968
-787.0647176496072	0.19589596458421937	10.357983421590356	0.5701101136928992	2.3372796238495566	0.07532272139537463	793.40279401253
-772.1070133511505	0.2399242157040686	9.231652231585144	0.8423487659451481	2.078808971136606	0.06921898567072922	701.8029740645369
-801.0207402230542	0.2212282996834302	6.511550860217116	0.7583079256257865	2.1324132705748164	0.07989669002151868	767.207423188493
-979.3310056262995	0.5293076216697591	13.688213418589354	0.4100089915614893	0.46855782750640174	0.08942207133281896	685.3138613353191
-1798.8339786875986	0.2107748015817172	1.556764628149145	0.09321336137848393	0.07199592327243197	0.04092775370103001	1244.8626601482592
-777.3207764913514	0.1643171275111753	7.711275432845247	0.6507837594164976	3.0958338884573786	0.05645596372890993	872.9204404025605
-778.413202681249	0.2115594952006148	14.035533697538746	0.7448890475513857	2.435352828417132	0.0646057275207439	727.4596269891524
-779.9964731022525	0.19410797123144377	6.916810012082825	0.8293416650571177	2.545233556489693	0.06153204798302596	795.3297556809356
-786.3875177602596	0.28162927568216517	14.459103594679236	0.9913370412309181	1.8117642630018143	0.07187473849659297	606.3652104141701
-767.3943301945035	0.19058675868174957	10.638586486868064	0.790600086449455	2.7315637385655327	0.06288692748086111	774.3908907307072
-2148.9861381477967	0.013098859316005072	0.6111241677441064	0.005186984109157101	0.14447264690177505	0.053022628830833335	1480.6065601002697
-2216.1222927428607	0.006443332846278103	0.5841941879470771	0.002474108347912005	0.08980300325244993	0.12106357814167555	1480.6886345508733
-2163.7982224415086	0.008345274231493264	0.5692150825867819	0.0032377842243623317	0.10751982451816028	0.07762015217455594	1481.5415325300357
-2181.5057649104783	0.016010849723076568	0.5888692946081971	0.006503762741945091	0.058439430124673016	0.09468279358067554	1482.6331298124576
-1193.8517128196513	0.30636334451725716	4.082154133046807	0.19337538658712983	0.6180673700275073	0.06912032790457102	1001.2160525489991
-2117.805430137675	0.012203823388927683	0.829867600701581	0.004870830674840366	0.06365540340918753	0.05264591690938063	1474.8098283870793
-2149.4083561810703	0.011872386815338375	0.6078213446602028	0.004699290675116659	0.07943901525400748	0.05529642464607309	1480.9225396594256
-977.4746420938858	0.2242716238019962	4.045848640968284	0.3276713024578314	2.0023299135122765	0.08155714234853262	957.5487218460277
-2242.5839222854897	0.002604336565684953	0.30360027620126345	0.001	0.07268838353500015	0.12149617343644607	1485.9890360551324
-2197.2689784737613	0.006344423412447762	0.5671913960486934	0.002461529408929455	0.22317825645066094	0.10799445322909826	1481.71146028496
-1805.5681041711425	0.12725975368792822	1.4328067135749303	0.06224672415966456	0.3498095905009527	0.05342803030921762	1330.693979027167
-1078.397285110888	0.5282741573931391	5.713252164605361	0.370390592355568	0.5449934600549547	0.05979125938117321	772.2059091407887
-828.4089777401375	0.39076654546917744	12.3724189266541	0.6494490753131101	1.1210255124935997	0.08230052829212671	624.1204167185231
-3387.8470171701692	0.0026341125116657507	0.2906723957817427	0.001	0.20643511125962494	0.4290551334829084	1485.8150078669285
-858.8955517913219	0.42964102113618574	13.774804070658831	0.5938935863704068	0.9367278987524272	0.08017169023955871	622.2642266009608
-1796.1920001841324	0.16328887131409717	1.5369810340264676	0.07054675949871375	0.06974843937113986	0.09456090991888731	1292.4053886820097
-869.9630070673329	0.4279172062727507	15.007792361101487	0.5232586606027515	0.9154857207150487	0.0808899873828041	647.5923401776352
-841.3742004935552	0.43888614705041457	8.884689691246711	0.7323786361790896	1.0740074271616697	0.07664768064298423	611.8722127201762
-2520.1156542671197	0.003634195648916479	0.30739530188381514	0.0013344851217276098	0.06093449368959633	0.22829216159635693	1484.7821066942251
-818.2708993305476	0.3823307973566378	10.05883644558919	0.8218509053461316	1.1676316960320423	0.08869737892833644	595.3265826746111
-796.6054992242177	0.3323342917698154	11.097705211590881	0.7717896633515814	1.420152557619042	0.07898929735137693	625.8156916810412
-2228.219357853474	0.0069481082018045225	0.5832530716827541	0.0026928394236367115	0.1100889552709973	0.12789109920547556	1481.198218711668
-1029.8191252745728	0.5187548968236628	8.016722901999096	0.29929096387391274	0.7554847490433079	0.09710950530757712	803.3195300090982
-942.5320202629296	0.4891420080330924	7.55675517668521	0.5274944978029674	0.6955710400767057	0.0826849594071366	674.3354360197111
-2133.5327805079232	0.01882148530887545	0.6800797907119173	0.007573166426266723	0.058878046056844574	0.05635218509863768	1476.5757362631518
-902.9907881639261	0.24137694828725612	5.047489742175223	0.3818916718433524	1.9023949820424784	0.07132494018187562	891.0684107320723
-799.6033391770645	0.35774004467891385	11.589115862691976	0.9482393004781801	1.3309452327062634	0.07964889661701981	573.406734373102
-1175.8322786395859	0.27035479857097217	2.7668872590704794	0.31120445912984035	1.4159140360552387	0.07142994107927532	984.7728451039575
-765.3667180782713	0.17882781508314102	8.27449033793219	0.9362965036315289	2.863398342131876	0.055650268766723514	801.6629132627658
-804.2458059989722	0.3181088628817458	7.824668243102836	1.6224239585582767	1.5653436835995744	0.07417387660892118	564.7416218389487
-2204.193773920385	0.0025892120966287905	0.22902396313079057	0.001	0.12494226571583561	0.07888436377097426	1489.6486865549357
-2254.862663302517	0.003299950180770152	0.5335495526626255	0.001263118224281029	0.15327711551125842	0.1394561665788863	1481.4573554563528
-833.1133547949346	0.2945512914522046	6.433564767530509	0.6262347159477858	1.5572561616885812	0.0799251940852217	734.4627033586752
-804.2160706383586	0.1947677858612237	7.158724368417415	0.5048667683733219	2.6083290522336218	0.06645558581290921	860.1960379005822
-2161.190412145288	0.00693940841932593	0.5210433559765586	0.0027181563156313377	0.07667732332339672	0.05618336216749186	1483.5092200917563
-888.7946337803735	0.4726908397299029	11.23268631776737	0.717773620208399	0.7735108743854034	0.09688795255251972	578.5597324261203
-1293.0570154026886	0.3080976533214283	4.693491990067142	0.1530096119901087	0.06543748897609504	0.05881623257742585	1032.170065806707
-1044.1162097171948	0.6521624845816256	7.560464862383336	0.3918670647864311	0.6171661480495049	0.07547285885094353	718.44639668452
-1349.9655764457618	0.2722039440668656	4.290965722696442	0.11760367564199616	0.001	0.06135059945595016	1099.8745883038214
-2079.375060128356	0.053149731003975846	0.9437810803634562	0.02293216549647577	0.01594954044558336	0.11095620168414985	1440.3048514863422
-2246.7135856484433	0.013079207857322868	0.4774608579860008	0.0051235515516047415	0.06300246980661167	0.12065025774188677	1486.9159178692964
-1861.513662531557	0.07570013817481328	1.5141756455643205	0.03208653272045944	0.05810073713795025	0.05705858581673111	1387.820133956121
-775.5875922129171	0.25445169741202506	8.611597705741614	0.933720782526647	1.9823593162083772	0.07226078066137492	680.1128919371645
-2372.4214667463652	0.002609011399069141	0.39240894648749725	0.001	0.061436098501426194	0.18478739601005342	1483.5641631031306
-763.6966536508148	0.1724196790543208	9.51671493690685	0.9999068062663096	3.0379275625111464	0.05217912496820072	804.0192371863777
-2225.0967103049406	0.0026079021004953495	0.32702358078840227	0.001	0.2815679788277972	0.11303533695441988	1485.2004608372117
-2483.9554256027723	0.002726716879813536	0.32224329367078286	0.001035259299205303	0.06970455648251556	0.22001429421542626	1484.9031911328375
-786.3407629386369	0.2516866653752701	8.352551089833172	0.6724400109430635	1.928850753306995	0.07207861995111722	731.4166968260239
-766.745276378997	0.2281131105209969	11.033336599897597	1.1520159242414438	2.2710051375350724	0.06310215585749511	668.7750007402034
-3425.052382934005	0.008876417857715807	0.6323460258882055	0.0034431318796683016	0.06377089608046753	0.4418809842526988	1479.6406467541096
-790.0412258236653	0.2640534821638157	7.8835178289787775	0.7317650237351279	1.8362535433153058	0.07152440783182276	712.0804739330118
-1174.7563450300402	0.22977415950570262	3.24520235781785	0.19912920679476795	1.4330871736262445	0.06264635767548059	1058.9653056829163
-3335.793911542477	0.0026323296450310664	0.39387118507924823	0.001	0.060352206486772884	0.421940880839726	1483.0344619738357
-789.407659185347	0.2600013748529962	14.859168551077062	0.7224397066886	1.9061483166909783	0.07169226093306821	671.0650294411295
-775.3906305762723	0.20967946776458518	12.822190613441752	0.7268699675220062	2.3987909994292886	0.06221517750242366	735.4614803171569
-865.1054267899707	0.4646928041487779	10.288159971256363	0.6023995806964235	0.9498346326982601	0.06598172409003218	632.0796967656615
-1423.9457844896551	0.2807003198386674	3.0944672325675633	0.1335096745012256	0.09574879509180632	0.06716816236622328	1099.4367059409474
-849.1776542642688	0.32697332915143623	7.552642525782361	0.4691315781056509	1.3447442239823646	0.08476234714111089	757.7642711327208
-2153.095045373347	0.013333754753633595	0.6003796358404253	0.005274247195022755	0.046134274415241844	0.0646555825394948	1480.9073357438238
-954.5121875221569	0.3818354517813346	5.445993753518441	0.3871054336074008	1.080199395446647	0.07977628113860076	808.5107080814225
-774.7429895301448	0.3052252267123318	10.930879562093352	2.034349757326258	1.6539615952080875	0.07010593135565833	522.4629852863536
-1470.0643473210484	0.2629037383430978	2.462464215919743	0.13815032411096523	0.38773332222287354	0.07302003412874873	1125.00553061448
-1152.7230784896515	0.42795064335833455	5.922640368927078	0.22238571155131054	0.29197979205105995	0.08718074397596144	906.1747846424283
-1487.8493715489299	0.15886007984080763	3.3425655629388564	0.0748812529639358	0.15378704170245178	0.0831898127778612	1229.426152489495
-1121.9858228160992	0.19537065868377104	3.311837772754309	0.20595844645101966	2.1889432760866563	0.07643761321371183	1081.3893469966433
-774.4008515871315	0.22621617881180053	10.875363230899286	0.6858145534003988	2.2149935998149144	0.06847518338149615	735.0935625603674
-1152.4231619233205	0.08072563004960295	2.0700837822209857	0.4509529978556742	4.069684212726614	0.025407314790274492	1329.3784422221693
-1232.6427497557984	0.33669832021362894	3.672186178771616	0.20396758068964024	0.5812146970414388	0.06466898747017782	990.9680834595657
-1720.9616696128483	0.1487385271626802	1.6606953336525048	0.07208649891989653	0.32852377309128844	0.06146201357026415	1293.0633247651035
-1152.2939177244166	0.4965135742324414	6.9611203302305	0.29555028094207897	0.21665321965588655	0.106041731717555	810.9783833115202
-2142.67783085859	0.012360794855753662	0.6693171167699409	0.004893083649950471	0.04488541496795206	0.07043635100959339	1478.58460558332
-3055.4047196314186	0.002633045593749711	0.37458559659305224	0.0010002331806158583	0.06568740763544284	0.36645489113319074	1483.441648415847
-1458.5266075817442	0.23006929805332763	2.6626222586053596	0.11126735512673654	0.3899094904886243	0.07482285628793896	1162.2325007013935
-1257.4978284441859	0.4285145305490464	5.727865730715844	0.16954925884114466	0.0366429073914791	0.06344831490650983	968.8045225331549
-770.0953201721152	0.23231649129346918	11.124519651266983	0.8483888759183057	2.185002992258152	0.06601590146658277	696.1455666570452
-2167.2231152100635	0.0068957810654443055	0.4904898292622417	0.0026750819649917425	0.18290319605037864	0.04608840899485398	1483.9420613110515
-2248.9189458088895	0.0026059548400626568	0.2526161846587572	0.001	0.08322772357289206	0.11931114386442825	1488.0158713036344
-2318.1775818233236	0.00263165869480923	0.3452576203537649	0.001	0.20686676918154873	0.1612630119722685	1484.1782780541653
-1332.0877793847994	0.26405992311171667	4.0168074966896485	0.13542576314062924	0.19533354396491567	0.09962995074968825	1082.0620830162961
-791.6903551362778	0.25614455800510666	15.53483206471388	0.704435632376614	1.9449261606664412	0.07162596638103742	676.9592838510086
-790.9106639718116	0.2712695392738817	11.896905740828517	0.5969879950627565	1.779039701684858	0.07411211441594147	709.2668779054018
-769.4717543233528	0.11461149785994552	6.81318400124446	0.9854205466558447	4.537065368369495	0.034849956047348876	1079.7384392779036
-3726.7207551359656	0.0026320224268996145	0.25033758396656697	0.001	0.05239763474193811	0.4854069435171811	1487.5568394436043
-1021.9274881186916	0.4921443485991719	6.849535498154119	0.3287214267848958	0.5872453482010163	0.07980004025779412	792.8232970391072
-2288.670759445891	0.0026121623544308773	0.24886898079730344	0.001	0.07598478889000158	0.14015186582785136	1488.06561625656
-2352.2380889860856	0.0026336269646391208	0.32627957432277394	0.001	0.12408964668783348	0.17409647538425754	1484.6524167876817
-1502.8619524238793	0.24499047111522695	2.7238754086158328	0.1336984110153157	0.20870474431722327	0.12074453002918384	1124.756310719174
-2326.500489300496	0.0026270208548356986	0.257127969910511	0.001	0.10728003172706664	0.15836060694432963	1487.3541352551722
-2179.4742889634113	0.002577964806402017	0.3899674303186478	0.001	0.08231056556247583	0.030598887910848343	1484.2822784208026
-879.7245131107339	0.3707494982421069	8.000055848350932	0.4924684685936827	0.9973077965703557	0.08753673095587829	718.3885762143454
-890.8550640999624	0.40093961913371307	7.38802033900088	0.5227647103410837	0.9455078277370214	0.08273270387408595	703.2887008304657
-2395.97863234113	0.0036780860542537873	0.47504032870554835	0.00139714082748096	0.1748573941337872	0.19521434665516976	1482.0706954590469
-1133.5965338842884	0.4719184790515619	9.25780295521407	0.2186294413985988	0.11596165258624537	0.08775268633705745	874.4995497620395
-1642.9456911509524	0.17667170193846313	2.076600414894236	0.07706684862505882	0.001	0.05567851826604325	1249.7923732194702
-779.699699348377	0.28759695996748125	10.197738172358145	0.9361695807250906	1.7000395033549405	0.0740083968529013	630.968404030668
-799.5870795970976	0.2558715051249323	9.524241151317744	0.504235138030912	1.9799611749890258	0.07178062993425134	773.9416923641855
-786.5092148809788	0.3091417549739094	12.922284661844563	1.0533237200353285	1.6054614164281165	0.07532182008170686	580.4828061642693
-763.8825833389211	0.1891166929157399	8.775701655365447	1.0441202819603623	2.725587405424729	0.0553584428768634	765.9917688288788
-2943.212715508097	0.0026347309717490133	0.255847675084824	0.001	0.13173575853718303	0.33809353076425647	1487.241499921656
-2316.63814303238	0.002611834457513497	0.26250909245983567	0.001	0.055563005791378746	0.15460239618462737	1487.425501123267
-2247.746222880438	0.0026068798028737175	0.26461332213983035	0.001	0.08478849000647884	0.1202236317285085	1487.4410478051723
-1563.9493517224275	0.25649100903914435	2.4432546479318193	0.09794893069598029	0.2480207263272815	0.09298349069707876	1175.9995380822631
-2308.7818682921966	0.003090442720435757	0.40313618261713907	0.0011741554029263	0.032428628508879176	0.1592150355065367	1483.223894167889
-910.8076708076237	0.4176244504972757	5.64324755063232	0.595384057185056	1.1495832516250237	0.0850065571902162	706.6672983609704
-900.4351617486518	0.3880169717460516	6.2342872873699	0.6287070943870529	1.0558597127175515	0.10266944999843443	688.1296262875742
-2212.2695105740586	0.0026042357709631855	0.3404954577836325	0.001	0.05889984834990621	0.10560521105064967	1484.8784689499062
-2500.502996425863	0.002615308528682075	0.3540241867815171	0.0010002775659975198	0.11112056078331058	0.22676314231722502	1484.3162518786328
-879.9083854650551	0.20354111868817598	4.181211595937872	0.7477483585074866	2.3162676615444955	0.0740227499274915	856.1928135284419
-1905.0493098203983	0.12169829664607124	1.2133341144468768	0.055434993702996704	0.15607110115895104	0.06668797395145888	1355.243699917299
-800.2349636794137	0.2320107402075457	9.204322553982424	0.4828903668645368	2.1309929319499816	0.07176788218054546	802.4608347145487
-2230.8742853556096	0.0026097821084361487	0.3301957407447211	0.001	0.06185171541605127	0.11690487302946953	1485.046814186062
-805.7066873583201	0.31371304541799017	15.781004709474571	0.7461026640488976	1.5361587110072903	0.07711427033123094	621.2386271973163
-2171.3351972314513	0.018209555509471627	0.6251336433742392	0.007245464553813152	0.004278907788722624	0.09375428891063399	1478.9219189277017
-797.6044226692334	0.17862345672826965	6.503480216503032	0.5860820008046405	2.8412465224267387	0.06210250853551105	874.1686344929138
-962.9473125321235	0.4405889814620214	9.367504960703933	0.30887334070321404	0.704116107585701	0.07625216123770646	799.1371238114372
-866.5158188757964	0.2521916640218105	4.791560069119337	0.8058162559521288	1.8749640125752947	0.07073145854813594	767.4223288501673
-1062.5982378653657	0.23575224788910387	4.206165974745411	0.23057526473133236	1.596990461168306	0.05065474848089258	1003.8182707018715
-841.1935774376325	0.4034837528845454	10.359469668533901	0.542389544716692	1.1273728299242753	0.07241920175692856	673.6683026517878
-1241.9899938525555	0.46624481771813164	5.616619390782164	0.20205936787043693	0.05546890568657827	0.07192723517219105	922.3878293784662
-847.5384065980138	0.2664382799093951	6.381467293948996	1.0193376310611384	1.484933750696092	0.07440167620068562	661.9009324779929
-777.8728431865557	0.26584238067789945	9.443631150336916	0.7960271552038277	1.870993746503054	0.07330010413077302	682.7607185826973
-2915.759019137299	0.005102529147333682	0.4240024485322972	0.0019585744295146667	0.1889385523919618	0.3353962538820128	1484.7354935677035
-783.6543109682242	0.2930080878524788	12.905470295434657	0.8986342347996302	1.7445733307695381	0.07679394125517112	620.1997537518781
-1801.8689570481947	0.09493544773602389	1.6686471580312998	0.04013056622547264	0.05283256369721309	0.06840442381257118	1359.4972285054232
-889.3282191029432	0.4661367959400083	11.40145712624368	0.5079872294105827	1.0328558773014382	0.052467757979532174	667.0315189532597
-2283.8497384093553	0.00261405320426593	0.2496225100779155	0.001	0.10616666734201655	0.13785886887424512	1487.9905838689058
-2162.8013068118635	0.003251613131049613	0.45713164201722223	0.001248322795804946	0.061629510444626986	0.05566687747618436	1482.8296465245971
-826.0694602014744	0.30784392513317105	10.092740613190283	0.45798438875073616	1.4443389041849741	0.08253835456284511	749.8407047570477
-2192.65393045282	0.0025787772772042482	0.2580575950877293	0.001	0.13796044215843148	0.037234510942828355	1488.3573258089016
-2179.472613111003	0.004088556031553328	0.4683933829479633	0.00156913702212186	0.0809305170906795	0.08599245717058591	1482.9512126221468
-2174.2428458654244	0.002579375416397668	0.3842508174785532	0.0010000409655385992	0.2531663672229408	0.036669527287260924	1484.392030731565
-765.1751328286166	0.21610243652758557	9.710588269395378	1.0338738351379946	2.373497197173689	0.06341482748365296	707.301659185329
-2316.844454656808	0.0027440326916508993	0.30338468809642394	0.001045913412821901	0.10312870325914503	0.15763714965188313	1485.8036399696184
-796.191409612773	0.24228755754610223	6.611608732431135	0.8930984719343529	2.0395109088170646	0.07075259271542948	725.2381066981891
-977.4576847394007	0.3388987528265379	8.07520436226378	0.24450372504440795	0.9356334507455635	0.07468720054727958	893.1222768946903
-819.2232512033434	0.38636847996529305	10.083688618810108	0.7136348147348265	1.1846583835464906	0.07809260242818386	622.8049435892237
-3235.2227320118627	0.005249380071024473	0.554447769718852	0.002014004907011688	0.13557206382549641	0.405144049370914	1481.3415300143974
-2297.5480016094516	0.0027570773820721375	0.33352931740540115	0.0010473093191293477	0.03268969184200071	0.15119498398833323	1484.6340613391005
-2128.392570354827	0.018684266843445593	0.7017867824019	0.007536896325625784	0.11338702605705701	0.05693680577688799	1475.7981861607693
-2159.005360429695	0.008253119207834517	0.5488941815457694	0.0032015856258551605	0.05466524559364842	0.06175655179734927	1482.1578884098512
-771.2471006367034	0.24696493916503942	11.41961985233898	0.9308022717470535	2.0638814028445043	0.06863746923570045	665.225454309678
-2364.6029122882737	0.004248970493747339	0.5134451133244716	0.0016315980835443031	0.1080691206423809	0.18485529061982472	1482.100715018539
-933.4431116605724	0.3919627073317944	8.629979888975859	0.31939079691597194	0.9134503348654152	0.08976956298724117	809.8591153284627
-3090.31118547638	0.0026347974467799077	0.3042397694871061	0.001	0.1695219417792711	0.37183018530495116	1485.321408678608
-780.5983172713511	0.24741469103315789	13.309847090267404	0.7477430619564526	2.0197360063867436	0.070101748081904	684.3182170899403
-3401.5452675770516	0.007058258290856938	0.6340880695253583	0.0027102516182946003	0.05744555718443853	0.43746487937185635	1479.4934335182163
-3037.9904375484657	0.006152805238766505	0.5116021749407348	0.0023592181482731014	0.17718345108732889	0.36443903723401583	1482.4265038158696
-3175.793118985852	0.009430077479162047	0.5528293427515073	0.003654766715024066	0.22199228852884365	0.39327415794100046	1482.0382838920664
-2163.249618530454	0.010088049973762336	0.5518398714685938	0.003991577455547883	0.11017491915632367	0.04063846440959251	1483.2696275355574
-2012.4657817057998	0.06699964873499141	1.0625922793247442	0.029628675810620498	0.1533882076632059	0.023924016449734558	1420.2886386009754
-1100.3553596732354	0.2546521110082359	7.334742830245111	0.16252598820987224	0.7511555336087867	0.08888497991757684	1016.3105303122398
-771.0970060921672	0.2220537759954772	9.751073010531643	0.7429558075866379	2.2757988954177755	0.06517888909021384	737.6084395592004
-3179.648613897758	0.19631323240230691	2.0967772970161964	0.0806274025976093	0.047229892399762295	0.4887424434137634	1235.198512938894
-1183.325498952871	0.3944437283509434	4.659776509521604	0.21400567796813594	0.42592312965001417	0.08057557684470414	942.198791620541
-877.6790700461096	0.3339136375508832	9.287088668266133	0.4269207587434676	1.0642451075851291	0.0653412491073945	751.3975603965023
-808.3498423472824	0.28298760653167315	11.631574152910991	0.5024240770363814	1.616105880555595	0.08154912179201537	734.642991345065
-2239.76369820707	0.0026066041396173053	0.2687066844825087	0.001	0.17131039487043423	0.11594004482418009	1487.277499912388
-2128.5682545524314	0.023340316788040338	0.696205764413675	0.009517320494819001	0.2649249455428629	0.050157184680366645	1474.7038369054244
-2287.603818279032	0.0026092484911238926	0.32946577563237867	0.001	0.15506749781057932	0.1467565364216194	1485.088484167959
-2159.7700408418746	0.016375306925695773	0.6642917651271593	0.006483189935225472	0.22065219202873163	0.0925747336173883	1477.4417133260042
-2193.0079831177054	0.011819826056189735	0.6317507262972953	0.004632703667355075	0.11370582808896007	0.1117620249570239	1479.507942159396
-1712.7965971020667	0.16855087728803655	1.7742595078390473	0.07995483871231777	0.001	0.07078709802950915	1265.1110770958362
-1533.9673106618807	0.22896551187207306	2.2726357991359567	0.12080535931148044	0.29389638389019807	0.06712192742385244	1165.992811519414
-834.2609082591083	0.32102858368764964	21.83928554978713	0.9054996303356931	1.5495037478786013	0.0754021469372485	568.0733825550674
-1190.941932090052	0.34312127623690647	7.444761333288142	0.15891820691068292	0.061422503861170284	0.078310241315803	988.3938204526436
-778.2742594946951	0.26961884449143747	12.465072263048812	0.9150393194260813	1.856832057338161	0.07207343488531878	636.4288693120269
-773.4333964498811	0.20417788283016672	12.708052960393825	0.7532521419501332	2.509293626373411	0.06289773463832264	742.0215487465438
-781.1284382870325	0.24145975829663402	14.12628629900797	0.8616389151526544	2.0655486805149574	0.06821016885543721	663.958886644571
-894.7485011581996	0.327682925339803	5.20588007812614	0.6665864132113428	1.3341231231216508	0.0769396667826799	727.3309569028005
-1113.1001247204101	0.4910932643319332	7.14895148578623	0.26181160287095095	0.2738211611583759	0.07371263178172266	841.5180479698614
-2325.912496460096	0.005301642529067078	0.4271810597150419	0.002033690523565523	0.10390265610941816	0.16453451139775258	1484.699365422773
-2167.4090100508765	0.0070288395000812215	0.5119753337830137	0.0027259727068412007	0.29259381851548655	0.07157183954596677	1483.2789219495926
-942.0178343464173	0.43477673258151617	9.755685516073141	0.3658222386673001	0.6759663161807179	0.07475034116305686	753.7897151808961
-1239.0965630569528	0.4652777823496132	5.912501365187931	0.228102760196789	0.04455048980497186	0.09167785927703279	889.93151878181
-2028.9967775919938	0.05414167513577371	0.9626524691780285	0.022864682114990074	0.07763827834750989	0.06256597786457967	1437.6871856528269
-773.5531832253421	0.21579697550918564	7.536091629846027	1.2386664419099296	2.464263212485819	0.06274170855743058	724.4736459187258
-806.9863834279595	0.3965309823286856	11.703757954278954	1.0893088653214573	1.2311568808643778	0.08317872850026106	533.9251999118426
-2474.6133699931197	0.0027203110588105615	0.5172943872274086	0.0010333549677675235	0.2683422574976504	0.22289961873567146	1481.1675493690384
-2146.0144407560283	0.007242149569008852	0.6866288637426934	0.0028344796885165103	0.0481808056874598	0.07019328095974556	1479.4498838837876
-1752.4208999783964	0.5126985605118428	2.472110349281953	0.5514834560876565	0.8951782485254923	0.25261571697359697	814.4510070630963
-3679.975937684566	0.0030016637467075347	0.47734248002367774	0.001140632611317	0.12104137282112495	0.4822396068078305	1481.7990184641767
-2408.689018601246	0.0034559979294643407	0.5419359087131066	0.0013253638328663316	0.11635898809181836	0.20158222790900399	1481.452612085688
-857.6629021488004	0.39424857522793344	9.149666685145563	0.5046162530323026	1.0522571831415788	0.0726631353865396	698.5395725580112
-1713.1975183850648	0.1952299588299859	1.6894661047958202	0.08741035839043312	0.2404283743113675	0.05791452868172558	1249.788410286417
-2176.6876771224074	0.002605712495703682	0.3118248345872451	0.001	0.15209188987366107	0.054280234319591524	1485.6976535382646
-1370.8519859262808	0.325114826007177	2.721802120381649	0.1999415960336035	0.550397281640262	0.07938621428943213	1031.494482133774
-2385.184022266409	0.002613180022002495	0.36902599485891435	0.001	0.07139181249391863	0.18859196615366178	1483.9824708408557
-820.6331368363396	0.24716430723458138	8.057760699780545	0.5071517088150783	1.775183056787227	0.09201835014396441	780.8495795794347
-3417.504575718005	0.01340818181404797	0.7687360343476132	0.005251819136925707	0.060429320727098335	0.4447156514650052	1474.5593325395123
-814.5063631897431	0.36905488092525	11.023028792886429	0.7063835846998778	1.2479362988053175	0.07040008890797023	625.1400849903295
-767.5067725552989	0.18872694264612114	8.644668751699156	0.8035756421033173	2.6952755037526868	0.060286410700356445	789.8599303462896
-1011.4132722000402	0.4591332962473087	10.01334101713295	0.3480749855654483	0.4294607290160204	0.07945967346457755	755.1616751971283
-777.1884503739412	0.28182158267291674	11.240744539936209	0.9996367335785973	1.837155336612939	0.08079338754268887	624.7577123060646
-778.9580799293144	0.2917405209513128	10.712777846132125	1.004815095469389	1.697873637381572	0.074996074802369	614.5035114450968
-765.4082247901674	0.1421427476866878	8.053548562185874	0.9961531506829342	3.6701149418117147	0.04339155273660708	917.8773937770723
-777.3487167995781	0.2822338949864462	13.6037883185905	1.5216579512745805	1.8421148103168348	0.06843852236482174	559.099740787118
-763.0846682690551	0.1904615315405579	9.704369236151472	1.1499522491892882	2.7369647639809633	0.055446353333813675	748.6261553779901
-768.3451018603564	0.2336876196959454	10.854286862751195	0.9530795419866126	2.1846307304504347	0.06614264801460933	681.8927918993127
