# /groups/rgutenk/lnt/software/anaconda3/envs/donni/bin/dadi-cli InferDM --fs input_fs/fs_032 --model split_mig --grids 40 50 60 --lbounds 1e-3 1e-3 1e-3 1e-3 0 --ubounds 1.1e2 1.1e2 3 12 0.5 --output inference/fs_032 --cpus 10 --force-convergence --delta-ll .001
# Log(likelihood)	nu1	nu2	T	m	misid	theta
-952.2699083573102	1.1921785724138128	4.3301926822332675	0.04523759205482806	0.1665102675075136	0.2140779621985947	2086.8317376919917
-945.4523801342739	1.0831030863910396	7.198365455583145	0.04216146651218425	0.18971343355084003	0.2138393388790212	2098.3204669626984
-994.6776462953212	1.9298544013933907	2.8691197547938856	0.04850372996579516	0.10081595198459245	0.2084945808670012	2053.883966123081
-1111.428653798121	0.5499597953361994	0.9514510574631756	0.018951952924918795	0.05281919596600922	0.20465581306836303	2329.6595231298966
-948.1874980870439	1.1024806036542971	5.216562835513554	0.041236733958941035	0.006645805146644797	0.21714162156433198	2109.0913682740957
-945.191384748337	1.0782113755284832	6.758858022103817	0.04452919824409863	0.7764347575134133	0.21645387214169967	2085.950716764032
-945.2495554769	1.05237025006465	7.237526385238404	0.04146727976207728	0.26559721194701624	0.21528904964799514	2104.523993625435
-945.6499790013652	1.0613984515269017	5.645673503298547	0.04337112362219895	0.7710776105827241	0.2180480813420479	2097.604859248775
-954.3968459153319	1.0974807674816969	3.6926196501895006	0.04058942212371759	0.34673172358538284	0.21681465252418813	2122.495826340795
-950.2896108790461	1.130452408509586	4.5663634334576555	0.04144482868964399	0.0015802302895828717	0.21599113000907375	2109.5980274224426
-950.9913457474242	1.2387746557083323	4.683689083317252	0.043401202088116916	0.005093117723900578	0.21479696641140844	2091.8234323892702
-1068.6066009889942	0.6974560777244947	1.4352029242080888	0.02168297582100463	0.270069113590985	0.17874254967152928	2284.1495835062383
-975.4641981494824	1.4317770138772994	2.7502348204992866	0.04428242429693174	0.30164752079651536	0.2115753426092244	2095.392741637968
-960.5108476068746	1.1335698544438109	3.2467527855072067	0.03977180618602212	0.09722003633991184	0.21524774771912839	2129.3272618976853
-1202.2453774302317	0.1661410214664806	0.5017849812719278	0.004890490986252092	0.1995403213555054	0.2103248265833962	2431.0658130909433
-954.383260127508	1.0970889970263222	3.6251209057489384	0.04095444721660562	0.49702748778088673	0.2145234248603658	2120.9061714191735
-945.2251589022534	1.044493450282745	7.7073919283312975	0.041480651513913655	0.2672676856966926	0.21529873127334415	2103.458408490342
-945.2022172874426	1.047783074453702	6.54506990296049	0.04279312563619373	0.6509585234450433	0.21722853209028234	2098.5405550816586
-947.1751895136749	1.1091924686968584	5.834857697762296	0.04126966046798023	0.017728915883968695	0.21869765732667448	2105.8320724897944
-943.6136910704038	1.0320938868213647	5.7661138726001475	0.04370768649189373	1.3288662322630185	0.21534871121249513	2097.710506329472
-951.3466856988688	1.1100211699359601	3.812188038626383	0.04376401749316073	0.8741118505694377	0.21611673494132067	2103.2663341543594
-946.6486444184659	1.0747334711867447	5.048254243359412	0.042172707404337886	0.6956170360388392	0.21431013828768222	2106.0304776978974
-934.9489386265277	1.0486704878545052	4.043132333593408	0.058889573678190005	4.435872785580879	0.21667322571817357	2032.499495245132
-1100.9918890630815	0.667775190401444	0.9875816986694421	0.019557888782702225	0.03198114999152747	0.20613649049049665	2312.4311550883012
-944.7105241464166	1.0291859758198743	5.80303642305871	0.04233554123680037	0.9728288000743481	0.21459613723424348	2105.1522291662686
-945.6777876414155	1.046024558465215	5.729306271344611	0.0417440192689395	0.6522638340482733	0.214742293252444	2107.409685374081
-945.689193321381	1.0733719675424165	6.358688868694664	0.04215354638058449	0.24152396421713807	0.2150090711278757	2101.3654162900757
-943.8843008380766	1.0165699299583983	6.89384061418028	0.04271141512517201	1.1264030349120369	0.2153040777902138	2100.4850504835395
-966.4672306425525	1.0294702993251201	2.810019514584694	0.03843406545857968	0.8466141500941787	0.20390842351613966	2147.8839644061804
-953.3812787838286	1.1982074242048304	4.004472766418524	0.042571258417732495	0.09588934948500409	0.21437730105930414	2103.37489685702
-951.2033881993851	1.1018921866246296	4.032505453561368	0.04199928682103102	0.5204997848625429	0.21530239963069722	2111.599607232783
-952.0266417633042	1.0809134459005136	4.192635661411861	0.04006189840785469	0.04995322020481596	0.213987564926585	2122.8399533677734
-947.6628653770117	1.0678303663375002	4.760582288990047	0.041814380544997906	0.6095261922660398	0.2155807847536895	2110.059091146472
-1206.4097674530694	0.9245778743935784	0.8037352893481882	0.02148639633882087	0.5866119675327113	0.2726783549863337	2297.2648813609485
-950.1179990814433	1.186002296499639	4.30877526408003	0.04485381403198562	0.6722278863662184	0.21507511246719463	2088.5988421494862
-946.0811346259123	1.0711818884862394	5.878613813432004	0.04165679546870092	0.3364676790490292	0.21515220377511107	2106.1413182830124
-1173.2456962399137	0.23121537574498177	0.6740869957302446	0.008053693498790754	0.5774729808916776	0.20356924120504144	2415.52172125972
-946.8212693849414	1.033821179998569	4.785094535430094	0.042131247186796505	0.8658555845338471	0.21509005700700354	2110.5999478553076
-944.8269697959843	1.0303546762163602	7.262105953407777	0.04191619035636189	0.6931106968642842	0.21506061433719065	2102.9695638282956
-957.9666588166151	1.0904353056806944	3.501997829272695	0.03933739771968219	0.008917331504513471	0.21265889127297316	2131.85085499069
-941.4803896360442	1.031326417677408	4.305997062113514	0.047707651519550545	2.447944480484858	0.21575702493179794	2085.004676669604
-948.9605579304549	1.1002437856546488	3.7101385923616537	0.04700201656970414	1.6737619665375112	0.2093739475522239	2088.1786326673855
-945.3770679655793	1.04898098779637	7.91614094355923	0.04119802655651329	0.16043913549447641	0.21529540818079113	2104.3769095652597
-995.3727123157673	1.3231637224756077	2.1060339519099003	0.038511195136102704	0.12901650796029965	0.21693788863516658	2143.643071180066
-940.707965086053	0.990135779656855	5.782963471408183	0.04594087585025966	2.2884903106216767	0.21548093762411205	2089.27609379003
-947.5477980017605	1.1250590557879947	5.326396589643467	0.04306901435094959	0.15180642125080068	0.214342905644166	2097.0634017883754
-947.6201856638081	1.065714674961748	4.715300129595444	0.04178971776880868	0.6637317141099892	0.21516585530536148	2110.60715183186
-949.5424770479369	1.150469139134431	4.426885887040731	0.04315798340645265	0.5065510485418382	0.2154357176680721	2099.3408326936924
-945.8898840216436	1.0516120835585692	7.146873035208147	0.04051776450585574	0.04442850114467141	0.2154929625822237	2109.819420856972
-948.5744472155728	1.1384264247663909	4.779443219747839	0.04255530170697902	0.27968075761735717	0.21497875753627796	2101.702600642977
-948.3358097312885	1.0724807975288313	4.089430546488464	0.04309777221986609	1.121412900751185	0.2133397658338143	2107.161937093779
-948.2717049102973	0.9961507791783153	4.893194349009478	0.04006962924294743	0.5283139702783574	0.215172074883502	2124.2025510746844
-974.7511014566379	1.0727161132449123	2.5887074240410306	0.0357935271748515	0.001	0.21276154530745398	2162.5677386490424
-950.8235897418359	1.1292528501886727	4.338909271402331	0.043305505820307406	0.23670802758237	0.21314450643910846	2101.0373489607737
-951.2978021014922	1.180720837485019	4.261830567109152	0.04264551222838825	0.2708205151021573	0.21218231140182492	2101.816641529836
-958.1606557312458	1.0705326019254757	3.4658638398684665	0.038952617243650595	0.05102514226743517	0.21574379313843337	2135.4164733761017
-985.3918986910637	0.9814089443805245	2.2736955861235555	0.03390996002829506	0.017088564463201013	0.21687421133468238	2183.6653241621802
-950.2106967214938	1.0561900221336842	4.510232475423392	0.04001529956786473	0.1199704190494506	0.2147526885678927	2122.775191924356
-955.2649746784027	1.12767338061435	3.6957481192759434	0.04029235908875616	0.11295486834066912	0.21577001555959768	2122.5547581470823
-940.4272122153188	0.9529095873354989	5.401681830119845	0.04447963561541016	2.6026352905343075	0.21181803920157838	2101.889966989472
-943.3154472558883	1.0064354485701452	6.035346949550108	0.0440370929668071	1.4634466224370228	0.2182075146956814	2096.7087877409517
-947.3005212658113	1.0381054104701777	4.857544844390832	0.041339418518321853	0.6730425724220098	0.21550016837278255	2114.26906319899
-1241.8943019595608	0.032211035487003006	0.2155522190100016	0.001	0.05926264871576156	0.21160470200343837	2461.0414910176423
-945.3922079290012	1.0618702203096209	5.898403026265625	0.04259011445559406	0.6827427414789218	0.2148745917787388	2101.119403138161
-970.9508235017402	1.0673885952681987	2.664570584897325	0.03802275420218806	0.22854069268120267	0.21251747048003922	2150.2775898421005
-947.757095589187	1.086566619696253	5.232918183442971	0.0410636270113018	0.09439901601977048	0.21408082299520906	2111.0860542386317
-945.9845459767242	1.0467408188179839	5.675657769403246	0.041720980113093865	0.5619068957198785	0.2146530046035441	2107.7058336006944
-1192.6778560463326	0.2904356291088823	0.545746819854597	0.008517545443791812	0.0813290242555619	0.22351916631646912	2409.4106907491055
-1238.3386130957751	0.042604962600974704	0.25646775497509855	0.0013238840549043187	0.06660893382851438	0.20873977886551992	2459.1516272138474
-947.2907305779906	1.1042278009675066	5.656146041201385	0.04169656402736732	0.06803720248440472	0.211304286939001	2104.5244921766416
-946.339119126121	1.0850379541694235	5.670926657414455	0.04160983981716621	0.24058147555936987	0.21522089116436177	2106.559789684757
-949.3409734654592	1.1133466694567082	4.764668095614151	0.04095358917556564	0.03575233487739965	0.2160904572108831	2112.2662834317844
-1248.8447721181917	0.032405030969545605	0.1708327956686846	0.001	0.07453406639052775	0.21776083047209696	2464.382957494549
-1137.33241135476	0.48437181304816174	0.793572330724762	0.014844692810391745	0.16182133978927277	0.21745166074091907	2357.45880600297
-947.5926063903345	1.0684361377634277	4.761779915518716	0.04200787730106807	0.6283359181769034	0.21532032188778108	2108.934070333612
-951.5646643461905	1.0562071225285914	4.420913529532945	0.03928673304104811	0.08190501628861056	0.22133288024440678	2127.2782821706146
-948.5596712555891	1.070562106560758	5.01992459402045	0.040899840316953526	0.07631369793234974	0.21293975264195608	2114.1012839904793
-945.029890350659	1.0482436530203074	6.206306331661434	0.042368152543291834	0.7369591597585288	0.2150684396057085	2102.0092223303195
-979.5907952017851	0.9364181936700466	2.4992164911867123	0.03346748765382982	0.0031379776344062035	0.20904669741671758	2185.4749186182326
-945.1903398935599	1.0376883438082178	6.785260007302537	0.04181313116019751	0.559594765098256	0.21577663206911785	2103.992986361749
-946.1673379581466	1.0709451903692342	5.368652561951063	0.04241412745319319	0.6464576610477316	0.21454584540366542	2103.4357200218137
-939.6588473619204	0.9966014296542485	3.9728190263752303	0.04883985428513382	3.035202542577354	0.21591955094944826	2085.408948479759
-946.3008429638519	1.1002236639151979	5.4732028808067055	0.04271552963616916	0.5626859578615613	0.21526972775582648	2099.605573291805
-1002.2475448281339	1.0716407829823034	2.1733559396300786	0.03894451407507061	0.5091904837044878	0.24544835368144854	2153.6946317073694
-947.1829754489877	1.0857327256353642	5.7866780485449265	0.04175314067052811	0.0034618408503985657	0.21564469676890757	2104.8819362599565
-943.5246349176698	1.0330167259187883	5.544988239025206	0.04405816748244527	1.4088193751440599	0.21541894259556507	2096.685574457535
-945.9442677218714	1.0631666835712867	5.211511611396871	0.04231867208705411	0.8057469981969391	0.21479096245083681	2105.4037179068973
-1036.2638639619895	1.064855135495814	1.5083516059343753	0.03247697223826693	0.0031764217469099553	0.2051351194349654	2204.8220021508628
-972.6199684089855	1.144740439937659	2.631894673418196	0.038370881672564396	0.15944858429155778	0.2104688783606631	2144.023057444381
-979.6181838377577	1.004376193912972	2.417235655241475	0.03613394913295374	0.10025275437408507	0.2160805779316455	2168.2710015542807
-950.4763714137033	1.1768385338570642	4.3893743316233085	0.04241719407375947	0.19304492064038792	0.21538255066279227	2102.9056292675664
-944.6306804697906	1.043612618049335	5.399250777673242	0.04301005612770942	1.1170396421621342	0.21539314546141694	2102.1947196465935
-951.66254054766	1.1571814445415756	4.250230782512845	0.04097615527637258	0.35893049932622884	0.21974837466360625	2112.2808933178735
-955.7261036715689	1.1999706565189268	3.755849632915577	0.042028472530877416	0.024782563344019754	0.2135670289052904	2108.2290580422155
-947.5126958346307	1.1545103391165918	3.3030429397433965	0.05139492313691512	2.608662558932096	0.21815933950006203	2067.1602494837675
-945.0563844391845	1.0440005559524945	7.105438577157733	0.042023065072876814	0.5718134838476105	0.21527482410505028	2101.8429615946934
-947.5805162625244	1.067034851924522	5.0625607861294935	0.04115294062139006	0.3189045679260092	0.2154999722938	2112.4711892040473
-947.2985850629008	1.0703812077073422	4.756999274194102	0.04211829249183007	0.7148269184218272	0.21543661601568373	2108.3300244138413
-945.4072903967204	1.0556845222359896	6.791743339965838	0.04163966615727875	0.38328230641892075	0.21515306125727252	2103.9515434771297
-946.0745064660149	1.0781969684645611	5.662490241093691	0.04253025628535525	0.5174954481701141	0.21565383966125942	2101.31133846159
-959.2003258428157	1.329271606379236	3.544655149377896	0.04488707415937214	0.47330494275556584	0.21292917226407143	2086.8060881796487
-946.5038458939412	0.9929098033295	5.548314119207246	0.040454276280503534	0.6316824341054109	0.21535422970323198	2119.233132631559
-945.8212836702614	1.076324732502288	6.110713980255612	0.04166927437261015	0.23783344113702384	0.21528694783410504	2104.9376210874248
-947.8870058742748	1.0954581086296453	5.004918814506008	0.041351371542412196	0.19191996515016296	0.21497982424399012	2110.0719128224205
-1118.3685318165678	0.4875934488272192	0.9103537755009394	0.01569060034017139	0.1452169013386749	0.20097206540047372	2348.651214465449
-947.4405200561198	1.0748524344788368	5.1286531206502195	0.041311360255296185	0.2798129197611654	0.2156702940433612	2110.8984436607734
-1192.5716157097197	0.9230525843326701	2.159010894574863	0.06981083835680041	6.161697598425834	0.34862974581220574	2041.3161977962259
