# /groups/rgutenk/lnt/software/anaconda3/envs/donni/bin/dadi-cli InferDM --fs input_fs/fs_048 --model split_mig --grids 40 50 60 --lbounds 1e-3 1e-3 1e-3 1e-3 0 --ubounds 1.1e2 1.1e2 3 12 0.5 --output inference/fs_048 --cpus 10 --force-convergence --delta-ll .001
# Log(likelihood)	nu1	nu2	T	m	misid	theta
-330.74805122293674	0.07358403505792752	0.22972155776846334	0.1936581694607351	0.617114958619363	0.05867990790015054	197.22529276974194
-324.3005902254439	0.07510114955624565	0.24518924609506929	0.2003645973728544	0.5972691167005885	0.15336359566401714	193.19764062865346
-315.24037507507114	0.08141125144994536	0.2845891527302124	0.3554774011511541	0.7540639209852169	0.1707957128244248	196.77813140874858
-314.5659348937003	0.07275360152696483	0.26157116130556535	0.3709511238970405	0.8970510806385893	0.17227344224258678	209.6621047831082
-314.00737656460376	0.0868553873608127	0.3313890666502229	0.5154361341389359	0.7050005325288077	0.1918274814697376	188.5325418865615
-333.47391197070397	0.11384686008684394	0.3805545540459776	0.26493467716239566	0.30825330353850455	0.2270613241258733	161.03013539113078
-313.37759313169664	0.07970753134737976	0.29843995896827546	0.5510868943939844	0.815123752350243	0.1574655613833354	202.69446802750113
-316.6781914191009	0.04955791039060546	0.18970868746085973	0.3654180064752207	1.443114709981083	0.13185501365676772	263.8808747976838
-315.163609946124	0.08166390555710225	0.28890311009194525	0.367105267624884	0.7479037482145239	0.18566928422926562	196.13817512896267
-324.37648343680576	0.13336119893074927	0.42804433044699663	0.4178886519296665	0.36876719769272326	0.2018583655811312	155.2595600680663
-319.3237548173887	0.06792210492300586	0.22463732204799128	0.2359514538590624	0.8880894072895953	0.20293444062127125	209.66986809948082
-342.26488303567965	0.11941365766167335	0.374832172978415	0.25674980688491245	0.1978508015510659	0.13426813633101506	160.00577010804454
-344.3066939707985	0.08724784616563185	0.288677341690689	0.17363095778411042	0.20426304253409402	0.21661014640537407	174.04421230642015
-314.9988896279196	0.07554950849657885	0.25749619665061485	0.35019911015106586	0.8683477002685402	0.15651296740150816	207.98738318827085
-317.28269747436275	0.0950144420391421	0.3325376294643173	0.3600322512867983	0.6262582084405184	0.15480310472453396	180.08900618749854
-315.3469944906965	0.08131809211108396	0.28197510294074923	0.34882410918154083	0.7575996298187242	0.17237330596938488	197.14845155243808
-317.4742189260912	0.07567333900970653	0.2541314367320419	0.27144670520311	0.7737307284990834	0.17363736533447982	200.8066128655717
-340.6621411213631	0.1073068210571427	0.42584183807225223	0.2995327890757437	0.23204818027793817	0.21464651452030417	157.18765165944328
-359.444064037785	0.06775031106643711	0.22812636484812	0.10673441083582126	0.10815569013575041	0.2330011660346212	177.82581504658108
-334.76790590882706	0.09955891968112937	0.35889989585886967	0.2287328879885995	0.3031763808155147	0.17090995848853063	164.97089957523465
-315.50977196623694	0.046598024403104246	0.18083143699223123	0.44517317962538794	1.4878433554325377	0.13603837009660089	286.4250870715043
-353.02501642293817	0.0602733706794716	0.1944404528352911	0.10570161406681453	0.1574491431805523	0.1475163870158404	188.87622184356712
-332.2953619506535	0.07330144557416411	0.2399253000762071	0.16605577829133206	0.43485141186465887	0.17028274837657623	188.54395289949798
-345.6708821584248	0.08140394223713725	0.26204162851066687	0.15617025592674882	0.19204523218993902	0.1921642803902977	178.23162282288902
-350.74061463698905	0.0822672826969108	0.2621256180877816	0.14903018051904823	0.12793030027060773	0.18402876054543155	176.49914971569024
-323.6713134409674	0.08378274264682903	0.2743335185792866	0.24577012705515486	0.5698760920040474	0.23688321715038899	188.46524765703978
-344.75113812555696	0.06696480595859033	0.19442452845741479	0.12715341502121766	0.27789416967059255	0.1465770992118961	193.87771224675998
-316.0693717321647	0.08195194383052683	0.28103257841824086	0.3283280817484114	0.7226118880921732	0.1687700166502684	195.483030205336
-342.5058740962722	0.10133906662358762	0.30141054737050854	0.21033501199611213	0.259177628359837	0.08281399789127455	172.68760696693855
-315.24295499047344	0.08130542989685079	0.27469041681178236	0.3615524682590016	0.801714975789785	0.19330165510390845	200.54150013204764
-327.8274010880914	0.0816770602323491	0.2631526933678301	0.20291107919378198	0.48279740743593946	0.12792293098127544	186.24711528855696
-322.69622217591996	0.07831001758678004	0.24700136050624544	0.21668189787257108	0.6281789298211281	0.1908336493586928	194.20728627009925
-317.4847812850719	0.056709286690852206	0.19834252507748598	0.2903444694018264	1.0919909252373978	0.14894549435242632	236.77206043530506
-344.45458546210523	0.09265202776289692	0.30169424564327185	0.1813872448742812	0.18458806425252758	0.1679260347645245	171.22448926441785
-318.7160060023475	0.08706381750540355	0.2935702261485994	0.28742216372223306	0.622417082153238	0.17633779094852448	186.814382766251
-347.6137336095975	0.05063440156024446	0.1644054796357821	0.095343048827033	0.3477029300258828	0.13055799777089244	198.86658200667935
-322.63078409518346	0.0824712138107853	0.2751788519615162	0.250258125031457	0.5513117090636539	0.1381648328344269	189.06274069205122
-369.27585286272046	0.09104136801799731	0.3119718157507373	0.14583819520075922	0.046419143446247	0.3273225638505879	164.5988012010161
-345.2245831627398	0.09405995119770735	0.3010993939987809	0.19275519518683903	0.18721828466369606	0.12221687904699283	172.41531573788942
-346.5781709496742	0.06296226325857289	0.22900354337916307	0.12185790176325607	0.33873627418524027	0.2537932203519438	184.05708193539857
-337.7407045142596	0.07934339611979835	0.28157664445845015	0.183685102246776	0.4177553624355106	0.07053466019324575	179.66469948139806
-313.05394904480454	0.06918381222176466	0.26714803187853076	0.5909026689333889	0.9485932041141613	0.1736323880968588	222.14823618633184
-321.76324941185476	0.10650747062701528	0.348360229046667	0.3290492887346442	0.45806591957478754	0.19576815926259133	171.64119042367346
-337.70382983308934	0.07038869267921648	0.23549810115374914	0.1486319714144051	0.38455292108765504	0.21914347352486183	186.8272318807184
-351.4232368232322	0.08571347650450652	0.2898348286591473	0.1574759092261982	0.14100146745837921	0.11124677652321237	171.62307223968907
-319.30200835588414	0.06691693624713112	0.22471518040585123	0.2338848293250898	0.8739064778059192	0.12285709108782812	209.66051966936962
-346.57206559407956	0.06326832708979346	0.21864441898736517	0.12458669435941738	0.333969129954733	0.26694006314771457	187.45042633862317
-335.961475519452	0.12402766648824025	0.44186592057925617	0.29890119645945906	0.2741728170811744	0.14650838008432188	152.31844874291323
-313.63589787711044	0.07410659843996094	0.2801169064480936	0.4679646167772838	0.8632517969052678	0.1623990894149274	208.2779599137676
-313.01125681979767	0.08089507443798646	0.3134089259742494	0.650989900861498	0.787442454278846	0.17546639217802434	199.68084333375424
-352.85307525574376	0.07162321847031367	0.23500813061328032	0.1267713173109464	0.11895178565680722	0.17504819715635972	180.73303983668717
-313.51713639631714	0.09197793318210767	0.3521934407170359	0.6605983894842855	0.6755495846551361	0.17821336673917923	183.78460564647054
-343.1461815003462	0.08582020865405252	0.26001449517372	0.1684735184300562	0.21557817377806776	0.17740612651547882	179.63642846764193
-365.46654696507846	0.07844069559021061	0.2958909787810276	0.14911131463896388	0.3090267856764244	0.41337390780649824	171.29136939506344
-339.8745522921654	0.08122996406257145	0.2778655396741413	0.16425019630181073	0.27685227573890303	0.16739929387800673	176.5219851880473
-329.04221063689295	0.07628913646707378	0.24780985067782324	0.18635095192898526	0.49683744840560085	0.12168687710722641	189.3877490414911
-338.983176654948	0.059449110868863286	0.19582638823299037	0.12140601212478824	0.4359088096389132	0.16195094562769885	194.84942923045944
-333.591485634534	0.10378038686064738	0.3667797749203186	0.25049154971874543	0.2986260652408583	0.16585546524781472	164.32977639100062
-320.6055263877436	0.10846507119838067	0.3366412862326402	0.34755432339339587	0.48127959483790894	0.16759284558799886	174.32511334082412
-320.73497770171184	0.06522221549521852	0.2125777713634019	0.20890681715969298	0.8760093846260922	0.1233780643253283	210.4402246961026
-342.11928895616956	0.12561474953820992	0.4000210890307896	0.2818642789644289	0.1886363397061055	0.21511039478307956	156.48906658580097
-327.6982945476332	0.08603303635906862	0.2698258688522469	0.21699262112598716	0.4695294807386112	0.11959494758215067	185.11915331198074
-319.17776121165593	0.09367469810496992	0.3048415095737192	0.3229196988941534	0.5589048066739294	0.15123806104600787	184.27833643906732
-315.2809309531895	0.08638372260840022	0.3076286645006732	0.4084077954545529	0.7127691698712014	0.2094957131448812	191.32372072202517
-313.7869248787198	0.08514785345982523	0.3104008347156598	0.4945527199500343	0.7376990944062176	0.16934997539666166	194.3835563795839
-359.04699428001	0.03783512152093641	0.12661810484935956	0.06512389829512749	0.2568186074336764	0.13263166603301768	202.41583772112082
-368.70856744725836	0.031114703476892748	0.10887286872853635	0.05042844707631841	0.09088716809454056	0.1420813786012536	201.65276710048843
-317.8081931733322	0.0809676963911188	0.2855999026970624	0.3027309461068939	0.7008667650521189	0.20960265316196983	192.45848248651865
-337.80384559240883	0.0902217392034439	0.26175627439356414	0.19021655038004637	0.4855153109405256	0.30218778268991686	182.02467713508634
-316.27578533001576	0.059057238190975185	0.20998425646198696	0.30831783316251693	1.1618635361034189	0.15813669839110256	233.29382674056046
-327.7429032021762	0.10200421627256048	0.33467902552893614	0.28952221744658146	0.36363783658449433	0.16935013828116435	172.84614567999535
-313.7101926900157	0.07007251570783603	0.26113497792276325	0.4598233132884323	0.9407521083406826	0.15620866039927597	217.43847937828127
-340.873188108346	0.1011038657436806	0.3376620525575553	0.21121185060157238	0.21591943040129294	0.1619274006227658	166.33754754939346
-327.9051600977437	0.1012773317195641	0.3862797915785093	0.7224296980309769	0.600340040906462	0.3645266007072757	172.84044273172668
-347.1613536644658	0.07356672166884519	0.2471839596558571	0.13677886551286403	0.19415857578913528	0.15944929402052777	179.86577461238895
-319.1754924697141	0.06943246958541834	0.2333314433946975	0.23134706796646667	0.8394298681140102	0.13990039792757283	204.99862669603652
-319.4249027440037	0.07909789416838091	0.2584762485108879	0.24993353433948196	0.6878408299253792	0.15224655138457305	195.32023694241403
-322.9471451907681	0.06794173357187724	0.23214389671268307	0.1990168281703594	0.727876589623446	0.19816517664835231	200.0170387408523
-334.0256024438647	0.08706967568373292	0.3066307513844611	0.1887665144036424	0.4165675599052623	0.13176427802259075	173.17233872381976
-312.95592204166076	0.06401036403416219	0.2493558843062479	0.6738103167401391	1.0398631949553199	0.17514293840602463	238.5877728681762
-369.1122529119009	0.03172096328150207	0.11050977007480535	0.05161412397422461	0.07314737687372036	0.1767698833138108	201.64181335571232
-346.08162315362085	0.08049705559633874	0.2635814236992654	0.15882565457111694	0.20979427167160664	0.1067765780090273	178.6856721580329
-344.08781214218544	0.09283601451840992	0.2803503179750309	0.18426555932654368	0.19232473461314037	0.19082612905106333	175.71442669206732
-354.7799328246107	0.07207518414631046	0.2306201992247019	0.12264640953227965	0.09625652331315376	0.1665125874541121	180.49144297975892
-350.85666922867506	0.06970784443015972	0.24806567779198696	0.32029708725161304	0.9372664179911931	0.4756183374897507	211.61241435261417
-335.02230881906985	0.11422503621733347	0.40472608729964243	0.26459706546874806	0.2893594214492811	0.16004541565726454	157.51383290274953
-316.6588985529962	0.06124373138310349	0.22384264201937681	0.2860055496885073	1.0724745493040528	0.16429325509643464	221.89238906620022
-314.1545426117931	0.0974926887470203	0.36717668292616035	0.6107745498410199	0.6222956609094048	0.185821680349976	177.56706933426162
-368.09674331528277	0.12234278454578637	0.34932429315929286	0.3041921173244406	0.29355758556369405	0.48036633409204327	166.0779635588252
-324.10523150956817	0.05327881406210411	0.18366580336879243	0.16530152116164232	1.1975533958672093	0.14638115605006174	218.69825190815183
-355.0791789080909	0.07732307174109398	0.24555434045548452	0.13362071487433155	0.08408109070748991	0.18296242965908324	178.18690900218618
-313.85752078939726	0.0842306477079935	0.29760439253147175	0.4709259790355359	0.7624452891024438	0.1800374934290066	197.8052518286838
-314.6637767019398	0.09383063381309532	0.36485276329041083	0.5617301184180251	0.621557652615931	0.16920071623093144	178.514078070725
-392.8389572644689	0.022804391325873044	0.08023547482157502	0.03713813778203182	0.25969866070622194	0.39880666565682443	208.3565107035195
-319.5655640747392	0.06887319683276551	0.22742330714578687	0.2242735884442981	0.8114333922693304	0.16017373801068263	205.96954232275604
-344.65487247160553	0.0535715285227772	0.17829349878820006	0.10275383981627924	0.3793522879508907	0.15562372126483012	195.95150681827852
-315.99685377722506	0.07236506475045923	0.24811029279217692	0.30036496410739033	0.8856065966002432	0.16654178826351615	207.98582823685217
-314.0440607078694	0.08720539946474845	0.3146477986214157	0.47453122292919764	0.7147922765059969	0.17355914576019854	191.67547776073292
-315.4874923967601	0.052273275348531364	0.2048482361807703	0.6264508775726388	1.2927981639515083	0.22910044402223806	277.9671944277313
-335.8424602937488	0.11759317261368746	0.3690824616508593	0.2714614830138323	0.27065916511010496	0.24125568044355783	162.2131124790424
-317.70003761016744	0.08451930068338454	0.28755543624405866	0.3025854077278888	0.6568022976019001	0.1882352234856758	190.5092299083677
-360.3899233647122	0.06546536192256781	0.21578034719128306	0.10811558341685826	0.031105427081697824	0.17417779920933996	181.87575989365538
-314.47637353790043	0.09711084490979913	0.36216416055757455	0.5952859854836844	0.6237502135468621	0.20854811767119064	178.60662957076178
-393.7655824948938	0.10711091286131663	0.36194144640480624	0.19908293961275264	0.07932421247274009	0.4935675967518191	160.05153391411085
-377.22064332332604	0.09332915636156047	0.2734269384959271	0.17185715372852342	0.18979771446228744	0.46244852103125883	175.15247070831967
-337.90589455991073	0.09512465305249339	0.3112969925332793	0.20327197391258248	0.2592638995441485	0.15626358680586058	171.61974830129546
-353.73811048161775	0.08281415158579337	0.2768130967927337	0.1480846184193416	0.09261922043742647	0.18070573626916303	173.15996609778247
-313.8966394811323	0.07916108912462809	0.28464776036329803	0.4394636931955489	0.814459888500724	0.1658374895079478	202.83835251365744
-357.6099078780579	0.05927628008066438	0.19434807961493206	0.10218729848226317	0.10001243658484815	0.20936383540651396	187.88156966069312
-318.1496958450394	0.10820140875971848	0.33893448362376283	0.4000128982210653	0.52690908990682	0.17779939556794697	176.0920565048584
-312.7422439918595	0.07240342721189197	0.28390108029614114	0.7476807550720784	0.8951475837618649	0.17302954511505694	217.8072891385454
-357.5169735855675	0.05442734621673698	0.18343617651013835	0.0978048293940101	0.26663666605974345	0.3008339875167049	191.57589199323576
-361.2717972895895	0.05023420832484433	0.19981081027690314	0.08463875574346576	0.10137655301211573	0.1778057920866719	182.58971937268802
-319.9149390229769	0.07325292088307346	0.24161174090778004	0.23063660765537633	0.7360857381156006	0.17683006558001466	200.18656153889808
-313.1914890107398	0.07243940535438136	0.2746120699962158	0.5407365155828916	0.9023606063895238	0.16997793368950948	214.7703487869271
-366.4544450649771	0.03709641849536033	0.12500243955588491	0.05970658423659832	0.06245632291210865	0.1543752374570446	198.88122127194944
-313.3444936731177	0.08411465617113606	0.31440310468863714	0.56755051951681	0.7551667580996863	0.18372510213770066	195.84313748853464
-364.5937809950693	0.04411744064314038	0.14596743863071235	0.07192193188939211	0.04679638181836206	0.18858753659932043	195.42906790847942
-328.511120189293	0.10074608673465275	0.30815507657537183	0.2459244279307325	0.38744826825751516	0.20628053364157986	175.31493271093723
-316.686465575425	0.084483658075649	0.30087461781418123	0.3412131790895499	0.6540868370746464	0.16737276361982564	189.70967250875802
-320.62039784639984	0.10552143305661998	0.3468911909882093	0.3344118588406242	0.49076936652454994	0.1977598136898284	172.55689894290836
-352.5528958931343	0.0704052203704465	0.24133997726537562	0.12735706120069581	0.14377868771937335	0.11617299845052613	179.83670073714478
-342.5101444583678	0.055614732182836	0.21333379615009745	0.4408421538098724	1.2613527651716494	0.4356964631124097	251.72900814524476
-322.7212211103756	0.09190651660645412	0.2894869823115317	0.2581680960584402	0.5080974307922946	0.181362958308688	183.29793543470402
-313.2133474082435	0.07786873589094856	0.2938146778905485	0.5613148284212276	0.8275802774704063	0.16350583733212098	205.3579838022606
-314.4153756687413	0.07116374934982293	0.2555344432985039	0.3801722217713562	0.9201137494711099	0.16197361284233439	213.39188979918097
-316.2712960167257	0.06578029057350317	0.23000010698014028	0.29032511298698765	0.9833649596587626	0.149312419735116	217.05211728732837
-345.27963644765305	0.074420440664036	0.2546115502766597	0.14692241929060773	0.2345509594616944	0.1134047617755183	180.2179889038662
-348.6777276776362	0.08153978774124661	0.31098024063235247	0.156437177691471	0.1942790092356219	0.12587747817722425	168.87563784393785
-320.92368054448787	0.09217922722401896	0.29247451769925836	0.27326227614810056	0.5909785032690409	0.1347159306470906	184.21650081944193
-329.9378319916171	0.10046386864445694	0.33782359200484874	0.25723448905771523	0.3592822988877341	0.22502881582660222	170.55453598663308
-313.7304446975909	0.07212850034314867	0.2672804312796228	0.44680269937546035	0.9081796449370766	0.17129563697120218	213.04792417457756
-320.10162242230695	0.07008717355804411	0.21733296983813835	0.22010170610727256	0.8166920429840482	0.14691174543637603	208.3517037934294
-356.86640127153237	0.06337312357491089	0.21053889456468447	0.10803653579619653	0.08351387390888011	0.15736128058155285	183.9827985003658
-314.49072875730565	0.0890107002619568	0.32565435489805006	0.4756029330919567	0.6652796339227796	0.17991849478019653	187.73329092939727
-348.92754440565005	0.07076842865899005	0.22943479546179457	0.12944860794469132	0.1760972325906244	0.17471220429870774	183.14512630807303
-362.1805628195271	0.06156507709219182	0.21783343740674938	0.10342022843325524	0.057229195368822684	0.2491443632936393	181.1734749173166
-328.2142707278789	0.07531065698724712	0.23107392431444168	0.19074821338377074	0.5940145996784163	0.0888615432573109	195.55175514096132
-334.41593398823625	0.08139161747433642	0.25808984029664794	0.1758270837909999	0.37875370078890613	0.21436167297507755	183.02152293786767
-342.8689176164388	0.09520623142878891	0.3052131338321036	0.19981248213345618	0.23470416042611408	0.2600542205954416	172.28675368566766
-312.9427641504604	0.06911099336125254	0.26607035359325154	0.6323671548712931	0.9560036119355177	0.16935459842071918	224.44170080654126
-314.5556270631014	0.07296037322952649	0.26061309318573406	0.3701340818188638	0.8839898126297191	0.16529073558582694	209.68606672367306
-356.3177135082346	0.05378756018081002	0.18334290817571758	0.09026400887760856	0.15751104271706812	0.13093452042432188	188.39305605217007
-319.8263921952142	0.10518252770718119	0.3680472355452665	0.3734510677144437	0.4846902503432867	0.17045390545936193	170.13927685513045
-356.92449782713254	0.06788610819196143	0.2212972079804148	0.11631554572095264	0.07672591747132856	0.13661827222613496	182.30354005626876
-315.4481618407865	0.09314870626849235	0.3214386996476666	0.43599124846990406	0.6322695004634638	0.1624971933662956	186.0150630214275
-324.5936089485035	0.09520361765101538	0.27969677017658157	0.25776853049639464	0.4695048592625874	0.16284899764260777	184.45402367120747
-313.343527569339	0.08631493202009743	0.32809447267452446	0.6009504555641912	0.7456000315169379	0.17385237906028567	191.98898607102657
-324.9567655280413	0.09125847242485684	0.31914688032484567	0.2618577339289871	0.44706641575318223	0.18798724574774772	177.09015842476862
-319.84305220299717	0.12622469904954808	0.43695457681967215	0.5394333659060778	0.45386411537413623	0.14890711210953864	156.69739100174908
-345.54895721265586	0.06312526003409442	0.20869556402511552	0.1414338823268088	0.4463279955576558	0.3212889369892832	195.50391507277456
-327.32133611317477	0.06184760399039755	0.22137672129199581	0.15872752959492087	0.7618148562121775	0.17989446105926243	197.33290316110762
-341.02942365948775	0.07787615786696138	0.23792934206384844	0.15236328216445535	0.30729439361816263	0.10752477336786137	184.37666821883772
-358.7880080523514	0.042194897133266296	0.13474429903450114	0.07060496089891122	0.20769134501121544	0.13398776182005034	200.32872971585812
-329.6956317001261	0.095810727862309	0.3045880431001888	0.23900932808460726	0.3794235728661124	0.2219357905551332	176.68285833990493
-324.191557574291	0.08383058122575772	0.3209679265508067	0.24541966144541424	0.5438634414453309	0.17522619843734125	177.71601421835422
-324.57102262007055	0.08315937286945742	0.27245705365267536	0.2204125983374267	0.5213853884366437	0.1784618051089446	185.971174954909
-362.4355594836185	0.04707795393169483	0.1590748671410472	0.0772844083324929	0.05944200661987539	0.1532730392889184	192.4759792637288
-316.056212975247	0.08133825864212367	0.2627169190525405	0.3210377955923946	0.778631928719128	0.17631627061027672	200.92442942833327
-314.30189896576087	0.06688228959221737	0.244067647685861	0.3968792915852995	0.9928426817083837	0.16514774680921762	221.9269471916226
-316.1226316888012	0.0772305110835638	0.2714940954292572	0.3275153426216505	0.7739801794436816	0.1977730016233016	200.23299746149138
-335.80801178466385	0.05964852404488445	0.1879273985706655	0.13030184014861676	0.4979114965081121	0.14982410681309197	200.60585005680645
-353.1065885685509	0.13301391278371846	0.45607055769097715	0.5410067361868937	0.37661913408941916	0.4624120060183501	152.13832490899586
-318.2446059482593	0.10948774184135031	0.37080832889398707	0.4383707345483739	0.4922819322863233	0.19558786848329496	170.27491697675325
-320.3579034677769	0.07603015953858518	0.2710165464058397	0.24831896713362864	0.6543158659602171	0.18305268007432401	192.52846803762563
-342.0375909575359	0.05889006390880529	0.18627931434614522	0.11579152585047092	0.37570480516071947	0.14982696348489055	196.12547732494255
-314.8163032264474	0.06126158200191852	0.21911244574378108	0.39530320871939223	1.1384559536366412	0.15647630060053327	237.96703162720203
-342.2366120512884	0.05541020010159163	0.17396282059100251	0.11326330119958938	0.4700175806564559	0.2298696820170117	201.25114635840302
-360.46989968963726	0.05495710670067507	0.17914625300216858	0.08892342162401293	0.06939674336408329	0.13121234820435557	188.4796057144668
-349.2626362581218	0.0671211082128777	0.2085747294516065	0.12196274499107562	0.18856059673004422	0.14791751750447707	187.80616753033894
-313.71148390457245	0.059694446150361735	0.23114884718909978	0.5081037146366335	1.1158577904228761	0.16235973679367285	242.44756009185815
-377.5933799965249	0.08564303867921054	0.2739690100461927	0.17548588629259693	0.26618839144003653	0.4915387234103591	177.88811188517482
-318.2869137807246	0.0683846898401782	0.21185705903558447	0.24999091726548286	0.9365227448928802	0.17319803368623776	216.9174523049615
-316.12611474979553	0.07814698154117881	0.28376365690835326	0.34181792165803937	0.7615209449396847	0.13881122313629582	197.28560895317617
-317.7345908982969	0.05986788565906949	0.20548379884712348	0.25229921677438977	1.101855999919713	0.15947768588241945	225.40277005527597
-314.04014984733203	0.06758501083444209	0.24919956871402743	0.4213611802679918	0.9889119176726013	0.16688255172703004	221.4038489762854
-338.1525899364662	0.06419857257425214	0.24264128075976216	0.38224669663245986	1.0466599003297508	0.4134474551550381	223.3318187066407
-320.76515213051744	0.11348483294356838	0.37880205549889884	0.3972584831331847	0.44844685044342825	0.21212826381822822	166.80701058649828
-318.0425648429498	0.08283250125762238	0.27224441295515195	0.28849851157074347	0.6729187052331446	0.1893104315735883	194.07964280800374
-313.37888178633307	0.08514984102078434	0.31399902214313574	0.572395024887385	0.7613191079437824	0.1890393466109973	195.83343812450806
