# /groups/rgutenk/lnt/software/anaconda3/envs/donni/bin/dadi-cli InferDM --fs input_fs/fs_009 --model split_mig --grids 40 50 60 --lbounds 1e-3 1e-3 1e-3 1e-3 0 --ubounds 1.1e2 1.1e2 3 12 0.5 --output inference/fs_009 --cpus 10 --force-convergence --delta-ll .001
# Log(likelihood)	nu1	nu2	T	m	misid	theta
-391.2363673862109	0.020806254165096315	0.02731937435328956	0.050766221366747494	0.03739920924442707	0.16379600770805758	1040.1785669986166
-356.4690192773491	0.028257192961761036	0.03737353451491742	0.07527026665292552	0.1673570364429129	0.15968715780405698	1029.5747149881333
-394.34093965382436	0.031667086697620805	0.04613227386314574	0.12934521067423738	0.6950584762804419	0.48792679954756885	1115.908289944422
-360.6384303150941	0.04119831424812202	0.05514814181236732	0.11539367760341915	0.10597829190803684	0.24932784528810473	969.8870634265443
-298.0092648068937	0.04155717661438756	0.0625813757234557	0.1800961546972999	0.4324266773141513	0.12315919131854529	1033.6277455199108
-315.8529288943074	0.038676786011226406	0.05324601494602115	0.12641190925862422	0.30974820490781657	0.14860089073737925	1018.7808861066414
-293.4312029438198	0.05351851139064612	0.08356419173183692	0.29944849360583436	0.3745625930067868	0.15157863191072038	961.0910748324974
-293.4961887475171	0.04481134311448201	0.06839884115179021	0.23052721688492803	0.48951617524410973	0.12504314317989862	1032.3757931450502
-295.9433704361576	0.04402633974376655	0.06378147397943257	0.19309624945972065	0.461701814243421	0.11103033930906482	1031.417124470546
-318.8550122323463	0.041816735841080976	0.056422886415256765	0.13209843546188144	0.2629187073877224	0.14993605672937485	997.1069587704766
-344.0814308301847	0.03665561592462256	0.049461773808195	0.10419317802829008	0.14680086419308763	0.13006327163909298	996.479078319442
-298.8758668143387	0.037165045690941714	0.05439547642426101	0.16415502914879082	0.5940438195838309	0.095406127290388	1085.5131326781695
-298.81347005485344	0.04004720338467744	0.05807126811621494	0.1646241746522339	0.46850341400621687	0.1066496214471427	1048.17023519765
-346.26515255073275	0.01809808934261591	0.024141081092280067	0.051644162948788375	0.6425250271522653	0.0002305858408170142	1121.0028694890784
-345.8844742880011	0.0431035265179488	0.05759912637846759	0.12349256175543707	0.11817507346043737	0.15852004345286988	966.3499854109494
-420.782217388198	0.036241495208221855	0.049090300546330685	0.10299174258648017	0.1576892325697372	0.4812669025871418	997.8246766615367
-354.15460096584366	0.04055043261833897	0.05319340189388318	0.10855743543809414	0.11400992734457101	0.05131479243986364	967.2388106763639
-314.65534341231955	0.04373842727389966	0.07112314053266874	0.17541772784699322	0.30501653140129387	0.20629972075664582	979.4558503704512
-293.33018725301844	0.05068835337475394	0.07899398196188101	0.275327720128903	0.39832269709594675	0.1521994492405283	981.6038666672566
-376.39349366762036	0.02405368266500337	0.03501378768381789	0.06638263953417793	0.31414387334214955	0.29609604112956905	1039.0973357508185
-328.9552883840165	0.029408200784840268	0.039625994149899896	0.0874389287402141	0.34218540778559764	0.06152367598693342	1056.011377897293
-398.8602756043782	0.04591414830708376	0.06293489968918381	0.14561582656606323	0.19550841921756826	0.4650788456407312	968.932638300562
-318.43875680915085	0.04735189532289177	0.06519354559813502	0.15958044058234738	0.24655794865040975	0.19949075366402533	973.1730592020923
-324.2480088653308	0.040781366212143205	0.06340071202388471	0.17687582879520175	0.4633911803806025	0.30577947718025167	1032.2486264438598
-307.92395461273486	0.05711973695400953	0.07823527010751848	0.21224853014109227	0.2564148588825534	0.16692814825734364	936.29272713663
-293.34740267942243	0.0551923625642057	0.08648820447529702	0.31721108857737595	0.36820607313595943	0.14739749418364562	949.4257867246025
-312.5621729310693	0.04709949755058562	0.06404669138111614	0.16089444894916152	0.2832200638940228	0.07101132667690849	981.7889528778869
-348.1361684702691	0.04787124636817347	0.06481764682257982	0.13889274643942845	0.09870459809166866	0.12448644611876045	941.0451446583537
-389.9685864687618	0.025329008127572487	0.03352003346716611	0.06579483139047597	0.1384442354900561	0.31229940083625635	1036.8629616579851
-347.37762937948287	0.04610553463529336	0.06261119292335078	0.13738523432484875	0.14248587240201244	0.24785330579169776	955.9993758185034
-318.9289247673025	0.03663002086904934	0.049365184737163885	0.11478115856100485	0.30504581006909887	0.09645567187749103	1026.5582712701087
-293.7634013386644	0.042736727486503145	0.0660247370185432	0.22556262935280785	0.5147734039863954	0.12105146167054966	1048.6403797594776
-293.18819971466985	0.0505173876950542	0.07635947529709698	0.262285107014444	0.41479068972547534	0.13718350519288883	989.7664979959808
-311.4256202945009	0.051725545129812756	0.07059759851282685	0.19533240760687723	0.2698673725564531	0.20343893983037184	968.9800832355118
-334.6357461548258	0.03704071028532289	0.049647554986113784	0.10772223794826524	0.19516578312884375	0.09365070592731095	1003.5098565550123
-355.47404398847834	0.053781117934287956	0.07902715189627472	0.23759878650172878	0.31722422340964257	0.4131825439637437	957.1380215953428
-347.11792918387727	0.048853777970155006	0.06944507160873921	0.14712897495138183	0.10222773896600765	0.1341107445533667	930.7112753313414
-299.05172733091587	0.03709362342295795	0.05457060138685669	0.16770137003241845	0.6001937705285748	0.08522534145208763	1088.9935954511539
-334.09286386949105	0.047990604737965896	0.06551285882521676	0.14854704403010152	0.16994394732832444	0.21006738183708049	953.4868640401944
-316.30274190216574	0.05391814752900652	0.08209885300431383	0.25477589277657114	0.3290387974318721	0.29103538437431253	953.0257416391402
-304.7686175651316	0.05438636505551354	0.07499098333459432	0.20637694803949957	0.27788387462843295	0.14230664214593253	952.7749640861405
-292.2593560767874	0.04555588309823862	0.07264467668614151	0.27423107716981626	0.48684069789413076	0.12575522347476736	1026.962865523337
-384.99707546569755	0.045843633473784236	0.07255803963673652	0.26021664111215104	0.4824084749395269	0.4917590137051731	1022.8382246234333
-317.1066374228495	0.05489463215418187	0.07772370891052811	0.19496364852911413	0.22599437505560063	0.20623856903187968	932.5426474056317
-301.97556174807653	0.06619550419351915	0.09526217532293096	0.31907666668669743	0.28938682335714605	0.1933765362789164	894.3737000847503
-369.3034619896612	0.04140627702043035	0.05589062678166242	0.11326443466664964	0.05932709178346976	0.22390382727748828	959.5263907299739
-292.4860499095517	0.044364652094757914	0.07079797107002654	0.2666313970871711	0.5017683119356469	0.12564176256774887	1037.2163336195179
-323.0675613451035	0.026037129937256282	0.035213711566251964	0.08155143332255015	0.5529477806845654	0.04798598742364486	1097.452987520059
-302.24353526537493	0.06527842356154963	0.09055938214110423	0.27929678682020065	0.2891199914856948	0.13989092291212066	904.0352169982086
-365.5565451986735	0.04554952494028467	0.061066183753871885	0.12390268312863979	0.05436956585396094	0.18376858612929614	939.5360699272959
-294.0201009874103	0.05096764831232537	0.07835511162541137	0.25997327910446477	0.3824606209209416	0.13288626263226075	978.326101002636
-399.7035548200434	0.03872521219350196	0.05610177123681692	0.13175143560698868	0.30135951141979234	0.4865339970144746	1012.710351163675
-307.325185213999	0.047460956940858466	0.06685047768216473	0.1738744076950397	0.30070582919330835	0.08724227871904643	982.6636361749459
-295.6092483192708	0.047151888524788715	0.0696495612757494	0.21237217847836076	0.4031834341877983	0.12575881648132736	1004.8351050025502
-366.42561306429457	0.03327710030664383	0.04461682584923633	0.08862565239861293	0.07466405961618094	0.17591158629985887	996.4825485533652
-295.8247615987939	0.040300743280511926	0.06041213933984824	0.19094887874604904	0.5419602232998568	0.12037778358529264	1063.905905042731
-311.33592955228085	0.04903539994030371	0.06910111103891477	0.18843385754424108	0.3225707470346737	0.04438800168814219	981.4600614835997
-322.3449914247325	0.050716002237783706	0.07040355231269081	0.1743160566590811	0.21156669677940507	0.06710264728905822	954.4508752808756
-341.6328948820112	0.03550846092533912	0.04759863242309115	0.10022581981110441	0.16750851122537952	0.11763862537920601	1003.1473210210893
-316.2352644129999	0.042570088981865456	0.05891711131949793	0.14543942996416057	0.31758562956190406	0.038935832123774876	1004.2378059798365
-309.6689899192261	0.06279225013392671	0.09728746051670811	0.28097860484785486	0.21905846934218717	0.16890067279393842	886.9129488025302
-369.5307505244054	0.031175433053379876	0.041114423745526825	0.08060829977214573	0.06409773402061675	0.14732604688163595	1003.0858714189553
-349.681815050699	0.04955623471427262	0.0679235527455402	0.14610318950243525	0.14859415821606312	0.26849218071119696	934.1856723217076
-302.2708782307609	0.0486462096206451	0.06647922006434889	0.18397026988352963	0.33049637579321894	0.1298800176586437	989.9368467325007
-359.9432183919374	0.03336498139617359	0.04451196101488127	0.08870691529902933	0.10097175962938737	0.060376618045494226	997.3698815923782
-295.6678936398529	0.04838510632939383	0.07061426503475247	0.21617132918304657	0.402643096274292	0.1438686312690731	999.3079392088952
-298.85284754984076	0.053663896712472986	0.0799321256940881	0.23778473121368407	0.3151820675546495	0.12891376400977209	954.5334210456451
-315.16632660686054	0.038274468051208065	0.052245144277315816	0.12388737946160996	0.3203162615376054	0.081740312538103	1021.6481262480864
-330.12307210746303	0.052947536214138495	0.07187892805872684	0.1692695519413215	0.1613061599250193	0.0909901773977593	935.193853868109
-367.29094455494084	0.04415742253250999	0.05997537917839921	0.11978617373089746	0.047943142683306704	0.09860165902642148	941.9072109251584
-405.21790274186213	0.040180215044341154	0.05571998072832871	0.1262593308449844	0.24867909012902617	0.486787849758465	997.0143470417785
-296.23001235304866	0.05657673472835124	0.08631433317103492	0.29819399337173175	0.33133702011584826	0.17108372400120128	941.0433203758834
-320.1046663426604	0.03756867951050669	0.047599191113788755	0.11652979686053097	0.3195356163570275	0.06665849466032583	1036.1655305369106
-302.0822138523929	0.03645696573443693	0.05172872986836894	0.14305378815571723	0.5374457838713628	0.07891469179006838	1073.3948661634481
-375.0031537406699	0.022548243830600948	0.029698132040330668	0.05694265614373355	0.10008276314743361	0.06243719270887638	1043.2899761929764
-291.3725088456548	0.0503040080879037	0.08397697464874575	0.3710576420705677	0.42433323511012316	0.1359065645161535	976.8747971769333
-332.2500405845824	0.05163710433576882	0.06556142767857101	0.16198396583925992	0.23766299441343938	0.01905270848612259	958.7569388860697
-293.82810450368845	0.04759578788182183	0.07230060306989623	0.23518745659956558	0.4238670854100849	0.13040443945959107	1005.0655741247632
-291.3280455734657	0.047396655494340204	0.07904968456475227	0.3536048346940688	0.46709357406401975	0.13296620015840915	1006.1637138973031
-308.21121082412714	0.057186443443825064	0.0825366052326721	0.21893736882034168	0.24348022152750828	0.13542047114850206	925.1985799735603
-304.11307368109476	0.04043574509021961	0.0591351261793977	0.15261321941302944	0.39898398808934643	0.151010944737798	1024.5390431244844
-299.90647143837185	0.04322344149753348	0.06186057657596587	0.17523782235757562	0.42524163674196735	0.1617146688047739	1026.3425252423342
-353.21663792086576	0.03045223760197254	0.03966171027747746	0.08024676730371158	0.1759546613353442	0.032188150202291835	1018.4602142643126
-372.24022530830587	0.059196503319248535	0.09454409774582678	0.36714223951270075	0.3452680122220105	0.4630706193172125	917.2379984229784
-295.3974082083897	0.04620532252786436	0.06849221011285175	0.21056072369747728	0.4309586694909885	0.10772681307459318	1013.457349125819
-291.06612785479274	0.05134492072031597	0.08694146730711137	0.4778993935251248	0.4216193161258469	0.14088424703876917	960.5880078606564
-302.072433241245	0.0360703733709246	0.05172347901670794	0.14408618223307743	0.5536580595800642	0.07526888545689359	1077.498722878528
-291.5158680827922	0.04611957906380021	0.07735625550364647	0.33836334958310355	0.480393704576886	0.13928630855142926	1016.5393810046338
-380.72219420972374	0.02359906058394948	0.031096273049171765	0.058854478382425815	0.050734776412411677	0.09431583592512682	1031.997457515766
-355.17879941241995	0.032445818865710484	0.043665841612543325	0.09431512171657219	0.23940488371114516	0.28429931653565327	1029.272181751335
-294.17790886819796	0.04754079626551349	0.06946434300139002	0.23371853534826637	0.44410324714389976	0.14614518719055028	1016.6514763581041
-329.2452814347623	0.05900567886713613	0.08724239243066653	0.3471224477629283	0.36096641767312976	0.3494582029968899	938.0539070920472
-301.5039221954243	0.03577517264396902	0.05125773435668278	0.1436844394824619	0.5714646013300414	0.08800200200713092	1081.8050049310525
-300.8155485195753	0.036449818998802466	0.0521088482693374	0.14621145706723251	0.5500485911984065	0.10964716062401647	1076.4266098889375
-295.6422712830607	0.06290011021490517	0.10386453404908305	0.45139255681855794	0.29926746729537185	0.16184162431797874	874.6800292642155
-320.2773054591097	0.05080988100523563	0.07431682374427645	0.17768189935535897	0.20175709138357734	0.10427049419770251	942.3215799709884
-367.52001156202414	0.03205236221581549	0.04199710016556902	0.084652900062323	0.06584848713897334	0.09067667726229668	1006.9700751204318
-336.24631931351735	0.03435610966925852	0.05543149940089701	0.11379443305559425	0.32644691605707127	0.20946210626942985	1001.4413566295596
-311.6083703321093	0.04093290078901252	0.054397328114479025	0.13601207833939574	0.32529291472946	0.09025702349009578	1019.5086218950698
-317.6542231919318	0.034692018981418785	0.04794856968209047	0.11054111490978208	0.34049799885774373	0.10582092105387254	1036.191265844778
-306.0844804848141	0.03843166810103932	0.060586884313472075	0.21934250589142829	0.6299129190673868	0.22638802600127372	1095.7300781176696
-347.19354307836124	0.04219282084381757	0.05655281164516459	0.1199947317012461	0.11308450980898174	0.14311083793545004	968.3245630329474
-295.8537182238476	0.04092394953861222	0.060848123287934326	0.18893424532896538	0.5213041772179262	0.11462858383340191	1056.5964847531889
-378.6054438925096	0.029250257757484452	0.03847612373006315	0.0753996589216061	0.07973571830526249	0.23977587488601462	1013.4237787832171
-306.509636262524	0.03580492407668536	0.04903873423255232	0.12598239040005815	0.46059865471770445	0.10284141016275015	1060.4293163691707
-296.31831824716613	0.0549796651338885	0.07941708861745722	0.26099464684973517	0.3505231871870662	0.11707191901989407	961.6579677720181
-334.5055054614945	0.039542279060853745	0.052823853350479684	0.11577562868760896	0.18137015456086483	0.1397411159311828	992.1335151069896
-384.66519058015786	0.03686755712400529	0.04936513921920587	0.11032466030426334	0.22802598675012012	0.41396632083271756	1013.0915140530676
-315.8565690633594	0.05134334772534662	0.08823499943105807	0.41350195071162227	0.4114831898035307	0.3097919867019522	959.2795784963233
-305.13290741882236	0.06021970374526459	0.09035844938216482	0.26035015019544655	0.2480623789690425	0.1480430454212015	909.0860705452594
-302.0861857991873	0.03401063258666231	0.04919202755172285	0.15024117306185716	0.6675592031971899	0.08198506947443075	1116.2633455406628
-306.8930165265492	0.03589221940623823	0.05011529038870257	0.1293480314895601	0.4356295424939509	0.09073793532860427	1058.8025872066103
-321.5522502009344	0.04289294148009808	0.05865914274468507	0.1373691488422026	0.22755420698554016	0.14327034129324906	989.1705750905633
-293.7301993983726	0.044980919965764705	0.0702752548264498	0.2546316303035734	0.4979980898619205	0.15905473789555327	1033.80233854444
-303.5607150092551	0.05301095454097144	0.07557176993480005	0.2091186524476088	0.28721133414353894	0.11740672007675258	956.8020684329168
-304.304229617283	0.0501936551301446	0.07463470266554907	0.20137311483475942	0.30100582837199263	0.09681267893637695	964.8190801519123
-312.09006525877055	0.06866762655753743	0.0977646280746977	0.28263183564840066	0.20539346325512786	0.1536897974606772	872.8761902635775
-293.50874493694914	0.0426011131778702	0.06732271910088733	0.24073286065067032	0.5304144867686116	0.11366723624151194	1051.6341150502822
-293.7542929183063	0.04609385351309481	0.07236389588339101	0.2628368164963416	0.4685822727342564	0.16619512524525754	1021.6244109081849
