# /groups/rgutenk/lnt/software/anaconda3/envs/donni/bin/dadi-cli InferDM --fs input_fs/fs_028 --model split_mig --grids 40 50 60 --lbounds 1e-3 1e-3 1e-3 1e-3 0 --ubounds 1.1e2 1.1e2 3 12 0.5 --output inference/fs_028 --cpus 10 --force-convergence --delta-ll .001
# Log(likelihood)	nu1	nu2	T	m	misid	theta
-333.2303879812506	0.09464211102413296	0.10424310812804391	0.09300783054153555	0.08817710060949925	0.0029418526135633464	161.498782430816
-337.7837869915943	0.06499933518120288	0.07404053657208699	0.06284723691377346	0.17206475239060068	0.0	170.20268487215122
-305.94277505792627	0.18021403802592437	0.1942432046829139	0.2794273377583359	0.4730501835314472	0.06373551662693111	147.65735556751153
-302.8831072037283	0.14679888443742029	0.15989852726382628	0.2933311242366774	0.8023441990329766	0.04098535061644358	167.70050815508276
-329.84966485597363	0.1599695279979678	0.17790087682765174	0.1603187624729675	0.06302208456308271	0.0741298246177628	141.89974814342406
-301.62269592917534	0.16138474884056364	0.1739242702844054	0.3978693264093079	0.8041129873882055	0.03647178420670311	166.31048867938324
-300.9640902166657	0.1842846490429722	0.19909908004013846	0.5115129583766849	0.7088355978627484	0.049599368448228695	156.48841675410767
-300.98735562511774	0.18178168526290026	0.19857883997713752	0.5127559850096917	0.7159839630294467	0.04664665745609723	157.33841484227239
-304.86118139758685	0.14559230042859683	0.15752698463092477	0.24465286775534226	0.6841651411499297	0.007553684228873719	163.15198833287124
-332.3034832708011	0.12999447550461124	0.14457962101919153	0.12975916952951017	0.03209832146633302	0.04376169171538082	150.29136990598042
-300.986594838006	0.23328647526248097	0.2534524814920759	0.84406085610059	0.5493034458499526	0.055161793968622766	135.21976941073208
-318.3291511500022	0.21522810733975173	0.23759557784406798	0.25710996074837555	0.24054941631183838	0.11927785353666573	131.5559899168672
-305.33823023947826	0.15124180082308925	0.16549628789591142	0.2365088186610046	0.6533812359804168	0.02637536381980128	158.1511235753688
-335.9527468246365	0.19857714246738922	0.21009782820584424	0.4315435083012671	0.5997964900625833	0.3441152803368161	147.8988638735536
-322.34700436778354	0.12975287334851335	0.14126708645782998	0.14092601598602725	0.22771438421642007	0.051448839566719126	154.0787418488931
-309.63505936580316	0.15974033388959474	0.15030441408798334	0.21161827302945507	0.5080901808831974	0.04547761752222816	156.48746118113908
-301.4530223698123	0.18485529949486984	0.19933211970968515	0.4032560379581629	0.6401109514289793	0.04386079770617316	152.66505335589156
-302.9510108056301	0.14388748170750856	0.15461014399904302	0.29050402569476275	0.8334839264581144	0.026703243177424275	170.20988880117076
-303.9462711875195	0.2406180363938341	0.26606803465287493	0.4819649053189111	0.4072266312965912	0.06296860136619668	130.4289231400028
-300.8078734881774	0.2083664324726533	0.22735681304302566	0.6777491464205865	0.6174225738052569	0.061395291858198836	145.70155660310283
-316.06903991647675	0.1897528630494966	0.2124832502320619	0.24199216283566174	0.26668133887627726	0.0	138.9262604679172
-314.4899628109147	0.10632706850595115	0.11691566880284415	0.13611447728752699	0.5903888740419317	0.02609503580669105	168.84133905315295
-326.2638520232504	0.12562134291951718	0.13728129601020436	0.12993523773240165	0.15209064319795765	0.01452124116514772	153.55568831737926
-314.45103110446007	0.18093423988944599	0.19174880636035355	0.22229559456606995	0.28391401442694586	0.06862384956950784	142.81384403119426
-325.17832918568246	0.1279150677286653	0.13794390833318623	0.13304466177052074	0.16846065858951184	0.027639479894123437	153.53482417229762
-306.95138452471707	0.16124788324831443	0.17146487152311968	0.2381571473111336	0.5058595340166183	0.01737434282813606	153.80899560335033
-301.8610189086579	0.1694270946050196	0.18338365166706733	0.35111792424646543	0.6909340840983224	0.044535263522694	158.24488482413764
-310.90584433784693	0.13152695981439397	0.14431939125400509	0.1819746165008278	0.537528642205145	0.06564408210497923	161.6976360528151
-327.77433134546044	0.15544432113638287	0.16999060144573058	0.15895663329670354	0.09241360177254469	0.06883431860384769	144.27770685371448
-308.49726830634063	0.2000565910706152	0.21566673651258192	0.2918679760771994	0.3552685223871427	0.048499844843886426	139.93792451927928
-303.172451874922	0.13318914520440495	0.14635194472174917	0.3241613652838212	0.970029161942395	0.029820814924526064	181.0567955879846
-325.1220483676529	0.14486946588694968	0.16022600007465077	0.16260685301214886	0.20129051199847928	0.12563145600480488	149.66071365897525
-337.7345160843952	0.08597995943243156	0.09404930942299902	0.08099071374893543	0.010632865174434326	0.0001591494916344825	162.86351848434876
-323.83686425385395	0.12471473325509214	0.13568047948754466	0.1335465257261956	0.20119818458634078	0.017513412199969967	155.24812973483094
-329.7941295515295	0.12004189371395454	0.1400031312911485	0.12495697632034244	0.08653904612819803	0.023563289930236785	153.02456499440046
-300.8458869255152	0.1906105286142346	0.20694580107352264	0.6429093939080085	0.6992718993733356	0.05277033367471652	154.96182817986093
-325.06581298128407	0.13260931101081894	0.14282352529005998	0.13995470782146466	0.15640195161111267	0.027002995918145138	152.5790572518882
-305.87501901397013	0.15294940416114478	0.17043020195208167	0.2381705488827416	0.5721035008513152	0.04429280738840949	156.3861316210658
-302.75385477340467	0.15069282492651295	0.16555628053019822	0.32063744587309	0.7690336475449844	0.05884413916895346	166.9548994446225
-324.1927431432318	0.14258898860042243	0.15710637603222075	0.15483709443694268	0.15172752777614484	0.026251005596200288	149.494796389638
-313.1350668236804	0.15805034440663052	0.17545830458301398	0.30020267579216525	0.6924462704097335	0.18526926601948066	159.96272341115574
-300.8307862320687	0.2293056507419586	0.25070568547227273	0.9276932156064264	0.5691125169176177	0.06183731248343738	136.43267485765574
-300.7847260681235	0.22026821268027838	0.2390134240359324	0.8784835042073011	0.5989337324700874	0.06118866129101287	140.89906572617775
-308.15251100512506	0.22638152656021404	0.22844115603868825	0.34135558540812705	0.3478412353703033	0.07276052985138726	135.3535873210568
-300.91232953648785	0.186244812316353	0.2016782438373534	0.5424337937279732	0.7039637511474139	0.051092890054380835	155.95284203271675
-309.3694574957558	0.1957865647340752	0.2178590314641961	0.30607846020876317	0.35276170956257424	0.08914804669941098	141.11732789048403
-302.68238006905005	0.2710267952025879	0.30016211194761333	0.6967482921214871	0.43055218354297053	0.058968886279126796	122.0459588235195
-309.5911022006923	0.18860236031561128	0.20381964160390093	0.26203449872439327	0.3552314309009005	0.033003958059219185	142.42075925570202
-318.63744043582176	0.18088682051352195	0.19355827005092538	0.21174771132488263	0.20313943623598404	0.06088652331400549	141.3134741038275
-316.6815808281813	0.18316233908423885	0.19683134778827427	0.2228519903174924	0.2280655010380935	0.051631828519653554	141.36573195190306
-311.6019585791593	0.15846306160123846	0.18235501582531208	0.21676828377902344	0.42010983186471235	0.09023233748796658	149.31442704146937
-302.0993585166244	0.15662966202146988	0.1721199701882664	0.33821265102772596	0.7605954182928489	0.046384003904816166	164.44741014234825
-322.5195646437584	0.1509041871102712	0.16393896854411202	0.1637402943611249	0.17837581329893817	0.05878194524732288	147.5123933339375
-303.8210975361055	0.16520645761317193	0.18006584889301583	0.28313916472008155	0.5875068158462664	0.037257233716280744	155.11458549190496
-306.2004451249692	0.13114294987815334	0.14447549207505775	0.20888887646763438	0.7041512151096722	0.021885449926681025	166.8404199777594
-315.8629938719963	0.17910465745308285	0.19236795757910938	0.21975304506574223	0.2456884361189376	0.04177899257713985	142.75987565769458
-322.2441733808548	0.21335119117657322	0.236135321262366	0.22376897588415784	0.22453235458561951	0.09123749855192721	129.88036772109194
-300.8654749271118	0.21989528411570342	0.24300413421198214	0.7320288503792449	0.5831105961807509	0.06363381013942178	140.11342609111287
-316.44218184469963	0.1762853966695134	0.1950939780418814	0.2054281692947668	0.26673642790808305	0.023070107254337963	141.32807715267958
-300.8483665110548	0.19002720064862344	0.2075293323381744	0.6350017078744575	0.6984796263117631	0.05333261445339291	154.8711545967963
-300.9449488678255	0.19820545137892906	0.21494809752371136	0.5171678473516306	0.632861478010309	0.05236190380379408	149.06565254132514
-307.1157316529591	0.10987941529273072	0.11888383279406656	0.19099528025705712	1.0188626976967368	0.004761849663650808	182.15465882370052
-301.2138255796769	0.19105450603518145	0.2042886985942564	0.44599724359130605	0.631586325764211	0.04683514143142935	151.4339030635895
-311.5625444264158	0.15580865787984233	0.16168015357425297	0.1999157473817454	0.3949918069352157	0.029716293594599635	152.71742308304496
-301.89984138942634	0.17227650491226407	0.1850672098166218	0.3509398948623899	0.6697059460055508	0.041602792311099174	156.9612829910826
-300.80444930405946	0.20063718296420607	0.2176406947694792	0.6160961158188166	0.6483760585097159	0.055702394012971425	149.34689291942118
-321.1794876427484	0.11377324977095392	0.12505962549247124	0.12640588887397283	0.33464346481329293	0.0519439529519228	160.0150643351597
-301.49665149751706	0.16433158896893946	0.17818712183380775	0.39781707589827675	0.7624011205482748	0.04205619672688286	163.92918530993498
-300.88006261981855	0.19236385637619674	0.20798186876352057	0.5427936030725544	0.6765548324998074	0.05280906930896905	152.73958127281037
-309.83250514149495	0.1712328100781609	0.2015368022139116	0.269975179147173	0.40230187095683356	0.09710876480838979	147.21233181546853
-303.2230346320076	0.1931919327462893	0.20658285781381808	0.34322068997613275	0.520511456471788	0.049040901935043534	146.17125030388087
-302.0122094618413	0.20601152760919186	0.21411295943461933	0.41073959784403036	0.5592459003522442	0.04674230470873708	144.7112996806113
-304.7058014591247	0.1494171322020141	0.17209035560796498	0.25197316160262856	0.6767368237421059	0.026033324536939954	158.69334055359454
-301.26916569825084	0.1754467732472171	0.18933632176684836	0.4186501524152217	0.7145435860449125	0.044552051396111354	158.4691853752871
-301.0649709535752	0.18004634604561834	0.19429121040917394	0.46967300230370174	0.7139800740223875	0.048304223429918476	157.73445779448028
-314.2327565835028	0.11102429418420848	0.12033760091126154	0.14437524210895158	0.6772436017035205	0.06995285437409839	168.308341610405
-319.64777215762234	0.1261848972385365	0.14139846739036194	0.1503645793048749	0.27675864294521985	0.010788424183863986	157.3286864579256
-321.32664146306576	0.17507091326784005	0.20266886464330983	0.717275892085519	0.7506721290055755	0.26425388886841866	161.56272756534085
-319.50134754560634	0.17563212974780773	0.19300586946418083	0.206052677115494	0.18936370132028985	0.03888963861923128	141.84219214250933
-300.83169497253266	0.19278642570747193	0.20905267540974684	0.621233664111268	0.6875489252503868	0.05424177265515997	153.5681327858406
-300.7691757043691	0.21473066325316628	0.23399300274389168	0.921178506880707	0.6201090706177076	0.05946869421858658	143.30004164870337
-301.0756730099406	0.19387989987162513	0.20963952666725255	0.4841387993899	0.6324645438626172	0.04551832540377969	150.54391035391114
-302.09219987439775	0.1684809406659299	0.18022925086168404	0.33599950599243605	0.6835950614198432	0.03628554728500825	158.3764323835214
-315.01079286767464	0.22141931981406227	0.24270320683543536	0.2993875248914355	0.24928601553398091	0.10928232698365037	132.0058824805305
-306.1576970333573	0.21246003760014795	0.23687314405641008	0.345748659641081	0.39024856402712865	0.04901763360874911	136.57246174212042
-300.9180924431165	0.18960719476715	0.20523377874357351	0.5217370021713793	0.6696094210017548	0.05334384714147556	153.5856716884988
-310.3882360402773	0.13315284963904156	0.14727457525770596	0.1816200282591262	0.5219319424242853	0.007260957873244931	160.20617158491382
-353.4769869444177	0.12423333388877046	0.14253828246265954	1.348286104114826	1.0979221858856476	0.4239660640526386	228.49142402651066
-305.92361317984466	0.16270510705480037	0.1792724074071942	0.2565537470704658	0.5231867721350095	0.01677948688309141	153.42014879032916
-300.7722353012821	0.20606361814892293	0.2239390368661153	0.7348990150227979	0.6407968286219954	0.05777640734638932	147.41151427195473
-302.3808046221192	0.15528288029375756	0.16822366147115447	0.313621749101337	0.7499952774762135	0.03398907104891287	164.11084089955486
-300.84263621436025	0.2061036713540375	0.22339018920451464	0.5989166124822981	0.6190758319088062	0.057781680936405434	146.50707092099546
-331.16203873231814	0.10617350855400602	0.1196475092075041	0.10345674051566281	0.10855078741784426	0.027501637401581812	156.44241102712505
-304.234424162714	0.12505709547122	0.13587574922824622	0.2885353325991263	1.0623965077912245	0.016144030125146407	185.169727620875
-313.796204916841	0.12663024132685904	0.13771741640891386	0.15926769218488876	0.4460377577642353	0.013716195036676454	160.49450724591892
-320.92290010390104	0.1138453001598363	0.12471789947688938	0.12999262844900097	0.3483051333092587	0.06792227652475193	161.19295130626287
-303.16326309428376	0.27595899338299906	0.3034563863878311	0.7057889073948298	0.3999948742680487	0.06354313418256347	120.7403682253436
-302.20163472054065	0.15579103704974204	0.16833043537979642	0.32595198390821034	0.7740134525800922	0.036093187819055975	164.98820259666311
-303.9421246923512	0.1377532045138568	0.1490001295686511	0.2516697145898231	0.8214328497367682	0.02599380187314154	169.65990855276667
-304.52314919922395	0.23385805582714164	0.25611538729326566	0.4391734892977817	0.40308197380736777	0.07421133796040345	132.38319470114394
-306.0799322224625	0.12485117312397256	0.13237907323134865	0.2293176259379572	1.044850079231791	0.0	177.85024624781948
-301.8823922381717	0.18426182853679784	0.19266503064771737	0.3980385562836588	0.666827442913624	0.024614089825113407	154.3199284062174
-302.1259905639576	0.18577422529410076	0.18975881815714687	0.36979375137248	0.6259792294826377	0.057302320919070726	153.2249444267191
-308.4059158735585	0.19967896809382832	0.21040296582879547	0.2903613001020382	0.3605842794972676	0.05215947528517399	140.9048019220768
-301.136354815819	0.17535567089059378	0.18933798056457146	0.5333892676009406	0.7732330074541337	0.04361795652661918	162.4894470856109
-305.2184199294013	0.18634721766132042	0.20823967328127607	0.3088564343814866	0.4567712568552563	0.055076713523472036	145.28446916432932
-300.8668477306417	0.1914736075790202	0.2062251930678697	0.5564263817179648	0.6805313270153736	0.05247593732386034	153.61239275201683
-303.30076246256056	0.20675227239495506	0.22084666478708187	0.36920548574694484	0.5014945685765492	0.03984131323371262	141.6501792078024
-315.8977197244451	0.15671444690554795	0.16970606036625108	0.19477954855306784	0.27638427377129515	0.031224651470981735	149.66848577251187
-300.79074724720147	0.20462085627601584	0.22177552371666592	0.6506664325170605	0.6371424126867394	0.05692062349577171	147.73856684182613
-322.04080183773664	0.16264586755440555	0.17061068486604863	0.18222222650626846	0.2328065267458875	0.1213234832819575	146.27300156223356
