# /groups/rgutenk/lnt/software/anaconda3/envs/donni/bin/dadi-cli InferDM --fs input_fs/fs_022 --model split_mig --grids 40 50 60 --lbounds 1e-3 1e-3 1e-3 1e-3 0 --ubounds 1.1e2 1.1e2 3 12 0.5 --output inference/fs_022 --cpus 10 --force-convergence --delta-ll .001
# Log(likelihood)	nu1	nu2	T	m	misid	theta
-756.9529109059996	0.020717982108437578	0.20259529350279953	0.032819391335075956	0.1237369261772873	0.27417230567508355	740.9053914854426
-760.2336266717984	0.018885891725481874	0.18140166030491006	0.030766611332557807	0.13270980015731582	0.34123690567103554	752.8366498308189
-755.3061872721707	0.019360600852820938	0.177595933309692	0.030632511258136343	0.11815905560342745	0.3042282673311674	754.492241992987
-740.7754896467343	0.008451672342119514	0.08611232946120781	0.0131433968053632	0.1694510462433638	0.29617027942845164	772.0557923282779
-739.3616912557115	0.012723048341152328	0.1265857761815835	0.020228040011403197	0.33783628750406053	0.2572418580260856	764.7182299356169
-740.9678107200745	0.007230995604102055	0.06742116614212326	0.011068143367446125	0.10566721557742967	0.2855159143964119	786.7406794271409
-744.5042824266778	0.01476054879108038	0.14201293911926	0.02337771573209335	0.21107280443575802	0.2703551978323118	762.3209765537257
-781.301197712471	0.014876468539844503	0.14662856828072596	0.023545535904997136	0.11381293912413383	0.42686439599677023	758.1337158860946
-740.8275389402941	0.012866815850519834	0.12425941697155751	0.02045940690147089	0.266002470474395	0.27278950044931094	768.6103707927024
-739.7767353793835	0.0044589454952963774	0.04311442711738062	0.006861171281978626	0.1056328904197891	0.25953399635527113	791.6308492690482
-804.6627355070154	0.014746368296856277	0.1562971700901957	0.023102701913049542	0.08988648680723914	0.47050020398623266	746.8047672135996
-765.5227496112154	0.026779546046477427	0.26134796364633606	0.04349093542919702	0.18516048430981918	0.25448185520723676	725.6343295723702
-742.8142762144778	0.012945470236815833	0.12195128688507441	0.020311766705496774	0.2146235302374777	0.2613601275657468	770.0880342331137
-750.0554364190879	0.018912725240566423	0.17263609582756115	0.030191008730533892	0.1970083016129584	0.269314439666004	757.9807278354541
-745.3923705439062	0.012962600317290763	0.1256737632798502	0.020292978411230816	0.12374471990546457	0.2749053507842896	765.2954811146508
-753.8863182653972	0.018002572569938858	0.16814926972449706	0.028280333856031414	0.08317402898026	0.2837398957232671	755.051411057181
-762.9597894423318	0.024620455576643475	0.23060698749070324	0.039394446264497535	0.14019501931560083	0.3042886782366003	736.4866095137055
-749.424797892375	0.013969548071769922	0.14348881824985446	0.021874875897196437	0.07439830032636142	0.2644139888872423	753.6192235335684
-754.8697469780509	0.018872896470519426	0.17772396982502026	0.02975771218147733	0.10785453922237508	0.30142423033614957	751.6055632977144
-749.0576606187946	0.015595341968296218	0.15455623415391812	0.024627734537705556	0.13506423634756184	0.26276124733829237	754.7394496004637
-759.0599657730546	0.023821600239521058	0.2104572297964575	0.0381150211724673	0.1699035661962351	0.3001195495807087	747.8891620754399
-742.0533870585432	0.007283420672371873	0.06771275780560053	0.011497809605897486	0.08749027954413119	0.2781230798599234	792.1187101482305
-749.9759032082634	0.012011106358822424	0.11799478693616987	0.018808110695759103	0.12991797028348612	0.21954646336711986	766.5158807652812
-745.309985033414	0.017326576075807967	0.17530513828429245	0.02792504430712064	0.2806085534160674	0.2835452661956928	749.0336392313832
-775.1285561720115	0.006338013825831433	0.06409018957162949	0.009767864043555752	0.10692475645100043	0.4311268381344989	778.8476710029331
-750.791229497775	0.014423202851737434	0.14645534565035076	0.022960713976034518	0.16227409268758117	0.22880036873850546	756.1132810179976
-766.3276995905844	0.021527533594876677	0.24831990670269785	0.03403653446962962	0.09043835261029974	0.29147197636828265	715.4685565818796
-748.4217598827533	0.012932366795881955	0.12471957031172905	0.020123019388266356	0.08584174302761062	0.3131249452002713	765.2674068581349
-742.2086808837284	0.009202972542577115	0.09030078484542547	0.014305136102749888	0.10011055024182494	0.2840493312396387	774.9026267208249
-751.9777424838668	0.015475033890938407	0.16407840192948403	0.02428034450709113	0.08134875968031217	0.27171470024527644	744.607685120615
-746.4747886103435	0.008379930560837317	0.08767560601110362	0.01246405571469229	0.13767114181380366	0.23288470795070745	761.9990651250469
-743.978126485918	0.009217951641748514	0.09717849576581432	0.014178326757594893	0.08132546521559132	0.299025492549473	762.986869457975
-764.1893625703943	0.02838595899799112	0.2541740958833708	0.04698349332744769	0.22562367719125354	0.30948880883140456	735.9181595833669
-755.37789650839	0.02101418098037545	0.21138208862609673	0.03375115108982142	0.2283463042691635	0.24118613996175678	737.7190804606703
-745.4083373047763	0.011831734558938064	0.11669643596488358	0.018563950121928432	0.1702449704720121	0.23857538157717034	766.8516244350146
-799.0909647619054	0.008261267635202567	0.08528410347272185	0.01279070848917239	0.0752910625101406	0.4747496689973415	770.0767516713692
-762.1925692338316	0.010563804428650451	0.11449551768566148	0.01582599388225974	0.03947865584017536	0.37709082942294075	751.1981946746339
-754.9175791891937	0.016499687056830456	0.17300734952034816	0.026012590917939674	0.139792418553077	0.23222098124146373	743.5910829307328
-739.8426600357643	0.0055045419013803176	0.053038204641615634	0.008486349453765566	0.13502525398154017	0.257211172701687	788.8824834848576
-755.341914120565	0.01173817168552436	0.10844742549814113	0.018583431602809446	0.22271939900197837	0.1866452628980506	778.4325754004236
-782.7055585371404	0.014931603768696419	0.1631741008475675	0.02313518098129714	0.0011147808936399317	0.4157958629380454	740.5391346995353
-737.8061609597255	0.009053176403668973	0.08565069176305563	0.014321577279800437	0.3049583532256822	0.283382167990973	783.8198935715965
-751.2225021436454	0.014980459076459264	0.1596029186057067	0.02345711455471871	0.08021419656509206	0.2783550513982891	745.2607391367308
-745.2430220266215	0.008592169240770428	0.09695029111887397	0.013306577166325594	0.08723421544063316	0.3074594466983414	756.7308697068158
-741.5906546773349	0.009432202881612641	0.09936860990683273	0.01472202174081476	0.16255792335390126	0.273098047070339	764.5451636352799
-746.4650921556129	0.010781751465435528	0.11627475604773985	0.016756669490006166	0.047271506205221345	0.2880638549337116	756.1217396844679
-771.4715815111997	0.02835410844778965	0.24676446026325904	0.04531099086842614	0.09635964296366972	0.2823968118428442	736.1567515312299
-743.4094478010386	0.010130642135073871	0.11220166744020091	0.015699605150843066	0.1766459529463627	0.29127700478655877	754.3549990098494
-744.9515888495584	0.006826713771607563	0.06865061208463476	0.010498167714618359	0.006085171433362883	0.23380618202507394	777.5882672922698
-789.7977826303197	0.013816393050239288	0.12901225484666207	0.021477375032042518	0.041674361330048176	0.44350266523235793	767.0084518088453
-741.147907997753	0.007459590120017181	0.07868237104934726	0.011528074894631238	0.10665971161484136	0.2815421093721365	769.466407978622
-743.2076855022517	0.008699226876608008	0.0913061215524198	0.013454904184940211	0.057405933885451885	0.27108065029546646	766.1014818169932
-756.8760555154606	0.020608595843796606	0.20237888480285265	0.03304921167699877	0.1779516211589755	0.24028416251951193	742.1973225186651
-763.2132921628057	0.012503891121720732	0.11133716573060884	0.019491142708873786	0.07846986912799828	0.17949334182838428	779.0655717497733
-794.3407250511468	0.0059969826783431955	0.05855612203086986	0.00904339090486121	0.1193878957714802	0.46979943226501936	781.6186150776957
-744.7211962486351	0.006491935479934487	0.06243316762913727	0.010003402336363284	0.07584735803988757	0.2256605426950331	785.6635477951196
-744.5706724930876	0.01269138814259043	0.12559948425162	0.020018874908355515	0.19487010208623237	0.310220487047332	764.3114016807978
-756.692152522841	0.019628638797477723	0.18984397708733625	0.031238449458231295	0.1359285578638696	0.3187144010858441	746.4943610316616
-738.8930540943875	0.007007734893378758	0.0690071354947403	0.010886749171260736	0.1922718412559289	0.27730354529438495	781.777241470787
-744.736351436118	0.011222530748486018	0.11751352800666774	0.017870053681271023	0.125829212048379	0.2938685312348872	762.2403597617337
-748.8898865627718	0.01569091977922352	0.1529017948059416	0.024655577134105256	0.14694375879970598	0.2563229210662695	756.2560865059185
-744.1868167076235	0.011745021334145263	0.10740316654365155	0.018338641260844862	0.12798521464224707	0.2809018452595115	777.7591041788558
-754.4808725207909	0.018195093955182495	0.1620803680998565	0.028910550653805194	0.15440953281848485	0.23361900810276356	763.3522722188688
-744.6347902524365	0.012052807531353743	0.12646291542557497	0.01903236050474422	0.15362505551170416	0.2662133385364623	758.0718067328811
-741.8124343047496	0.015809336499391202	0.153634960462294	0.02533173298929516	0.33768371614689446	0.30405963498085037	759.1988585033519
-746.0942245301637	0.013035792523858687	0.13098609528329416	0.020860338290160513	0.13937048708432315	0.2618782512039892	762.8953671708733
-747.1432684712327	0.012461604905923398	0.12553710487368477	0.019439028136683637	0.06003200248297341	0.2723421395554756	760.7559535907931
-749.6428668478494	0.014666796482750368	0.1556041342134063	0.022904637571600214	0.10764582918904643	0.28295410996916753	746.5435250793986
-746.9518194197449	0.010018178378750827	0.10790278529679985	0.01572646660461331	0.09221781601237765	0.3206201277486315	760.2403810340651
-752.9023033055543	0.01895350443351609	0.17982129504525246	0.030119001975299656	0.14075084061225174	0.2871318282747332	751.2961570475748
-749.0279607698488	0.020553126790291087	0.19038402797382264	0.03341988650741445	0.2737891930956058	0.2991357001963871	753.0511572103949
-774.6797153061168	0.012313360762746074	0.11797157298280765	0.02009546313079579	0.6124289186721728	0.45080460984198006	775.9594197451534
-746.913187946481	0.013651336939622243	0.13756775010529296	0.021410150083919405	0.11600597082232668	0.2857378393781317	757.6473770457375
-772.6776657736903	0.01007076303287022	0.10381025235521148	0.01592336814799199	0.15836200407850404	0.42137939190756757	767.3852429408753
-777.1829622383282	0.018999794695557008	0.19614701784766017	0.030353336680264343	0.19404308912369977	0.40916329117514616	739.5990658423618
-741.8540802491315	0.008132758636459783	0.08372646772836333	0.012686309839011747	0.1495509700922764	0.3069191923993675	772.0826315539248
-750.3594971833506	0.016252312857400485	0.15129104639374727	0.025129645955906697	0.1077629600553909	0.26446206121435023	759.0036544845107
-742.0684072452875	0.02044481205648534	0.21154200070687645	0.03388812448687439	0.44608326849107144	0.286952761256819	739.5431411686819
-743.8996559443337	0.012766263905652568	0.12465212021869701	0.020033217838419045	0.1970696147219312	0.30394258367798727	765.316266985641
-751.4876710001281	0.01736282384365132	0.16828775213514371	0.027869148192075626	0.1303733880309984	0.2803095870951305	754.4660062979484
-751.9293984778265	0.015912440526805655	0.17314431085663795	0.025342943089351554	0.12122113516808013	0.27241702965520964	741.529377020595
-741.5988471408835	0.011095369402737346	0.10648942290788166	0.01730998966972551	0.18626476003425677	0.27503848970871836	772.5162557742665
-749.726471661865	0.01377238751658734	0.14252317315265542	0.021492845651302887	0.06192626441439672	0.26387574472702713	752.7316628703165
-756.6293289896598	0.0195323630571721	0.17629044337565677	0.03068068375669947	0.0787275197513946	0.28860296943347435	755.4008742649019
-742.2777436804245	0.008600153416809022	0.08611946013970517	0.0133874265246401	0.1283670519589096	0.30491991699105137	774.1860160749657
-740.9175864496167	0.006460823478964069	0.06483097053002239	0.009960040255614488	0.05153174010862415	0.2803869446089037	779.5600692878984
-739.8522137793868	0.006186897446968826	0.06742836404448803	0.009610474997719984	0.19064388389498726	0.2630886611210077	770.0181572057394
-752.6885879863036	0.010996837194300217	0.11278423660427285	0.017354761383042944	0.2727974876385884	0.37063584601203714	764.8696629558767
-747.9127779076164	0.023411298100534984	0.22570938650111952	0.03873535814437247	0.3778160708409013	0.25710099922667184	740.2854885001833
-761.7416507654041	0.023194855809479623	0.2548366235920752	0.03706264916362528	0.19126798884498084	0.2895705776191233	718.1448147986147
-783.7808006132107	0.01280054172607276	0.1273804659034176	0.019954508783585755	0.053043217111099245	0.4341640954303188	761.321609107235
-751.5203674490485	0.02075114631377981	0.21032618173482331	0.03365724717428127	0.28069912187997126	0.31395886856158267	738.6919059173823
-747.9252734630663	0.012492062695438934	0.13388725645677477	0.019270765819092466	0.08978070086486532	0.2963751370404329	750.4876502737945
-742.9231576532022	0.007284750656614406	0.07933020895394563	0.011235251812758956	0.06862486342064651	0.2577889486035233	765.2960604420767
-791.3262299571547	0.014945935235291637	0.13435769310395662	0.02333424033277908	0.22794072179537814	0.4568604809279747	770.0130957798847
-741.4277541632168	0.0098605764897907	0.099924123588064	0.015360716774795214	0.1790754406423203	0.26209174538896113	768.3973311286564
-748.7600814251371	0.016787765116989154	0.16658936207388986	0.02651802838159692	0.17253219020013066	0.28485994980242935	750.8304277964961
-811.7022999714408	0.010291935642186667	0.10397456545447349	0.015943325032542404	0.09392110128276811	0.49373576706665095	766.5155739912634
-817.6817422341472	0.021632964150302927	0.21341288695100818	0.03438133310170097	0.09105890004369331	0.47563171865116766	737.1185188146192
-744.8359116006507	0.011691510538878921	0.12095529383688644	0.018239831973032725	0.11711668991392667	0.28648415587602	759.5526519863492
-754.6618278019454	0.015033900463254634	0.13142801038102744	0.02259802368644488	0.08752065403538768	0.22418539393748635	768.3000426958371
-741.0480279643533	0.011518508918652508	0.11739062456424182	0.01817661713509334	0.2604450840951787	0.3002271530084479	764.0304316857382
-747.6163902595863	0.013806626781827888	0.14369319683786433	0.021688654722602837	0.11608804433832912	0.2818321705392992	752.7578028126408
-767.0082556550663	0.023234115763988115	0.2403031822524939	0.03662681848318759	0.05681609912689458	0.2888415850595226	724.5924184659937
-740.4528123856419	0.00876019451340761	0.08520231750711608	0.01368058036803176	0.21521904203046505	0.24977857356232394	778.517332630149
-759.2278808868114	0.01681957902321668	0.15101329424123383	0.026376066718137085	0.07212980835615575	0.3434008407167327	764.5822616421777
-747.0145831215843	0.01474726297986062	0.14551670028749933	0.023164651449769744	0.1818963483031434	0.30862040411924196	757.4564126553336
-794.33143927373	0.007403990490357082	0.0739639651087758	0.011525093436757011	0.20050210418964276	0.4717128131420364	778.6306680358881
-732.8428647109353	0.010357562772970995	0.09900525870843806	0.016442961001852822	0.5319941914806898	0.2908561368007708	778.5961164134516
-740.9206083287698	0.0074553175105278886	0.07402907832158194	0.011484675859747513	0.14104320808366347	0.25313979455920205	777.6672643152789
-745.4580538875576	0.011762369283252616	0.11641207170916461	0.01827790583328794	0.07725474214600293	0.27923046144673375	765.0860699186334
-739.9395070948244	0.007735030566625359	0.07675235916175792	0.012254254128627242	0.17397150377430387	0.2709802235891903	781.2493544493456
-748.3664925658217	0.011709355017088275	0.1284177453198942	0.018290448131996165	0.09091193266459362	0.31128950412727613	751.5127997769231
-762.8183570736168	0.02171880255950641	0.21854784681999725	0.03423222238450302	0.10210997400316188	0.32014794368032057	733.0984076188074
-743.4383081973651	0.012107075686309303	0.11675557527206419	0.019041371737911726	0.19546967666615098	0.3051806895718205	769.654899100584
-756.6362269230258	0.02124866359275903	0.20136409990841678	0.03358719999575797	0.13458662983853625	0.28093826735195054	743.6221407371954
-768.2435221400383	0.010974671110427995	0.1093184461717058	0.017013986261674545	0.004650460712186331	0.39802956955439656	766.3249106718418
-745.1050748507542	0.011973087574014754	0.12181154449340104	0.018708527381211603	0.17040426760934177	0.24562308122918164	761.2955951220086
-748.0522873224751	0.01655320500204297	0.17295692027492754	0.026062694509051493	0.22078853011537378	0.26604828984986956	743.881654884576
-756.6778948799124	0.018249004371686656	0.15418229737455857	0.028556080204251228	0.06863510087463633	0.2547699761951097	769.2350764728635
-743.536345924131	0.01031648111974064	0.10593654850014887	0.016103936217590997	0.10057110679728237	0.2760448561723473	765.2039488428104
-743.9161823472082	0.005209883629382432	0.05044884461608905	0.008103885641372125	0.07946933050172475	0.226417728443171	790.6190052151029
-756.4757355660556	0.015784662880334577	0.14935545861371752	0.024770673839540108	0.04793285342050945	0.3320891956743129	759.9940534247461
-751.5706190306614	0.01619970240545249	0.1527461794845163	0.02549612367036211	0.08380866568500349	0.29462281524887657	759.6361865887208
-753.1891116232238	0.018367235854145306	0.17562109054362665	0.02896671939379231	0.11346364787589788	0.27927452071270614	750.9679471532705
-748.341511595617	0.012058649745603769	0.10294822807431893	0.018366219334789102	0.17578429738693907	0.3286716545717628	783.6049069397989
-748.127112626251	0.013830110940750857	0.13538080099858865	0.02169444746844905	0.1724483800670015	0.32468473286055527	761.3912793914151
-782.8660298429684	0.006369854161798618	0.06340970299097988	0.009934617566359095	0.3789289289020529	0.4558240698166725	783.0986541701476
-745.4578344478816	0.009917172464580024	0.10614945199609684	0.015519028334971666	0.05392996161751412	0.29731900794141375	760.9705470394297
-740.6410058525316	0.010877548764529297	0.10469318061167274	0.01709513617804089	0.24574377281308032	0.29954750178676615	773.9806682745842
-744.1877044573552	0.012538566676047304	0.12131808819944546	0.019368629406155285	0.1566963144925369	0.264730088413952	765.1022255376474
-740.116805841898	0.006604724749864053	0.0655281592801254	0.010221965349759742	0.13811109646333405	0.2582188814264869	781.4062952474163
-747.6804256027323	0.015803909487699705	0.14705021720577974	0.025109688136590428	0.19778470495888137	0.3105719051240653	764.4036404462231
-739.8103981012849	0.004829191358800902	0.05095552009313483	0.007497232015251545	0.08909178759531619	0.27647300360118243	779.0600165243488
-744.9904261065637	0.011715235405859562	0.11692557221718833	0.018338927525161804	0.10491603592144529	0.29186316569334003	765.0966307808453
-734.8263608775258	0.01839733105251705	0.17312125326364836	0.030718791639373234	0.5311817968571436	0.2676462929994932	761.5833568462898
-744.6246101090828	0.011613449473324747	0.11263625608410123	0.01822431987778878	0.10299932807531025	0.27120749112203535	770.0076901334654
-743.7908411440744	0.014971428409123902	0.14593049891158819	0.023916951079220015	0.23806911931576002	0.2772349091735278	760.9174938756313
-745.399393049689	0.015874763705269926	0.14806391380027767	0.024916983038338832	0.27882359254851724	0.24004548712454538	762.2308904109248
