# /groups/rgutenk/lnt/software/anaconda3/envs/donni/bin/dadi-cli InferDM --fs input_fs/fs_021 --model split_mig --grids 40 50 60 --lbounds 1e-3 1e-3 1e-3 1e-3 0 --ubounds 1.1e2 1.1e2 3 12 0.5 --output inference/fs_021 --cpus 10 --force-convergence --delta-ll .001
# Log(likelihood)	nu1	nu2	T	m	misid	theta
-980.7781042488662	0.8128702594438592	0.47100122542025524	0.38846108001698987	0.9760756598318321	0.05136756065356035	1174.8578534096005
-995.0425643399242	0.9042248448469031	0.5035684375490754	0.32989769427405463	0.821062671001876	0.05014110141849861	1144.319566120333
-979.2728294674915	0.7810429643468321	0.46780661139386237	0.4248284685644186	1.0833721654239343	0.05267621208436547	1182.0318982066817
-966.3568379955354	0.8912697914429061	0.5514963899432602	0.67692667118881	0.9646961534204309	0.053927925102869076	1053.4911726429625
-1131.8999464199928	0.6855569869818223	0.3773268569572489	0.13423521428226304	0.13580158797384237	0.03698617544983462	1319.8874900677222
-969.2616324265013	0.8686846399647477	0.5274163279006516	0.5510961459807927	0.9783563892505223	0.05341434548059078	1094.7301615156312
-963.7384523967896	0.9834208981712067	0.6021809698699166	0.8718889745381849	0.8854754036258863	0.060199070959227045	970.6941307835675
-968.9117577436713	0.8753098580048324	0.5292379258598273	0.5979231929096942	1.014473036191037	0.055247026586200225	1083.4390711115134
-962.8486809590463	1.0615372884550849	0.6519805574061776	1.138286106943695	0.8283435580903472	0.06261468138556173	893.8619761274307
-1144.0016236178894	0.7545847332793165	0.39706533234164404	0.13454624813200328	0.03894548123346417	0.04559231679767043	1291.6281413818174
-972.1694303953592	0.8686098408664362	0.5225858916141047	0.49932744986111055	0.9262901159302406	0.05668619651580981	1106.630163586296
-963.4305625840178	1.0031076656286004	0.6140321229961976	0.9302001151034336	0.8711838087846323	0.06084875808174028	951.693543944987
-1038.693185330425	0.7158638372991879	0.4977219504476753	0.34569434075819405	0.693602403773524	0.04476371861094616	1205.4981433101966
-980.0293609304824	1.046186597890189	0.629458963479437	0.5735805772358376	0.7542920621456302	0.060108133695459455	994.3413616087995
-973.550888299802	0.880662729863941	0.5263311940108883	0.4758485103719265	0.9076166095050662	0.055800276550364104	1105.6508515958799
-990.613668578354	0.9407342475507838	0.5616327243174694	0.3849770061730927	0.7917911800184955	0.05966398986927251	1094.7866103712863
-970.8888593859606	0.941872593948543	0.5545154694038723	0.5454259187310933	0.8983571175427614	0.05869025351220674	1059.2070356159056
-991.9604537056043	0.7747068736728867	0.45168524083805756	0.31741015843121234	0.9873028187238222	0.049911052223873945	1214.153745081566
-965.5276346899495	0.9198378158502748	0.5654419288845561	0.7008849805961694	0.9320472425772286	0.05838126384229714	1033.2347837835343
-1138.0680546054996	0.7618580372467175	0.4188665145981158	0.14478379519287957	0.050674592646321064	0.04360623275654729	1277.3438348016232
-972.5968404818325	0.8608110642188991	0.5124189174640316	0.47957236236733247	0.9634497863706186	0.0509386372263498	1118.4172379906872
-978.1137310102947	0.998724529308463	0.5520865780620702	0.5012038227456216	0.866652830676563	0.05151247703129485	1053.2041375867527
-963.1629159802576	1.0177071072521173	0.6235580065284912	1.0044357614635955	0.8658690505859993	0.06160166743152914	933.8184776014862
-965.7822399006809	0.919203097521109	0.5502888455926754	0.7040768738337194	0.9609148536920918	0.05685084710865302	1040.0942799164584
-1028.9863219026063	1.010563312669227	0.5558084080489077	0.30960119565037497	0.5443882423604512	0.04806830565779111	1102.5721963378862
-966.7212362966961	0.9151649172383879	0.554668235327125	0.6334932553089364	0.9303106072439533	0.05651441240100181	1051.0208100193963
-1059.9576166167512	0.8661278421105599	0.5194627276682408	0.23338311944820983	0.43922655063597343	0.06457316924455167	1178.9921139782743
-965.2240067445991	0.9148598820128971	0.5601559383481365	0.7322250551621389	0.9481882214353802	0.05683139841859149	1032.443698843915
-967.1584055157759	0.8952007042615958	0.5424760500886713	0.6157090573391447	0.9565429139882102	0.05589028420730944	1066.6210354980185
-963.76064715177	0.9751964338700118	0.5980789565928061	0.8671441277255799	0.893205604720844	0.05949417283592525	975.6907307813497
-964.7922662692814	0.9433124004481424	0.576133674047778	0.748888306530149	0.9167132906660067	0.057551811107172654	1013.0205787076237
-985.3838269491515	0.8232707083494497	0.4903669544032744	0.366109304133451	0.8704035884817375	0.05037428901484174	1166.091445087949
-970.5036121489733	0.9107395042325102	0.5491714397940471	0.5356646608816908	0.8968377548598958	0.05479845642438303	1073.1673966707979
-964.3978844918183	0.9400632310452605	0.5803075786289459	0.7985450479621823	0.921323300848032	0.05807395663159631	1004.7102555487317
-975.9547345130852	0.9655620974301238	0.5751387909410632	0.49842652647746494	0.8554258667039336	0.054094068928047495	1053.867727328175
-1080.6055478044887	0.7574167589956965	0.4354636389435208	0.1773348518972255	0.4116916378703394	0.061049917302646146	1261.8397890141289
-974.6508601632535	0.8562893696632333	0.5134498849619937	0.44946070180294706	0.9371137027581694	0.05192410945321051	1125.6132353664527
-968.1982857211493	0.901586049511296	0.544168473857112	0.5782587153360045	0.9387501379138053	0.05471074023961714	1070.3708231612582
-967.2385330350808	0.8987205198999381	0.5457824703549123	0.6110425066816789	0.9464604181430593	0.05508037813905732	1064.6481663491406
-972.0489747550918	0.839054677335334	0.5019602546342801	0.5023470843738588	1.0222351084625096	0.05261278936935695	1127.2101285474666
-970.5073495742306	0.837625213753482	0.5096815152866537	0.604159110336272	1.0578396054122068	0.05778247914971658	1106.3152098567698
-963.3322389846006	1.0080006692264525	0.6205779879947789	0.9975206111445454	0.8652310990189428	0.06349926848764649	938.7085533466294
-1106.9062407620809	0.8429567216806967	0.502020957150571	0.2054536573977973	0.215678600450682	0.04758402258200647	1201.566480803819
-971.9262267889472	0.8485454437696431	0.5142882716510916	0.5181467321444531	1.0111085144405272	0.05908540269404644	1114.6281690060382
-964.1273640040793	0.9584994457311111	0.5859954975514355	0.819894057864236	0.9126127226675416	0.05882441070154895	993.086133115056
-970.064515754576	0.8385757659944022	0.5084134411932154	0.5591340622991873	1.0267466057837338	0.053618720370616484	1113.8710785530643
-969.0901276952233	0.9020941673165228	0.5472394265897919	0.5560896249877878	0.9309248762874889	0.054773932517080806	1073.0194756491426
-1059.2063217261743	0.9835912887865363	0.5900128595124844	0.2880579350953306	0.4095027046264717	0.05829742047541041	1104.9946959178146
-965.6577832037276	0.9480196559276325	0.574109992501147	0.7309891661492052	0.9230679289011928	0.06289164561304725	1015.330987173939
-977.3796953889214	0.8660892472348326	0.5114801363319997	0.4223175741034196	0.9128793442452752	0.05407681601058625	1129.132348015712
-964.6263779367841	0.9475820938826152	0.5768472184454518	0.7642529395818896	0.9162632327627469	0.05857420677286882	1008.9358829491014
-964.8901435791474	0.917614246860785	0.5656393932807358	0.7838167834941646	0.9471849474420686	0.0575921957136995	1021.1813374771774
-962.9233986983288	1.044209782045972	0.6409717213193755	1.0987569141396811	0.8429491431681166	0.06197098465692954	907.6159867390038
-968.858442146045	0.8668223520041478	0.5284301318339769	0.565135097851699	0.9832524715461384	0.05426670770540653	1092.3492484122917
-963.7637820284368	0.9758556237174576	0.5959202437866417	0.8686183225087241	0.8960992012689505	0.05904417038006158	976.2166664577944
-964.6272717440172	0.9460806055514086	0.5726524121439738	0.7700140728597858	0.9222652334646866	0.058785702831917065	1010.4228345912514
-966.2254299038061	0.9243501348339314	0.5581100649839426	0.6645007666302786	0.9445822087807473	0.058111326829178835	1041.2446369231584
-965.2073232551923	0.9179593808438504	0.5655645214760728	0.7294547545035374	0.9304686424412772	0.0572187349402748	1029.1822903964298
-971.789000595503	0.8680573460018025	0.5211152300109163	0.4970309094177835	0.9767420351865911	0.052356290464194336	1108.4120466495208
-969.2245260616392	0.8597659500452928	0.5162202668268232	0.5684538251078423	1.0077202911170986	0.05510059569040792	1100.390337379573
-966.6203349312668	0.8838641429282835	0.5417508577014044	0.6585129573739686	0.9662981798808135	0.05694728387806238	1063.660239847554
-979.4483718319416	0.8757665147112381	0.53851265712876	0.4249575873061035	0.8560054312479403	0.05558700369933914	1113.065098787299
-962.7674206051087	1.0820134821553906	0.6656890386871965	1.20801806132875	0.8126595459041115	0.0634051042648703	875.3073967502777
-968.561994772844	0.8911281914045578	0.5563716102553837	0.5917626193810825	0.9353149913395178	0.05946354411802082	1065.831658569523
-969.3605121655166	0.8966854183665911	0.5442246833301921	0.5559538959687973	0.9202372980361022	0.05209464135247363	1076.053738359164
-965.2846980706641	0.931368066142154	0.5664991666479585	0.711965148903933	0.931543280777259	0.05757330752197794	1027.1769345796708
-1108.8015592362808	0.8030715630975994	0.4386184769396177	0.16573406238845134	0.19573179165626514	0.043936803140780654	1251.5065653617053
-963.8709678534341	0.9631719149936497	0.5914326327867583	0.8578965879609275	0.9054036137902711	0.05922964759954926	983.7082103434658
-994.2028361738347	0.8107963152190836	0.4578744943391169	0.3095368756453127	0.9393748666053665	0.047359500192460185	1200.0465233113964
-971.9789511747438	0.9210994818072393	0.543172734178337	0.5094995808845781	0.9026183880462549	0.055923678645377804	1078.0421272147514
-968.2311013238913	0.8900000350096515	0.5414113056668551	0.6980674024394352	1.024528476471069	0.057304027877818596	1056.0152132737803
-1023.1951923341792	1.156386067934693	0.6317568267430197	0.39258791385912994	0.6214611505970632	0.04706873579825423	1017.9842519752679
-1025.742558572438	1.1075081603544668	0.7084486596804183	0.4349505552256383	0.6316240353296232	0.07248471668012951	991.876657653873
-966.4731867575358	0.918308925397442	0.5536675689606599	0.6470205905693462	0.9314931816969318	0.055170186132602675	1048.0665488804143
-987.563092348555	0.7563560290386098	0.46771829612695004	0.3476972140460822	0.9950027985456059	0.04531593622478331	1206.2612668337622
-972.5706714980657	1.1022422358069952	0.6628696970606331	0.7799109076844148	0.7606747705093477	0.06055132554786551	928.6509146841486
-996.4636994351064	0.770828854741435	0.4522239584327618	0.2971891079362038	0.9315831380928934	0.046493905957194416	1219.566231677601
-969.9918152523121	0.9187090234977727	0.5491992676213554	0.9104380062803987	1.0014663697654884	0.06911070384358668	1012.0122668879117
-964.1204846794614	0.9481715444609041	0.5823570056550456	0.8450324241491708	0.9224924134650347	0.05883244278591811	994.4536423832202
-966.3762261501354	0.9347794678162855	0.5648173465236698	0.6549454674030306	0.9174100301272898	0.057512609056111406	1036.30064134928
-970.6949144092753	1.0005732671172596	0.5818830930938582	0.6198825692384308	0.8423622720762038	0.05836566496220605	1015.2242789883877
-965.6205463670183	0.9130146499022311	0.5551688709072775	0.699821284873487	0.9534996966093374	0.056957565128437325	1040.5436799419635
-992.1146026090738	0.7278618944537508	0.4161272261295768	0.3575002245473646	1.1780182628848725	0.04620387307573491	1246.0613115363371
-991.7394280161122	0.8694287361930623	0.5250979851445531	0.3576022063296858	0.7749426037838296	0.046373315239831014	1137.4208254808361
-969.0677935702981	0.8968097888578389	0.5312549305593475	0.5570401649299189	0.9545837148615824	0.05333010560380426	1082.008866935713
-1061.3085798902791	0.8809494314311515	0.5045136538772437	0.22532394210163809	0.40330953342063275	0.045950587793858425	1183.768360788097
-977.2074162168914	0.8103901302187362	0.5120055716225344	0.434557665743468	0.949356528855571	0.05266102506898622	1145.5945919411456
-969.7159334221352	0.9147386421589183	0.556437243753312	0.5560738253383295	0.899580187950179	0.05302359004526261	1064.6551746301243
-963.9685505076488	0.9812509445807405	0.5989847388916077	0.8440597145799865	0.8929168300871096	0.06043377431652361	976.7838681363297
-1089.3027917884208	0.9235890743024006	0.5242305169619831	0.2046517649960566	0.5820434396859229	0.05570599557126781	1176.1836104330553
-964.352562226157	0.950307185853944	0.5792331850716553	0.7945016665208519	0.9184984215156837	0.05798012133239911	1002.4418821203883
-963.5539512311489	1.004721627114438	0.6065242718408236	0.9469633052054686	0.8711982286989035	0.061580654948575786	951.9705943402714
-965.9409262512252	0.9167126350078584	0.5575208496330856	0.672248805353553	0.9388843355315997	0.05755835876605075	1042.6324428422515
-966.9020365629265	0.9322129308811183	0.5673718415348612	0.6437624577226077	0.9308895869249192	0.05865091399992137	1038.150261443847
-963.5620534881957	0.9994182017637058	0.6120922335473233	0.9069371910319952	0.8733631289564392	0.05977772652025985	956.7841296215387
-964.0619805323364	0.9771584362815411	0.5882100464542789	0.8567155969994013	0.8929090177748545	0.060526637511405114	980.6790068640971
-965.6645168267768	0.973815885257594	0.5961946704463946	0.7323831954938355	0.8745494856684958	0.05984023347847442	997.3429151507365
-969.2236441027545	0.87272764046029	0.5175433335737203	0.5660138352871537	0.989821876659779	0.057089593726509034	1095.3943641377543
-966.2254101322242	0.8960259640351778	0.5568967412837699	0.6752639440946216	0.9408281823695095	0.05709490145710439	1049.3800322122506
-963.808956155691	0.975138708940225	0.5918913936861936	0.8730861094903831	0.8968580271839479	0.06022005188583607	977.4973824616185
-963.1865159019723	1.011955426702862	0.6228817781760225	1.0035020134717982	0.8670956437734217	0.06008769451724589	935.9070827272636
-973.5921384440966	0.9255255019389922	0.5423893418716464	0.4977372268586289	0.9282543134886049	0.05817265717314647	1079.7817387816654
-1107.356544409874	0.8311858749753811	0.45919773770213695	0.17437086798750803	0.1944336792699054	0.04518272434788816	1233.0162356404803
-963.1812425066846	1.0168256169465013	0.6239753159369567	0.9917116153163137	0.8602330370325042	0.061057319337641476	935.4462265670771
-962.9811654640708	1.0383821330468737	0.6382721394487495	1.064461451700555	0.8447488650780755	0.061920200915377734	914.413510587429
-963.7187536437399	0.9763555059609441	0.6047355246018302	0.9072381509620182	0.8966218422324429	0.06152131895562977	967.0569557323923
-982.2546236542835	0.8952010289225352	0.5694996721344587	0.43392416773393416	0.8162902144497273	0.05100290849574376	1091.8264368682167
-979.2018331560957	0.8043143675181946	0.48559149735672313	0.40013154219050534	0.9855909981548129	0.04988676470910416	1168.2118932962899
-964.2283982836706	0.9564434256902211	0.5907891590548683	0.8154191486422278	0.9042797435445451	0.060343363234898376	992.2517585711952
-966.6767868078045	0.8867051033910205	0.5402868412272002	0.6600120757733815	0.9650415715657032	0.05335194330831177	1063.0904061899416
-969.0466671630331	0.9047104451860232	0.5525961094041086	0.5662727839077369	0.9121905884683755	0.05311644189696227	1067.6439723235042
-962.7792967910021	1.0773439401488913	0.6626963832914821	1.194639062613748	0.8157694705484032	0.06309849904982437	879.1417636160273
