# /groups/rgutenk/lnt/software/anaconda3/envs/donni/bin/dadi-cli InferDM --fs input_fs/fs_067 --model split_mig --grids 40 50 60 --lbounds 1e-3 1e-3 1e-3 1e-3 0 --ubounds 1.1e2 1.1e2 3 12 0.5 --output inference/fs_067 --cpus 10 --force-convergence --delta-ll .001
# Log(likelihood)	nu1	nu2	T	m	misid	theta
-2783.936960415829	0.009956984252675032	0.28146398238507075	0.0015924095656946558	0.0902639669570853	0.1398066164509665	2793.6095717555395
-2558.693553429553	0.14708974204528427	0.6910371119620375	0.02983724029281068	0.06858516018642394	0.1409023117477934	2698.223481727129
-1459.2315812687916	0.8560463409967285	3.252136872200966	0.1832091083838731	0.4020782218375199	0.17291635683295528	1811.340749385499
-1185.3462922831118	0.8719362041935893	8.388847762755153	0.2783426640039328	0.8874625967635287	0.16957605796694056	1507.97424366485
-1341.5290382468097	0.7714922239467072	3.609163600937575	0.1935321601126434	0.6250478436888315	0.15373663921055292	1794.506258604304
-2739.0871191973783	0.04500229118669136	0.450787742343365	0.007600962525303581	0.24674863033288577	0.11363549964208901	2785.588738067853
-1027.5402090392172	0.789319994625231	7.498934452330794	0.5012935792608303	1.4540337982498168	0.18215648340084156	1282.2520617473895
-1194.509125753265	0.7026929288408383	12.463386002873339	0.24717195489588925	1.1373479723876083	0.15420765748495943	1576.406948573458
-1314.7265070878746	0.8361078571032301	6.65799692199526	0.18702744019154038	0.2972094937855116	0.15286584181030377	1720.578038846433
-949.2289835111878	0.6880781768173848	6.614487667509248	0.6259367646073172	1.7519804859978105	0.1688829714718233	1252.408021808886
-1659.1291329987944	0.5575520196402647	2.304944348803313	0.11037656992191146	0.1681755733144963	0.16984487388820765	2121.3873493369156
-2740.1199047278656	0.03619543870616995	0.4161296946126098	0.005879613266853205	0.1429268365337031	0.13711717680715135	2786.6818144940453
-2784.61424625523	0.008460393592757775	0.29199097080467257	0.0013523487137134217	0.15663599574421486	0.153355022490342	2791.3758822768878
-970.0749715436604	0.5502138496501182	4.782677975731714	0.42049522060061845	2.3472121884941988	0.15924991896011342	1534.763643879568
-2762.7645616811574	0.01802054929961372	0.36277077747042835	0.0029047272331797873	0.06586096368768707	0.13896741932889953	2790.870643552249
-1117.684637887065	0.788560170979954	9.998129042366504	0.4184853360391911	1.2691115721992923	0.15871793930247258	1321.9085245384397
-971.9382011277959	0.6145311127611393	7.106239141754807	0.5201397387888713	1.9953924969001553	0.16016318863729623	1346.7809489267413
-926.0138164094546	0.6939206246404732	5.227897345217418	0.6548988373170782	1.766851828718825	0.16220136033795873	1278.0113430646077
-1058.083699877786	0.6673511535885045	8.544659565013328	0.3681928082638402	1.6326000006081793	0.15830499451286023	1439.6365596511782
-944.6090472815879	0.6029413196433107	7.114656201200652	0.7070372190135648	2.113156955752245	0.17002606921677013	1242.7136516754354
-943.9905815521724	0.6140664169156925	5.107152187538542	0.5059855705810571	2.026002583733102	0.16109541304956004	1415.5211222642627
-955.8306832800494	0.4792363029955666	6.018820504122828	0.6864887763268724	3.018877740633058	0.15242562768201734	1387.0637776432034
-902.1723838318848	0.6357843698596184	5.447538614248199	1.0176212428259428	2.044669554044442	0.16291505952534804	1161.086048765508
-965.9129604470902	0.6240347272451952	5.529543925515767	0.46309538857362026	1.819905954038607	0.1527653797926294	1424.548701490933
-1189.5201168551334	0.6331652851006785	4.892138632890132	0.21950534881924108	1.0423839751131456	0.16805153376022755	1740.3611909486178
-914.6628761965691	0.6211151264853939	5.295742502469459	0.7073233505629962	2.055560721290769	0.16585445162689746	1287.1250183452175
-932.2851989418522	0.6846437275686428	5.574814050928312	0.6079004933804462	1.8070619702279695	0.16094907524158839	1297.0019798654625
-899.8041873955497	0.6795709491088715	5.903548510633224	1.1297100596854248	1.9076618382898411	0.16410200905996936	1090.2884742258868
-1091.3449180496225	0.5847581431267566	10.559373098023459	0.35659578649448526	1.9831757735060207	0.15741146068024786	1468.9266905203572
-938.263405866937	0.6401433284831021	5.317648014142934	0.54374616927689	1.9248487610335405	0.16072296194917238	1367.3444776913407
-1144.6927842095706	0.7727254115335506	3.3162911378681197	0.37422785564136607	1.2667985232784935	0.15397402672735064	1550.432571912923
-3588.165496330024	0.019863982245790696	0.3127855914152114	0.0031691341082045045	0.22588386013754208	0.3557970302988836	2796.3518376740026
-2767.244374464175	0.016807905006181074	0.3497425836701331	0.0026891814602587514	0.08512228412094491	0.136623901467979	2790.8224922750323
-906.4279583048341	0.677593367921252	5.548257618911862	0.863598076483024	1.9059317074532829	0.1582948614599015	1183.9091676717708
-1402.5527624326896	0.6633545744079521	3.896988458117309	0.14595135408740822	0.30757531172039865	0.16124455599149976	1923.3577066907021
-1248.9326577972927	0.7320471691595978	14.89960434777188	0.24707052624253853	0.9234845486539043	0.15665290204225454	1554.8958397185502
-905.639748960995	0.644316572283116	5.461592324011233	0.8659958903103749	1.976637644854234	0.15774567487497362	1202.26326398647
-904.0890847160731	0.6985936923076621	5.694352728574107	0.9484938090974769	1.8155971071819057	0.16312687985731641	1137.691552673378
-923.2964955149988	0.5955579175653155	5.432263082189771	0.6294879271479553	2.1334437574463134	0.1582081799505756	1335.7624967053398
-902.8943964644928	0.7177672514410458	6.159156514723142	1.1173169801606977	1.7567706990434553	0.1606374110360081	1063.5841909048067
-1496.361035983267	0.622913945983075	3.333746075409454	0.1209884379191692	0.08068363586678594	0.15438767674178921	2021.5489258088446
-905.4835109469618	0.59523083598823	5.6888522036622415	0.9574821059416372	2.2140194954656183	0.16367231444333152	1196.1384054398545
-900.5851505008699	0.6663010683505091	6.095992501690391	1.152554837243491	1.9036138200821844	0.1631970708275148	1083.0980887765813
-908.4558971124238	0.613350995109816	5.999089225902908	0.9086248248841565	2.092928641149377	0.1700553472192227	1186.8523980283458
-960.5483032351948	0.6743056711032537	3.948848697264496	0.5966787042346247	1.8039170791487602	0.16095206118311997	1380.9622564483793
-904.4193918239569	0.6931302500685944	5.432284208938427	0.9453003422233004	1.8348171361160082	0.16067526975664528	1151.2246768546427
-902.4710185669541	0.6660253763151224	5.584401357420818	0.9479455942350642	1.9316425297404116	0.16378547774583735	1159.2692324888844
-2758.0509391029073	0.019320597426229862	0.3788464292427108	0.0031237328375291027	0.10070044254897456	0.13417950981402568	2789.936215145987
-976.2046608829198	0.6697200372389439	8.558290240770232	0.7778846412547846	1.8508015310186277	0.16095098230742536	1143.4683558242832
-1201.6538800412854	0.5985595103811213	16.056040414321124	0.23816978929249336	1.5503054482307985	0.15438555345002394	1616.0962702373047
-1071.8993038662945	0.6840174907504463	4.163496094470631	0.3411089796388378	1.4074416716359388	0.14453646878416848	1570.155589876152
-1205.7880425367355	0.7906658254300445	12.552337818959952	0.3131705559520681	1.0694869248150154	0.15909162273044172	1435.7368353185275
-2585.063127888425	0.1383845147083482	0.8632573089373826	0.02616128633690813	0.0854099916235631	0.2361183938849421	2670.8936013930966
-919.6970917965181	0.6023846723346309	5.635208673666401	0.7993588590769527	1.9051287848486371	0.15939297750036244	1235.0181792939293
-1132.745664825627	0.7605361268160863	11.318137353797825	0.44041858236534254	1.3784886635505773	0.15900436145077207	1295.7926907466174
-990.7905145337847	0.43242751659404993	4.88770145473036	0.4421099794410971	3.1319452061943807	0.15597004805850506	1603.7950177393725
-905.2614028605724	0.6731915865298458	6.641822777509465	1.1140568606530932	1.9369577898921044	0.16335040219174574	1075.3539643876989
-920.3191155559291	0.6102673322143461	5.709132714374714	0.6856575107025151	2.1174615603847733	0.15364280938663516	1289.7416219331917
-1067.5717261620011	0.8126218972869286	6.117813423315674	0.37773815591819493	1.4836752121622991	0.1937356676140922	1427.8181462329135
-2726.964068548616	0.042094323212198116	0.45456033601471185	0.00700392193426943	0.24887359806498213	0.1220292559339991	2783.5266452050696
-902.6599187608697	0.6449631018326356	5.387193907018816	0.9606056917749729	2.0102879690239326	0.16296667083910787	1174.8988548126224
-900.4296784791004	0.667455292433528	5.702661458465481	1.0675834860700253	1.9465356740903677	0.16381717739696167	1120.0400431942605
-2787.141214690929	0.0062657052227645576	0.26803204865974367	0.001	0.08299641998754825	0.1527867675729612	2790.850856807851
-1646.8363748044667	0.8589795262327407	2.3605704356936807	0.15581982238806877	0.36056702227934584	0.14762352758914393	1923.1457063188134
-1336.9048690811583	0.710615906335628	9.142150872223302	0.1495003073342226	0.1014361599474219	0.14902975444554253	1824.9090947741827
-1098.7760709250954	0.6547042904364864	8.396636758718307	0.41530089885279625	1.343971249400571	0.16307004451730278	1382.5592218110842
-2791.919613848666	0.006270344920455092	0.28040847912938915	0.001	0.059571950371517454	0.16143822446809625	2789.9566119552965
-914.4095585206961	0.6352702302591063	5.140460734400186	0.7076943081193192	2.0015395411111996	0.16093963423996685	1285.177525406975
-909.312032320306	0.713708228061703	5.331055172491986	0.8797907629224075	1.7493682779553017	0.16404526326494712	1166.6941931402387
-936.9097529990299	0.5613621569265393	5.248307025880551	0.5529870583077299	2.352499013486821	0.15738310203723896	1411.6756245996035
-905.3363886921964	0.6967287392928209	5.545652663928996	0.9307639434153983	1.8015206225451632	0.1608819698540944	1148.8954888983856
-1332.8542748535497	0.6993863699731878	9.827965321984108	0.14271933890858576	0.10314189065007805	0.15180096588808129	1845.0218907343635
-1151.5454419815794	0.6519099320098757	7.903932497203601	0.21281076137504115	1.2642662898017332	0.15412177558449824	1698.8722558858294
-929.0483433893396	0.521163825077941	5.25650096959768	0.642126483709906	2.5304119609911306	0.16041480775438927	1387.832330185353
-1006.5453462854164	0.865318226464751	5.652490821100133	0.5741785131002748	1.3955360068414635	0.19465789297564506	1251.3431821148367
-907.2895393199649	0.5937783791840217	5.499482202563477	0.8601561728531992	2.204654209544413	0.16414525075152453	1235.2587001415675
-989.0616023036167	0.6333687298452036	4.469724953704316	0.4048803589120589	2.150277257671573	0.1664768057274376	1521.8718230884856
-905.7260391339066	0.694294343185038	5.682163129850519	0.8966278759278995	1.8342014550978891	0.1625950524911634	1157.9667767802825
-1048.3565737335014	0.7970873027254376	5.270112802095907	0.37160653399582944	1.2881690144950357	0.15744458911101458	1457.7639478703068
-935.2716000450072	0.5531719015659365	4.632262999139212	0.5690142710130667	2.345070670846829	0.16110666696021042	1431.0753094653417
-978.0744889801298	0.6205437793692883	7.650820428372468	0.5582595351869795	2.045465456902106	0.1562536375677555	1307.9291050633615
-1159.445830218194	0.6917007232213244	6.109705283413208	0.22686330084327944	1.02938474026507	0.15682666770676132	1681.0509989073298
-926.2807350476069	0.5120466066713628	5.197767025134589	0.7224322013004353	2.6388560081097423	0.1583570647760723	1362.8930861021154
-1013.6602542805215	0.6659123607170905	8.77756722450023	0.5562582181971998	1.8177475643786254	0.15946786886561168	1265.8245121558077
-941.831823970525	0.6216998139333852	6.679461136462321	0.6589528021198241	2.186033471442938	0.16650993459034477	1273.3828253015654
-907.0884762338833	0.6446166878486689	5.417301040772517	0.8147177066638897	1.9922126152480415	0.16236525476318514	1223.920871268852
-1149.446647380944	0.7028547737524454	11.645143434663645	0.3196939031874917	1.3859074628724886	0.15891349686014572	1459.751818202262
-935.2605238089083	0.5146434129415127	6.365704241186737	0.8234582355179243	2.7228182454521876	0.16044169214673074	1286.2168622748306
-916.992734186384	0.5870889981380593	4.951888119737174	0.6969191013007028	2.2351265488320213	0.16038683835256037	1328.3370413901337
-901.9361473029502	0.6618663604428339	5.584298501349699	0.9701595534870947	1.9527727383570133	0.1623803879651315	1154.8527820920483
-1003.1363084030884	0.6638404916983942	7.131191324710849	0.430913655423744	1.7219425138744189	0.15950814186481438	1397.146869496856
-1098.5634469367374	1.0157061298939825	9.39836801508313	0.6185585635154333	1.2484597260495323	0.15977076843410964	1110.6213689456129
-1296.4622441261017	0.6922199280232604	5.289897373641936	0.16139216577811186	0.49889851428458576	0.15303834727247798	1841.87032727348
-1114.872118409265	0.7804933581302913	7.859693659489814	0.3054719698940527	1.1630867397960973	0.15829513175053259	1494.5318810884671
-932.8325236261192	0.6211350178729562	4.667724101778652	0.5778452168855139	2.006528478179583	0.16169486298775704	1381.7365622640373
-900.0633830161565	0.6723674261462432	5.989853231911564	1.1578245185049474	1.9457374404652967	0.16687107243681504	1085.1794413668204
-907.1133982103169	0.5962399016234904	5.324155660161349	0.8529956088971191	2.1940452126583	0.16141420782129767	1242.9489671902966
-1096.7331457555856	0.7567606094709729	7.1631288852004715	0.35093745723842523	1.1510146694174823	0.16312939738997198	1446.3288667901925
-1215.3953148575529	0.6904901212737783	11.161038796446235	0.20284099855403923	0.9125006206658555	0.15451273331032417	1680.686358299934
-950.1320063515215	0.5608095100383454	7.182803516164962	0.6830282364092639	2.3445961374926134	0.15564479590473604	1281.9936239470587
-1071.2083197322552	0.8670921438625572	9.975105336929504	0.8494350856319914	1.2419793332011841	0.16572104520272413	1008.7299092306957
-985.927006522242	0.602216521218108	7.312275963994113	0.4772094395676793	2.0629824278506104	0.15975596786365645	1383.8523603843341
-1253.977492837093	0.6278525109592009	8.929631400588773	0.1933148023564683	0.7040013112248596	0.15085057518861	1732.5698564964982
-907.9913986735123	0.6389514555641138	5.228822451334123	0.8350712261049569	1.9372953709587786	0.16469742826117176	1223.279436503879
-935.1865661951748	0.5751010464098872	4.946163292715005	0.548974969508891	2.2070198167007873	0.1552427465762681	1414.5495676065864
-911.2757919101455	0.5975466784293069	5.195184680938638	0.7552472790273573	2.1724378959950585	0.16188931084829103	1284.6677583497417
-901.1093986553803	0.6492691171767808	5.720830260228801	1.0283907877046243	2.007358486035495	0.1637043287423309	1140.409117569805
-948.1107531229188	0.49868095753533775	4.5557550060848815	0.5521147647389575	2.672081111922008	0.15408711804587247	1486.0016009928013
-933.5077246214659	0.8452113119747122	5.86790911556105	0.935237555728753	1.4164609031722901	0.1750857100073552	1074.616765564862
-984.6907517519588	0.724971316562766	8.359274748516059	0.6892089624905698	1.7864658426887512	0.16410444028336188	1170.06623780484
-955.6237404848063	0.6602452858462761	6.985776730607958	0.6053397010460081	1.8589804914394064	0.15995091390820554	1269.5240211821908
-1156.697755762455	0.912102265771985	7.677796898457454	0.3592871867197316	0.9019673222239613	0.16308654356758412	1387.5793798503894
-913.0385305129234	0.7479880862178403	8.392587313903178	1.6823450806234708	1.7686003836578532	0.16774963022011072	892.4312693127083
-1302.594743919894	0.8279593427231018	7.781462945396201	0.18116572853655874	0.31462451823032744	0.15582630719614318	1724.1949678500062
-983.8971278203991	0.6696891799933122	7.21015817737691	0.5112637624584727	1.7511512004965024	0.16529075440740212	1323.6530906908524
-905.639748960995	0.644316572283116	5.461592324011233	0.8659958903103749	1.976637644854234	0.15774567487497362	1202.26326398647
-923.7230730102962	0.5781847941483313	4.872630429160973	0.6711372268861817	2.0535294973244778	0.16446862010899682	1340.9600878506958
-904.67870635122	0.6258831486799608	5.763412129174027	0.9138835741678558	2.10243875931559	0.1622762060234305	1188.2182681968945
-956.9779893003977	0.7519672251680971	5.129127459937051	0.5855025686982901	1.5837198930580025	0.17826567868833645	1298.1277395203028
-904.5192564187107	0.6113690083476135	5.573622621760088	0.9204836687079757	2.1469997518192887	0.1613403669523606	1201.346997961388
-900.2476636444367	0.7071578739344396	6.6119195374456226	1.475252448621087	1.8547346939229314	0.1653105845184515	984.3127467080532
-1103.0033696353216	0.8968763225646705	6.7714149054109525	0.3916932507309403	1.0682707701071894	0.17721057218814446	1369.9068613938668
-2689.444273514955	0.049509390846111674	0.503203669972536	0.008193342033558378	0.048575142464556895	0.13495818340729843	2773.5313818270347
-952.3915814601845	0.6101108313323663	4.7039256557991935	0.4809066414050171	2.0835995339269435	0.15329208876671496	1454.0681170368916
-915.7798245334594	0.6240939712820641	5.01273174226074	0.694697040553351	2.032700726784952	0.1611952942072775	1302.5721249529226
-914.4968909998248	0.580623612560961	6.179980042787795	0.9420374565346231	2.3701233274291016	0.16384030878023684	1199.3173460457892
-2760.444145581515	0.016887160767549293	0.37273271331468616	0.0026896179998965133	0.16903100794934814	0.1377849835259102	2788.0204207163206
-1077.7115266942665	0.6964533934584392	9.041974026410461	0.3672802476434061	1.5116218640545551	0.15798287642674919	1422.8357542667204
-1311.5642162739114	0.7703661502469076	3.3651849391789406	0.2226090333629032	0.8093286114762613	0.15200069231754273	1750.5547721435764
-2417.5989843536354	0.12940102590894154	0.8615493734352443	0.022531733839376924	0.08931481842818492	0.13799910985716918	2675.56745536752
-1121.3223457808847	0.7783588323137143	10.893650812107223	0.44608565782662146	1.3811689251485333	0.15948793885493212	1289.504773610152
-2729.682230290284	0.03832220442454387	0.43496620771556704	0.006296658360336802	0.039468267327050964	0.1360983305387782	2785.231449121333
-1015.8734094609079	0.5884049550630595	4.049457488009215	0.4204089039546885	1.759953394584331	0.17582140859104678	1535.8935381053232
-1023.2193521287315	0.894788205445773	8.754764624598344	0.759100019015317	1.3459584886819038	0.16622460346290524	1066.504615654485
-1398.3676425090641	0.6198333326252626	4.778152119106654	0.14220871467634943	0.17026116248642023	0.15389415148245447	1921.3941737240552
-1523.0522178697174	0.7266319819777004	2.997585916375327	0.13153648909459797	0.1888543958229338	0.15751748882585143	1978.575432262416
-920.8990605014505	0.555172584393148	4.989474981817338	0.6733667018149728	2.3537550070068622	0.16113634701549903	1358.1272370828267
-1681.1163779185222	0.4154931309618141	2.3717866736170468	0.07594927361233074	0.3145910597908719	0.14312855876667185	2270.1810965739387
-901.2333936114665	0.6712135636095286	5.937359091149667	1.0398439865191256	1.9090450676836785	0.1648126373910621	1116.1737075114816
-933.8817633887045	0.6935938409883057	5.358702046875442	0.6005276209572143	1.7729156754680173	0.1590392001390126	1304.8282013571838
-1209.0653296436399	0.8700618233905344	5.895460339528449	0.27429549912589407	0.7285527948972698	0.15852644109006406	1551.887690042921
-1608.476542113146	0.6032017746602363	3.2027430544700675	0.21067857703535464	0.8347803760890183	0.07302141420913559	1832.0218770543204
-1236.468809320123	0.7663479763019874	7.317041156632968	0.20176839152965534	0.6324440900616104	0.15526230737501925	1693.9514464107478
-922.3724085701191	0.5029643724728344	5.181325687441141	0.8275694917480146	2.5939472055926878	0.16564643452658454	1326.4502051262532
-908.9904348289388	0.6085248718276981	5.0781302882560055	0.8056327328666493	2.138896336234567	0.16257299843274758	1262.75605491323
-944.6079403708959	0.666910069636948	4.984062403577563	0.5344718132229442	1.7990617990225986	0.16087920670220124	1372.5892216530283
-1208.0736511847863	0.7476585824502399	9.654626052960394	0.24580477228208247	0.8465218289011184	0.1633756976382637	1582.261071585625
-947.8015003278233	0.496045742687519	5.288321558865513	0.5498492716526607	2.694817541023281	0.15919757685230035	1458.8560110622725
-1282.5297994865036	0.7569069076052295	6.095267669216228	0.17794077424945434	0.4605205656953134	0.15317178325084982	1769.4162514224151
-1073.418857165123	1.0705821539139668	5.435047220039605	0.5860658399799867	1.0187098256205696	0.16355728714579798	1197.712798663883
-905.8810965857699	0.6836319617932619	5.6528266516715675	0.8743303147615485	1.8749740708410438	0.16334613043735302	1172.646152464377
-1158.249193972119	0.8622450319091439	7.75064163152091	0.2805943048341359	0.9766907582993454	0.1573389672966433	1515.2778585524816
-1513.7351832325644	0.6358511253536989	3.2904684311545376	0.11901410300332102	0.005695822329473167	0.15206284175256674	2024.9432445826767
-939.537818443979	0.5822999101087571	5.723344056753614	0.546408130282354	2.1655136111208315	0.1608841337987026	1383.4443844569503
-956.7637519866764	0.5838418638156018	6.227997049153786	0.5021684417056982	2.1463084813029982	0.15723823034772796	1398.9408619400715
-1130.5639692777186	0.852723566436797	9.494458689893946	0.41396676590757475	1.1282836524137527	0.1588602823467144	1314.44649079529
-959.1579147122784	0.7212118327964987	6.039565277421648	0.5792751208216721	1.5644006088959959	0.15778635458644952	1280.4389399526965
-933.7579701096963	0.6272118665903268	5.631925296779842	0.5832635192875514	1.973535640290735	0.1673756670667904	1337.2044736405353
-918.1445644046624	0.5385693279501267	5.592157863885619	0.8664258952993351	2.548667764722145	0.1598686926761468	1274.2126796930763
-952.135198081543	0.576623252634007	7.718593915917171	0.7779734823364031	2.3097264901006973	0.16019887238795208	1218.1486393132757
-1010.5648025237332	0.5354569230464113	10.355475860671863	0.949696488065528	2.5687249449109113	0.1595592089257897	1148.931125145095
-917.8380337693602	0.6096568681821318	7.28870649683689	1.423284644673462	2.201656363810227	0.17399559561693362	1035.9082023224967
