# /groups/rgutenk/lnt/software/anaconda3/envs/donni/bin/dadi-cli InferDM --fs input_fs/fs_080 --model split_mig --grids 40 50 60 --lbounds 1e-3 1e-3 1e-3 1e-3 0 --ubounds 1.1e2 1.1e2 3 12 0.5 --output inference/fs_080 --cpus 10 --force-convergence --delta-ll .001
# Log(likelihood)	nu1	nu2	T	m	misid	theta
-224.90705010638695	0.019511836357701137	0.02107976132371683	0.05064194158789579	0.12095927288756263	0.07010937609218333	547.3904854392192
-219.89571605111405	0.027888798799982295	0.029707204266810026	0.07170273614169684	0.13203036323861297	0.0	523.2384959898209
-199.85934362604513	0.023924805913391346	0.026192937451532387	0.07305362975491575	0.4120116020591844	0.07224333467454748	561.9499953619693
-217.78954364898016	0.024375667381140644	0.026561863397106	0.06759207934448734	0.19907321429397323	0.13568023448955616	543.5438958600159
-267.2558736229553	0.01770979431989531	0.019032318720921256	0.044792384339388876	0.09392640428507079	0.47724875648670717	548.4769105570748
-189.76662813274152	0.02621548365147948	0.028411269592405954	0.08710090900103984	0.5394346645161238	0.00921406822234192	569.5418611054099
-183.53824244924692	0.034956366313398254	0.042844925042712	0.28088222992717915	0.6184153949442984	0.0452341511200804	581.7296238279336
-185.52031268455292	0.040605469164240404	0.04904089706168154	0.2867055167658574	0.499471595868793	0.05770558648092505	546.3055973146186
-223.5053580085094	0.026267027794116982	0.028598947373697253	0.07015133080386886	0.09178443717666138	0.0	530.8957345424857
-192.80915674370712	0.030215694676293592	0.03362639746290484	0.09940654136979565	0.40884443181301217	0.0017777033467739293	549.5975091712004
-183.8108466275496	0.03537321664436863	0.03989468220148085	0.22449706027389668	0.6082983777584465	0.027565874483100085	580.280668412934
-197.62654625836967	0.03437429743973668	0.03854089380183191	0.11318520595395128	0.3052450834873861	0.0017299174410560338	533.6359207710785
-183.13538325213582	0.02515066502032802	0.028171877888968362	0.10852940309498771	0.8883315122239178	0.0006508241801734529	609.4387518568428
-190.88392978132438	0.04355821160582705	0.049606468905573756	0.19221772780286286	0.37996187199476944	0.09443177033319251	525.3367254641186
-189.02677584556943	0.03933009698617202	0.04438961408642233	0.15966353412273318	0.40892233171506936	0.027180227846627568	537.1838865712514
-182.4928963798048	0.030484136643686335	0.03566951208447209	0.16553614140954365	0.7456257301469034	0.01897583462883467	598.2423035368938
-186.38981909178594	0.028613780875858613	0.031357462463082596	0.10941660266517766	0.575732380280393	0.010290267938926612	577.2456510938666
-190.2297968572088	0.03759804963276278	0.041990090376798773	0.14088651978063488	0.39835824349458093	0.041942233982537595	538.0522424145962
-202.95713167551247	0.04028837678716818	0.043368455072017316	0.12498279400507915	0.2589285254814032	0.08528311718123091	513.716231836097
-208.02467238367305	0.03275227265389368	0.03597969003061837	0.0974970374435136	0.2037028892204785	0.009224783720956524	527.5016862049928
-235.9287309240987	0.030425629298426342	0.03304392461224399	0.10486074476988527	0.4750482469689979	0.48053699354582163	558.5251855594744
-255.80480799518563	0.001	0.001045129554063127	0.002274835739988161	0.8101265918858096	0.16778742189792628	580.5359071744537
-183.0898543883992	0.02485135912680177	0.028028477155286884	0.11020602109679328	0.9171722240497375	0.0	613.7231523846349
-187.36305934303982	0.044075523732677355	0.052097910663671365	0.27129885649791163	0.43594473799092986	0.05224667608576071	529.2199309526816
-205.41707701051024	0.042115760591341186	0.04712883631244816	0.13925571700266814	0.2080705301463341	0.03843716690576772	508.9768874604269
-217.04876302179707	0.027171382058702256	0.029584517022112577	0.07542606368952634	0.15842721090809456	0.08016722901290177	534.9291829086714
-202.69453106744626	0.03956082192433803	0.04369931674461248	0.12869601019213336	0.23546422073805998	0.026350207503969388	517.0301314316326
-231.02092126417978	0.018688887877441645	0.020568496030565875	0.04811045998043323	0.08221953808529493	0.11883810636240635	545.6767563406788
-223.08041857052163	0.028372944262025114	0.03036328754895206	0.07869259915688295	0.1498184809808232	0.17720770583275414	533.2658107364582
-212.39828486554558	0.029157186003369744	0.030897955336170166	0.08208699190316472	0.17872965973931965	0.0	534.6520071774988
-204.07380319473265	0.03659743660813832	0.04090617286908411	0.1160842477049482	0.22876925652787447	0.015425970332861754	521.7819534579758
-188.11782151246786	0.039409758376254087	0.04687894973483157	0.30888824733120784	0.5366538424638784	0.1408583471209511	556.9116660081871
-200.9577582166071	0.033311193076711224	0.037020315055330905	0.22191660843896338	0.6986214752462934	0.2862386079533994	599.1916209228551
-225.8672376005464	0.025562871896625552	0.02730883171236223	0.06637776343304869	0.07533182890456949	1.9242784543896065e-05	530.5963749835773
-265.41815293091736	0.025751842513589467	0.02777042234780637	0.06873876720668602	0.11769012752009728	0.49246430186446877	533.7671760870337
-217.40437036897288	0.03439143720546465	0.03769882474533746	0.09852657544942547	0.12904854819411368	0.0007198496179198472	517.0883168210578
-184.5275646471449	0.03140783495442326	0.03652933242993981	0.17698168875852321	0.7200892006551095	0.09211471130723485	595.9555953420879
-187.4550867978943	0.04009394856685081	0.04751769293556108	0.3460544160949774	0.5221397328472664	0.12675756890403253	553.1334561992202
-235.05166161072597	0.01640700108188052	0.018162686325144804	0.043030473316001266	0.1400106798002709	0.21841084321247342	555.9848590234195
-185.47392106424525	0.03646779772214027	0.04103495207929376	0.1579287902706103	0.5151011583655057	0.0411283681521705	555.1826177001138
-188.57362184043868	0.03266606213202586	0.036416600046721044	0.12056120269022882	0.46691097548732324	0.03916523503500067	555.0413265480416
-222.56891476501687	0.02129568037970079	0.023067342880089617	0.055768165145058446	0.11449450372461696	0.0009222150846208556	543.2089615011482
-183.65772816279087	0.022975477795763373	0.026174268700552197	0.10485889305047234	1.0367032248756718	0.0	626.898193111339
-185.3728836607999	0.03890100640057545	0.04454341346620107	0.2010010832386459	0.5064456322926386	0.05559222433971553	552.6696524370967
-210.71764204594322	0.03019222703176951	0.035491957837388476	0.09513841652172667	0.19511458089846626	0.047547213061788815	534.080105328113
-226.8041760583048	0.039440787888405805	0.04437891655926968	0.18108752512325352	0.47126675558429976	0.4465872058296904	546.1162956388268
-187.03262512992268	0.04362900493283549	0.052522603114211766	0.31445279884984245	0.44814086146479826	0.04262376811106471	529.9517735489983
-229.1087059828036	0.016545070346314136	0.018002147478521437	0.041797419834970956	0.08182003328296764	0.03807156244111961	550.1044909680592
-196.1890948433808	0.03609210388624709	0.04006132890259709	0.12303303385914753	0.3164307141255856	0.0	533.1754903979167
-182.4267541739057	0.030299219708035088	0.035251002771676525	0.17355514234354866	0.7679885448506036	0.018771507461032882	604.2183999588367
-183.0324837140089	0.03414996175867142	0.039546778377708654	0.21699231157079496	0.6549425921552731	0.029264205856289527	586.6894862112877
-211.1984305540994	0.023813765576918815	0.025878912072282528	0.06611567711770429	0.2184337930058534	0.0	546.0098184317857
-187.20993556702769	0.04086536353579761	0.04632928270220497	0.19571708459340637	0.45085096544294617	0.021419852951560993	541.1094005570044
-182.40364838469077	0.028996360410402416	0.033639847257153375	0.15848981847045676	0.8088540862250228	0.013842902788173761	608.868106963123
-220.72379032845052	0.024555097094334948	0.026756095029908365	0.06625479132157747	0.13228614066430106	0.06918287096443855	537.9074398441765
-211.30813307043334	0.023445385974099363	0.025708325722635164	0.06681524790176768	0.21768202984464408	0.0	550.2681144188629
-205.651731625597	0.028166370016670685	0.03082562361921992	0.09196759279466021	0.42982785799082623	0.22453064554479685	557.6932159039695
-198.1772431875532	0.04474921509966929	0.05175608414313769	0.16831767532920813	0.2773382991283342	0.014007122126447065	508.60110964992407
-187.56627210561038	0.032977982466609754	0.03410862070770522	0.117365308348052	0.5163617908710536	0.001967090938382164	559.9441588015104
-187.29540421199448	0.04062218682989134	0.048998176261547836	0.197493779205855	0.4490649521785671	0.0565213460893669	536.3796098152717
-196.97444608966708	0.0426072747566831	0.04872257524112065	0.1654732109271349	0.3039771099816974	0.11131501811960363	519.037079243045
-206.4835709912217	0.035253613996138876	0.03936487147508451	0.1111996933419786	0.209591533396813	0.017221603455652944	524.9720217022715
-185.20711604135784	0.035346077526215165	0.04035262270751732	0.15762284328941426	0.5377152816098137	0.0027972047619744685	560.3366242768719
-191.62954147135326	0.036204696662064106	0.04244633146592161	0.1332864740017557	0.3867309564062152	0.038534853341350844	535.3328319881681
-221.52051906427283	0.023165364181449228	0.024933573125813655	0.06070850997176189	0.1174123817277756	0.00028154720594991857	538.5669157318122
-219.50587159262776	0.023922619249292724	0.02567191487573462	0.06356894880549419	0.13286022971596054	0.0	539.1923641410722
-194.2818555162421	0.03925454210100276	0.04363973507436976	0.14247211268076326	0.33397336765756686	0.0	528.9593815267319
-227.1061600002771	0.02139153930889722	0.023413129901788482	0.05792514867874737	0.17325055994863983	0.20389011733203094	547.9610022717239
-186.05844333058832	0.03423834780964371	0.0384813223868264	0.14206682306046853	0.5214547669147839	0.05480158855863224	560.3196574756832
-184.858164940974	0.03231188560725844	0.0368520278535644	0.13737750404273005	0.5634335023009928	0.027071593914344924	568.8682123187225
-189.03244083551417	0.03857545431367824	0.04398120440444429	0.15829892721031785	0.42492445707688914	0.0	539.8631303345696
-217.03195625158753	0.056333905347342686	0.05954910538215927	0.17353056321475951	0.14614636623646146	0.03684915930938335	471.10188610863025
-224.1311750757112	0.020032169636826542	0.021600511430341376	0.05262786509889044	0.14086899016398163	0.09964023838693577	548.4273027096708
-216.60268474699308	0.015754878881591893	0.01592489742708328	0.039619259674152744	0.30441547532163543	0.0027983314541908545	562.4113803006568
-186.3652847387672	0.03700486335230611	0.04211782358208392	0.16346551885994315	0.48299888807354247	0.05253681339344789	551.9509796861648
-205.07004072998944	0.032095052881747264	0.034269633001503715	0.09311595423589641	0.2426110708081557	0.0071491426983953	530.0689793119385
-224.80983024593107	0.02368423109140427	0.025827209310710128	0.06217389840118185	0.08562840501467796	2.8392154083334367e-05	535.3937291646871
-185.4622524656691	0.03958953139397697	0.04424635029062421	0.19298987550305807	0.5030485425277526	0.047436879448862976	550.3524581594954
-208.0712733181152	0.057866555628631196	0.06537026916530318	0.23564213590792077	0.24081832253628965	0.2035779803539023	475.4236691422247
-212.43160484389367	0.031177032425409954	0.034290990946449586	0.08997564539900467	0.16996253334268	0.002494800284250288	527.5040712130475
-191.56915740534814	0.03450209893913296	0.03702967218518744	0.1230256903532512	0.4175476539059116	0.07576461313708667	548.6376185383451
-237.9963676768944	0.046854481507064547	0.05076838988960137	0.21863070588663822	0.39351619270888427	0.49249424832418875	521.8093660795537
-209.5137011460568	0.02680853284155345	0.029220818847796055	0.07636839200504433	0.21500757539581458	0.0029936353712239107	540.4405095043196
-232.82578082822212	0.014189381330760439	0.015519078458344484	0.03599503534389188	0.10366218829718256	0.1190353664799194	557.7225775350322
-206.90813769109553	0.017974193272761754	0.019707385413791433	0.04956759351518156	0.3871566955467567	0.0018095247654057094	563.544648992894
-182.4276723300725	0.030224195106947523	0.03512668006679507	0.17094657222268556	0.7685246514546863	0.017435532171933502	603.8561333721732
-205.89319650176768	0.03201347051293702	0.03504923123152393	0.09938522203125287	0.268113021017623	0.12843207262249848	536.349801247809
-191.5260451378307	0.03590511662316053	0.04000968503806459	0.12936217727604837	0.38581243268913296	0.00014649481234920296	540.1180927198146
-182.39311996389128	0.02935992330322025	0.03447767911414654	0.18358390053251583	0.8118549000916269	0.019082536718803552	615.3834107744923
-203.36420047065093	0.021674540063431565	0.023630199157528092	0.06287949122174638	0.3510046228920886	0.0	560.975976461221
-206.7261275753056	0.03586838397736519	0.03905087716971416	0.11422350263769265	0.21021373757834125	0.0053107963722437935	527.0493670190433
-190.35842417450323	0.048205533965017325	0.05760044798690279	0.317060254108227	0.37005241756844337	0.051296766224821023	507.362104316228
-225.2389175885074	0.025953164326517387	0.02775144982874022	0.0677330311330518	0.08995194979278244	0.0689129496882098	530.3165846094781
-185.29789956461087	0.03410830805210813	0.037928982984403475	0.14111413256568733	0.5416098188984619	0.00377564624206434	562.4072433426777
-247.27056989567708	0.027823113242300666	0.0296158811989542	0.08172627347016029	0.3311765929448984	0.4906837395985385	546.1872778247413
-182.7715543041426	0.0325145936387242	0.037995904655185764	0.2888106645174424	0.7179197035400682	0.03222984127785026	611.7687414285805
-190.99566404193268	0.04450250907106054	0.0497886466627421	0.19534231753732595	0.36273204078249494	0.06366967596852113	523.0076519276316
-190.20730365642666	0.04718006965580354	0.05912261304163238	0.31820535997994137	0.3812555334904221	0.09177298059256121	507.72579003727355
-210.07653166621805	0.042625457402869174	0.048365061896571485	0.14243655776212624	0.1746693620652788	0.037655746714252196	506.0403571598787
-186.31273279296104	0.029685266535582955	0.03249219409651611	0.11044508838038578	0.5634890133572718	0.017619762435645336	570.5329309825988
-190.44712113486025	0.03998788551602963	0.046517249943517365	0.16644130743362912	0.3833571218326575	0.06384314008858388	532.339888299408
-193.13822322609224	0.02947893708717073	0.03344567784322526	0.09917356198449012	0.40265293479876313	0.00046069702123842544	552.2703400612602
-183.82396353138702	0.03479525190536873	0.04049448053439525	0.19733681707190298	0.6223874991681033	0.06607654605304074	576.9785297311823
-222.89991511662393	0.039034139867467475	0.043273177386620246	0.11568801322727987	0.09725595846761169	0.02660390398282397	506.1889795112353
-219.3772972225692	0.045734491157051624	0.05311640715172856	0.25044089746513193	0.3960097770496343	0.3906487102562791	521.5165575158724
-187.4153917418638	0.03481250530616591	0.03904715975237336	0.13549560979964573	0.4681548401515393	0.018751128932619213	551.8705703119255
-222.41991148801674	0.033132709710548915	0.03771310025480035	0.15273501327922256	0.6458788590628901	0.43459542469259277	575.4236322142966
-185.07208164793428	0.03936533661716984	0.04637267902361231	0.21753335948691832	0.5159461291151733	0.03742942139158075	550.9921459631215
-216.91916552064237	0.019606706194796486	0.0214473410267123	0.0520558091701942	0.19259817354693162	0.0	550.1775844006811
-185.5447653783761	0.03191575566211206	0.03504594054809957	0.11936436858054475	0.5881262675785316	0.006825237723513127	563.8406229643571
-260.30076044272244	0.001	0.0010344186971408603	0.002233936532460451	0.06716050481040113	0.19832143169614702	576.892273424426
-188.59468760667812	0.03743857438873973	0.0402575694313281	0.1445700746872405	0.43351889001420296	0.03606463014413735	545.9068710168588
-207.92620014856533	0.03692014663161135	0.03699127677529965	0.1051085803962875	0.213260934559573	0.013975865792927892	520.8506637606022
-183.47465517280096	0.03425569141099964	0.038862722020355366	0.16539881547057175	0.6197100976979484	0.03589410550115259	573.4222235832555
-228.5543321430821	0.029005575651972277	0.03144042893156004	0.0769502455346329	0.05859172850115732	0.05239424567569869	522.2106499454019
-208.8737081644896	0.03371600641155427	0.039230537535839105	0.20514790781013006	0.6671273488124783	0.34913143618447223	587.2030037324063
-190.73260832363215	0.033890610887435196	0.037361582110192956	0.12130974955049884	0.4084606119107304	0.00622036232063127	547.8170519617771
-183.32403872283246	0.02868813218017276	0.032431286785647766	0.12174373754051052	0.7107281025220944	0.01371467385953982	587.8969753996712
-185.76600695402738	0.035946407576432485	0.04130238873303587	0.1544882053390517	0.5032519400799823	0.027829755774981483	553.8491727183406
-208.5004589692944	0.032597605035857846	0.03627319171248611	0.10921204787836257	0.33290726690623546	0.23327601923853047	542.5448082277259
-187.45202169780475	0.03021947474486207	0.0337459293968561	0.10917602497784896	0.5194077868216769	0.0	562.2450514074334
-246.80991338510466	0.02280028945222261	0.024157878859126864	0.06061904566384384	0.18434295535320394	0.39965712819950655	544.6964658160435
-188.9131818370122	0.03716704652329417	0.04364790868524089	0.15781123006906078	0.4543256903888518	0.09387024618798087	544.6858054849836
-188.4342282735916	0.03800625991854101	0.042858150784302454	0.1549781042127755	0.43665283408422306	0.0026178386343062095	542.9318451654387
-213.71676930885582	0.020775468488877222	0.021654348893055213	0.05493466137972023	0.22896814935846715	0.0	552.3127419862885
-185.60555593873187	0.035756904871498726	0.03768206137530607	0.1410020928706476	0.6244917295609407	0.011584415862901496	561.6991890306501
-183.0483492988586	0.03416495268921599	0.039695257251437535	0.2012247046180896	0.6482850621832735	0.02683641872499426	582.8757861682465
-193.6249078716672	0.026770857690056108	0.029779034034905477	0.09295746563501213	0.5405843938881453	0.12081285471736426	570.289514274632
-196.67126778913848	0.026187432001889718	0.03309944039901752	0.09152815870905895	0.4060655291558502	0.01600340642330712	554.7067788933774
-182.67018092384367	0.02638745604268792	0.030174674347894396	0.12673182423321644	0.8820369125643117	0.0	613.2340177898515
-201.43157134797534	0.04192212438033737	0.04664569357815131	0.14237598415535827	0.2445252437479048	0.059552612067067766	513.2293856362974
-196.14568443388268	0.034705403355862946	0.035737392006258695	0.11161951028163128	0.33754022992597554	0.027759249328708657	540.3631376190168
-239.19777227222244	0.01926614438325918	0.0210085294592346	0.05531614284432747	0.4237281291379289	0.4258981167574399	567.7447892354544
-190.3223324402406	0.04209670432947768	0.0482259769925572	0.19629391541869806	0.3927117298990347	0.09482676817772998	531.9973347707937
-183.28036932690992	0.02944618070882033	0.034941047950346873	0.2339604722480702	0.813050343664794	0.06632722575291289	628.4208277134815
-227.64667462638093	0.04092454275093012	0.03929673727376643	0.19908697312168727	0.5793646499285101	0.45380386571381315	563.8682067151653
-230.4295848726995	0.038033858669213196	0.043584313144044554	0.18636703997936502	0.5207620406184139	0.4739620978784506	554.5539859873071
-185.65803789201505	0.037575073716866664	0.0418286601537387	0.16004827145610062	0.5167967168470972	0.013525652609295693	551.5939679242128
-192.8811425317831	0.04341113021479851	0.05027749543289126	0.17506356240527832	0.3577570075719408	0.0	519.1950955874576
-213.7322880058364	0.02313789851223596	0.02520345185855347	0.0634452420082207	0.19490993370877935	0.0	545.5107786247077
-218.7421185663636	0.019108617816824658	0.020674241111576556	0.056161053510569006	0.5122473479970655	0.28424704165337306	574.2409907625853
-193.65000559554977	0.04242589597180139	0.04632693280727574	0.16814849837160106	0.3342833656408084	0.07643108448951666	526.459766706506
-247.4330001492495	0.025621824534459024	0.027747600859901363	0.07680137336171733	0.3097747163336613	0.4792939318370775	553.6851747657801
-217.4714232590008	0.024472217284796923	0.02666251411919456	0.06615986455704875	0.15099107303364104	0.017265067982424758	538.6615789741859
-184.6031328642929	0.036629521524505784	0.04221635756685959	0.1793711025833271	0.5401085317314854	0.04153729897361251	559.9598626148247
-191.9969852767204	0.04595882810828752	0.0517254648980146	0.2053831261992168	0.3445276875594853	0.045846130777041354	517.4598724607894
-228.32341653917422	0.02518165054480622	0.02689880528690716	0.06836524791975132	0.16792130611831424	0.24017837394153543	539.8693868920907
-191.25678320851375	0.0422574173883764	0.04863504806367531	0.1810885611031436	0.3752882703008979	0.09199238600096474	527.1165475941431
-182.5565751111739	0.029613312341398256	0.03399228376844119	0.14552282260006888	0.754763851443014	0.012495158883309893	597.0144181343767
-199.51167997796995	0.043419279540674455	0.04847461687342081	0.15532657457430604	0.25878894377096817	0.030419164076746167	512.6405254442923
-183.1863042996639	0.03369434435901185	0.03880399505718696	0.17782230720518613	0.6411170642751125	0.04001786836863448	579.9762175660702
-183.30255333443398	0.03478877945478283	0.040684252357347926	0.19856980591591222	0.6226388802659831	0.02620879092856179	576.8270401777753
-198.30186150485957	0.033323346350782164	0.03678969358905414	0.10963358307048009	0.3219305554604504	0.08298028578605508	538.9614030660765
-202.50637695154413	0.04113793922788628	0.051020030228085565	0.14935205104287974	0.24456271270177463	0.029997471749511565	508.3936666112217
