# /groups/rgutenk/lnt/software/anaconda3/envs/donni/bin/dadi-cli InferDM --fs input_fs/fs_039 --model split_mig --grids 40 50 60 --lbounds 1e-3 1e-3 1e-3 1e-3 0 --ubounds 1.1e2 1.1e2 3 12 0.5 --output inference/fs_039 --cpus 10 --force-convergence --delta-ll .001
# Log(likelihood)	nu1	nu2	T	m	misid	theta
-480.08605441300335	0.19559795941385485	0.02103337798816948	0.05440115381760565	0.01009907679632054	0.04495221145154961	974.3652117527436
-869.3342553103674	0.19083695211121104	0.02115028328984852	0.05474459552031533	0.06709707721655157	0.48464147914165356	982.0864291867581
-862.1972891639134	0.18919193448832541	0.01974946868237365	0.05223367910643711	0.1073558302016809	0.48073901292945054	978.8784803076202
-478.468646246345	0.17393591668715783	0.01865600468656322	0.048440437676398614	0.06755695185945182	0.035865511191438555	988.8241814994133
-477.46301518070015	0.17837744206981465	0.019124216426056065	0.05144385085368265	0.2043058566854051	0.03671324656810165	993.5837130039549
-885.8516903765906	0.20434035089765035	0.02180874517210402	0.05716214120435761	0.05336089013067451	0.4946909812880631	970.5339365906518
-478.5650713183601	0.1680932419302065	0.01794691104143706	0.04640030382422269	0.06076042310511808	0.03736748776605843	991.0040607254184
-479.93039196440907	0.2073244499470929	0.022848089743305693	0.060126133679930326	0.06621687279500461	0.040441504304153	973.7347331161301
-507.31804806819764	0.37312226084290956	0.036312420631736377	0.09759321920103578	0.04509758284001335	0.03851219610305005	873.1130001040569
-481.94588690733093	0.2505912052621246	0.02656361606281999	0.07342871169838054	0.1672347725397475	0.04613448090769029	950.9468269332523
-480.00678634741234	0.21548971551822016	0.023497217605455662	0.06289393251683195	0.10512580629661211	0.03305926228143845	970.3997887825185
-477.96416022104813	0.17973660347230253	0.01929162501927232	0.050674811235621495	0.1274145321707257	0.03909794925538423	987.7607202382184
-514.9898749767166	0.0957031254307173	0.010272456908334863	0.02606924304360949	0.05435648236976757	0.13144411463882386	1036.4916990320874
-480.68963910514856	0.21190762268533753	0.022870407855473687	0.05946537532062586	0.027530249987469037	0.04175799631607129	965.7191063376439
-477.7744905866287	0.1856235227415065	0.019831706175453247	0.0564295245742865	0.38927324756096604	0.03884626797273533	1000.4887825825145
-480.1818568111026	0.21584284959494104	0.02354188887066007	0.06242448518649509	0.07896988650075319	0.04187499714286358	968.3844172337423
-534.9890419764456	0.24842809593260562	0.024716899761556475	0.06749722467827368	0.0033025709598240504	0.18193117538672787	942.1398806643273
-480.1431995444222	0.2004198529137739	0.021040897552215665	0.05500422983291213	0.04979661195779311	0.05445194754738452	970.2393511028476
-478.7185207729793	0.1563709258976963	0.016459910995588908	0.04383697191725478	0.241818282336563	0.04742473535049385	1003.3069969764668
-477.4911632625944	0.1751530609925293	0.018766859928614266	0.050419786547631254	0.21438668155833845	0.03891619545574506	995.4193986583185
-875.4943789454901	0.19320173349142913	0.020241077946142102	0.05584724245682478	0.27555622465862817	0.4896142023903827	985.8130246685066
-478.1521823052807	0.18270479135998385	0.01982687104256949	0.052297315771496704	0.11041734116258808	0.036817138034702934	988.2001110379582
-678.9583271787654	0.1396001929016082	0.015008310199200521	0.04138992830762007	0.09902782876966133	0.3377399309019786	1025.5273699029167
-478.6158941836177	0.1559309136104518	0.017088415272450468	0.04449744089374933	0.09562320107339087	0.035725723357092155	1004.8589040358236
-481.4616062514996	0.17876463707504622	0.019158602848633993	0.049706205659547004	0.07364021616390855	0.06791414671020597	985.4707799869866
-478.276999500103	0.17305592319099808	0.018558410637479514	0.04840841308379746	0.08536401579933825	0.03564031940329774	990.3645725550363
-478.1134267299258	0.1806937781745589	0.019402836694216573	0.051045087450845156	0.1071369805099389	0.036411776795133965	987.4065934356473
-477.8141310946913	0.19280293614929084	0.020665794352038403	0.05843964420942824	0.3591345493733098	0.041934448861724836	994.7054198946361
-478.58474764241424	0.1891886299848663	0.020290458880457263	0.05314942301003173	0.08732444139775128	0.04312246003718558	980.8311050478234
-484.3462318254707	0.25549822725474375	0.027773996291152032	0.07596078496971241	0.093509964363365	0.05260860077291977	948.4944315574082
-478.14166497861584	0.15990695371388947	0.01768546393817453	0.04753151219209575	0.24191266698383626	0.021698510085977212	1011.0820340207829
-686.2512439702408	0.15940669597717833	0.0165026013079042	0.04265738197016298	0.22054074417480674	0.35051020599344795	992.3275126999972
-478.0800660937068	0.19893559553414206	0.021762192226146036	0.059279930438294236	0.21175992383556302	0.03090324305564389	985.4570868304662
-513.5597837818041	0.12448659677660073	0.012459218266636632	0.03195703390899115	0.04197300372047736	0.14167094369653246	1006.3713924368751
-486.0249214364897	0.2747310689778164	0.029682890964096546	0.08315388063290721	0.14479369049491514	0.038267013897506585	940.145916922974
-481.121813860883	0.17338583817449776	0.018872501518180335	0.04778903051360321	0.001	0.05949148481440176	986.1270134784309
-484.9686946267382	0.2529841209914079	0.027252125080274005	0.08192992080186112	0.4337986620673472	0.022049357673048012	967.0215592984536
-479.3846451857902	0.21682383959000914	0.023702183467798992	0.0643306891477379	0.1480054598823215	0.039085014077720366	972.6141472292699
-479.48547710098615	0.2013268197885408	0.021579833203471774	0.05656275801546708	0.05709063876908454	0.03646452007004361	973.0249635714418
-477.46620443490366	0.17558845551207175	0.018906399299963614	0.05092064090185538	0.22081776665609615	0.03882606112182732	996.4289534066498
-477.3346642561327	0.17729702816407486	0.01904854906661305	0.05199656088406245	0.2623689015344687	0.03429011368651144	997.8802226942606
-672.1055839448256	0.15345375846941225	0.015307932598492807	0.038994218213903344	0.007671367433683154	0.33742414337586585	986.2526368073019
-478.5195165165652	0.21298992195975305	0.022648302643337687	0.062002475700296794	0.20370330145513982	0.042633390535020806	973.325614229683
-882.8699860123274	0.17903126409578396	0.018707813682120277	0.04963543275147877	0.15878595094730122	0.4940002220868473	986.3077801820895
-546.939622495143	0.13319262908887197	0.013852263361477182	0.03509599801178069	0.047868223870212466	0.198490357762746	1004.9018855975428
-478.52921790731597	0.18655063431827762	0.019459639060883025	0.05208503583946898	0.20739457275233553	0.05257192746653816	983.2267991482903
-478.5579398788766	0.21127995527452673	0.0231635699534774	0.06385954389979255	0.2270193962190254	0.044721966080507665	979.9493709450296
-479.0395413933146	0.17594305798795656	0.019161100779152968	0.050283720331594846	0.053506931696609854	0.04121770376321918	991.884746741249
-479.72901483382236	0.19499528072629543	0.02152040767237127	0.0560353696718969	0.12187875419791626	0.05679265268025661	980.2177000605634
-478.31837118376296	0.1729848484772254	0.018517497809124612	0.048248791903366284	0.08252089173445183	0.03776233179681402	989.9032059053109
-479.0065743736609	0.21966783561141384	0.024216307336312123	0.06729417477752031	0.2510381979402791	0.04234426215926443	976.7564738003157
-477.33219635364173	0.17871504851074665	0.0191622263896735	0.0526669200832876	0.2838481270303055	0.03424840145804136	998.1195197541481
-869.4318748194255	0.18150752904114023	0.01884801031792177	0.04908991847632711	0.0753807497974608	0.48515485441285894	979.8273164793563
-477.36597142685673	0.17797870255822193	0.01920019851056687	0.05209617369522352	0.2376757437801342	0.0349221068741206	996.7120704025751
-500.851046191596	0.3135250301767956	0.03419389063813401	0.09097794614665282	0.014273835685608197	0.09220583562289605	910.1800596636546
-478.329322170604	0.18327267702164035	0.019184107831048694	0.05130468551034227	0.1205282825379662	0.044170362966970536	985.2166054356655
-479.0430493011226	0.14363284411299154	0.015379610104794009	0.040054043309648284	0.10965035496305339	0.02767957408612137	1009.3243969942843
-495.1874490608123	0.3299375247536748	0.03682266963472835	0.10954551293594916	0.2484255742811372	0.06540006187901011	918.5029463974729
-478.6899331271982	0.21625846103521484	0.023513060134499112	0.06636914921492848	0.28287506052168243	0.04452757601251776	980.2273072248337
-829.462099284955	0.1601237061548115	0.01687632340245462	0.042676424669026776	0.0012182974013778241	0.4584677661233056	989.336829435528
-478.3592680227312	0.1635643661488381	0.01745837819893646	0.04533459119888043	0.08717184149445822	0.03589354741652632	994.8995137293474
-481.1520726996631	0.2266402299233513	0.023983731232064112	0.06332852076815157	0.06710505995313171	0.03794566046499988	957.1167336801301
-478.27070502857646	0.1892938010222165	0.02035693011182383	0.05386631267100374	0.11245782164415975	0.040912230100151506	983.2204397336574
-480.16855177469245	0.2269934049970627	0.025162876899710616	0.06919788390211412	0.19576064132983542	0.032735563689579125	970.4401542195016
-481.8503964771985	0.17981645102752536	0.019867739812723027	0.05324445578654944	0.18137395102121176	0.07154375086688723	996.3598259032235
-477.49093695638874	0.18180629316678476	0.019561334693329293	0.05266751891500662	0.1994445811204095	0.03637406752868634	992.0182536262973
-478.5999544774567	0.18343056691202003	0.019693031234616604	0.05121364988498409	0.06770206759305726	0.038725926149833945	983.1736589840034
-480.5828835361896	0.17424679215911548	0.018900960618260895	0.047694641731264344	0.10536341994380799	0.05829924424269852	984.8426469699693
-481.1621542790108	0.23844793842847767	0.026157516715624534	0.07658754400223985	0.357820498696989	0.052142987923445995	973.6918443814222
-481.2134970278894	0.24646563703967495	0.02633899915475686	0.07532373841371233	0.26521111634349537	0.05170367972460474	960.6611336416436
-478.10179725604746	0.20758319635748457	0.022291112416706796	0.061925082679725525	0.24162279857709837	0.040383995575278324	981.0486406388906
-478.62046279724757	0.14668614710979216	0.015445239527824896	0.04089303769933599	0.20552157924548217	0.02608769699776731	1008.3655613069103
-478.87169814094995	0.16771180362482901	0.017940752060560547	0.04610602715114752	0.03304659473831301	0.03512800974490109	990.2134051620178
-825.8622035005619	0.14692409410716073	0.015312084267555006	0.039880290083435584	0.1991662475786428	0.4562152144278354	1002.8971511445646
-485.047084339201	0.25670109849089184	0.027023640898347998	0.07132965913705337	0.044310069846922866	0.056655907227882864	938.514539930843
-510.88155467737306	0.3552822985585321	0.04196162399581066	0.11349009310993688	0.04264155733540847	0.029944549469996674	893.900133342359
-483.63876284988515	0.24068263535389242	0.02680138397971398	0.07235276149629738	0.10372458221510265	0.02661241318106139	958.4144121689479
-533.1627360551621	0.3316290457203168	0.035406842597628274	0.09999192420020883	0.13945646320058164	0.1711179745025607	906.8636828502516
-479.1740860914557	0.16958274889033612	0.01819352914613641	0.04659049670004464	0.011750383755041624	0.033607436162034904	988.6526824587816
-478.6412830904554	0.2126542032775907	0.023160712543814726	0.06326433590508035	0.19482235883213622	0.03828194225033186	976.2712240023893
-478.524546609227	0.20444912394008838	0.021659288953399695	0.0584239926581699	0.16401090126698886	0.047531272157208926	975.3143415264163
-502.8822405242379	0.09519347211848946	0.009684386766345332	0.02386878984724274	0.09291726157232004	0.10432698120339587	1019.1648815016705
-481.64806061232093	0.23523328703128651	0.02507854511464186	0.06908314278826024	0.12350356824866651	0.054250191768079374	960.2092122664836
-480.4442967027711	0.2366097699428303	0.02576677862475367	0.07270231650512786	0.22893078319978594	0.047607215663297064	966.6797540288208
-493.24896461450305	0.07636256144766633	0.007818255373683209	0.018559256423999693	0.0906561764424166	0.02882241210273352	1023.4406386946323
-478.05447678167985	0.17550906706026428	0.018817878819449706	0.049426767828451554	0.1092960841394753	0.03645377660646809	990.2388860523643
-478.0040314272259	0.17182123376198027	0.01837053757383866	0.048215472586029914	0.11607851300925552	0.035823222322283736	992.0868518548547
-532.5687457281127	0.21123529973078845	0.022453843460103932	0.06074771167592649	0.10678366389564943	0.1846907713058372	971.6813275660512
-480.25276979014234	0.21226195785794302	0.02315517433128493	0.06197841703349208	0.09903527992255828	0.028256139418620818	972.4830131911569
-479.152216514712	0.19181564345222862	0.02072395598740859	0.054362777451025274	0.05745141783154546	0.033814293991690836	980.317935639368
-478.5316890693031	0.17610083823046385	0.01879239682731107	0.048665681469013546	0.06490613686208513	0.038280497259468124	986.1275842236982
-478.48104157552547	0.171259321357349	0.0183795784376985	0.04757930618549786	0.06653815799570507	0.03457509341297668	990.0379572467124
-487.5570171458651	0.25142366914203246	0.027055312477054387	0.0746895529387201	0.24153715469874235	0.08729608051106151	952.4362069615618
-511.2655043186781	0.32357107148059544	0.029439660898125528	0.07991740481341322	0.08833980267084696	0.1261356888611072	894.0035819810695
-477.788712530632	0.1752450459197368	0.018632780497504886	0.04965766244145335	0.15741170984806113	0.03082853813015443	992.2653329770978
-490.39000475431936	0.276906377959903	0.032071500354364665	0.08651054951505992	0.055650095432730334	0.045508925245798755	939.2530060733441
-884.6664098159617	0.18862731092822807	0.02003951821425506	0.0544804430431407	0.23485570597363242	0.4953106604538708	987.746217553645
-486.2474450578125	0.2126776331617462	0.022824558692715092	0.060418636607969534	0.10662878815081792	0.0886215367990344	968.1362875381383
-507.93266978902784	0.16216192856365286	0.016084974844233598	0.04066075367215635	0.0012180632813028505	0.13848222752512063	978.589820901961
-480.2346104218117	0.21515038469714728	0.023255200314614626	0.06131766790693495	0.06590735497778555	0.041523630396350396	966.5840705676792
-477.7500920205237	0.1898320434906843	0.02044317438720989	0.05498989214374595	0.17373075761618065	0.03698195837194734	986.5587384069389
-498.1868369624374	0.11699622698830157	0.01181506516078864	0.030942714265479194	0.26715658972581624	0.10448486623003236	1018.2607243334801
-494.6403380288973	0.17201888380857355	0.020592778649453816	0.05864838283620577	0.05696399021942672	0.0046812351562699845	1026.7764867973635
-477.98467001442083	0.15646806433464108	0.016582613459861176	0.045114538632236155	0.3283290386446477	0.030316763716083703	1009.3130911777146
-880.6797365886272	0.1977647120583706	0.020908388665267605	0.05441913433674843	0.04969527709345661	0.4917198691400108	972.0375596830072
-480.61113713769845	0.22514207242237308	0.02344791026520135	0.06298034353057037	0.1347268910668355	0.030494146250362057	959.364901687848
-477.6640623813514	0.19718009093597236	0.0212208164588637	0.05938821727343912	0.2985945774053233	0.03955074963235601	989.9753480038953
-477.6168894904953	0.177592873888053	0.019093535258475087	0.05087565854403733	0.16997084429978324	0.03524542531562602	992.4556032780905
-482.34105500866053	0.23844948570086363	0.02770740981252541	0.07887354478188291	0.32456632064230323	0.04956388915555113	975.5655072989923
-479.67136931301684	0.14650524712601923	0.015651954410766784	0.03971002048282422	0.006329223353432896	0.03149600411285427	1000.9926672881007
-478.7651063615856	0.21707032966467954	0.023366216835682702	0.06694412686217602	0.31908732261572953	0.03435085648117785	981.3132158504305
-481.97413013765424	0.22525346976627356	0.024927020791826158	0.06505581592350333	0.0376422410115052	0.04500939348497686	961.2669388703921
-822.7453692611755	0.23812870790766585	0.026750328064465798	0.07630615142657286	0.4438046183672394	0.4518746191878731	972.9484023332815
-481.8944990458924	0.21786927409327198	0.0227560915972954	0.06065481867597872	0.09396856754788224	0.06715308423766639	962.5796388075935
-498.8588075237102	0.19174346143372273	0.019495286018776266	0.0505620921565917	0.06981725187371436	0.12351177370140025	969.7469423516328
-478.50853746707594	0.2043779033135578	0.021908097252495283	0.05886301369416451	0.1429473127945649	0.04073495660182154	976.1236362666149
-533.5465992096293	0.15727714484589742	0.013818049169883334	0.03518740563777911	0.051008293666049455	0.1762743818091363	964.5097782472748
-483.37176509158655	0.17003425685132634	0.017300384110235816	0.04484839685587765	0.11250714379366325	0.07560169590067387	983.1256308801793
-479.4298928132523	0.14155098480232023	0.015201539113093803	0.03896204601252207	0.06485337949233899	0.028698940164423488	1007.564329114611
-515.5727906616638	0.33636304164049313	0.029487682798844818	0.1870941825775954	0.8183144912124299	0.05583741569747265	1004.664503710608
