# /groups/rgutenk/lnt/software/anaconda3/envs/donni/bin/dadi-cli InferDM --fs input_fs/fs_010 --model split_mig --grids 40 50 60 --lbounds 1e-3 1e-3 1e-3 1e-3 0 --ubounds 1.1e2 1.1e2 3 12 0.5 --output inference/fs_010 --cpus 10 --force-convergence --delta-ll .001
# Log(likelihood)	nu1	nu2	T	m	misid	theta
-1133.335798532556	0.3961954858764865	0.0017872888237002857	0.001	0.08141388591609729	0.26369832919123	566.4748326876069
-1136.4629658197214	0.502839292105039	0.0022940501840112344	0.001298021536920266	0.07887092959365063	0.21016397835881065	566.1343890985629
-1130.926515837858	0.5188350152461618	0.0017921093014578538	0.001	0.0888634096820065	0.23071357285375219	565.6673430043248
-810.2776372221722	3.8538356919673555	0.2504875961274014	0.17308175839783524	0.049451724401868284	0.22816658014181393	391.8562559817909
-739.5865075841664	3.560638846687679	0.24040863567860893	0.2796356035137134	0.680240817145651	0.2507833296885437	362.92013604036936
-1124.5672856863198	0.6507438951553352	0.007580359699092398	0.00435224889669321	0.11299669442405984	0.25659433941131765	565.373977352206
-1007.0341427621513	1.4774111266721648	0.07744872844569564	0.047599095540016664	0.001	0.2435677579306739	519.3480812440578
-802.9700530339405	3.9470910350004647	0.2312510316501808	0.15322244376279462	0.07476785985361546	0.27003214134072206	403.0175107728331
-1151.8452724230128	0.5253836204953712	0.002742092164048259	0.001550835779369114	0.07151503928503096	0.17581509620398647	566.0791164767692
-1120.5523824723296	0.7205839997758439	0.010502427670084535	0.006055757243945039	0.18621577926365487	0.2325872760756423	564.1927027203947
-750.6945484892863	16.58712849521205	0.13324836798490167	0.2487109117799571	1.4888878451455918	0.4468469787597109	355.3216432399307
-666.7405534134639	5.847491723421676	0.36057659443895324	0.46057960042586865	0.5713539000198781	0.2810001431560128	283.52649336243866
-792.035287037827	4.662077260443042	0.21832676937799847	0.13946786953754536	0.03663698064782994	0.27003609459064914	406.9044993135598
-665.9246719221624	9.556196702502781	0.36232236027961084	0.35825637833766977	0.3510289486246247	0.2847229379896853	288.6781608438916
-1135.2707935473122	0.34613712094324683	0.0017843230338742187	0.001	0.1377323764213823	0.24482287236345904	566.9699799897279
-584.1387147594544	6.861608243463131	0.1256099578268298	0.5455531864488151	2.4582821747137356	0.2441918065475758	339.0801711441448
-932.6125704642577	1.9642547100535634	0.23079730957210012	0.1891847516241867	0.25166682582595234	0.3189688544176088	422.1491812557875
-840.0794524233806	2.8357810269615635	0.20948084078301354	0.15394692971823162	0.2222609969455729	0.2739835845118734	418.83777451627174
-1047.8549841334002	1.3296234119128254	0.067712690091109	0.04441420898974594	0.22772780319695982	0.3473413702212336	527.7327126899862
-1129.9217768969559	0.49319051217574245	0.0017850195964914835	0.001	0.07985451525572895	0.2545082895354789	565.8646919614321
-762.901721113377	3.992212838649389	0.2871443908013856	0.2429828371422839	0.3104055782779146	0.2523703143130746	360.1792480530733
-838.5528579056348	3.1465771945362864	0.24665563431790166	0.16093756576434737	0.05921954245338662	0.2836914981811945	405.3742563407046
-713.2536678526676	3.7097383353610573	0.2593900893416671	0.3952419292497177	1.030476310408711	0.200406004825616	334.9582057273406
-898.1572482712369	2.4855550488723845	0.13104504622623098	0.08972391650660588	0.129100492432693	0.303541316953349	468.5940423415264
-698.0178847003385	5.419441284912303	0.5531242755866648	0.8219139816043965	0.6895061692837381	0.29640417515898093	228.31287320869646
-1127.048941258141	0.6109211921763779	0.006523820994674135	0.003723907655776613	0.03758822693348879	0.25782847047731516	565.7778807458277
-659.3182070138563	4.8696509743379615	0.2929480510360613	0.48808403476327483	0.858316359181453	0.27500554937025257	297.3998728168052
-1156.287717714349	0.3500388236290608	0.0036883765501382667	0.002097391199288752	0.0635239223730583	0.19028888458044857	568.8754450103252
-972.6384205512435	1.6577162198328599	0.11256419526947284	0.07122083016306213	0.05689448758173789	0.26877963078167644	496.3123580969421
-581.6914708274517	9.140038122654436	0.1632030008859033	0.5260743608877214	1.820605292648565	0.2590172886564231	303.7687306820695
-1051.0762810882334	1.1703534250551022	0.08458890668426501	0.052337764474808104	0.1070779543069561	0.2163966349067293	524.626387353916
-1128.8966844937966	0.540131553363217	0.0017858839904626791	0.001	0.17511500026073656	0.2474657876013644	565.6353108826119
-1148.6960885108251	0.3436368361604854	0.0017858197869930943	0.001	0.13080779916652294	0.19170726726313012	566.9812900130215
-1175.1270182222183	0.4086960678616022	0.0017926234903248683	0.001	0.06981709325555185	0.3712638106267241	566.3234462497824
-567.1716872625519	11.216036463908868	0.13562839595893675	0.8215314814629423	2.3946822080142667	0.2446063948535357	296.1217431547934
-1131.3986465043472	0.4410229326123986	0.0017942343456763426	0.001	0.06313132019020586	0.2493869902611537	566.0790791572595
-1120.0991646119446	0.8633174946479872	0.01621124800370192	0.009567569731894572	0.12597602634334773	0.32128727370347787	561.0113795189618
-1097.3564388641191	0.8951954024895502	0.0378559539975304	0.02417057591897319	0.18016970598431722	0.21956805488565675	553.9702173980502
-777.6891200107034	3.632913817401424	0.21511682775678906	0.18150513010430097	0.5198510838618309	0.22028673775114777	397.83464829906023
-1114.4124192612128	0.7571776924317775	0.018221395885653486	0.010726765977441809	0.05840852605356244	0.2623114989258862	562.3478279562636
-880.5275772860987	2.505235188042121	0.20894110566943738	0.14010445997595275	0.048329170271031834	0.2722971321003624	429.4453221443659
-567.3508680135184	11.531485801096693	0.09819291650101095	0.6999286622468387	3.3922858651598515	0.23413220198010665	354.84146603410244
-580.1631218624755	9.935107994518042	0.26536110868180274	1.0171058422250288	1.2379585284408559	0.2627485318611941	224.1103132824144
-681.0513225349093	6.160981425883171	0.2586700807337526	0.2536799957300753	0.6874416206332051	0.25207498424721686	346.9388981849552
-1149.7479359358742	0.43073674970195003	0.0017755711209158248	0.001	0.20107894872860252	0.18273774926757586	566.3394196603107
-864.3824287962884	3.1813993404233645	0.16540458913703934	0.09448188404013134	0.08928648994562642	0.28617707687779026	451.35157416571326
-568.1569336241274	11.225158144341828	0.1540606881280535	1.0674793173939778	2.1164759762877012	0.24642135100748125	269.22322631543665
-1267.1287294486694	0.35821543076487933	0.0017978630688244262	0.001	0.2079635552084885	0.46717630465100957	566.7153739124141
-965.2342708673829	1.8117928970173958	0.08173707198910075	0.059895153856620816	0.1665565957008826	0.26491560622916416	507.1080126287876
-1100.7708276192723	0.875803289167061	0.023789209519234036	0.014475592257274069	0.044273857504008134	0.27081423408724525	558.674984805491
-1190.8064383208214	0.27794078177508325	0.0017911117279342547	0.001	0.20361390425458267	0.38349959259896277	567.8000370358867
-599.4525358304033	9.015105312050709	0.2980266039110752	0.6132755271758452	0.9517575540218277	0.28356048563920805	254.0925163591138
-661.4061480732851	4.789364080378244	0.217451038749043	0.3408555211442425	1.1368026773065378	0.2762722732378138	341.0663385586728
-1132.2934364054422	0.4163045707269236	0.0017847435378564342	0.001	0.11940921706780323	0.2585216204615296	566.3468815823462
-571.9570855286094	12.362839618276174	0.20180719994063892	0.9974833878400126	1.5518189360611603	0.2561770130837834	237.3213634658245
-1139.4174816132365	0.6728242016971303	0.004275096920839854	0.002419755418821473	0.041019269629929175	0.32081489003823727	565.1346611979542
-589.8869446247788	9.7141226749418	0.14224522307044365	0.4100917255191097	2.148147469476719	0.2600173868522759	332.18355425425574
-1135.2236512989593	0.6151283836527138	0.0019722202028429627	0.001108583270553922	0.10568490539808259	0.20564686694561368	565.4125805875165
-1134.3373970450616	0.36219519864655614	0.001785486623906631	0.001	0.0753235671227343	0.2504393237823703	566.7930089760644
-617.062628857137	15.439190811746315	0.26577065071379485	0.39402039382891163	0.844064045310819	0.22807958592515337	283.1225358209848
-583.4940727080449	12.569784944764763	0.24710015001650154	0.646418393707995	1.2079091625169922	0.24331284510132847	250.738573086244
-1129.9562854049157	0.5012686775851495	0.0017850801436650257	0.001	0.06904947773078404	0.24383650596826673	565.8217818960132
-1135.2962802729944	0.3533174600027214	0.0017847633748025872	0.001	0.3562005700190014	0.2390290251698795	566.9018870961557
-1128.2792033145824	0.5949827970407779	0.004352825775297845	0.0024704798233370034	0.11413327021759327	0.23761659421965903	565.790059964667
-835.0275225145361	2.8744203652541738	0.21535718186377872	0.16065684029024452	0.2376963116949089	0.2726480115881121	414.58667769021577
-646.4265986639082	7.250830868451187	0.30875581589470713	0.38605872082884546	0.6353605730555166	0.2640325284284808	296.95308144265346
-709.8439451127205	7.203776423685205	0.5395535372464172	0.39322126474521757	0.29026556681833604	0.2561471845164362	275.5065282628191
-621.3337511963352	6.580686245069069	0.25632228884794933	0.44629682055043896	1.1665705912901594	0.2870058320354804	300.4445515018405
-1137.6199448311804	0.30847180062928453	0.0018669253520040175	0.0010283406263815555	0.16274429798280088	0.247222084459996	567.1640309828827
-584.5642482682558	7.649296702475507	0.21004402365524036	0.784420762024635	1.4114399877106727	0.26089943735078586	263.66872191219215
-1065.2954794173056	1.0831182223203712	0.04782410516101735	0.030826017417628106	0.009706715963921595	0.24553522975457676	544.0131214499045
-1128.072186919384	0.6312684985664558	0.009445458184700745	0.005441579896382538	0.07081901650555646	0.2778368437909576	565.6254572524842
-1133.7023670504775	0.3761856173677499	0.0017840033732233881	0.001	0.23295591464559262	0.25458047755803115	566.685317419976
-1138.3219536865759	0.2987544916754128	0.0017838373090225503	0.001	0.12603333906272324	0.240083095503614	567.5533818840918
-1084.3107547516415	0.9974702510297089	0.03194861726141627	0.02159008185515625	0.0037727776110860994	0.25734955634601786	553.786062037052
-1130.1080224606742	0.5108750283918938	0.0018018316047953653	0.0010103786404158416	0.0011195057185507584	0.2390994771939509	565.7924116898197
-590.165784921404	10.46789703837665	0.16701135534243122	0.42001357085952773	1.781845739014743	0.26340483600818543	315.38009030819745
-570.2203344605496	11.73661840610764	0.17447950256637693	0.860535789013424	1.7605399185072763	0.24825848550434504	259.6466710807468
-578.005341950277	8.70284454086289	0.15998466328742103	0.5876959206426396	1.9113043404100833	0.2541454543498301	300.8148619194398
-673.3819435868395	4.754215668161324	0.17744942854154447	0.2680624462997808	1.341485711366557	0.24720501476044138	369.8070161181529
-1130.4524293298246	0.5727720794621664	0.0017944844743809235	0.0010018510473478626	0.10180597057143165	0.2787188263051248	565.444963533561
-698.0982666384216	4.952113077608091	0.2560625736784845	0.2872520193129519	0.6324499056315432	0.2912741972272419	343.3269685009658
-584.2600309782335	12.217891145867007	0.27946998172765225	0.7485175901421008	1.0719150458896298	0.27614908129425353	233.06055705187615
-601.9458749039134	7.421804950150955	0.17101533851520298	0.4107272680121024	1.924202661713444	0.2507139588288157	329.41425314378597
-1119.022576030608	0.7208894303551555	0.018395172638068006	0.010908782048697574	0.13753560499424428	0.2359831804739242	563.3232020806437
-1129.3816966180193	0.5340276445116202	0.0017871475432351522	0.001	0.0710867815687635	0.2635916626326098	565.64494378518
-990.546865565999	1.7674688387926	0.07150366014537946	0.04983847957095115	0.018018708768330182	0.20576654965871044	515.2062855223438
-1118.8748684020502	0.758017531952616	0.009184387712201699	0.005302951971274856	0.41851322722498063	0.2740115970494776	564.042169600831
-898.2478959478356	2.406376249271619	0.15795660354715058	0.0973642334349051	0.01421963581781902	0.26300854837681165	459.7899445467988
-567.3051454658403	11.09320867796218	0.13563861709929162	0.787894438958359	2.3807422913695224	0.2452004239230444	297.72066597260084
-749.1847499579878	7.011386771901885	0.38762107572280247	0.2669105652381331	0.00570151051853886	0.2503389316374293	321.32610926816886
-1130.0761764564045	0.48781544718097886	0.0017762709212965422	0.001	0.1196107559279623	0.2553456313856719	565.9816837955966
-1128.5822220125324	0.5859125226502174	0.0036216783773074528	0.0020206877345610324	0.07662712537084966	0.26688992585309584	565.5050099396648
-893.0406565001506	2.0414114843309075	0.1306550691500272	0.10119284826034261	0.7841467589948349	0.25867510200390176	473.30437483880814
-1130.6616279543775	0.6177595647816632	0.00194706350208251	0.0011003061545788151	0.07453109927932082	0.2216400910157463	565.4943074793529
-1086.364665304787	0.952729010686151	0.035778972987265595	0.02201740609069346	0.04356551164974974	0.2622017023757963	552.5177009302157
-780.2487504264718	4.64327238737241	0.31114024154727754	0.21971787743083315	0.04617644840892117	0.25986433216243754	358.79060002931794
-1111.6072626790892	0.7984686389922452	0.018074870577635675	0.010728303785140085	0.12666545268508064	0.23009466078718174	561.6919752660588
-574.5466060560955	9.550189283346818	0.14597100969753296	0.5793029475992444	2.1456210523752066	0.2518055539329505	308.2997438487892
-673.3965179549214	8.92006907784921	0.4523683350568652	0.5999334036906039	0.31587878811709136	0.2699142350905318	234.6105972324875
-1139.6224127418525	0.5752390087382929	0.0018499340883063205	0.0010426687572675077	0.10075529855341431	0.19629832747307355	565.6087591166512
-785.122520355304	3.121468108527522	0.27859673306987304	0.23236427864728532	0.6111371637681842	0.29127071831862844	377.75670179467403
-1132.5057884895916	0.4904051723323607	0.0017772159707025782	0.001	0.05816665298791946	0.22549008972501508	565.9554904488504
-590.0731236270722	6.879003125369942	0.20339469793226927	0.8933249779355381	1.4293243183685442	0.27279431653678893	262.1452524246737
-676.0759363570993	3.561330926196475	0.19256338425462596	0.41492109993908044	1.5448045361613865	0.26130517317786867	352.6615558820391
-1129.7507163524408	0.5210689006544771	0.0017865364762036057	0.001	0.17212359551173478	0.26487513015660874	565.7155372594151
-573.0316407902931	12.639443565934988	0.14209908118803857	0.5757371229330294	2.1412622812089177	0.25037516210179744	301.41180279754195
-1186.2528978709643	1.0701009270554653	0.0017830193109746604	0.001	0.3306142584082259	0.3983790833937564	564.4799392291914
-1123.8654038027682	0.6593822150076627	0.009878183429171183	0.005716041179317185	0.07316069043234527	0.24866398318242702	565.226118062569
-567.9873116409346	9.039721589923344	0.12380547816407805	0.7613017896619809	2.5726203238375307	0.24338205134986068	317.61829060038366
-736.2278346858484	5.918396655092668	0.32547349602789394	0.2454892053012194	0.14441869575639787	0.26356138788629996	340.1841175358369
-623.8773360001842	10.193451568443297	0.2504208577990518	0.3377890260257307	0.8957346356950753	0.2501894889056039	309.3137761404268
-1138.909734937796	0.40363815355463983	0.0018185012604353993	0.0010029470253213742	0.18060657426759372	0.2963685984221378	566.1682350466867
-1127.711269955716	0.5892819453307901	0.004330703424862794	0.0024601349494434537	0.24495132082468785	0.25183248109438794	565.8713568058233
-1130.3543601132624	0.493401937550324	0.0017867408338702428	0.001	0.15074222635763954	0.26417654323210094	565.8501323830998
-1137.4252811862452	0.513906836254517	0.0017961793114789966	0.0010008618303925364	0.08266195206035226	0.3024536693829934	565.6662238742831
-1222.4362742365852	0.37871307082551803	0.001795385378073986	0.001	0.22817789705149166	0.4267034093051649	566.5496450826171
-756.738658335397	5.626148589990033	0.25659048112301874	0.19037515364579397	0.10033000723670837	0.2355432685217151	371.566306226286
-1287.2979220186314	0.38126332570211496	0.0017910078556390102	0.001	0.18271921235105534	0.48432415809760365	566.5684810194615
-1130.1934821340355	0.48802806502736157	0.0019245069822390942	0.0010675538530846831	0.06814104227883479	0.25399685466344474	565.7547153189017
-1135.5720078483341	0.3389945953812296	0.0017822256213089113	0.001	0.34260337335409874	0.24539677341265978	567.0780640967395
-567.2684348902451	9.641564119819694	0.13043251370585376	1.2578773377315569	2.5107578919711453	0.23798638874696884	296.7997102817426
-1135.2621216154862	0.35020771138346873	0.0017857395453376398	0.001	0.0993386371461483	0.2628929119502957	566.9114152055912
-1129.3202833284827	0.5398164998494509	0.0024610974055206073	0.001388360898747602	0.13836724023252306	0.26085111723879134	565.8878578221384
-1131.5153781317067	0.4371208411720623	0.0017851543171987175	0.001	0.11936185635836372	0.2488648963081116	566.1971646263984
-1129.2066813961148	0.5568745363111768	0.001785761962475426	0.001	0.029668668754153048	0.23801152776597395	565.5579610451034
-1108.2248730529095	0.8007038273229581	0.02321178997264892	0.014013132944617498	0.16930313573232228	0.24613071080174553	560.5734203303809
-1142.12560226247	0.2963375700143908	0.0017858778189846622	0.001	0.07730766920076194	0.28800715988642034	567.5649194142595
-967.5802597829836	1.8476579313963297	0.12817571440097708	0.07553904233399432	0.07132166061526786	0.3268029529215904	486.37489079552086
-1135.7585882474914	0.35407604266927845	0.001780116915380602	0.001	0.4530772454326412	0.2342852509786073	566.9454125913741
-803.9742121803766	2.9142977196793116	0.18849155774714085	0.2326513383632583	0.5865679187325281	0.23379837538777093	394.882885840284
-602.6610841543011	15.039366864251742	0.23731774931604147	0.39010328924347354	1.1137270483129214	0.25953560159720146	291.70611463015115
-895.8051222646709	2.390230571652369	0.18470633996673153	0.11532996891333223	0.02618493875028213	0.28629080759515296	446.45892023388484
-574.5759734852484	12.112618012732034	0.18860959038266206	0.643450349867786	1.6241229913676392	0.25739617996749653	270.7973383945377
-1143.1222929563437	0.37631591211259263	0.001759436656351934	0.001	0.13550972423197055	0.20136078325068288	566.9243616629075
-587.8203259706958	7.930033486119076	0.20079103510702587	0.6395010017504845	1.3895917495683567	0.2724800318638369	277.2310479988388
-1137.6212329993928	0.301913233089062	0.001785207228238562	0.001	0.09127958459563096	0.25076291397933503	567.4937070446784
-681.5493623521245	7.338813165371504	0.293025736217177	0.27586373087193755	0.4193341090820227	0.25831526601305466	328.03570994850867
-591.035672694762	9.72299074146336	0.21829731157375953	0.4907334298827541	1.3103924885350788	0.25981362047037826	286.771746808055
-1075.0055545281923	1.085402490062329	0.03489094753327604	0.021440416742207136	0.04493713520728586	0.286721702617969	549.7798609467902
-795.345900678601	4.503446128659327	0.2125000859646554	0.13831821315713347	0.04881960647071495	0.2761056656326834	409.3092715024179
-740.559927265141	5.4131232472231465	0.34964951834041885	0.24775733258768817	0.194610045143753	0.2648412268044238	340.25956116998077
-599.5236434528795	14.538229296110488	0.1722053170488577	0.34900481244387077	1.6417927483310515	0.26234177810315845	320.6314850196741
-786.2226868550287	3.710049371977199	0.20920539498558144	0.15635256025146083	0.4110797099302937	0.27804493747337466	408.3436859276528
-1114.8604013268382	0.7741688308087604	0.022775056693612714	0.013938007931934447	0.428383323573432	0.21841111499039842	561.7568159196184
-575.7387082575735	16.742540390364265	0.18563659580900732	1.0445912582458805	1.7809882173183267	0.2527164418183282	237.89860542901397
-588.5563807174533	9.865239653363467	0.23371261008752417	0.6376373507379213	1.1767970959880567	0.29001626932690394	259.83336847702355
-1136.9405750287597	0.5054930407969825	0.0017819186448771007	0.001	0.24439303798851741	0.3002953339546488	565.8403681416953
-1133.0112597207258	0.5786249543679564	0.0026696390184281025	0.0015044716261725893	0.07527925319112802	0.2149814420715544	565.6635646109683
-664.71138514073	9.94310818821773	0.2682243161427479	2.496877206910796	1.286637743698653	0.41718967142327945	185.27734596093322
-795.3278424747904	3.4322749757884012	0.27837256160622714	0.21669775323415472	0.2606884500883088	0.26367205242732583	376.59200545962796
-582.9843454258423	8.68892710363414	0.2245506463012382	0.7319875141154407	1.2977777362924239	0.2588658903008237	258.0152917863085
-591.2578077229297	4.8603862078569255	0.11632186630056801	0.9613170071651252	2.538260629381635	0.24291203484628107	346.9772491570227
-587.3013818448437	6.852101485436218	0.1797477540213731	0.6707504297958966	1.6744440384449064	0.25689209084162334	291.3304696956187
-843.1002479360143	2.5177594866384077	0.18592086458967028	0.14629211885499174	0.5204076731391284	0.2599263442310501	432.69214331978895
-1127.3808935130821	0.6025659004143982	0.003277114704632148	0.0018502326666252037	0.14279738499223413	0.2473290513192223	565.5936271924468
-612.9535381492962	6.724765484742163	0.11951551577146638	0.3417769271398412	2.5391269021459917	0.2442794834706681	370.60948162826855
-580.2954217623019	6.075268716442297	0.11477439653469322	0.6951708966125525	2.7001206914833653	0.2458653383990922	347.17520855517483
-570.494967517891	12.211572897018922	0.18521882502407322	0.8451896756593343	1.7318774093201121	0.25767010986333994	256.31972296245533
-825.5259794692806	3.558729483135808	0.1821635513191483	0.12859594047385853	0.06307133561471562	0.26672721714628406	426.1123726086482
-1132.533313386285	0.5005372147888106	0.0017861384724881814	0.0010012066512263273	0.08671697129626052	0.224039794420839	565.8378130378845
-590.5510196592238	6.5583275260182345	0.1994636256835498	1.0187490637063048	1.511725780975266	0.2595700299970322	260.70601135030057
-1131.1037175888753	0.4515971240039542	0.0017855752594672224	0.001	0.13858532913735216	0.25707074544599806	566.1004713518045
-684.88200688699	12.951903828209689	0.23320719741251988	0.40912231043608915	1.2042404093700732	0.4235348970501068	291.99866053149833
-1139.0278875719264	0.40547001783247366	0.001779305276792403	0.001	0.010117981881653531	0.20980389230831648	566.4772431430373
-1150.5435130220515	0.3926522493656317	0.0017731809370679602	0.001	0.08564210170368158	0.18377215464322072	566.6440801434579
-1122.2448257101767	0.6803944205163588	0.012762349350435567	0.007455028422131551	0.07644675831663368	0.25958672598648497	564.747510719994
-707.8146928550914	6.33073290381229	0.24442296397663138	0.20972833112942388	0.4362113255976647	0.27128369288746007	363.221162943459
-571.5159611372097	11.71589459504665	0.1860799774284171	1.0609564522988082	1.6523667415822503	0.2425752593966481	242.23905325843006
-960.1109655432563	2.018874869968604	0.11139182547326489	0.058684961623479914	0.39600856397838796	0.23872804889812366	495.9175083514996
-1120.8963587498847	0.6945443321032939	0.011390963215267955	0.006630145170925654	0.1030466822689923	0.2529119064476159	564.6069807286266
-571.6163159048615	9.66323620863482	0.04874788493102882	0.5464037493565639	6.991830336738017	0.20349604204775304	570.1171438888327
-1128.5937337947535	0.624908909117916	0.0049116696977368765	0.0027954893732436217	0.060380529403907035	0.22656677030166028	565.5792152484178
-793.4066352779764	2.8817051448321194	0.1725911263792894	0.17154990831018224	0.8289482527730149	0.26972717275438174	420.85089347684107
-1122.6618300737625	0.676046642455659	0.012334375634687113	0.007204016598617874	0.09885358852975881	0.26086763930146234	564.8840348475596
-860.987821125708	2.358778907514614	0.25123275115606436	0.19236008864884024	0.4092645018430462	0.283084686096936	407.8824119191522
-1138.9595892350135	0.42847543218812173	0.001780503683032801	0.001	0.1513217150443849	0.20748519787979966	566.3037259093039
-664.5442698095464	5.269092093293332	0.26537095177592085	0.3466230429361635	0.8384281422095254	0.2634015077869905	325.4461119321063
-1141.8942330044752	0.4835729097773118	0.0017796543684590067	0.001	0.06112960862314953	0.19567918805837253	565.9684057391321
-686.9400517902582	3.5273077237518753	0.16959377094470648	0.3273520831661607	1.625180738161619	0.2608683015363528	375.03249409415673
-1124.6449338772832	0.6495732440892763	0.007914600110074893	0.004550718726312803	0.05593606478225735	0.2564049682373262	565.3838694719798
-763.307856625114	4.056037314068601	0.36072771733376413	0.3233071286058236	0.2840197952588813	0.26218166991717906	327.6536384407193
-987.8188880026383	1.6156179234727468	0.08626097642026187	0.054042424106376385	0.0014987425430392407	0.26793965041808576	511.32315601088135
-992.386344786971	1.5323285612799085	0.09233451306712616	0.058923573064113076	0.0426739544833661	0.2637078714981962	509.64562863374874
-633.1762630639789	6.031477119448326	0.2418415050594483	0.5407960547241265	1.0507683694196783	0.3222860652315641	288.36837133404237
-918.601176227583	2.1844437736755182	0.1332738492984505	0.0875857466441464	0.038290596430257326	0.23693506268755182	473.4254698144505
-660.3340893324128	6.794234437759691	0.25390548495653764	0.2859809868347225	0.8973943473000068	0.30165079296189345	335.5405945912505
-1133.3120333351624	0.5206814552077992	0.0018069571028017926	0.0010080633093651954	0.1982468767623142	0.28778681199097217	565.6633264054273
-571.5863691551579	4.999501390019216	0.07032804354416457	0.8240160758702515	4.935834212463216	0.23850431946048817	497.8713342056488
-566.6430602642646	9.371010923341194	0.11715427979846424	1.1296106182622352	2.8314754511544766	0.23857198655654313	321.3760682772962
