# /groups/rgutenk/lnt/software/anaconda3/envs/donni/bin/dadi-cli InferDM --fs input_fs/fs_030 --model split_mig --grids 40 50 60 --lbounds 1e-3 1e-3 1e-3 1e-3 0 --ubounds 1.1e2 1.1e2 3 12 0.5 --output inference/fs_030 --cpus 10 --force-convergence --delta-ll .001
# Log(likelihood)	nu1	nu2	T	m	misid	theta
-860.7248909879258	0.24236213502558565	0.058553554713016646	0.03328955618691729	0.1512536124080231	0.16772557481158165	614.5760580305272
-732.2546378573811	0.9260440940239687	0.24413256185600024	0.3591922567946486	1.150208302751663	0.21330774743398162	461.920295091699
-745.2660690934681	0.6677438921808816	0.19677776002595462	0.22511564684653612	1.0636729159418048	0.2380704696091629	523.5272104713066
-760.8370694530524	1.0676665997434467	0.2617147391289883	0.23367911990766216	0.5959096427827615	0.223970590226088	448.86838988785644
-774.8614496529751	0.7301753816302621	0.1663080506686629	0.11672170432636203	0.5173291238570595	0.2273839926807958	517.9933967571836
-759.3631754138289	1.229462417478657	0.2601439260511019	0.25769565266282896	0.7347259407938864	0.2077139462110572	433.248384560753
-727.9880688526466	0.7684497231236368	0.22108723254064572	0.45100567293020255	1.3620869241612659	0.21789434899211213	495.8064634093292
-741.8141639319308	0.8315770216536778	0.21592509540554203	0.21395602869748717	1.023717349076627	0.23746637307103952	490.1143789570158
-805.1132823693982	0.7056941494713658	0.1567487157618846	0.090960044082574	0.001	0.21235495938499496	521.0225398467541
-729.1593618553968	0.7224852274311979	0.19929888165207157	0.5317487404337268	1.582078003718003	0.21374183130375962	518.871573224395
-726.8583131474902	0.8433468762490811	0.2450274636747268	0.8609860529980349	1.2817059051967468	0.2189551056657318	461.06948768719184
-746.1546909763426	0.8951577517841162	0.2445152327412828	0.2444981975229071	0.797078593124636	0.22784990685157552	471.0773886957865
-794.5828717653774	0.8659523212367384	0.17374136757979386	0.10918759008573678	0.1647177966140081	0.2192522718017129	500.6331387194127
-727.0743487931641	0.8130848408263025	0.2353408830545173	0.6815908984568513	1.3216607391061401	0.2171994984719596	475.9062131165187
-728.4899016083224	0.7674548320669882	0.2144928802098765	0.39255921480264105	1.3958515202537731	0.2162418554745565	499.6911495717563
-784.3952071190174	0.8287237205185022	0.19265437968503427	0.12716274542238495	0.2885621757752432	0.21102426505271096	498.4765123931985
-744.0525661839257	0.6912763578280591	0.16520033442390283	0.17034295603663244	1.227659884544196	0.2062088161084767	529.5206721152456
-727.5691626112889	0.8296330698854073	0.2375736759626966	0.5367191776565172	1.2801801512788058	0.2181628272673886	474.3883624818513
-759.9565027805538	0.7842152350729388	0.2119762352335742	0.1727468836908927	0.6324472967762819	0.2151579759441836	497.6084656968722
-799.4236205509409	0.7091012216608257	0.1477189885595591	0.08963442290574004	0.11847171280298241	0.20496377712805114	523.6400935277466
-774.5153211419793	0.7492330986947063	0.1595848229032957	0.11135494408055396	0.5661999495584671	0.2141465070430247	517.7418341660849
-784.9873062137663	0.9041928260978433	0.20864715927376049	0.13966823159568886	0.2881831250385638	0.2321714157005875	486.0631043225602
-766.7259759328972	0.8087828773096659	0.14924879566737256	0.11901005567926315	0.9101708930010597	0.22524829700055993	515.6408230676955
-754.931414226318	0.9125440681728829	0.2023175543162611	0.16867702497601178	0.8364122900618963	0.1990623063208561	486.25634520213174
-805.250765305582	0.5282320531961131	0.13233005562110914	0.0784503219004417	0.15539954896978198	0.21671070649233148	551.3015055204218
-747.6038479565739	0.9285731203498239	0.24973468593534587	0.2364202402603569	0.7784025559208776	0.21866705518169824	466.2833609974516
-729.654384803589	0.7850670978068376	0.2176083815477787	0.3438720020247463	1.2735457306056488	0.21881379668253628	494.7782755022814
-780.8385376781066	0.8725554326297491	0.18820169537552692	0.13166905246039368	0.3531474391080858	0.20350313761557393	495.2448439222206
-798.6703793342006	0.5830833449151281	0.13828692822648594	0.08626979626543822	0.2072662977652151	0.21227894411059045	542.8928703839222
-727.2020906923022	0.8202489918996589	0.23546366776795932	0.6190787514331128	1.3099224184238776	0.2180308624933891	475.4849103846195
-736.9244964211389	0.88800631717648	0.23101329547178204	0.2824304382796626	0.9912862879318111	0.21971304413372808	474.40650273275673
-728.7839471528273	0.7442227662357483	0.20932168117136218	0.38619419418891343	1.4319575986560897	0.21121799888417087	506.96501918700295
-727.6050820233256	0.8011811002624233	0.22801395698609606	0.49731022149196924	1.3403392247788541	0.21768749893444733	485.30336623123276
-730.7872042451841	0.7723589698922773	0.2062874081506012	0.29343510606576034	1.351349393156148	0.21623920640145192	502.51919568222274
-740.098741654054	0.9069157665123708	0.24204480856433985	0.2685246105565172	0.9059258559620641	0.21701140235997712	469.12724609234095
-796.7667283731583	0.6840992295219227	0.1652952638770322	0.0983591343374829	0.15049552493760726	0.20594265454083951	521.8347279196425
-727.0657226855001	0.8201569743711253	0.23598456665554704	0.684127698032752	1.3193113871778321	0.2192940020897759	474.05326478426724
-731.6889580722059	0.8790150150677871	0.2470344851095316	0.35979443289079654	1.1018679217090885	0.2204939555401536	467.45142734080935
-803.0513607902315	0.5941022671462348	0.13652336154118339	0.08089216708753674	0.12224279023279815	0.22024485318089895	540.3535769469148
-737.4077744285376	0.6696622467118284	0.17261161052203428	0.20740249156489485	1.4940975070346705	0.2050838789772498	534.0760872236954
-753.4494671843038	0.8282375969590832	0.2201591810605108	0.19435990585578808	0.7180023947359488	0.2295738975626738	489.0031206673013
-727.1098194715211	0.8212327252788133	0.23971777285643975	0.7007628416787448	1.3183021774054688	0.22197514149884406	471.90552452656306
-797.6972766533454	0.6838492769055948	0.15996210009702053	0.09691076556188147	0.1303605289021589	0.21010205210441313	523.3957626586835
-740.365825153285	0.996739302786731	0.2822060708323643	0.347575953659014	0.8836942417478257	0.22140819862356	441.53914292319314
-727.5348911594524	0.7988434962808	0.22775340772877115	0.5208488304767496	1.3582623482492069	0.22008124654983194	485.63488969372344
-802.999739296642	0.7790616047468248	0.1740726061113348	0.10304502982499833	0.025960797438690796	0.21449775061873713	508.6459307634413
-743.3682038321117	0.7910170340222861	0.2019943196779244	0.19530889115149547	0.9634309014393938	0.21953010007331358	500.3770237777415
-833.5424384147044	0.339828520307013	0.08629193627536143	0.04930846497155901	0.1096158402595756	0.2156330931166317	591.9618105484195
-732.937712879686	0.7721409475190155	0.20407115235450488	0.25697539903011696	1.2595021503282258	0.21047150025306466	503.120628949804
-796.6200911268002	0.7661065380091281	0.16221101121416345	0.09844576896862993	0.14580717314588734	0.22617030148908374	513.6038363687552
-784.1405283696283	0.823620509060979	0.217890624690969	0.14713755659137503	0.308461655906342	0.23342924458263745	491.3598459887052
-804.5583933807923	0.6749166219702988	0.15031339813599628	0.08919591328991308	0.024591758340710947	0.20533723038012683	526.5155901092457
-794.64356125587	0.8497156255500208	0.1825291466906204	0.11273853855322076	0.1505303007912924	0.21717548022574545	499.49624698604333
-804.5746282556586	0.7409638652447491	0.1640863690957754	0.09558363126239758	0.0028297078749489075	0.21288208767944272	515.2636124466118
-779.9092162884764	0.7187611391497594	0.176157454916636	0.12049527101045598	0.39212776533538823	0.20622279112716232	516.1575048631469
-734.409311735637	0.8422648875105243	0.22121775406817784	0.2719419004116233	1.099035589704726	0.20974903282398386	485.0188065415529
-727.4535041769053	0.805408291538376	0.22946921853584035	0.5321585067748155	1.33519360635825	0.21771408730035138	483.1101515116014
-727.0435037885319	0.8282038312103218	0.24015381838406613	0.6976258803572472	1.2958022374859879	0.21903960699549813	469.9906769377662
-729.9380899727031	0.7399917768720219	0.20192854217026635	0.3224761644451257	1.4397147914718826	0.21493238772610168	510.90812868230813
-727.3402239622501	0.8151413615435632	0.23428863769583785	0.5678739128556501	1.3134030265149774	0.21795477556909731	478.1720815176525
-730.273331071749	0.8517885000613955	0.2486240543948162	0.4912421655823154	1.1750694655794287	0.1986477482997302	466.5554331772052
-744.3691843264612	0.7868980081974979	0.22912328894712414	0.22425978938147384	0.8943045671653683	0.20215185084673987	491.4625145631364
-781.6890880654094	1.0413213997916615	0.25014270903276836	0.18431915048334507	0.3781358241521363	0.18692250887375053	459.29610837887657
-786.9404123583638	0.6113931173001321	0.17612344086215312	0.1141210122231782	0.3721719517213492	0.21674080564619005	530.6950252443056
-756.5592008677515	0.8660426662196768	0.2347608503365262	0.2016129753937337	0.662280405473806	0.23678020373708836	479.6915031795322
-792.2983646431321	0.7469275539671908	0.1727063027318325	0.10823133595909262	0.1959057967169382	0.22352027152441145	512.9306181098608
-728.6654214307321	0.7588779970263156	0.21136966833517612	0.38339671619587384	1.414985521858136	0.21600321806600978	502.942416715928
-783.5724002486156	0.9161776533636842	0.23764341576222128	0.17008732038961022	0.31468657120083393	0.21405297172987384	475.0267733332394
-800.7235193373238	0.8195024371015582	0.1836068597996858	0.109831008234453	0.06180604585889182	0.21935388140298487	501.9794966221589
-791.4360712457426	1.0927238336364946	0.23160374650032847	0.16140359812457508	0.26570546821546837	0.24191061019491564	462.2996802012184
-727.1353662532831	0.8228012335723272	0.23866654729195855	0.6509282824889672	1.2982783168659637	0.2193170164006327	472.7866907018922
-731.0985390513181	0.8841999674940771	0.25178867381871733	0.4174997114146022	1.0950973285933785	0.21778700481797095	462.3900241605084
-790.0417800170865	0.7933181164203975	0.18766781356842177	0.12295924243497063	0.21852564256774495	0.22165954358278098	503.57907991085574
-923.8875957675838	0.7843095375107274	0.19328055486197207	0.12266686678454011	0.2826677932190632	0.4587443983060519	503.11491085702505
-753.4278937975869	0.8229965365626337	0.19483825912445	0.1639205338457583	0.7957286681001378	0.22083112252854067	498.59950977725566
-792.6442034036027	0.6769168241250335	0.1920920156587112	0.12187359065795306	0.2361734421453693	0.216259080991993	516.4605900229302
-781.9399673239175	0.8544332551436689	0.2109090331067602	0.14630927933841384	0.3191569992123437	0.22107544673255183	489.97232642570293
-790.7255372364796	0.7369922298546812	0.17668041900588904	0.1117819659666889	0.22218279114988668	0.20108110164920803	513.045009908457
-730.015206394988	0.7459418370376609	0.20842225761572014	0.31775138552595	1.3875560249529744	0.21247159002848084	506.7256302781905
-727.484283193991	0.7971052361347175	0.225539181291801	0.5414503947676221	1.3714358252457817	0.21989223653168785	486.7067318151594
-726.8372028082914	0.8545726210294392	0.2491429027796535	0.895102238957955	1.2521520859264494	0.2193774723295161	455.7189796455231
-728.6164948180483	0.7460490053284816	0.20613648645741453	0.45658716391834714	1.5059525439998345	0.2167246250599822	508.6593966800618
-728.0538023814491	0.7700191398532722	0.21667407013634826	0.4411651521910323	1.4074410058074756	0.2162156872921517	497.8883386430668
-738.9875350891675	0.7551957708616328	0.194740305387388	0.2005388923717073	1.182819522873169	0.21450533607886166	508.9244901566012
-754.4807139050265	0.9465022056126327	0.23974124461883653	0.21393611036225818	0.6711581318622265	0.2174732052047007	468.39382953621214
-770.255634201618	0.6197849220994498	0.17585755865483108	0.1332485253976148	0.6559650917241137	0.2315774479852747	532.5307291492799
-798.4489056323414	0.7940893392268209	0.1783809360751298	0.10724606576526023	0.09548815775380959	0.22216427928331636	506.04474258703766
-732.2457429978197	0.8913495290237957	0.2692854728896149	0.48420896813627085	1.0626754119972108	0.23734158674436537	452.426563901471
-727.128979282772	0.8471449754637291	0.24732786547953753	0.7112930730966263	1.2507128742518794	0.22009604988662354	462.25271078428983
-780.3667918830137	1.2549216987320595	0.2679956058553993	0.2090119108000475	0.43553741907377014	0.21213582253220503	436.11156899102724
-781.9895921163969	0.7523425033845844	0.1659124115251513	0.10750094509049493	0.4174069121883462	0.22621774106723586	514.841858455802
-726.9791023917089	0.8328355064032815	0.24189204773960896	0.7416548610768465	1.2889139007461705	0.21915573723678788	467.23703826031647
-727.3929489047896	0.7975893661363214	0.22781368081600958	0.5529265983633357	1.3594159101408	0.21684084492858924	485.3021387789859
-781.9170482592428	0.8501077739931422	0.1886614447171428	0.12548019986681772	0.33324614021255705	0.2125406564331922	497.60344111124886
-791.2476674221389	0.7732687119480768	0.1755036149582173	0.10892838510426334	0.20529284671039483	0.21360009816714282	509.25384836480333
-800.1615430810455	0.8231396933970881	0.18085341345266426	0.10873544551030981	0.068065208754125	0.21205693424502664	502.43056250768063
-740.7763102249818	0.8683078619562167	0.23557347499685907	0.24466771590825281	0.9177125871359796	0.21249014836812577	477.47969143362343
-739.7718879744634	0.91764396464045	0.24359409174635374	0.2620202006491737	0.9355902880963171	0.2182051514574145	467.94164780373245
-729.9341187408711	0.7049652482791663	0.19561538745138876	0.39202202122383073	1.5822050341114002	0.2150386219505712	523.3214280894838
-786.2916977388139	0.7731332128941117	0.1929041234057069	0.1266083007339956	0.2716213866057761	0.22216743254897856	504.4112797308198
-785.0327783555481	0.8298653858378097	0.22267836961941045	0.1525459013308014	0.30556037779953876	0.23596512979852985	489.1208785729389
-809.4604202176838	0.5222507393589777	0.1239784598156785	0.07385723003247338	0.14453171182375862	0.17894070917618005	553.8762866952037
-756.3742890263395	0.9210133495191903	0.21509436366253537	0.18229472174776967	0.6931444320813154	0.2033815281050956	480.3431702578337
-727.0687549508277	0.8196805458465718	0.23403399737654898	0.7143601741181734	1.3177160456870058	0.2182709350417542	474.3567368689216
-728.0965963572444	0.7723801889160273	0.21688779531770952	0.4325816766109479	1.3999318938822491	0.21625628328720034	497.330537203449
-766.7697149136252	0.8700629813750403	0.17280668701193197	0.13224238578477338	0.6701602065099556	0.2119739673375521	500.7692175011686
-729.7238556284447	0.8298311141273386	0.24186825786371832	0.3856072862076192	1.1971093919875977	0.2192550146065474	476.5730269431602
-727.1024992773895	0.8089176395743058	0.23452372853449804	0.6654176083042538	1.331567777067863	0.21792616328982817	477.60611662570614
-776.3990328296763	0.8960721905325058	0.20854297760171203	0.14714456248176946	0.391944464469648	0.21078652852457047	486.5151652058906
-728.119173961567	0.7831822106156132	0.22075794606390106	0.4224068996683684	1.356854105760232	0.2166019348664852	493.30264029311274
-790.0266381292062	0.949590239568386	0.21781501752475774	0.1480761549125136	0.23732875417391328	0.23297767318369467	478.71974261657516
-730.2489404565453	0.6971715057973903	0.19424982214057143	0.3566987213886119	1.5610256119858967	0.21422347743659442	524.9020288883884
-727.6105459651825	0.7999936396663376	0.22697766156955546	0.49743358593317916	1.3465763423095043	0.21625644557353843	486.02573643014614
-798.1935640218921	0.7970306380361147	0.17841543233678558	0.10694727521518971	0.10189439301467174	0.20287285072062472	505.75405878896703
-801.0108479197579	0.7330261770935711	0.1638629733825335	0.09610907405536323	0.06318736548227118	0.2142896730483084	516.3199298262552
-735.5881262087623	0.6689740389446538	0.17383563082024475	0.23048526150657947	1.572629896891558	0.20689613929684025	535.608785171199
-727.8313272871078	0.811091211875719	0.22866246208799038	0.4715200936943479	1.3258815931226942	0.22141503482909894	483.4882956915906
-728.2218916552808	0.7910746737871708	0.22268064120245562	0.4185007356161747	1.3334372094562743	0.2131204131917055	490.84627305665236
