# /groups/rgutenk/lnt/software/anaconda3/envs/donni/bin/dadi-cli InferDM --fs input_fs/fs_087 --model split_mig --grids 40 50 60 --lbounds 1e-3 1e-3 1e-3 1e-3 0 --ubounds 1.1e2 1.1e2 3 12 0.5 --output inference/fs_087 --cpus 10 --force-convergence --delta-ll .001
# Log(likelihood)	nu1	nu2	T	m	misid	theta
-996.1456341490132	2.0295958046154374	0.2375643961565749	0.14634706486407162	0.8995069401110565	0.10817396077131862	1261.38791144048
-1231.1484517984156	0.5830590684932936	0.07184519445920876	0.030292081450958273	0.12198108190215293	0.11347793806137049	1607.210926912382
-1057.795813255355	1.5620168540977426	0.20372325507152272	0.10301589539974967	0.2814389682155375	0.11302590108065325	1354.5507701214653
-941.1353183260835	1.9139958497634602	0.27054829425163823	0.2798373222942168	1.4039130975809715	0.10421516043530457	1164.874595236368
-1062.521857793134	1.930332646638939	0.18014286433234708	0.08537653807652491	0.12938204407603118	0.1000874285936913	1360.018172900139
-1160.4874122315434	0.7854686868564911	0.11141289244989849	0.04910594623378129	0.17593422311676818	0.11519079821097106	1545.5267061138197
-1065.8155356194247	1.0095527988238386	0.15823544532987052	0.08634971872482478	0.8133424903759394	0.0961444571628113	1468.316759014035
-1080.4999049954731	1.4147505519671861	0.17145305105874914	0.07938518139822108	0.04705795234747099	0.10067569483065059	1407.6578953703909
-1015.2923646378905	1.814859736546267	0.2529238020243752	0.14865027005101528	0.6630860447120854	0.09785682396993936	1266.3338279606824
-989.0183016923826	2.280977506773762	0.21034230003205798	0.14333450742788542	1.2062805167763888	0.09411161149068148	1265.4935661963348
-1029.0099865211744	1.9130505337406418	0.21876394108324043	0.12022897016058517	0.49897760585541023	0.10129069561242361	1302.4535838348615
-956.9602490435138	1.7463464976003602	0.21526272245210606	0.1736245848740383	1.3164846119686962	0.10408663637689415	1280.0378311027728
-1072.6595299696542	2.208084491680098	0.18114981050657725	0.08380155344865448	0.010052016503204522	0.10215372775776442	1347.337176958594
-1076.140740466119	1.6546322362805457	0.1916240849267306	0.08864333966866875	0.014996210324807031	0.10076667135809539	1366.7152153127092
-1192.9288664054195	0.7736277735179211	0.14376846091830411	0.06698574818591707	0.039326060168257355	0.06793792340540294	1524.6507184448471
-1049.9331941984858	1.9399257230910327	0.20112075052260545	0.1002701624728535	0.2718227407296507	0.10539952003060049	1330.757439982249
-900.6865906823797	1.4056519943711674	0.22359170721456115	0.48636851386451724	2.0309535705144124	0.10087330559628967	1233.7794396441955
-1001.0765276347432	2.2982100764683917	0.2572848693639026	0.17519033180205784	0.8652453577328886	0.09986462328217259	1205.3741741130927
-955.845594516356	1.512844431331485	0.1724983653139745	0.16677701610430384	1.7225345510434196	0.09265959224274584	1347.837392576558
-1132.8247875307452	0.9835574408148772	0.12946344516849445	0.06342864251631646	0.4906948578133982	0.15171045486131213	1499.8008370112866
-1211.0140534312945	0.6190799741786974	0.09772314240191253	0.04299567992018236	0.012485842751605986	0.10708346739353596	1589.5640326656428
-1134.8796005235936	11.30358175237634	0.13437622777851715	0.0675243094234517	0.3988270439703917	0.10305405246944689	1329.1864739849796
-943.2291990070488	1.8073584696993834	0.22821382360628187	0.2135267138267996	1.44731379616415	0.11001484442397293	1240.4405546408166
-1023.9693759129016	2.825669148532056	0.1818322469614254	0.11170686441628234	1.0550241272728278	0.09418015843197043	1292.3818929819518
-902.7231511966772	1.5141168240245544	0.2518540053273071	0.5433059558629829	1.7190665515479564	0.10192673532777788	1162.8652121064201
-993.2194982674733	2.104743998163633	0.19746195095929517	0.13050588719374265	1.0346776644789955	0.11094733413437553	1295.021888354523
-952.572518709483	1.8932581666933725	0.30388082191352656	0.31122067080818827	1.2110406570131782	0.11657404997733949	1130.1885429332876
-1110.3854291873472	1.1122887916870094	0.12661998421797338	0.05735646320273711	0.0014863838479041015	0.09641266946665562	1484.908272251128
-989.1439802925415	1.7039813457584527	0.23429566654732473	0.14541294654855863	1.068138824740524	0.09331715744544881	1292.5632320741774
-1230.7819644546616	0.5498279095022109	0.07785998380015419	0.03446789015708074	0.0655454290375192	0.09431405040807833	1616.946875600625
-1030.5920462850124	1.838607996478133	0.15829013757857419	0.10669372657079795	2.347592219398748	0.07367944399923335	1374.5287077988344
-1049.531069013574	1.6341062997920637	0.192184741027108	0.09450395715345092	0.32236596146206575	0.10404093546727626	1363.6499067469917
-1067.6945003520889	2.02702450273107	0.18440073863360623	0.0870870093117025	0.06163682754500364	0.10049923040644003	1349.9012622017628
-1148.9255148939662	0.8914387528331986	0.12934977868916614	0.05623376255958646	0.0022284650477335383	0.07357090367719617	1512.3656963364215
-907.7173551704673	1.6745370761964367	0.26194675600633244	0.4995117464648776	1.6384617327513171	0.10923507207052922	1130.5557099233208
-922.253658720861	1.8287121787504383	0.23597983831836894	0.33002183700601506	1.8069292085134299	0.11038984284930202	1181.7778024829247
-1083.112693501012	1.1509396088659116	0.1737116074667317	0.08466360045288956	0.3096301987999473	0.10985452421003034	1433.0263349804884
-934.8132981855733	1.581516079553223	0.2415151923132842	0.24401220107496574	1.4606001559388266	0.10663259112324686	1244.2683009501654
-1077.0628715354337	1.5807710753508275	0.1723374651638005	0.07966893021383321	0.009819388700370727	0.10462375464430972	1392.9402871860186
-1015.1179829327066	2.255846512404466	0.24951001930849234	0.15337205556377298	0.694512511254263	0.10795782324146357	1231.473580158417
-1023.9136537118194	1.7622630077012726	0.23468411582292462	0.13346472351843283	0.5657912748335426	0.10409716062171138	1293.265786238024
-1044.4237307051358	1.8688554207020838	0.20010910624090886	0.10159279866770654	0.33689468090396707	0.09879700502367608	1334.7079254414912
-1118.3889715031698	1.0095598485901862	0.14664122011195968	0.06346681552686467	0.1422104353904692	0.08652015826182671	1480.4426313103907
-1089.6136873796518	1.2885750128536866	0.15708081175632185	0.07078220104043287	0.03358555265231381	0.10300761874833861	1435.99267270284
-955.6230667557186	1.9782535069138572	0.22840886956558687	0.20546701229327896	1.385923918084008	0.1200390683542039	1227.28570751259
-1163.2910876705196	0.8628436780530706	0.09028002016288167	0.03937072366617081	0.009415444668716926	0.08046898089158956	1549.0457530348392
-1060.6054749346904	1.7972396783417823	0.1876177925576731	0.09148689389600671	0.17236791873765595	0.11134133608127797	1356.7748449886103
-910.2732729913507	1.4505284717775973	0.20954620645947802	0.3153968094994436	2.0270910705845324	0.10408860001697154	1273.981864174899
-1055.7022885760198	1.77114984971671	0.17813318665548775	0.08567587619856105	0.23498066703760245	0.10347689343007682	1370.968165169297
-1097.0624714768442	1.0253505452563605	0.16669347995649256	0.08302670818893337	0.3553549151719175	0.09788332487295133	1457.724870366799
-1057.8633864522747	1.5709820449152947	0.18651115974493432	0.09175523344740173	0.24313079501433998	0.1036718188203208	1374.3440080295316
-1124.1142152746181	0.9517896575207744	0.13525520275053715	0.06159566095454599	0.09392224252002869	0.10487579897309078	1498.1947439119135
-1007.9247736391474	2.348815736279688	0.23945220278640728	0.14975308715893448	0.973037350262871	0.12607725018031282	1237.470117891168
-1165.622905264714	0.7532759734679105	0.11301718004898388	0.05038988443873169	0.11526789153483857	0.08706785124278457	1550.7100989529456
-998.1537609929618	2.800233185541255	0.20891492358872807	0.2120560322989606	1.7633862118414498	0.10996048735575877	1182.231783873998
-971.7410938534551	1.466831164519985	0.21994017467651264	0.17595168920037488	1.270627687228649	0.13012568743652117	1309.2702468097577
-960.1147955641152	2.0454213684473164	0.21519635961942266	0.17851278925962275	1.417780872334985	0.10503241477062829	1249.8298211446981
-1872.3478941227172	1.0252150085599752	0.18855696828352175	0.08019981694304347	0.025195948594302787	0.40046658606215635	1442.051270767508
-989.506393341892	1.8999207599945986	0.2849021298641898	0.195738077932362	0.9385689675904993	0.11675710088919017	1206.637066541575
-1102.9460448917853	1.156544956478845	0.14818199616877456	0.06567797612055673	0.025236986789966314	0.09045366681156428	1459.478070719738
-1054.7394993797882	1.3988083340481925	0.17750430966258945	0.08986586643474169	0.3725095603165726	0.10148147940951485	1398.2115814134374
-1040.0803325750362	1.7172327379347736	0.28523280718476	0.14602058287828093	0.7703159870029879	0.1089126308361885	1263.1536573483438
-1059.1692013390018	1.7852935883667558	0.2076759345631204	0.1008896662299697	0.1901364007474175	0.10128689193157742	1336.18711012465
-1069.4817174257705	1.9925634143890791	0.18473490104664259	0.08617646833550743	0.04275887575782189	0.10701502830318767	1352.5830582720712
-1036.241015237758	2.416393928969995	0.23177783270892682	0.12858409591600017	0.5044466136296707	0.11050243704142765	1257.0409595467931
-1029.9860874294766	1.7094573846503243	0.19255613893858264	0.10202677351335292	0.5363869793590491	0.09651848273071131	1351.2543976794132
-2040.2863129776406	1.2819026529502089	0.17782297241389436	0.07386848422491635	0.041457083029620055	0.4433751907587464	1420.832673346385
-944.2248572896128	1.906259276462484	0.2389501865379126	0.22902981767339622	1.4709637899583572	0.09582602404182823	1214.039257130509
-984.1227131457529	1.782126213397224	0.19431482404297706	0.12785772948048854	1.1058170439671633	0.10276844953415659	1324.0924797899343
-986.1289473970912	1.7217095857678104	0.2551749911541101	0.190408568053126	0.9222119128459245	0.10809909710319619	1243.1187687356742
-995.9971103190296	1.7362625077508866	0.27449214630237223	0.19039885596011366	0.8504438672562061	0.11566687238008573	1230.9408012478275
-953.1804821434531	1.9247379253026695	0.2552920096202324	0.23761398625519536	1.2490710848761466	0.10474715851062015	1193.878578050398
-914.8669055015218	1.431948953763062	0.18612266344267892	0.31220732632690107	2.3833594736476442	0.10256942564043993	1309.4112535441768
-904.0097481356394	1.5544358110391618	0.25971990872474615	0.5245738798403761	1.68110232729318	0.10742802975403969	1150.73720040435
-1190.8738843028996	0.6465228372378029	0.09079831845099048	0.04148455675647559	0.27272023828940856	0.09681879028140941	1589.7288358271012
-957.3876254051897	2.00950309599869	0.19533284404245757	0.17151370367953073	1.7928159060377464	0.10218500178134567	1275.9767580785317
-1004.5357251029068	2.3273369795318026	0.19999789652038896	0.1258868277152319	0.9408211166952963	0.10657582920522728	1284.7648774899344
-1061.7125661371138	1.9679443393086555	0.18818109258474652	0.09131470441862342	0.13658051785560077	0.10487604450116664	1346.0769412142936
-920.3352000080849	1.4764526432157747	0.19740684354411536	0.244386504164009	2.056231772772433	0.10324141370644635	1303.4681900768524
-901.349888810552	1.3813430361426227	0.21450093219341115	0.4902318886604269	2.1535859156914876	0.0998735579463267	1252.5743255537673
-1057.3910540571765	2.283091200794895	0.19248251102439434	0.09427376191195301	0.21258195068495483	0.10141718840476187	1324.7927741939363
-1072.8785280815396	1.591816122123226	0.15416376897065345	0.07226588726727794	0.09699063216563006	0.10284144839886238	1411.7524098616943
-1034.0778231192678	2.0655538813157115	0.24868567925150867	0.13307946119926656	0.4856296319358588	0.10245554042763903	1263.6123290374435
-905.3743928927246	1.4237205149818657	0.20674760226574346	0.383090723232196	2.1477060309627594	0.09982725705600128	1268.693702195355
-1016.2788988796078	1.8364592315089747	0.259380147160093	0.1587763790989372	0.6501630508519244	0.10782173675382908	1252.0646865517563
-920.6771058642935	1.6852435375915438	0.22539094538351603	0.2810987946478686	1.8446684844101189	0.09878228091022796	1230.0271156837937
-1072.5444580119224	1.297778473493436	0.12925512567379205	0.06460162166897727	0.473149051164195	0.09400188280242769	1462.071779801103
-1210.270202251304	0.6062069356618247	0.08454005523895704	0.037240070598420515	0.08787182220358207	0.08958361293897017	1599.5659470204037
-943.9995777793861	1.7011096381474633	0.2951039089926911	0.34670301355397654	1.4199725800940304	0.08384973575124469	1147.931940816857
-1066.9494437827852	2.0085539571967055	0.1837018695154743	0.0855035376850325	0.07158315496646295	0.10112585476014384	1353.372481365281
-1053.12722752998	1.651090681874249	0.17481993183513192	0.0860287551474232	0.29481723665444937	0.09605253345391589	1381.187541190147
-924.3520116264824	1.6374814967101041	0.2249287809454368	0.25293008633982694	1.7499763752215072	0.09745028373954104	1247.873517692889
-1052.3108243912175	2.008133880192968	0.1926737082452001	0.09538408653421056	0.24565932152043365	0.10136488898694894	1337.04521341255
-1280.2084880347743	0.44898129150815724	0.06672967693051629	0.028952243357548847	0.11990590754035547	0.1149733019849437	1647.5395959395034
-1074.3763242863665	1.711231373810514	0.17418207425786933	0.08010879746879533	0.0035975104803139778	0.10097401076358593	1382.1920200231464
-1097.4079759426936	4.583884989745286	0.1698761814317318	0.08330715264613961	0.228949377747505	0.10844344296146173	1303.6690062213197
-969.2111179195845	1.7924635478571769	0.23049761588181364	0.17067299609300035	1.1205853284085556	0.1019746106765858	1266.217674225884
-1376.0166332797303	0.2592586549129879	0.023619568344502382	0.009826452656627058	0.021997321752707032	0.0808463300580565	1681.5399499595387
-1074.0817451152939	1.7034792241421517	0.1533916545902671	0.06936304161014054	0.11258973898102538	0.09484837482278063	1408.2794834698248
-897.5376404684123	1.391016403554002	0.21520585570681028	0.6753187439982301	2.101924058654487	0.10279337901055899	1225.8401489010266
-1017.0678747752621	2.574365595969524	0.24320034188572975	0.16043862552199809	0.7885859302944884	0.10545754906969519	1210.1219719237263
-1001.3460424995362	1.7974758166093625	0.18842734589794877	0.11504802356649474	1.3100513360621535	0.1277897535472299	1340.1620170881502
-1117.1457976122583	1.0437379075722204	0.14289697283030306	0.0645255733124468	0.0028084201619840024	0.08735639474840147	1477.8089755283502
-1061.5268621274977	1.9251651225487199	0.2006056241027011	0.09693762565054136	0.15375250930857437	0.11100638702867247	1335.1293181178942
-1029.9304398938316	2.533913579683452	0.2456534224046262	0.14528807869846355	0.6164981516580778	0.10423404520479648	1226.176200995144
-1075.605976298683	1.580236885443669	0.17265480860542243	0.07998861196710597	0.02647170666923178	0.1032213906731907	1392.5461629047225
-1058.7024887925627	1.647576421655731	0.17482839454694574	0.08449294908817515	0.3662441564810768	0.07775761653219594	1383.4908271956579
-1062.117948364215	2.086364748959222	0.19532618995877685	0.09245974359322653	0.13404200710245118	0.10253886915868304	1334.5075443344795
-991.3829441312149	1.4152009397084435	0.22506555564883893	0.1466978704785326	1.0298545122797358	0.09971716774957047	1329.2022406522885
-1153.0246503858943	0.8020681561302826	0.11669745468569269	0.05295127595665833	0.10230879591735503	0.09160832250274069	1538.9720152661046
-1046.9201809132146	2.155684495742271	0.27774085156562844	0.14979918510570558	0.4314541563311143	0.10655775732919508	1226.6560198933696
-1078.5469901612828	0.8780917163496967	0.12006165360722212	0.07262243570700505	1.365064698765974	0.08484725661276919	1531.9839407671395
-1071.164182181918	1.925883451735535	0.17991411441424304	0.08320205500227178	0.018356499962818858	0.10131381259799699	1362.4701604053432
-1049.5559985525115	2.0542736798117875	0.17019517381904642	0.08532315320321153	0.34221284437350247	0.10341401033962154	1360.6117041319017
-903.0628079406988	1.5269329500738	0.25530612226927807	0.5201868159062898	1.7256228068920993	0.10452270474517006	1162.2309598212978
-1060.2696432303653	1.5964825067201451	0.19315378647369152	0.09446116301376976	0.20977704359933166	0.10246816423605727	1365.476972702941
-1082.9359528383302	1.2205341083034809	0.19884099436402788	0.09670428165858341	0.2788757754914656	0.11194020640327687	1399.7794989641898
-1060.50557651412	1.8215261691581857	0.19576847024429447	0.09498144040760584	0.16298282172805503	0.09706538510322286	1346.6018376944066
-2042.5343570449934	3.4751843414639887	0.36157290408414533	0.19814520808463978	0.24947149092389373	0.43243656198977876	1082.9858372152516
-901.9792393076509	1.5380183618996983	0.2258331789738432	0.5080889718713083	1.943598757114239	0.09714230213449668	1194.7012744333747
-1407.7738383259561	2.008863597614945	0.215402919974119	0.09599048297303557	0.17151701067216674	0.2930819369578433	1324.1837932810886
-1061.6137700595	1.6042527116998633	0.17690403330019708	0.08559137791243114	0.1967234850201967	0.0949790426794415	1383.3278682998834
-1155.8420511331526	0.8030768103631482	0.10519937064263069	0.047679397368854244	0.12594408157254608	0.0825717665618857	1547.7072426647292
-978.9094771823904	1.7992903625105143	0.29840305525803507	0.2432297470806511	0.9818040885319952	0.10711328573857608	1178.1584628029377
-1194.887493606772	0.6587233278335443	0.0895089632156287	0.039730068876135935	0.08518974949604931	0.10477486132797169	1585.456533713364
-1057.5152712955373	1.9813814248990178	0.21255189465690777	0.10422549139082887	0.19849764829750174	0.10307799624503679	1317.1300601311646
-1073.6364082881164	1.9958785835141708	0.16678501964956313	0.07649328353972176	0.00421336921815265	0.10399730212217995	1375.0087779297426
-1045.2360981673235	1.9048867497019069	0.2087022283487543	0.10941957913162696	0.3327994753270106	0.10130131697499324	1318.83441433754
-1063.6059561174293	1.5933442644973965	0.19124984801771733	0.0920526496363758	0.17245379446385825	0.09947400242507842	1369.0280472841994
-1068.3506794741775	1.4353114486897416	0.1897366571038223	0.09115312667334684	0.1948939973245843	0.10121567490610166	1384.903804270753
-1066.6118416902514	1.5448668068218623	0.18420317788555346	0.08636228547125621	0.15349927013929515	0.10293022957577296	1382.679730774805
-1022.2951857579321	1.6982372708677813	0.22797726609344968	0.13126435164708372	0.5943534128052084	0.09751981653280285	1304.7119655042322
-1163.7392602117804	0.7538945457333144	0.1104659662329999	0.04996069228347518	0.12324471422926467	0.09701333430149259	1552.9273174405664
-956.4121410225983	1.5794290725011069	0.20906032764668908	0.16103801376361795	1.4234717366031746	0.10411974207602857	1312.8433839815698
-900.0997399238771	1.3850574782453322	0.21284962039364816	0.5064879811734678	2.1209579328748998	0.10092404032653647	1249.8153200403128
-1044.1111815482677	1.8082100555966414	0.22028296328521424	0.11334312685217478	0.3563101948161094	0.10783667557810264	1315.5518715836968
-963.1346832422126	2.1053554456736023	0.23027686030497074	0.1933918304479689	1.3018945249863159	0.10552635761406678	1222.8885970946365
-1046.4027349164423	1.6030414991482302	0.15230925387115038	0.07786806631393806	0.5416516049131749	0.10634884504698842	1409.0105912285062
-912.6970551040456	1.6099141256901535	0.224500135177568	0.32346094685904886	1.9164382616932623	0.1072321109469198	1227.7997290681847
-1186.6282218999313	0.6931010927117822	0.09272981471025012	0.041213824803903745	0.0600851899943701	0.10809641046828405	1576.2853357047481
-1226.0064921533894	0.582816534229041	0.07346471280196581	0.033136972789601225	0.35470633177724864	0.06593267963660901	1612.3404511670037
-964.9146099479951	1.7087055533012991	0.25116209627412084	0.20356122368036375	1.112849822491303	0.10520075235795019	1240.0620422009201
-1080.3884511104754	1.4194777822797569	0.1574514276512165	0.0722178270541873	0.06694062234526989	0.10712965419953506	1422.7470950487293
-1111.8840993549315	1.0555833979957274	0.1290234820322732	0.05853203741979512	0.06951477687586056	0.09398018852432781	1489.5138814162713
-1058.837106928356	2.7178373872433776	0.18586383250361474	0.09513625032389954	0.3018128602823373	0.09945798769657704	1311.165209093756
-913.6301792367174	1.5707525074874173	0.26474237745759016	0.409876240500019	1.6432704156375282	0.09699305413914748	1171.3606549938863
-1099.9059297659442	1.2628889109321073	0.18072117786942452	0.07996816366151786	0.1421680608967437	0.13244253626606725	1416.9451523421976
-1088.9919506122317	1.3297648299806333	0.16673683207247725	0.07615592907694603	0.0019825369987025187	0.10300778790973138	1421.2057918300482
-1048.177007530208	1.9055795682247225	0.1938301581535563	0.09754243890686232	0.29261669503397003	0.10142736568896264	1340.1489799443318
-966.8803183879081	1.8581084380050332	0.2910825048803255	0.23653691568463406	1.15663122832817	0.11876584179590223	1181.8867470126686
-1059.0021210155583	1.7403315673024378	0.18779249925442026	0.09088538498575868	0.18981349994517743	0.09571942891098845	1361.3141748269295
-1052.6154460812222	1.5419558055068068	0.24643011004437462	0.11936846863562024	0.4645361124325137	0.09893137113585347	1319.9211069596627
-1063.5959275742453	1.8565116962331831	0.15388521999526356	0.07365401420014586	0.24304106458506228	0.09054283452401163	1394.9304209270156
-1063.9503305529577	2.4261423033668637	0.20352572128190696	0.09833565678602213	0.15816354914231032	0.10217949155202864	1307.1645373360823
-1050.669514831522	1.6629212565844285	0.18548871884759474	0.08870817921202101	0.33580834099857276	0.10327891287432306	1371.4246789356976
-1061.3723513609787	1.5613067565611094	0.22440345680060547	0.10887583662314342	0.26706836193603195	0.10488846799499775	1337.7602808276035
-1011.3600776492369	2.112731136852737	0.1993438243971043	0.1181078742840648	0.7597140611078288	0.10237754363039112	1304.3355256117065
-1048.965626339169	2.228559120086364	0.19477364594054505	0.09759763295083285	0.3192811565654809	0.09621157446187381	1322.3310957545211
-1003.1404461313987	2.621783326853689	0.22258091719744383	0.15110326980896321	1.096038076549429	0.11076704962054856	1231.4922267169152
-1024.3817616761285	1.842094276139915	0.22681892990820918	0.12707171880681262	0.5483846752116911	0.10446186470767214	1296.8553767754745
-1098.6490239322645	1.2028438965038186	0.15809952253739679	0.07295724508240276	0.005035372408274929	0.09712022308035424	1442.7872661533909
-991.0731365882841	1.5813521128962469	0.2426555604039675	0.16725449509683968	0.908709385090104	0.10470608892806699	1282.5730260898188
-1071.8367436606259	1.4793500139730877	0.18331728504792877	0.08883237418030554	0.14106830207745713	0.09324167649517245	1386.4152496058507
-1021.2679414080766	1.581437499399217	0.24041413864783984	0.14099738114781188	0.8171724732222291	0.138679335941185	1303.0717418040433
-897.5486999803296	1.4765754615110698	0.22617184601999885	0.680349916125114	1.9969286814395732	0.10615511873169564	1186.0109634793719
-1250.5239708015374	0.5204344564975582	0.06027496806247673	0.026078989893299126	0.11598723882880932	0.07883969652356299	1627.210330166895
-985.4144336350217	1.3351576774584006	0.20028572060288077	0.146205280318532	1.170287016929713	0.10555625184468681	1358.1449100000236
-1039.0948046177828	1.6615725225043247	0.19592507523234792	0.10292257542347025	0.42492736611219034	0.10488933114156698	1351.4488059908533
-992.0025999135771	1.5209551742383625	0.253335491534442	0.18147848962116492	0.9340786221822831	0.11283496808995498	1274.6874142521806
-1067.0679747955933	2.048797806627133	0.1943837707574119	0.09175940035323658	0.07299223763174288	0.10263810626452044	1337.4311429884021
-1069.6073951321948	2.186144709568062	0.19444859745375173	0.0918712499696439	0.052477176039614395	0.10366882065775873	1330.377209528918
-904.1207441004665	1.261582547201961	0.18639601784683338	0.5543817469639156	2.448401094096174	0.09693440317449926	1325.6241156756669
-1051.4745151982343	2.027836677468327	0.1865023320287096	0.09274322799051692	0.2646279263970019	0.10533864902402273	1342.7548066781146
-1055.515840994265	1.0468313805249494	0.14368722541129333	0.08189489154586448	0.9552587284219003	0.09261895053570675	1476.1060564465822
-1041.1674677129101	1.7312227008584842	0.19944895755142408	0.10345058908474508	0.39309698042025615	0.09540084474213915	1343.1872882353318
-975.2935922317001	1.5350145040708814	0.1869161791971785	0.1286455809087014	1.3332288432983204	0.10596751214268556	1354.3957349155762
-1066.2450200531016	1.6331813106668445	0.1972653351425345	0.0935930240116482	0.1369762545790579	0.09940591772765868	1360.6604217266402
-1036.3495499596665	1.846843080397	0.21481177211565725	0.11345105135129152	0.4237754327127946	0.10429869164582582	1315.922095139844
-994.2890800853746	1.6233955438435637	0.24561511093195906	0.15944743670152403	0.8940757551919282	0.09430845509784495	1281.8389050667665
-1075.8826728405452	1.6951748446412531	0.20741033529017375	0.09395338866217703	0.037070037855758124	0.10184670451772758	1349.5444411170968
-968.4513547444085	2.143422050828745	0.3178774088827532	0.327925696351208	1.135475483169249	0.1023934303042082	1086.963379531483
-1073.6826251817292	1.5575859224869981	0.1733276594193165	0.08004362687141088	0.05921789311690695	0.10281879034720556	1393.989043895884
-1030.1051841813824	1.330165772788837	0.20756156001372567	0.12313028953734678	0.7074332047348538	0.11133115998028564	1364.6255206655
-902.1015235464462	1.5021126977516377	0.2260488897862172	0.4933284721292417	1.9833694041415812	0.09476521441339807	1206.409863362308
-1265.2819020728198	0.4679485869449053	0.05732143811398414	0.024735613794105882	0.31573469801314186	0.09262987601140907	1641.3912839643965
-905.1721964951399	1.3862376350910472	0.20671880403779036	0.3872781460611857	2.1658686661655953	0.10125133543175052	1276.9239580546127
-910.2498555159315	1.3471489914424668	0.19571836481775096	0.3313743199763568	2.2556754901960354	0.10238647585784122	1310.691518643915
-1070.4723131174428	1.6763103509728194	0.15882441601859026	0.07665356917270878	0.09385821180662926	0.10252513610855728	1398.2531854668475
-1049.0117852326798	1.947704195738555	0.18421804277855422	0.09147761453930646	0.2961689231993459	0.10156289532900112	1350.25566365996
-1074.2551728341311	1.7220926467833562	0.16790056656794558	0.07667004722644355	0.016657499647431066	0.10619020151130035	1389.2533390990247
-1041.0259705046115	2.601517231707763	0.22011697078574743	0.1212383927078475	0.4905398513497601	0.10600130695985824	1263.3445707495407
-1035.0435378303116	2.1138966863577457	0.19815797201119	0.10330181672418057	0.46931651681821224	0.10380991094796561	1320.0974717922409
-1208.6676302236647	0.7768196666164058	0.18860692393265094	0.0853456684158063	0.19502074775550302	0.12169001875913851	1490.800302293614
-1076.077157960313	1.6106710681539713	0.1767967220692496	0.08119935646929162	0.009600551762153483	0.10150076910799172	1386.4418764498766
-987.2286442674467	1.9601421417685205	0.21538371354346825	0.1493323618289324	0.9733921242835352	0.1076731658698197	1276.1848899334775
-1070.2900686422654	1.7724198438212069	0.1738332788257833	0.08058705383979821	0.04673785208891139	0.10301413555021863	1378.198262253187
-1157.0612388304442	0.9142858913532929	0.09503842095884	0.04187497804212191	0.004845347434730304	0.073190241138265	1538.4551508403256
-1082.0318498712309	1.482661821344742	0.23643510424426464	0.7178904136956753	2.0144791554582984	0.23588925772873306	1170.7558400107848
-899.2012855847288	1.3681041267314042	0.21141914357326017	0.5645915574713967	2.0769912816619134	0.10095466697103311	1246.5907144481218
-1709.1354188022285	3.122568608333399	0.10747593601824225	0.11112627074043023	3.755035285128235	0.36743323249218585	1371.7908167657063
-1153.830596365296	0.8935685815560457	0.1282642911134526	0.05518662477798472	0.13641708669884486	0.06439035749191077	1513.3295411510421
-1074.0738286315845	1.5210873263111795	0.1828602432547107	0.08808530367377061	0.08884353067422886	0.10037779459644262	1383.4034307628904
-1047.9566038511857	2.0724510758949926	0.21105153258054965	0.10651837102425132	0.30303976564058266	0.1072630099316787	1310.545063350954
-1318.6155924360023	0.3661543567943903	0.04384546766772908	0.018410303770601176	0.025571203045697048	0.10635112747418911	1666.1499308438272
-1243.8488811419134	0.5120635367888184	0.07416827571527128	0.03340046565358613	0.16873594397438016	0.0921918747151664	1630.5103327983697
-1073.1537219564593	1.8784902713185299	0.19119511977417697	0.08700844629073119	0.003782892561167099	0.10140221071784011	1354.113636818091
-1032.682728480243	1.8092051784512408	0.19199579981109527	0.10743024044937037	0.49537781262370567	0.10614407748044088	1338.0754708951613
-1057.2642677599033	2.2056155251800047	0.19370161774989939	0.09070093116459278	0.2778109139657279	0.09345634951719232	1332.9593945915587
-1403.8708970442076	0.20593190659923843	0.019103389253904722	0.007984466979100662	0.24066576121214378	0.10030539081206993	1695.3603838784725
-1047.838150256398	1.8996690957880407	0.19935111988593512	0.10027386466861109	0.29542331227723123	0.10060592044573896	1334.3573636122337
-1168.7367327910288	0.7423366999768582	0.11503007215508115	0.05109497790885134	0.09574432722248219	0.09283877104262694	1551.3241588384235
-1073.1124352612455	1.6802222860954794	0.1830026245666495	0.0842542686450237	0.02954415910528717	0.10392852673238259	1374.6524705770573
-1108.7291724283593	0.9896149082370326	0.13593408008660052	0.06499330913201094	0.24035511964435305	0.09627489328781835	1492.0226672548308
-926.4280762806229	1.6970127460805775	0.24887729630911945	0.28110746792177344	1.5482305490155854	0.10877518115997144	1206.7308184334936
-1102.5910413692122	1.1044930748624409	0.1336690919528949	0.06186724602614234	0.11711471956167066	0.0946334846045356	1478.8357312250887
-1009.9453208586598	2.180488636538358	0.23888517645151236	0.13858063330137782	0.8503920287301469	0.09422654535794199	1258.2798951609038
-913.8989469004939	1.4544797751093463	0.1949567408044887	0.2913493575967513	2.1788847361949704	0.0998697481009813	1296.7225452701282
-1618.0114683325146	0.9329064877972312	0.13274447177959425	0.0596000465869625	0.0035949561478802535	0.33433139512675547	1503.0116174895925
-985.4923326250185	1.9467559795912235	0.2544618184321961	0.17669000349234076	0.935296925096814	0.10093339580706008	1232.350302623454
-1024.3764351038558	1.834486545510938	0.20005054265737168	0.11166997328866997	0.5875959964843006	0.09092153236259819	1327.9256310675444
-1057.345947272962	1.8369152047799315	0.20001764402197067	0.09775975408759324	0.2073936570768142	0.11192657549661064	1340.386453206418
-1065.0702087969335	2.0969526669757417	0.18260030502577673	0.0860419300384732	0.10089968864560646	0.1047063980645235	1349.0519271442274
-1044.0427577917862	1.729748503538893	0.19980520477526045	0.10540936903470972	0.3647457272052551	0.097357313178124	1340.8462689182772
-1032.4693234686017	1.702732512734561	0.2008752947190514	0.10743602184463513	0.48864289995653226	0.10730188175717109	1341.2100869131102
-1012.6528929711803	1.808101862225421	0.2379517847909047	0.14245378821356175	0.6674681321695293	0.10729000502421097	1280.098628444598
-994.7354301818575	1.9887965843095499	0.2545342883790048	0.1696779375216038	0.8439023091816938	0.10744177049043792	1233.8267269353023
-932.9804972450494	1.4681113357172526	0.27647420820245533	0.382491262392196	1.4069622063580178	0.11624432644393826	1185.5670158667276
-1209.2904868426122	1.6324787513018735	0.1989588822120235	0.09028242341516282	0.005118434736270964	0.21246192598059682	1362.519993006009
-1179.8487704998392	0.7039695681486408	0.0894613020450701	0.04056922399316298	0.19677820806053978	0.10401061326286698	1577.5704773814273
-1113.976286827161	1.2652110045329816	0.21808495663038271	0.09709524085664138	0.0018132910225682499	0.09869652925327724	1381.0752249138118
-950.0678386604204	1.5423719309433825	0.23031098379754794	0.1948244112251	1.3623743197760325	0.10745031476937465	1282.1078433756554
-1031.5314536375042	1.9967540616736568	0.2110138379953417	0.11485046444205801	0.517300745573788	0.08787263471326723	1306.9185578150793
-920.5548483116335	1.6909945087503961	0.24843308386512622	0.32259215460331675	1.597187514858062	0.09990749144615754	1191.00561968305
-1186.8407806173745	0.6996499786065502	0.10959035591232645	0.05005646624875975	0.06068345141498108	0.11289253837037767	1565.3400817363633
-1532.8378168591287	0.2023162538221063	0.02062275111005859	0.008710254643992152	0.11728393780361634	0.20121828986649318	1703.5806707409697
-1071.2053304713309	1.9094858392645175	0.18896481954740932	0.08802634985182835	0.02294933047172425	0.1027042421508314	1352.3682878299055
-1029.544588434223	1.8434524590508716	0.2079305569998578	0.11250888880820066	0.4964515697600868	0.10308214949629309	1321.3715052370019
-899.5991154628442	1.3821339685370646	0.21511422978138298	0.5193666332079908	2.084177844103084	0.10133739653946906	1245.018496782187
-915.7496028847288	1.4033323647556821	0.21174404918871012	0.28151305386923303	1.9225281174081297	0.1019771636463996	1289.4561816391058
-1171.4395543821893	0.9367548810104855	0.13268120919780638	0.05972506407578885	0.1115103054451461	0.16065971775589444	1502.8783436177737
-913.736053690195	1.5913278764906584	0.2238563926353889	0.30732443432646406	1.8474078507302094	0.10593292554147853	1235.4116830372245
-1010.7797485442304	2.080380785009861	0.2793419122114452	0.1962392010271174	0.7414971667967936	0.10378099259383419	1190.8107425264375
-1103.5246545619507	1.3933221698920264	0.14657542502260648	0.06634137409546902	0.3477083821318554	0.0588934749332712	1438.7436859308805
-994.1868711773774	1.7456909941946634	0.23686810269003192	0.17329027080682027	0.8812634592178196	0.09640964528293135	1262.6075477044483
-946.6635117477949	1.7915613697935577	0.2434875676718724	0.26135338653534856	1.4023523987039253	0.13085726043365767	1204.6241257797824
-923.3232419244762	1.833934645391774	0.24864219532269405	0.33947962725308545	1.6392625271232681	0.11489561989956097	1164.811769619798
-904.0697851556257	1.443236425882154	0.2048110785458211	0.4181930815662908	2.1632315109442772	0.10029884988990623	1259.7662477547967
-1005.7293527787778	1.8856477483542513	0.23997783799799743	0.15055328319834252	0.7347446353523285	0.1108072705458695	1265.6481477056495
-969.2240901082275	1.796547853711746	0.22806623595504172	0.1729950885646689	1.1311444114296851	0.09608602991926835	1265.5058104372888
-997.6847371991007	1.8975392224484213	0.2174954555699057	0.1320411437025248	0.8716075711990574	0.10995529776394718	1295.351594083483
-1009.5421933936309	1.7415881658311372	0.263026378373074	0.1701828842473773	0.7263839103224037	0.11167392806442616	1250.3282271543508
-1045.610899183832	2.159604635979098	0.20531864529065671	0.10569457089055687	0.33438301746392707	0.10487011339834713	1309.9474903891585
-1043.9281110724467	2.1697222928741002	0.2045584678650497	0.09928910232230456	0.447345122223544	0.10177010592382764	1318.8404388330496
-1081.8834874896636	1.4570997050989078	0.163528882600384	0.07462247534471737	0.002941084811333241	0.1005523587431808	1413.1202766264587
-1048.282562903069	1.8709872877676896	0.18231446845585986	0.09174703191998768	0.3110197529619159	0.10694193169994537	1355.6645777023734
-1015.1254500711057	2.20757018987807	0.21582011113109006	0.12247386278534493	0.7319032637589251	0.10780103691277407	1284.9651129243825
-1071.4273092790324	1.6858727093000774	0.19273679002299354	0.08958575690377418	0.05756640873025097	0.10167812891585476	1363.0423558808136
-944.0299750014769	1.7248963327595286	0.2504589445320473	0.22110140165979142	1.4714354592967251	0.10788354972932282	1232.5104768571568
-1048.0895291282784	1.8410521523806243	0.19957913172288475	0.09936819597281114	0.29600128900373784	0.10217061187600465	1339.0942470421733
-1255.3999114419394	0.5239980680352213	0.05498541987746906	0.02374674200951532	0.14105662289323703	0.0790507719857973	1627.140947073898
-1070.5145916555548	1.6353571327083207	0.1645175613546097	0.07622140139741425	0.08895307256385047	0.09951004184162753	1397.9029273616434
-1024.4771052311894	2.3022812651889373	0.22663793972541996	0.12986197836272165	0.6011957497394798	0.10185353856512752	1264.6464190755228
-1058.5538683664229	3.84085545025348	0.22635646905941675	0.16718539170310703	1.0954585503205834	0.09280834469197909	1168.328402196983
-1011.01338829725	1.9871680095391393	0.25800412686698604	0.16315037553450615	0.693830557093756	0.10554712530489618	1236.6038839170594
-1072.3019603155026	2.055128682319083	0.18027055051129878	0.08348563014037076	0.0046956177215727425	0.10367416746476357	1355.1810029512997
-1114.3078508128401	1.063460731252882	0.14854838098721926	0.06806721021192115	0.05461764231660074	0.11747843374994137	1469.769656900492
-1904.924672200235	1.4570902621005009	0.23553861911813043	0.12283956568971069	0.4825180132283474	0.42637330244009947	1331.5474487807207
-899.0602362187828	1.491059077324926	0.23439462356969681	0.5518111894619537	1.9042362160735877	0.10525961367336294	1188.1874907080423
-909.7906344516729	1.4525160507106598	0.20231664894531048	0.3452677637691715	2.236475750467505	0.10200324787237268	1277.6984854616178
-1008.7575042472058	1.9804775653772662	0.2586592852053249	0.16531579033147437	0.7136999544044436	0.10653710674653606	1235.0448191807825
-1018.3638713298905	1.870715400785036	0.23525481000145265	0.13370799588358384	0.6191320670445628	0.09756399906401485	1284.315517660904
-1120.8059763840502	1.0221797205516556	0.14854323517609178	0.06752705049300567	0.0010972359353896817	0.10849029283355852	1475.4765853442257
-1069.1780069373365	2.0030669708948214	0.18660568269664535	0.086995688126888	0.042306095913180485	0.10249008286375119	1349.9558389442645
-1071.0385850289535	1.808151671184474	0.18054143328805536	0.08521290338287023	0.04933713261811457	0.11179351211425659	1366.6532628941834
-1074.2535206523003	1.3960956909504256	0.1410779323021807	0.06737542147871964	0.25150658325366054	0.10457355280360364	1441.1491731443343
-924.856046118332	1.596578245123645	0.23225198492376148	0.25976237699862287	1.623192443862491	0.10491253264100388	1243.3804506071656
-1059.8347576989372	1.9196960977267914	0.1893088457212993	0.09097493990310639	0.1567440978159358	0.10404329818503791	1348.7755894305176
-962.7901187095997	1.88621583585653	0.27945201901679756	0.24935258824412085	1.1124402538537357	0.10614603259428244	1175.891650015293
-1039.0464934007077	2.0952716724812195	0.20515750961080803	0.10664877465195344	0.41746417538780545	0.11185730693448262	1312.9503846683454
-925.7343537574088	1.4523612678890379	0.2428404654917164	0.2889905299439018	1.8741670201338496	0.09944361087396142	1252.7218868570974
-1146.6799196492843	0.8388227134096985	0.1222786876943859	0.05337338245635515	0.10342093116915314	0.10173472074707482	1527.2306493414465
-910.7271492795853	1.5644653993327522	0.24550690695544847	0.36763444370635645	1.7205427561562263	0.11004148171851172	1200.772137697774
-1087.5113004612756	1.298798796004686	0.22747045471617486	0.12172581118713581	0.30952975327523513	0.10557313165366955	1355.1557792429655
-931.5200581751983	1.9200119500244515	0.278794938242077	0.38845231961793697	1.433084249815081	0.1010330412920666	1110.9448465393862
-901.0575905656369	1.449979928200262	0.22947674216489702	0.4868719467421114	1.9379795787415683	0.11101287193813836	1214.5491945283527
-1054.3574512532887	1.8566512560406008	0.17763874126824597	0.08636477692088201	0.24620099917148103	0.10579793178715548	1365.1938342472858
-1077.3256789020434	1.328718702527966	0.1710996673235067	0.07884626269695696	0.16302761624342976	0.10421917837649337	1417.155698966668
-1095.7667732512675	1.2588586957311798	0.151843112818776	0.06853011558834167	0.05361201855703476	0.11896883073524216	1444.2907970286371
-1061.969829256465	2.05215013588891	0.18116834718478747	0.08815980683943529	0.14027371069972688	0.10535586590208945	1349.4776280143801
-1050.185474487278	1.9653393896236022	0.21178227909850017	0.1057875200456285	0.27560541024927165	0.10683781786708677	1317.165687995916
-1078.5224559024937	1.6258812945463723	0.15955572054691008	0.07327350922665077	0.03080328118888174	0.11515962986536918	1404.5258493509848
-1055.6558884791166	1.2550923514184227	0.19352086507306526	0.1007619137317638	0.4985332528108512	0.0968522318729667	1397.1784229619252
-1023.6271063272434	1.9812380127276732	0.2119819569110249	0.11601979408014242	0.5679346048931083	0.10591456692999941	1306.5104789687582
-975.6949982100754	1.7338033177936378	0.2287110409526563	0.15864679910895643	1.0646057930252297	0.10435603363587988	1281.8859756618094
-1062.965440248847	1.8909703341963682	0.17851928573607154	0.08397849692412541	0.13034217358069028	0.09872169830390287	1364.8853470802485
-1124.5738299135428	0.9812525949921244	0.1283806308812176	0.05821350153734575	0.011871701315752183	0.09013174660683416	1499.722098679665
-1076.6967211276415	1.4816045663137911	0.18440856145663462	0.08591892065014109	0.06712696369782475	0.10210622562361768	1387.8724870954547
-1042.8072112482766	3.1507119367230345	0.19852128697794608	0.11426235516587599	0.7879397796686216	0.09117227753184207	1267.3369535968934
-916.0409629890037	1.6696334937932842	0.22571901716091794	0.30769989533699976	1.8301295440411653	0.10472205992582234	1221.0445724194954
-955.9058682219749	1.8226765077754916	0.23745458862248775	0.19083575159364488	1.3087410564979347	0.09781919721814733	1246.6225115546192
-916.1542195166345	1.557026307155987	0.24083140178609058	0.31646652240531653	1.6792177140084086	0.10877897890525368	1221.755830415693
-1063.7308477692857	2.2381992737590513	0.18796937159638258	0.09177474013396819	0.13074899765067693	0.10095568028183502	1332.00893132012
-967.2794872858668	1.8760677362903817	0.27910069418573846	0.22601783877871837	1.1148548310310873	0.0973718748885312	1192.169873045035
-1009.3497068930855	2.446019060186477	0.256336191720456	0.17664813479946764	0.8267530727947773	0.10671231713998908	1194.8592007341083
-967.9025082181745	1.664826169713825	0.23288337792851446	0.17493132688111848	1.1419382832876572	0.11353616487227126	1275.441837608322
-937.3453659627818	1.4080449887926183	0.23638432946246588	0.2538534427285364	1.503343803406029	0.09863773390882456	1272.310665890695
-1325.4911153719918	4.749100916947041	0.3405550053843743	0.29432979755970634	0.877651003697105	0.23032465309530648	971.7224473501244
-927.4752277100788	1.7082100566235054	0.27360911410778804	0.3742732605574779	1.4032324656718662	0.10371702323047115	1148.318153297522
-1124.5387371171246	6.911730198985208	0.1657000830526401	0.10873893895945964	1.2793340823573898	0.1367350980715406	1247.4901671201455
-1044.154879314644	2.413317425556918	0.2530894943212095	0.14153597976207846	0.44973642600542285	0.10585191637647319	1231.6890118945946
-917.4480984287466	1.5664514734408648	0.26872513029061795	0.4139375192858606	1.5124251363373429	0.10446595807695494	1164.8477548525927
-1047.4092947518423	1.9628201547004998	0.20460271951072403	0.10299857402289764	0.2996490909527055	0.10165087805112227	1324.4844458013213
-1203.584497636375	0.6875122438466305	0.09939113865921172	0.045083269070154884	0.42170998520041475	0.14501958711049517	1575.4020367240587
-972.6045909184955	1.7104911367014792	0.27275142987313294	0.2229507002815346	1.031173542727875	0.10604150271623383	1214.684766675487
-1410.853164070933	0.19269098811944557	0.016998199908523064	0.007008938935539053	0.15955848597170602	0.09633945966793368	1693.2776881288694
-933.6278640032191	1.645919247365108	0.3030021274108676	0.41919573925426273	1.3377085549813361	0.12300446803161295	1123.9107299475604
-1061.286695375197	2.492098707279424	0.17586787234871895	0.0855086826227349	0.232472252156386	0.10183533507120968	1338.1138569856314
-1068.9621916185938	1.4756161866836783	0.17781243351643994	0.08456631354823457	0.15423569909424267	0.10205328130043526	1394.1332275998566
-1027.582112450339	2.0966089484334867	0.22023932250380837	0.12405581188049537	0.5272099064507093	0.10314596028955685	1285.6189717304374
-1055.9716374150844	2.103087283668601	0.19175328674563477	0.09384954328306194	0.20775185032940657	0.1020461854985788	1334.1966163777986
-1144.9044834125316	0.8551598342808929	0.12877039431667675	0.05788116522115785	0.07352670001230861	0.1092500732931188	1519.4872596809682
-1162.3956500303552	0.746956635990125	0.129215132969584	0.06277332970501251	0.31349408816503244	0.09948367523252029	1543.7959923657356
-902.7343623567479	1.4714316194831791	0.2465412405524786	0.5664786941080941	1.721451699981218	0.10922749423653061	1172.6267085053719
-1268.4036090480147	0.4672800687130076	0.061111963155371755	0.026978526517007335	0.028550525749807043	0.07718207474801267	1643.3934560593743
-1184.2937310885795	0.6918703756828757	0.09419444574898658	0.042505007843344114	0.0487303809507552	0.09233006369028936	1576.3505867360705
-1022.6983008505179	1.8271824125909246	0.22856368493564394	0.13251228654973793	0.5714177047645093	0.10750263847347857	1291.9212374633896
-909.2331983153284	1.655597892236208	0.27500613550743414	0.5123327759160832	1.5899377241802621	0.11434427331834415	1120.2287148901746
-1210.9865536035677	0.9548035210601507	0.18188015244888286	0.08021248700362801	0.18240014920897907	0.18467533974723516	1458.775859161691
-998.97712694114	1.751803664224443	0.25654282398565537	0.15312191875021958	1.0136426402165546	0.1134596109616405	1269.4506428355114
-899.9006169446368	1.4231404903909284	0.22077207999609064	0.5126164329372063	2.054459051926166	0.09937063954484021	1228.926444778381
-938.4798376722264	1.9270122444277598	0.23149594688905906	0.24436421119687335	1.7360167279650491	0.10495593224330327	1211.8916989328593
-977.6609019726466	1.5665729865882343	0.25749813257893067	0.1992498293077262	1.0280563665989813	0.10769739420237225	1255.955335975767
-1062.105410426204	1.8086859742617984	0.19895717548015518	0.0980031203963595	0.15464121114573254	0.10365085075307759	1342.2094952724572
-1042.8763482519457	1.7917208890817908	0.18966553091106864	0.09868161820011953	0.3814759518528643	0.11189399871813532	1349.288165380335
-1047.7937109737743	1.563699060743039	0.1947740995279822	0.09763317230040461	0.3609114487152669	0.10299287371839871	1365.1659629917472
-1072.1359073620301	1.3866620824887241	0.15393357258822346	0.07258651297433652	0.21355445200328446	0.09696432569719782	1428.4100855401407
-1110.1626438458366	1.0180703728538405	0.1374755688665353	0.06464064935513662	0.14506023585013042	0.0985359179297012	1486.2573665657524
-1043.602429558469	2.0590779653167455	0.19520520603910538	0.10014287040123739	0.3518932818630449	0.10276020589243985	1327.6947160481116
-1056.7594655682806	2.1542899717022648	0.18964421047846167	0.09263422891363943	0.20698159457066856	0.09855632353432879	1334.3809845939977
-906.7250394704648	1.5514460069957794	0.25290122848568924	0.45083008128551705	1.682192796496595	0.10791952528025438	1173.467231906451
-1073.4464303044006	1.6722437794679128	0.15831388441687352	0.07206354979552049	0.0712585846382662	0.10171611042863928	1403.8179503057452
-1327.3940587698016	0.34938387490235506	0.045660022832585696	0.020780350124783197	0.025074054991159906	0.09831805326242939	1684.367161270807
-910.5134952849261	1.3669334690218327	0.2013909830703919	0.3328952570805835	2.243066788631377	0.10414060696679715	1299.9845721488523
-1080.5555495489316	1.5020423522150457	0.15652634368901622	0.07173226479563899	0.008843145721423298	0.0993238234266088	1416.8503798369536
-1092.7344690775658	1.338291286725621	0.132180680528285	0.06071449763756578	0.03874287645593234	0.0930593491678883	1456.8139835064082
-910.7666410745721	1.6164902755759627	0.29469928736902773	0.675741440670439	1.5077722191686938	0.0988377106880564	1077.6206227713594
-1085.4515273112788	1.3847227227205476	0.16334979213541645	0.07515629401112026	0.0020321268858387895	0.10053527778258073	1419.0333826122417
-977.7517760775363	1.9149886990922398	0.2577342229271612	0.18876252554595987	0.9996242310997101	0.10598366642028749	1224.4995909519916
-1206.718620287676	0.6390978160248321	0.08749822196856563	0.03891348980482683	0.015371516738541816	0.11446779401657331	1590.8546980252913
-925.3007886843534	1.463208708440742	0.19962319762870995	0.23068025746453336	2.037104684629774	0.11389054915519715	1308.8503767905652
-1116.3289313478372	1.022309724959314	0.1336485182033786	0.06087659783462664	0.043093661059001476	0.09255551430381864	1489.2952792592446
-1066.0395347484957	2.006936635213337	0.1862004156791033	0.08903920484285205	0.09873728224689192	0.09238954154481185	1347.6738210047902
-1321.0938307381289	0.3552606639445552	0.03913662985144204	0.016752511371389223	0.11017370220255936	0.08810525682495067	1669.358574401265
-905.2294365660501	1.3824790546415273	0.20641526658795004	0.38308800703932017	2.14510803676373	0.10112007681619935	1278.2984297648525
-1012.8231684053683	1.5668208041269054	0.21114664531204916	0.11867049537472185	0.7590708390568711	0.10813437210677461	1339.0485838054199
-1039.9165457456925	1.8903068911963832	0.2068387414724097	0.10712778674147393	0.38252248838998704	0.10250816621121853	1323.749667761679
-1054.521424170344	1.505849427288189	0.1860892187981025	0.0933215362343907	0.30906165435628513	0.10272635558298547	1379.1879104108446
-1030.3800964546415	2.1009363965732346	0.2571592074977495	0.15128084494083346	0.5353840648736422	0.10689775767430439	1238.5893802783971
-1073.564406522302	1.6929368052931915	0.18619801199302663	0.08677663591098699	0.029725932432732995	0.10685690953027895	1369.139240519785
-1182.4642398959027	0.847372347584134	0.07434586013787046	0.03277597184896707	0.11501297967229322	0.11039405385870608	1564.7517780432377
-1211.5774699777799	0.6152125224755732	0.07701886992984652	0.033765757832458256	0.028273833140582363	0.09475016831439484	1600.5352401652833
-946.400927568557	1.8237370437111928	0.2733986845458914	0.25610475316578335	1.3414347872955312	0.11480629152623363	1185.6720714131575
-1022.6734156963994	2.1475740792311804	0.25303936782086045	0.15591489245592974	0.6102782792005539	0.10315558334908151	1233.3250950086706
-1056.5798393231512	2.0194990818832337	0.19676157582008558	0.09668254989615746	0.19732187115477676	0.09928288356937812	1332.2916231709953
-1087.935289579314	1.3946794931415936	0.1745906625479494	0.07980215087453003	0.004830131870198471	0.11455438004487521	1406.951691672563
-912.9784265423468	1.364233320904623	0.1902883279720989	0.3036458317455228	2.253565995192312	0.09996574494125579	1318.2954237724907
-905.130760134896	1.5349142570718286	0.22447659643762313	0.3973048004741192	1.9605533539835438	0.10516338821143069	1220.86254965061
-1066.5979936829904	2.112105563003971	0.18026279868285322	0.08459429033305732	0.08299905791809664	0.10018602178763505	1351.4563633644343
-1025.110110196976	1.6258816393896807	0.22020479041556665	0.12270796662552652	0.5766133766379516	0.10296145833370624	1323.2888402903836
-1070.7420151510855	1.8921927555977773	0.1891861695715516	0.08785612895204403	0.02881690357922885	0.10280668723758334	1353.493994611391
-1012.0095737221263	1.8918295308605302	0.2524728232519518	0.15271401327392814	0.6772732950094694	0.10373878391802252	1256.4335931359417
-922.1840228761828	1.6164676717788642	0.2262290583158173	0.2658187568974155	1.6926472474454872	0.10228813934437812	1243.0966031850473
-1041.0578831887324	1.9287807656378848	0.18001289174703056	0.09177385837877247	0.4152592558533971	0.0994310817697033	1354.1759856056963
-1001.0571522531964	2.0099062762776896	0.22593199779577638	0.14817209041739085	0.8020133167879953	0.10350807412535859	1265.966706738529
-1012.9135990012741	1.7761317817253737	0.1881213500880565	0.1049805856436321	0.7923362610852203	0.10722494045258679	1347.638336245515
-1018.6382385410667	1.693688971370498	0.22342273366194684	0.12818562819621124	0.6306507595421997	0.09648468727555319	1310.6912006855787
-914.6233672083498	1.4553942263019901	0.265996722535803	0.4525579517246429	1.5826113622442266	0.11357041414699671	1180.2154447059816
-1002.1713357903932	2.4656434581460935	0.3369452259101265	0.3103302972937523	0.982672898970808	0.11201667629157538	1058.7399276975038
-1312.6827237584705	1.5976652006200867	0.17922855904365462	0.08612744305733892	0.05526449804199566	0.256504266039929	1381.05945046971
-1077.002335637808	1.7855580586355986	0.1934218867167455	0.09759383012392511	0.06401165985723725	0.1062891358243419	1346.651168028801
-1168.8693219740614	0.7440015839502723	0.13795304571090403	0.06111728278178137	0.26390830572551005	0.0923526205382607	1535.2675173664547
-1289.914667013332	0.46276911471699267	0.0808798641799261	0.03773167157559428	0.24689583441784693	0.06030448892455702	1650.0295790860373
-1089.6594962850743	1.2544999183673575	0.20756877580377545	0.09753266749842623	0.1885708347629521	0.10697674382957129	1389.0857621242742
-990.786402998194	1.720488679192431	0.24449925293978714	0.16459330240842085	1.0096108895197167	0.08006433930844388	1269.3134757854266
-1072.740847044973	1.7373748065473116	0.18073456095627555	0.08234860839634801	0.02279797704914631	0.09851506305438147	1374.2391725751872
-984.4026085098974	2.16976204971434	0.2280507787201489	0.16125449031065897	1.050314079878813	0.10050712167861328	1243.653735865372
-938.2579644954666	1.8012821825629615	0.22887027752538674	0.22682977579950597	1.5125017723756162	0.1105571007519648	1233.6803691933378
-977.2471764025503	1.8024645878401064	0.25829856000737594	0.1998039176357346	0.9927514571453279	0.10127173235774684	1226.891123600604
-974.2949166830617	1.5083079179840153	0.27483974066659805	0.22508000495191813	1.0870293609270583	0.1060017887621282	1240.0078239349248
-1061.807404630892	2.6091124863536064	0.22068586843572058	0.11190413134446732	0.2474923407027681	0.10399629056008475	1273.3824114709396
-1222.0002701768533	0.6046292880635508	0.11463429481325074	0.05041950346558623	0.10806015149533285	0.08868280762338382	1584.8439270390697
-1090.216234321611	1.361748741008821	0.15401151570136218	0.0713206748196231	0.001	0.11443776265561277	1430.5715849158075
-957.2658336339227	1.7479892777893693	0.2552505333494967	0.21392660906074218	1.1952916610721704	0.10048261654395244	1227.6050833077811
-957.7874824644775	1.806358200996752	0.27817902448058424	0.2553360492160138	1.1525359582689831	0.11284825008280058	1182.5956140174703
-1114.6765126557282	0.9899295585372089	0.13503638225974474	0.06361116335987892	0.14471785616724606	0.10123175246433158	1492.5656186155236
-961.096872645981	1.7464606444728576	0.23087300960318577	0.1856839530212965	1.2393569384072913	0.11987577151386637	1261.1400113246182
-973.8016865383038	1.8792792232920015	0.2293276100686274	0.164024316217699	1.0896898697135775	0.10712361808932915	1263.7191028057196
-1046.6000851523195	1.7446343906807082	0.18353280949391848	0.09198529597387076	0.3374808821178796	0.09996839045601318	1363.176744781504
-1133.0814987920946	0.9204153818836078	0.13235566530488516	0.06035461625438159	0.028333270296490014	0.09286174846585014	1505.3884466535987
-1079.8586689617277	1.4103716354341846	0.15788392030827406	0.07335568769805481	0.0678421822916571	0.09600674905239223	1422.2516524680268
-948.2751638704851	1.752699219330651	0.2678620291004265	0.2544879553551332	1.2521209932248907	0.10301769002964556	1196.6477262959704
-1130.4448436963753	1.011885486784541	0.10490395745658966	0.0495463706167395	0.008978619887906993	0.10110671413705767	1517.6283216387114
-1368.7993478325998	1.8467353353499236	0.2293155683498568	0.14403040520672847	0.41769902016799887	0.2822300239851306	1277.3165553081392
-1066.6943462513068	1.8332047204638084	0.1961876814685558	0.09312976054077143	0.09092294403440951	0.09885148403173231	1347.3247913026123
-1278.9535959567143	0.43818931988384296	0.06271848897530576	0.027459332318586153	0.2110798893820556	0.07673256219932185	1652.2628986537125
-1065.781367024715	1.7261199136874708	0.17777927197068638	0.08307237404998391	0.11002560051617274	0.10060926104267331	1376.3420401112264
-1093.344138588995	1.281416774129215	0.18656695162412987	0.0842864943006742	0.03941910912779634	0.10159324131932042	1407.5530530595483
-957.0235792559438	1.7423896266641707	0.23265419877242371	0.18479256111904724	1.2602927775843307	0.1038547552823512	1261.449796315065
-1034.658662378186	1.868881417674825	0.20424492343086853	0.1076335676403018	0.4422737884414563	0.10405843503405933	1326.4508900243793
-1068.857277605733	1.342546388155145	0.1874932941213131	0.09424603712384837	0.2751949895020489	0.09340394220303065	1393.7963528493126
-996.3741357984088	2.0483024534557743	0.2403127825198285	0.15789664979680837	0.8449065337514654	0.10961909767686386	1246.972592507701
-1128.5572466214558	0.9566698284977355	0.13073187246082396	0.060130307037666066	0.013858080330434876	0.08915967655469181	1501.0943228521403
-1083.909565018505	1.3348470510517925	0.1442063148004516	0.06726218138701304	0.1113473587965239	0.1054458474182086	1443.6453755388548
-1098.462435121043	1.10116845275682	0.14827160615766782	0.07068846882968165	0.166654199940115	0.10681836291189684	1464.3907777872923
-1073.820845735838	1.4405336348759188	0.16113048493842066	0.07596287903811884	0.12478534595897975	0.1022597337064024	1415.4813330844606
-908.2761102738796	1.4845706413266846	0.22103416226839553	0.3422848997964672	1.933749815512315	0.10455049289544734	1247.5788568573773
-982.4817568953247	1.7327204531058409	0.25395382940546146	0.20825054736188844	1.0120687277730942	0.1271168617443745	1231.2721035685215
-1072.8916361641204	1.6982957571993127	0.18248812674838444	0.0835990006035069	0.02928731937453478	0.10521236962653353	1374.4363506097743
-897.2800395944829	1.4626080206528993	0.2337722448084764	0.6529025268252804	1.915016534784499	0.10412574974418075	1181.3297092255204
-980.247612021661	1.8760909265175583	0.3107026143542549	0.27315880402082604	0.9839688993145369	0.11967658814739437	1145.7238064131082
-1052.7527372427558	2.2691477192044776	0.20249457507654667	0.1014984717439387	0.26530540627679694	0.1024740992630136	1310.8932164326693
-1047.347101319211	1.6454949757015007	0.2260017236026029	0.11525499746760806	0.38507206446297	0.09228589486176288	1324.0123634567078
-1110.4638994938293	1.1342057406845618	0.12434288114527203	0.05415366687791944	0.10222571784841716	0.10014187646705891	1486.028648031648
-993.7272335235132	2.1755027315033098	0.23681256793013847	0.1559732198336484	0.9484925047158026	0.09537164252394602	1242.747627957639
-1060.218485372414	1.8566410828314095	0.1867870521918466	0.08847363351332119	0.15822304493714953	0.10119209089861322	1356.9542328089005
-986.9364528340565	1.9470148026115033	0.24241937802270114	0.1645767209050397	0.9433325379534737	0.09557512040554213	1248.8652501649426
-1011.0277388186072	1.66581450611193	0.3095866834213082	0.20234581476962832	0.8317699601387353	0.11749263420293574	1213.444043059252
-950.8639193148708	1.786812767973078	0.2223009750400444	0.18216367736820635	1.4416077017193563	0.10656973729444084	1267.0778926513879
-1018.1578247125124	2.2963465868649195	0.20651666721251186	0.11974974306740933	0.7036433681683033	0.1031286673326071	1287.9203370834587
-1046.5693264643214	2.1835592330204343	0.15660469046747813	0.08150947322491542	0.5530678999675966	0.11222807723690827	1369.169127783907
-1075.5214560391346	1.5877402474437892	0.18230171454624516	0.08315546437135615	0.030122102464001942	0.10429006830504832	1382.9711826958078
-934.1638370387541	1.6773374717731104	0.22128626568391546	0.23031754571891006	1.6889700069387237	0.12316605882923268	1254.957895867861
-1382.161544765544	0.2396364949971349	0.026577601594721473	0.011182170432564137	0.040187084091861246	0.08300734048696501	1698.2455971081085
-1061.7127417427673	2.2134943410674244	0.18415388438283203	0.08770746184710174	0.16242383023947554	0.09674993644641718	1340.9815909844508
-1080.1057793629989	1.4778687628453795	0.18647167024663686	0.08399923605408724	0.03462349618718243	0.09962607401255277	1388.6303865450075
-947.6583586740976	1.869292241824502	0.2518008626270457	0.23482835164445398	1.31236238837828	0.10592991257622174	1204.4681659551488
-1020.5737205351863	2.5275798342451914	0.22440701943346805	0.134168925656372	0.7330837077660644	0.10942025598029695	1250.5932462776977
-1067.8003556167773	2.0162938832539203	0.1827316380276417	0.08554609549308147	0.05956821841722921	0.10129757559733714	1353.3654457806958
-1006.7395364062555	1.5526568417967563	0.2211527712593671	0.13663031636876297	0.7800956221538656	0.10345034906790294	1320.0179367167286
-1039.1663427004905	2.44151677415869	0.2163078314880561	0.12043871124594625	0.4894787140862772	0.11507119021089401	1273.1687229790632
-915.7851832898929	1.3383886941491459	0.19738576214075731	0.27964643156686303	2.129896240831581	0.1030798786409294	1320.34334275865
-986.6524576945599	1.668708580537479	0.26367600228754967	0.1975053748691387	0.9453980956437107	0.09333042249692824	1240.0315866781011
-902.9216141330028	1.4115781825429996	0.2108613533654067	0.4206031615755462	2.101626674044527	0.10286285865422752	1258.6137303157227
-1057.3502483738657	1.4847597301794904	0.17246272381312525	0.08544564400783294	0.2968120027329277	0.1016935327186452	1396.667028213231
-1072.311812522871	1.9989038621047592	0.1823215113306309	0.08401429651675485	0.002732567209145277	0.1024332621344644	1356.1526152332756
-1096.845752629581	1.1998820047473238	0.13863828315489524	0.06352952854559481	0.05234096698981104	0.09825245881005386	1463.171766806325
-897.4073465108838	1.5126581607189105	0.2509234409326628	0.7637857763582228	1.780023227587928	0.10749315364205086	1133.2371599182854
-1008.8863134277863	1.280671152187	0.18805627624990778	0.11480807565764382	1.0278504431103184	0.09548635871797202	1391.9816550875125
-1067.888583183239	1.5997553083102616	0.16035491416668773	0.07694909868913442	0.144206093753853	0.10504842988025116	1402.5678098424291
-1008.42118865433	2.0749854929264098	0.2507780153512183	0.16003918760664018	0.723926029296307	0.1070074173292158	1236.5974903552678
-942.6244151274797	1.9059987727532735	0.260594532454035	0.269446565447225	1.3545537132739536	0.1099608201004771	1175.9726011938258
-1075.2055001636695	1.3487604134255173	0.17392569694568571	0.09032660845062386	0.3267929246895704	0.13068563584113455	1405.145008216845
-968.510836421462	1.6060980050626603	0.25003691960664787	0.18660324591703717	1.1294509636823769	0.10184135398826581	1264.4698201575718
-1044.7998571305764	2.530670226046676	0.21195069255198737	0.1120247144793581	0.42340577269388346	0.09940149040228305	1281.8649865155678
-1097.8558605914734	2.049872714420724	0.11617635005453329	0.05405019919871219	0.0898128901473989	0.10582985830637665	1436.7683656953056
-1063.7368129271363	1.89324641834283	0.17863593352092938	0.08479273079483772	0.11594201557234601	0.09895188083193192	1363.5913043108346
-1054.9064780109838	2.2073164064589053	0.207656779958341	0.10150150665736758	0.2355137971348007	0.10208364883226646	1311.0578173346614
-1119.931877130371	0.997017588075962	0.13768775124842556	0.06463487767954283	0.07234177847472463	0.10901739498917741	1488.8180116251415
-931.0984425628816	1.6128837307863682	0.21482647528385307	0.24066944368200466	1.6162810149090394	0.10817071663601383	1261.7961981470328
-1061.5819134461644	1.561088047351057	0.17283632427917275	0.08544087595230866	0.21817035590526576	0.1067502189774194	1389.5019380251981
-1055.947445401697	1.6260556331665983	0.18585517080636976	0.09089628823965706	0.24620847801725004	0.1012128464591857	1371.1709404595445
-1071.2912959691	1.7733607672932659	0.1875770394792818	0.08696488542473896	0.03783131915262846	0.0973735244917538	1362.7829868148076
-895.7803722252004	1.4870957524128685	0.24283155914098803	1.0653484351187243	1.8640834137189108	0.10406772127991944	1125.5372105214003
-1063.1200685613496	1.7633822486560622	0.18238724478513296	0.08670087071532873	0.1316767286450169	0.10144029249121878	1367.2144568416097
-898.4638605462413	1.4190412321756145	0.22500435019530815	0.5670975197042859	1.9779521492320038	0.10616187141500942	1214.8144337090628
-1068.799933381309	1.2031061131041771	0.15987646554137566	0.0805705826296773	0.447404038683024	0.0854869796336261	1439.1020742258263
-911.3698204179531	1.3847388853440605	0.2090718308695229	0.31979255629751807	2.1454231408389877	0.10356484714355242	1289.601379848671
-905.0099344991954	1.4309898262443577	0.223672785475284	0.3946371360189237	1.9117283437221222	0.10431221797303737	1242.2337023851085
-1048.9369537075768	1.8330804806402694	0.22797106166755782	0.1160593302214963	0.31578076968577606	0.10375076955749189	1306.6465882821258
-1064.649033172619	1.9283677811378332	0.18208607391879975	0.08625716992466864	0.09941915847976755	0.1026788266846631	1357.7514543928842
-1293.854916221912	0.4206623029086444	0.044423020911576384	0.018988062192973307	0.11158298441320423	0.08948807224344466	1651.4904008500503
-1002.6056969590152	1.5053059002775921	0.2292047920639477	0.1489464282400255	0.839095971381092	0.1064040199908168	1311.971512768603
-1070.9810899129573	1.8974470373960588	0.1800341776886755	0.08297124019413042	0.023642114401338253	0.10421665528941619	1364.2937797275433
-1054.4294679400264	1.7545859311567318	0.1977979161027842	0.09684489334717124	0.23563463718587271	0.10419910391966652	1348.4332634308503
-1065.0011319418752	1.988265529885426	0.20140629566941298	0.09382439773558839	0.10539757273056205	0.1053605365450729	1334.6197058882146
-1333.6414757700138	0.34212375065569645	0.03460395040541757	0.01425768814886479	0.09137831067744158	0.09073267005387047	1665.361003984306
-899.2250763919227	1.5121974362586263	0.23292309661910712	0.5574978555861428	1.9064310343004738	0.10615150102246079	1183.907889842534
-1070.0208573049676	1.4472329590407609	0.17841813232965487	0.0829912884683314	0.1649623559588594	0.0984443986173041	1397.7941696424034
-970.2402790005136	1.8166491977401664	0.18823125022284548	0.13666693162604904	1.3935534594886636	0.09908771731790446	1320.148748022819
-916.8330009746339	1.3843270378328356	0.20149450539924105	0.2683668433581723	2.0292486680628143	0.10216668520711365	1308.289807818123
-896.6550328991052	1.400445622499169	0.22241598188128053	0.7575755557894536	2.011888038820097	0.10075478022708934	1203.2775987948917
-1070.232011151355	1.7556338224899035	0.18845820168408614	0.08836724072796587	0.05233715602795422	0.1029795757950082	1361.9201910353374
-1009.8037991566239	1.6374933844784882	0.25671681011583897	0.16013115489095145	0.7374600912810065	0.10446969752407684	1272.4860286853295
-1063.9406929394513	2.069134401247724	0.18469050063951897	0.08818773858736755	0.11019374456583618	0.10385275313154065	1346.475001906172
-1068.6622813140325	1.3739624123168772	0.1563600961623162	0.07445149222486543	0.26431434496452916	0.10171480926708772	1426.632308644008
-1093.6906977615097	1.2485904332683255	0.16362140945853793	0.07163369402497159	0.050872096326117666	0.09443692069493659	1435.0952983349716
-924.7872823871551	1.636621164424925	0.22270375730464545	0.2466704237325735	1.7268640635118724	0.10685346251789227	1252.0565713289495
-1066.7510089765196	1.3926974163275065	0.19694196474640513	0.09618371299698099	0.2581710100773455	0.10760501035218036	1380.961225198169
-1068.1761279275095	1.8039579588554409	0.1825195656675467	0.08499509198869659	0.06513779929983476	0.10028975739886706	1366.1564190299482
-987.1258268368617	1.6500802533193126	0.22711902344768078	0.14864434585289835	0.9521609250478925	0.10221472490461675	1298.1707199657144
-999.6373049491885	1.749754016722372	0.19865729746836877	0.11508443090007332	1.0073391951658743	0.09969753527708328	1335.1854823847962
-1084.401817352311	1.5208797246910821	0.15044457821301246	0.06882682546089727	0.001	0.11349640731102141	1422.2628071499535
-916.3838425634327	1.6134630313488731	0.2589909555232989	0.363052068764201	1.6040350433405617	0.10005480738952585	1181.5673751868462
-1034.49402341553	1.4925090957851082	0.18101302167869435	0.09650087988678947	0.5627143420731098	0.10325964255787352	1382.3238102885484
-999.0996208439086	1.5397513674242729	0.2180731681061813	0.13374984443340693	0.8800717872541713	0.10515467682121307	1326.372231227125
-1021.444481373691	2.5458142127640393	0.25368184650035436	0.15629667293643829	0.7296460929689225	0.10869569290435674	1210.7515394252887
-920.9328660723174	1.8497578698047799	0.2934355992759396	0.5050932901014794	1.4482629027988654	0.1096933165378145	1074.4410994224352
-1033.799873781189	1.9774525689855027	0.2100189349419209	0.10572117412390333	0.5131311884497216	0.10422027968787378	1319.1157761058298
-1053.1359983449686	1.6221443563521163	0.1863854770269516	0.09229234668779414	0.2798121785241211	0.10207183354551595	1369.9420436059168
-1052.1287284059683	2.1271210759629	0.20221815910950058	0.10146289306820941	0.2551189718785859	0.10240423103832279	1318.0194181952909
-946.3083314744766	1.5645450566300583	0.2766853051710523	0.29982405683356605	1.2685049334229817	0.11019237779488288	1196.1687143744896
-1047.960920140028	1.9121437229671177	0.19873120447875886	0.09966602782765634	0.2947422122884973	0.10550373809223518	1334.6144616451415
-1054.3354647916672	2.119659931380081	0.1942684490364016	0.09591773631361046	0.22821332597082772	0.10163314831943314	1329.4766232755012
-998.0781276619429	2.177803447678282	0.261855485500396	0.1800489890403428	0.8535920883064139	0.10126830482381284	1206.7902609504415
-1023.2312884423341	2.1772284566342512	0.2274653556122099	0.12727963612074858	0.5936685026513543	0.10024267854427267	1274.1601923637463
-947.7379455092523	1.5911846696344774	0.2241013457918907	0.19532910488083563	1.3828724964299082	0.10536832513377373	1279.4321565801285
-906.7515447406859	1.4820516628743643	0.2264624074004762	0.3658910392175781	1.901837945404983	0.10489418517016987	1236.205717270699
-1037.0136023108876	2.0980430338114506	0.24402430200476866	0.13805779706461188	0.4601465529658233	0.1023269974510202	1257.9979247180952
-902.6027758018304	1.5566121479621662	0.2552513913395761	0.5307243126305816	1.7934925712064171	0.10678019011383269	1156.3106536780817
-1146.676671050758	0.9409997245797957	0.09101491496536326	0.043324729217036013	0.06535233343273797	0.0993857466508218	1539.9985158571149
-1060.5418105791694	2.6658884867989228	0.18779553852046896	0.09384599344199639	0.2573232320273342	0.10354968068521962	1313.5156145676804
-1041.8363081886755	2.6370071066192944	0.23400301947645258	0.1317744996424903	0.5044692120820214	0.1068423726516033	1242.0088763691726
-1101.2946234184149	1.1836156620093954	0.13543624708356777	0.06277288778081887	0.01745152687388234	0.09264324751459717	1467.619142925256
-1105.657607861891	1.0603024403938506	0.12851570429754372	0.05990741495506829	0.18400716645086376	0.0903774528507982	1489.4349943879072
-1040.8922984115882	2.147206779774693	0.20902925577436454	0.10914701449305524	0.38635974044970417	0.10164964546351386	1304.8168252576193
-908.04155010522	1.4838781709891276	0.2318343697379466	0.36129636808784954	1.847273278000002	0.10733018098176546	1231.3788717146053
-905.926316217206	1.4046084864637567	0.21141002623490582	0.3713050464077632	2.0967487282632007	0.10584346541973141	1269.6148339208262
-1110.8280062012004	1.1099731399154498	0.12718557106184786	0.05700681629492104	0.012619875058541494	0.09204930526425609	1484.8749008167283
-904.3159139288402	1.5065300259628325	0.22402832544480059	0.4020403698056001	1.9590210082130002	0.1050737076347457	1225.6713851856018
