# /groups/rgutenk/lnt/software/anaconda3/envs/donni/bin/dadi-cli InferDM --fs input_fs/fs_053 --model split_mig --grids 40 50 60 --lbounds 1e-3 1e-3 1e-3 1e-3 0 --ubounds 1.1e2 1.1e2 3 12 0.5 --output inference/fs_053 --cpus 10 --force-convergence --delta-ll .001
# Log(likelihood)	nu1	nu2	T	m	misid	theta
-437.32339864210167	0.04049989311833627	0.0546714439441366	0.04815470319656553	0.0824682234226834	0.2598592415626907	220.44996846403487
-430.5832640352912	0.07506140139381115	0.10381450856941177	0.09811690094492205	0.1878742335416457	0.2693669859427566	205.00945923847968
-434.16723890376045	0.04869425318057409	0.06852906565433894	0.06233859509116316	0.15728137710160298	0.2962218265214294	218.4382448485026
-433.9633417970548	0.047409113036537005	0.06652293760692111	0.05901915783095484	0.1462482300827373	0.18062956647807413	217.38075594372296
-389.5483986568294	0.08039216505802756	0.11426114190445302	0.16460420949876953	0.9097370738238201	0.33533289766916313	227.78614046424445
-382.7213561770175	0.05891894189676945	0.080523109638415	0.12746719296138545	1.4108427830690033	0.06407069273799572	255.70833671568192
-375.1028147135601	0.07133806857560585	0.10471804123965346	0.4461206586641148	1.5037548245750585	0.23845357169649253	317.6515270374881
-414.21654085667205	0.08805684666721424	0.12123049785807691	0.14384466910988655	0.3866241106867776	0.21601084469863882	210.20632471103957
-437.86819558643424	0.03583800371564711	0.0483737559025581	0.04223497699529202	0.06834689154297825	0.2137636202658001	222.6790650078387
-438.79860890053715	0.04217015172297332	0.05736651981937801	0.050001068865162715	0.08510205076038399	0.3199268504711741	218.7641402380952
-426.04947427078946	0.10134507984565362	0.13610308405580593	0.14635298672951372	0.25119895359671723	0.29902231387380257	197.4584358079745
-390.86650377394005	0.07701195248975946	0.10477104668155453	0.15003320900919945	0.8154458064087701	0.1659481588202256	230.2984883857931
-428.01175976200375	0.0959013945038823	0.12890178636371602	0.14392378957779448	0.412832420387527	0.49570759438131756	202.53777883209278
-374.3755989090008	0.06696978544221524	0.09376057999445583	0.4378809720548253	1.608678617467438	0.22751430602613748	339.3409529750574
-381.69464867145996	0.0905354550592566	0.13969557453123393	0.277652691926666	1.0228808620496692	0.29383970756156186	234.93810958422327
-394.411923570908	0.07680980826394532	0.10350201274566942	0.13947110567741675	0.7583824760903369	0.2828413958389157	226.47396637478124
-392.1344054040121	0.060740068904377414	0.08343238166670316	0.11864553427129174	0.9493153203868163	0.27827719192489025	244.02394757618956
-379.43262750259436	0.06771888103182169	0.09409439949401426	0.19556229613945583	1.4120326880150886	0.35644046043751926	268.0206846445927
-377.2142693157266	0.09071858668882066	0.12824220670581135	0.3715160803712397	1.1284196718720474	0.23151944209222844	257.31142106715816
-380.41307787403565	0.06320420724019138	0.08572307011517867	0.13412202322061562	1.2571174255582227	0.17274822005539714	250.07067337580256
-402.93859305013433	0.0776598468842826	0.10257456870304053	0.14595144794437762	0.6212917013839964	0.142705923674537	229.06184723846604
-434.30351476859556	0.03974835379794465	0.056093824661728714	0.04983538746692954	0.16376130114664073	0.1571495173110546	222.495311656508
-390.4123397216209	0.07128518649078154	0.09474260323848303	0.12879634007022542	0.9038799922907781	0.1446849688120603	231.70676658596747
-375.18779079798367	0.07807415385266304	0.11149194917013469	0.40610965829075607	1.345968906118674	0.2145428247966024	291.36904746058224
-373.26506407793465	0.06339559180212184	0.09133858461249203	0.4003642034328842	1.69486516795466	0.2129078690866456	342.55320555915483
-406.6438190787376	0.0986056978512239	0.13701124764600606	0.16175560182476845	0.47411595387260774	0.2034181147210141	203.44047746832706
-393.8154832530522	0.0878908435237651	0.11747548137791813	0.16446510489789443	0.7529674578199119	0.320675813167668	220.5944572978856
-421.0193278005331	0.09012123039313277	0.12057537503490612	0.12824051579637	0.296792100915085	0.2517778063860662	203.20223405684652
-420.5397601544273	0.061513640674206456	0.08599490686143092	0.08204386831616345	0.3561512220725514	0.2604796523694512	213.77735228324204
-437.98822388761675	0.0405875720632979	0.05458914382902734	0.04818467176458232	0.08153376662248742	0.28849643811435527	220.48669081408727
-436.90193691877676	0.04410893175340611	0.06016428047154758	0.053026621557340683	0.08365592205078311	0.23552914769787456	218.455140494559
-426.076220709793	0.036981642721076326	0.049125787743175615	0.04655848795974396	0.3659081454823962	0.23091304405793514	228.4173361068038
-392.4700398915981	0.10928705393191718	0.14958924389747108	0.32485386686937534	0.8400442194313429	0.42052334708094613	224.05731520024614
-431.41337171005796	0.05124030620431543	0.06798384744699265	0.06301382001526949	0.2055320251726496	0.3005726597750987	217.40905188515583
-430.0832548585229	0.08686762919497558	0.12260550986434617	0.13912454415484796	0.38799531302927415	0.4938727479469133	208.3559220135073
-413.5200250103876	0.08142665646645438	0.10259915262081871	0.13059473367343122	0.438515069939772	0.160748830139785	219.2117796915507
-383.3906239540825	0.09290897083304303	0.12862809445821735	0.252714447147691	0.9813819265399355	0.1193782957404306	235.1481566176057
-411.6629134997571	0.06482737710129183	0.08857651161665676	0.09642126671506128	0.4877059141140187	0.16781017253642172	220.49572654931703
-411.7709833016188	0.13839318772274553	0.1828418126467704	0.25404165369068177	0.3866987503275884	0.21769258717468218	188.0585061914278
-432.59314831179745	0.05529369855242394	0.07553123065150001	0.06892088586015405	0.15823440985829706	0.25292446944478064	214.19802299755594
-373.30413042847067	0.06953132725575914	0.09904605933703632	0.23158660781849688	1.4421050423507837	0.19304442846644898	274.5188439849512
-425.09230047955805	0.07350290187156973	0.09385905482461737	0.09615712332013719	0.33258719546973675	0.09281598749531322	210.6297350523963
-375.23347680150937	0.07876942433686338	0.11282160557459016	0.37096224970085545	1.3019934756177527	0.19915329645608348	282.6465037706604
-428.3895932165203	0.06328173040549769	0.08720516270668591	0.08214772999521538	0.22729028402648077	0.2841555953259531	211.66428979971084
-402.7729066793756	0.07007116736317899	0.09466173778571409	0.11069251520567064	0.6172958343141662	0.23168722426863586	221.84203251817448
-401.562448882617	0.15230190610213049	0.20242829182912025	0.32056494845737465	0.5160228934476107	0.21941873885500146	184.46818444343384
-389.1842080520076	0.12878471872396047	0.17411198482564536	0.4896426519763748	0.6962214899299966	0.27966924242506747	212.95457655153405
-438.91756117134554	0.05000575272874369	0.06808499065996043	0.0601206224151079	0.12491628271081091	0.367983574259925	215.00992174566787
-371.38717554559537	0.06302229813002853	0.08918277397021222	0.2861734379182769	1.725570228816883	0.1937498235132068	314.4202530698879
-406.2547276436203	0.09538304156761135	0.1297936438684774	0.16670987080139138	0.5173144064082225	0.12512670560475106	209.99353210746702
-404.4972110827806	0.10352579230414419	0.13199644353181858	0.1704282359086484	0.5005534319362638	0.2003413367437967	205.94701763196764
-385.3930235090205	0.0650364277549984	0.08701596433528282	0.12562112084630064	1.065719175328013	0.19250446155095818	241.6221567625581
-407.45397325157916	0.12441485076593628	0.17349344023722585	0.2179391495565636	0.4449231941856947	0.2421433494894338	191.06435550594858
-433.08836854195283	0.053071305203632534	0.07184858445011427	0.06583675394596843	0.1569567793637878	0.1785253419215192	215.72355660153042
-439.3675874367584	0.038103764659056634	0.052120016723602676	0.04460690374463985	0.04868849236282022	0.28242030288010955	219.96548493710446
-383.39081452828555	0.09054420720846237	0.12009486069169407	0.21414712885944898	0.9677070181527667	0.30168169349904883	233.05999619428377
-383.1545622522193	0.09730660413541083	0.15203239669032706	0.27743648128273235	0.995863125051687	0.21445145231402998	224.03278883718158
-373.84504025043503	0.06920693388423241	0.09573115491076137	0.22218205807254093	1.485337057759255	0.2648702912454309	275.37978462608135
-438.2929167674489	0.03826675910977362	0.05226275486003422	0.044995342819079374	0.057205405103433186	0.23899838850088762	220.29708668321325
-399.4158898305361	0.07685674704527068	0.10513857841488616	0.12691732937675843	0.6577625630512625	0.26300684474518793	219.2180087112666
-374.50080048790494	0.066507873010961	0.09202883532009551	0.22481948420118159	1.5815052720169214	0.30382042483537697	283.8999693344256
-437.261042503872	0.04305114417289712	0.0581572112157014	0.051511700844908664	0.07656479111316591	0.22872866608640693	219.30405110030978
-438.68947296623224	0.04026500328569547	0.05487489808857564	0.047623603018629265	0.050548316677018736	0.19458296703711112	219.6294208311523
-412.46987575213154	0.05882686579662476	0.07499968325489849	0.0804361806580279	0.5190815383539928	0.19345080858631786	222.9207073512541
-428.2031288792781	0.0771270818611253	0.10892738095187333	0.10542676561747406	0.3004956335238168	0.3950601994453816	205.31166137037917
-430.8854117847378	0.04607584762308865	0.05792515557335303	0.056172059669202364	0.2141297670016003	0.22291562946817703	223.0854118674602
-379.7994677430363	0.09599440662478338	0.1363923849476094	0.423940111047575	1.0480656503928356	0.2881672615957107	252.3687415246995
-432.80379627393	0.045175194945099764	0.06265374358198075	0.0552771898886061	0.1654063203879542	0.23598113522586678	218.19367702844076
-438.176719064778	0.03621451525165966	0.04978288207590803	0.04321898140704764	0.1106909914546961	0.32108481257179644	222.40552070110147
-399.1983673125754	0.0797013388154598	0.10925745704454563	0.13809844842014393	0.686783443198284	0.3274745357866448	220.09521527992118
-417.12645799437837	0.07257382653071633	0.10107440842255933	0.10336512078900852	0.3834514307477803	0.16236427594867633	211.3748682155138
-431.91975945853034	0.03907128723746158	0.05756180159223094	0.05158344688244276	0.21323451665451157	0.19960487142885935	224.43852270343066
-429.4343504791682	0.07167469339751895	0.09405104539518616	0.08916373598132289	0.20120556266704412	0.2186842026671002	206.92514174599378
-392.47028460255206	0.06846121247277219	0.09253954901894221	0.12554917254918763	0.9302567210194778	0.09205146085532932	233.86383091385187
-431.5794860193053	0.05127557724796662	0.07066770378576981	0.06397276799796188	0.18126981380386456	0.25771836419150523	216.20795366129104
-378.2949707288815	0.08657190272130948	0.11885424908952376	0.24768383339185163	1.07488874504712	0.20971237486718136	245.31448118988544
-440.9983995737198	0.03734708584782787	0.05106233604433249	0.04380469984551307	0.057240920025329455	0.3380058557288407	220.61293894745077
-394.89650256782915	0.0921755220248922	0.12086790186003567	0.16772677298508146	0.6673669607107702	0.22704059450625866	217.04701478754515
-439.1856061802009	0.03705814662363582	0.050369373940741535	0.04369529317717672	0.0358884008565764	0.22162511354627396	221.53651864169453
-390.0741999073857	0.11026611432419867	0.14615848107381563	0.28095495492006883	0.7233737168288081	0.16506844585200459	218.87324145055229
-383.2074913208349	0.07825335620699381	0.10426630501751254	0.1680535569158013	0.9967221278451158	0.1862632145290905	237.67728072489487
-431.24717752326876	0.03474328789076458	0.045165183414178176	0.04191820423263588	0.2510880817305769	0.22485185324648496	227.58875406654616
-404.80439717999553	0.08705265838728453	0.12898760032168477	0.1558135588855854	0.5279863777614359	0.2810104513817806	211.3143439891246
-401.1718959012902	0.0704076809167756	0.09606251478650145	0.11757572063107029	0.6428955297868474	0.24926054565841937	224.6930560093036
-407.807840836737	0.10755277663947402	0.1541951045147854	0.1808401066559434	0.4522625791377292	0.24128136660517788	197.32702476344983
-388.0992311992845	0.11848664742580145	0.16206999206582665	0.3367456310133552	0.7229628052233417	0.26872725433485783	213.95496666104611
-410.7047113742746	0.10492299242332981	0.13062952075635145	0.17774660615143117	0.4271010395935804	0.1924102045187512	207.76187589152443
-400.07739255193997	0.0862110423163305	0.11592177019473532	0.1448433903279006	0.5966861374004218	0.23342527945743188	214.87058960027912
-396.5564644450709	0.11403009707516391	0.1715136731770827	0.25261894807937973	0.5943286096359744	0.23191503268314229	201.55099604452545
-428.26817438178625	0.0708377349837652	0.0950677235783493	0.09354777287675262	0.21596445349566834	0.19949242197925665	209.79291936898397
-375.7107498845624	0.08104720994191486	0.11542223993371274	0.27775710705131634	1.220257634329941	0.23424802061846442	259.92419328163857
-440.14662769735037	0.05198123387025361	0.07086263514845	0.06145269507580459	0.03470070780165885	0.261730202047538	212.5517828709078
-410.19031184545616	0.10225924180546127	0.13915456557469746	0.20018580035006203	0.623109219548486	0.4778542344636211	211.20183379690624
-425.1173588090514	0.08533021346050987	0.11257995876833343	0.11356953963038666	0.2562069506750328	0.1898098653316827	203.04124222145464
-390.79435390739286	0.07618190327259852	0.10190688879510419	0.13773565621404107	0.8305999243826202	0.20228523283971497	227.34524400552388
-437.34847834457685	0.05100902726488869	0.06961731433845854	0.060594554133847615	0.07762454195062703	0.24062075203991679	213.41141411768615
-394.9927096917604	0.08857208936880495	0.12156433731718583	0.17789302347809324	0.7968369240899017	0.38296690991405297	222.3752888779201
-420.81672295106335	0.061324304094364374	0.0824526900497618	0.0820050027496729	0.33913745884700625	0.223493635594391	216.37169791910262
-418.8973620154046	0.06755610715834985	0.08965400555363519	0.09426669616660639	0.3528600333920498	0.22649283548092358	216.09328894260818
-381.5386203845825	0.07507779003124296	0.10003001411095318	0.15960617414215503	1.1510135630909455	0.27648859765109257	240.3421932827916
-431.90747335137405	0.06793329736967242	0.09102757394741554	0.08500593095022045	0.1818335954519229	0.16005716354558341	208.1933261129701
-414.9105083987855	0.09619290973784202	0.1263596693993282	0.14208080712477722	0.37076284320628927	0.19886277746188408	202.84990276754084
-393.63508374611706	0.10597138972950318	0.1454173180614764	0.224887295565182	0.6423357297877792	0.24522618027469492	211.7604039998778
-388.3566444244045	0.08794183493286455	0.11938690377757724	0.17973857709559	0.8104679087526787	0.18693831727427646	224.65697963305846
-422.23759910042173	0.06894729990148757	0.09012689760823349	0.09184387236749142	0.3028075859927592	0.20656196985978623	213.07222874852187
-393.1536794637915	0.10086043562096433	0.14159249521211437	0.217783375776569	0.6713694039776017	0.17818851212068712	214.79209072572206
-384.7045736893977	0.11150419816302298	0.1721438556856999	0.43382791544457416	0.8388404683670833	0.1962552387033432	221.24680229299616
-390.3232479791603	0.09758503774017926	0.13553622900104134	0.19661594837382088	0.7429357407115488	0.23536663157390406	214.87941666968575
-388.0085675552863	0.09789645000476438	0.13617588200051403	0.23953773128010153	0.8542084284850255	0.34673612259879677	224.446349214383
-384.70965468844497	0.09514649225890041	0.13775430311353026	0.24738911353970447	0.8763021712177401	0.28821940191659945	226.78576497186899
-415.48290947078	0.08339319682787918	0.10448445862548089	0.11913996675064802	0.3950730075053664	0.16310415083090724	211.3126829739614
-379.20728206704365	0.07692773205134057	0.10339476655392629	0.19132311143011035	1.143269182402913	0.15498906137910334	248.56537951571156
-391.0325148470241	0.07718324334674741	0.10413963885457168	0.17165385679490794	1.05198436228708	0.42066550075990355	240.17708869937445
-397.5871840071472	0.08875000971128778	0.12075596695010374	0.16361013367309732	0.6752050179651014	0.12160433134050548	217.72911940286983
-401.76587801494827	0.11304814146957588	0.1501492678795934	0.21707034977874776	0.5674984282130269	0.35344231456141584	204.6278995494543
-408.2328772325797	0.07618928045045156	0.10153717655025106	0.12398146823613009	0.6452425121788389	0.41366607249398296	220.4446415708788
-377.34068933347487	0.08689271314768154	0.12383240384756455	0.4616648667858837	1.1895118700903944	0.2232946826142894	275.5838564118716
-377.94446326886316	0.07319861911026058	0.09822617421861617	0.18972826057390374	1.2011162410962029	0.23349715069366478	255.6365904107635
-376.5968527338176	0.08341281737209473	0.11819682042850146	0.4395165438223321	1.237459324113138	0.22110091987228658	281.98740435900453
-382.2421793574082	0.07366130142343147	0.1023442660695988	0.15430037189935814	1.1247205968283698	0.2597097572691973	237.28068940616558
-424.60231043383453	0.04433877976058354	0.059933686387375756	0.05747625080864563	0.4097722768316585	0.33421951740448497	224.80496429530857
-385.3400571831577	0.09606503903703488	0.12803426266296783	0.22859229557206953	0.919530340932593	0.32574672347709915	228.10407984122892
-426.74633430491275	0.06484064756562767	0.08756491666510771	0.08455882695815498	0.2405427334202491	0.19985546451802313	212.21192493900818
-433.3228669473665	0.06332283416968185	0.08599092556102832	0.0794011227783411	0.1437775591446478	0.22449565576665267	210.18110682834083
-394.50120008090187	0.17225293106420314	0.21620076532131569	0.6177891785985683	0.5988965520943649	0.23780584374139355	184.72882629973822
-431.93532603058486	0.044219367758116045	0.06076906260541842	0.054688918122290604	0.18820079990742655	0.2552162673946683	220.13935350188896
-373.53358685295336	0.06769977289938454	0.09776128412828354	0.38709271297242603	1.5753259540468807	0.19859200881901293	320.91538936068895
-377.593670176601	0.08953328680806984	0.12125007302456502	0.28083768744197984	1.1035047811235907	0.24312635255350115	248.6648804880628
-444.2759958796962	0.03973863171712525	0.05396731546545092	0.04771227402497979	0.11812897110276718	0.43177936325504834	221.35308390526458
-389.8171165561639	0.07246077332175577	0.09732282823104974	0.13251399978520018	0.8758914215214868	0.2073824885572757	230.8083976615853
-432.89960281087826	0.05969279309215663	0.08030403374259526	0.07492260101175102	0.1537805069030872	0.19411645548302722	212.91417160893522
-392.13811841813737	0.09567865768344862	0.12861032559845037	0.19438625401859655	0.6958062320701179	0.2326129425150641	218.76451589726452
-375.1632651473956	0.07290311664127683	0.10063578555031405	0.2115934389414106	1.3383973621740788	0.1600037529011459	262.44360646788937
-402.7700450936595	0.08162537561335813	0.10111964475050526	0.12406713787724448	0.594636674821217	0.22112076650582738	217.11527585249323
-391.34454563756276	0.08911525059552194	0.11434119827298517	0.17538259006909784	0.7749040378257321	0.2938967041956248	225.44828670734884
-408.17210927844553	0.08213418367243548	0.10450030146809289	0.13305377484782274	0.5253824631925694	0.12433315738766561	218.88286014924137
-434.87250017685426	0.04578175182453279	0.06192452306356619	0.05541570125427288	0.12984419873326605	0.2668548599500307	218.43994648579746
-437.95383783907454	0.047829655892813364	0.06414897032657198	0.05645040709189461	0.06427313881447762	0.21722384344222648	215.79770791769295
-405.0414365167532	0.0667492138971394	0.09408483002996501	0.11340495796863181	0.5876033642530724	0.20240336169270146	226.28539675090144
-433.9244672625929	0.03661483225226813	0.04904471696645273	0.043756918165191214	0.17643548586011634	0.26480757308938857	223.79636394337103
-410.19862873515893	0.06667201387954616	0.09143850718471694	0.09477314630602604	0.5265752304322053	0.2630694000488173	216.05537616790227
-435.6567280697526	0.04513329241751861	0.06290650619552282	0.055110305972501786	0.10885975069651496	0.20744031319722214	217.7484497769227
-420.17431732124476	0.05495915370367209	0.07794517722323235	0.0740186909766238	0.3771547124950337	0.20731508783833755	217.73871997502584
-391.2246666157246	0.09537508547786107	0.12689626643345722	0.21745034317172576	0.871950348694146	0.07530648805344231	226.35829283176196
-391.15134989483846	0.0957386234772181	0.12822631291704747	0.19001922969242344	0.720860735762377	0.2298676899452482	217.85709571892755
-416.03111979596144	0.11793025663395784	0.15064914085395473	0.17301932125596886	0.3573325002377458	0.2125167507645222	192.4668341787761
-407.0678198655858	0.09752197288151344	0.13531213159227257	0.1588999584052282	0.47076278194001064	0.1977614318330798	203.84825089499898
-373.2311410506542	0.06771290763966459	0.09787200972439418	0.37196923006196747	1.5946898493929185	0.1943176081042761	317.9684861456129
-376.15994319073104	0.08295258548244641	0.11363426429126249	0.25251313874887643	1.1926914462691627	0.2000877718016154	253.87302802472254
-396.3330200967316	0.08535006224968529	0.1144860101457118	0.15161880644346915	0.6756157862355648	0.16763418040387038	218.99309834341415
-393.83315278338847	0.10369099385740249	0.1363139401633417	0.21392069918087983	0.6650034386329428	0.29004826407726353	215.09671480589785
-430.41172338510415	0.063103095232369	0.08428322654886855	0.07983499253200421	0.19659468340642977	0.17258878819501589	211.86986003298543
-436.4141920218475	0.08366642092079478	0.11142294961151918	0.10515644082709959	0.12164711805709844	0.2224080242994559	200.18067042397843
-421.151427519937	0.10135572424172362	0.1326357070725741	0.14599573529776724	0.3170784145786409	0.1472479610851442	198.8968688341466
-431.78283389010403	0.04930743962069124	0.06583836497314961	0.06072856050307186	0.18464261916958993	0.26716021253867017	218.3228162885157
-435.2143824552752	0.04529267160167705	0.06093134104428119	0.05452324220016612	0.11836395285212331	0.19833803695330685	218.63735682674405
-412.6445728787915	0.13341461318027187	0.18117499277315555	0.25370003356677157	0.3787265012305684	0.2567141408069541	190.2054540031471
-433.5565202041291	0.03838504275430396	0.05209729785390275	0.046599957536895956	0.17483234204032358	0.26309049544037183	223.1497900036723
-375.65368196667123	0.08312219435852639	0.11582767974643864	0.2884986425125205	1.2163029069259683	0.19859888349243157	260.15046477919776
-417.2485239168225	0.08170578200953872	0.11385741292903688	0.12216682570190582	0.363789236041842	0.1624343236651688	208.5398371998034
-377.71075693649016	0.08287572955077677	0.12395365781109978	0.46273281423550927	1.1793648575951998	0.2165479834163557	278.5832217424509
-434.3745287796723	0.07031863386535522	0.09437540516394442	0.08826001604138359	0.13463981365937194	0.25585444634652127	206.9113798858236
-435.4715177040556	0.04738921191798368	0.06393858479183008	0.05713818583384825	0.10990632490077414	0.21239290271014785	217.3010590889138
-395.14809902929676	0.057135989166391496	0.07577307973606796	0.09430159144885941	0.9355248091729718	0.13583540443194816	236.37172888738593
-377.80262323514467	0.0926351168947523	0.12971216397915278	0.35601120055943053	1.0822919257081414	0.22605907563886604	252.16548626245125
-389.82960293603674	0.10110920730483615	0.13610400775909837	0.21967618007961814	0.7232269063950918	0.2308964303395954	218.0168664502294
-438.75083538549416	0.035191114362233704	0.0478706100728633	0.04124916439891763	0.048253573771522444	0.2366554326824249	222.20074554626802
-432.09323519055766	0.05914855179884873	0.07941817100583183	0.07347332942985084	0.16240571273288743	0.21602897809190127	212.65846566130844
-377.2704709518339	0.08235296647703674	0.11919427492198481	0.4872518244707343	1.2639659499867275	0.19272228702558963	288.8029414791332
-397.83869316393304	0.1327843112901996	0.18000417178134	0.29006337297944473	0.5677550483462296	0.2988017354818156	195.63766375566465
-377.87330433371767	0.08567912478060123	0.12573920733660898	0.3369940121165427	1.1439241625207621	0.16048396148408955	258.20700068939294
-441.6426677479865	0.035957932561864366	0.049215814227391026	0.0425558066962789	0.06281654223038317	0.35458031259566125	222.13520312275307
-445.72205548470714	0.04101110911267209	0.055410253251720984	0.049220498849559834	0.13386272111354763	0.4572668778213259	220.82589525481706
-376.32392150482406	0.08632096123982419	0.12094576030720021	0.31589629123368745	1.16696235460153	0.21906969659637388	258.2172510023591
-376.89002014856555	0.06760785369296232	0.09403472030821244	0.17847796810788802	1.39132869045094	0.28998587189142183	261.0567819567083
-405.49660284021684	0.06527426840161596	0.09008832921877633	0.10843769213392977	0.6493174386388216	0.09770147412697713	227.3831872290077
-400.5569449249575	0.1024693830222955	0.14522170784268867	0.2010521056586555	0.622740221044266	0.1044744290027511	208.4795283156721
-432.4698650097479	0.051475146171583226	0.06947857657393534	0.06338917679996248	0.16057177544091497	0.22692567880494793	216.34779866960358
-395.8497437744505	0.08033504398781237	0.10601838277940559	0.16504690933617894	0.8856273219889962	0.043045156193538305	233.37862999857444
-428.5760697044679	0.10594780142498994	0.14246320426534342	0.147776969322063	0.21807727891713616	0.2539271769491066	193.35074055405116
-434.26579593462736	0.053212536940174894	0.07152741124354256	0.06466627266245155	0.130030043089323	0.20858837336147715	214.58610910155798
-398.50564247836866	0.10194037910580168	0.13342799264430455	0.1873978668083762	0.5784412977836257	0.22925893479955245	210.83461465919734
-373.4513830376899	0.06833733036371185	0.09896647647599151	0.3672387627330576	1.5335229731993008	0.20053478799797175	312.95660118835
-375.20935733773047	0.08083451332228102	0.11494949275508257	0.32005320745170424	1.255160968247726	0.2088170243285965	269.28888646943494
-393.8159510824164	0.127356633549824	0.17393413832512694	0.312080530482318	0.6138763589413476	0.20495120017492746	202.31721347183122
-400.73194564697457	0.09385964652344667	0.1267490340564704	0.1651690014311734	0.5587956532042498	0.21839848857548813	211.9325191212668
-397.3422681762289	0.08864654649344776	0.11937666098933875	0.15665536814676204	0.6357698310792297	0.1934095809988946	216.04477477662192
-394.5019831430189	0.09172387647075153	0.11827021355436945	0.19872336055443293	0.8319951724261857	0.4043543933343465	228.67270022540612
-436.7483516974797	0.03557769294874811	0.048312968096670725	0.042590584784640555	0.10013872831091013	0.1907348262677983	223.7697853359986
-398.0004138620271	0.06830400488416549	0.09000641502085238	0.11052920443593196	0.7544076187598227	0.15011453498693186	226.58976067795874
-379.2631143948731	0.07926606398234161	0.10348019170255725	0.18762893753027948	1.1173803479638427	0.21820447525967826	245.236977455961
-445.96505743655473	0.046253976867374924	0.06238358313240952	0.05692750542203051	0.1775272212528531	0.4850135447928818	219.5812617963141
-417.38653411943676	0.0646533007004105	0.08323257024583741	0.08562425116181023	0.41007486968811446	0.2705617459076847	216.29504126827777
-408.75010770086186	0.09196661628842487	0.12168620521699752	0.14513544416233265	0.4658438076491048	0.1633242823519171	208.5010436728954
-429.27451493093423	0.08114570323215012	0.11526249745001321	0.10838447253925282	0.27838899252174	0.3827387778852247	201.40650252378143
-453.48498759721605	0.02195405609632968	0.029838112641992758	0.025368755699922522	0.03419744972826433	0.4832060671502384	229.6453662997009
-403.5748420351621	0.0500981253035567	0.06899101267168273	0.07621492827233924	0.8292392862816682	0.11413722950757255	232.60006143782095
-429.5336662507026	0.04786119525847639	0.0649261933908287	0.060199954295636425	0.23258891223051012	0.1687975093894111	219.88495354330811
-384.19022207706604	0.08384309388203053	0.10910599743257463	0.17874637059952653	0.9413181077488799	0.18758495021081326	233.9887709461789
-447.77078766756625	0.03784531230046614	0.049852248864713226	0.04557167344547441	0.15298328706672712	0.4822770651308065	224.5849343648893
-408.7218757175677	0.05092767899318236	0.06920496694683069	0.07331153844923836	0.6609089234459776	0.26202479584232485	228.32610639552846
-392.9078260645539	0.06901759158362189	0.08875373945864998	0.11789497225514356	0.8570516934188579	0.2489298373377471	231.71531429389466
-419.92954591303305	0.09612263759630581	0.13650560727354832	0.14518657810090244	0.3227012763751487	0.16653110511943794	199.36460590101075
-425.34484530770646	0.07173370634259205	0.0945568752272651	0.09325755067097886	0.2593804409831151	0.18852974447288348	209.37742857128336
-427.5375456564785	0.07034475860843269	0.09425908928599874	0.08822895891973498	0.2851079891190363	0.11935584884415561	207.06382560026856
-424.88405220746847	0.10451689026058468	0.14048709476881832	0.15023536990878195	0.25309983156166654	0.24246042829399694	195.5086501165451
-401.97430397621474	0.12408721095402733	0.17206341026607155	0.25372360265496663	0.4981075122422937	0.23710183723235947	197.14409291305492
-383.5833059337575	0.10987196307927981	0.1317803054149016	0.2789209492686421	0.9325782517007322	0.18168715231353216	227.67624292366344
-379.2539136445531	0.091057865852393	0.13207389928386642	0.5224109405625125	1.0910805657709974	0.21842218386029397	268.58312042507094
-388.0968382029728	0.09937156145506443	0.13651185430325793	0.22448157422403547	0.7627361235908091	0.2067294716723513	219.92526225890464
-381.2011131888436	0.06543935900281223	0.08529322985725425	0.14121066500302673	1.1975662355982364	0.21820649982882656	252.20796207569845
-424.64809006999474	0.06437756509829827	0.09238044975225292	0.0998337335713573	0.3338494848914131	0.3253954412769601	220.29514380025407
-380.3011979831829	0.08560138598896148	0.11655803606661416	0.22098348474294427	1.0708956458475927	0.14394403743757245	241.05029539768685
-437.9810350207169	0.04849857596215067	0.06568695052273775	0.05710727240840883	0.06638425296737249	0.2504283189136727	214.6871200557203
-418.35363178759343	0.05968511780474782	0.07933443041412928	0.08095998883300262	0.3907058484432359	0.24492675068744865	219.13068199616964
-373.22396245414586	0.07386287685330639	0.10150353149978034	0.2722383869473743	1.4336196597365027	0.19368969043120582	279.65359577074014
-381.8403770201228	0.09352945758553773	0.1259129271478103	0.23874805540444755	0.9360865085504066	0.23675618262833104	233.21202500699198
-384.91349758215443	0.07175358694849396	0.0971368831777876	0.15026142888652974	1.078890322421015	0.10723379474791932	240.77156888839565
-380.89259706318313	0.08687206674500723	0.12611092385321734	0.7136930692335085	1.1594936064642616	0.227221298751018	294.27454504236005
-419.5041974498239	0.09740838554328335	0.137658146274883	0.13568047021886276	0.3417791593987408	0.19723676959053701	195.12063152546153
-375.1701540477402	0.0654995166970187	0.09684161442682286	0.17767134576415383	1.5153205826115794	0.1571754029821393	260.82213798108063
-428.69498602646775	0.06424599438911197	0.08596318060712688	0.08280637650058363	0.216375309845566	0.1849099530384607	212.32013963127795
-382.5574987221869	0.09452566606452402	0.1271164277049452	0.24229707185852212	0.9268685327457422	0.26981957845147986	232.5655439846894
-374.71088439077494	0.07663697468240845	0.11099534659562786	0.35983313365550795	1.3588705281404085	0.18654703435267714	285.71937342029486
-386.0441712288384	0.10925260006312223	0.14554697996709437	0.31404292853975496	0.8175720788889509	0.30824010692220594	224.6478643368731
-415.43571054653864	0.07877030434067099	0.10082010329894708	0.12964777389827817	0.6002426593240671	0.46949246484861434	221.92714259732853
-415.255519738308	0.07803381850321997	0.10594597493662801	0.11370821804316798	0.40167526150125843	0.296630305104288	210.93397016922253
-371.30477186324663	0.06304940478839992	0.08831734457412413	0.23476262773369927	1.6971863498000963	0.1861805097969057	297.0596155584593
-371.6171658006593	0.06225321989539866	0.08790216527882584	0.22661503228157356	1.7252084410306503	0.23821259411028847	295.7363995524849
-422.58536501952176	0.056996412176875184	0.07524246714036292	0.07440057427863116	0.3291500203657152	0.25377638061860053	218.49277154027902
-413.00434133610656	0.11753338829056577	0.1629753662674023	0.22221639324251724	0.6953176616126816	0.5	198.90540871884556
-412.1527890293522	0.08459492855239532	0.10908373879610453	0.1225220878958211	0.4394731575681037	0.1632124968402342	209.7382923316828
-426.5141997153922	0.06518000748582295	0.08798347106543662	0.08569586699491848	0.24386639260538778	0.19754150829983902	212.56440514457108
-430.85716478237043	0.06842967732038821	0.0916190609575342	0.08943124669793952	0.2269728385248078	0.11225097612034911	210.7060647446362
-394.01708791440694	0.0839861029475195	0.12043835998023833	0.15571911389935164	0.722640471806414	0.2533939275552263	218.04216966662898
-399.8807163036687	0.10996792308264329	0.15449005319398512	0.2299760340213199	0.5717449220520797	0.3262843532610645	206.5298106251905
-374.1111432078125	0.07449034750182786	0.10567326301004643	0.24572684984114038	1.3526745687537296	0.21680074743645042	267.14303565205273
-382.52547064317554	0.10922061318261887	0.13085319708650744	0.2990030046600059	0.9461241915589099	0.25677372580329333	231.72028364729366
-435.83867467252895	0.045149172409645874	0.06165520667101451	0.0548421784828088	0.12492151891906197	0.29495452587468063	218.53894237555272
-379.386041688866	0.0784956660010605	0.10765251095778788	0.18958551925885198	1.104811932051504	0.22898198107763026	243.30888231973813
-403.3623516708737	0.10037070481331765	0.13532803092184048	0.1745238266222411	0.5315809861558545	0.15589760097913424	207.15031801244152
-381.116724415941	0.0709226173001414	0.09712643642964042	0.1821190273221648	1.2685054084248408	0.07737903740690552	256.0529275751206
-410.86826015810936	0.086203614784429	0.11372543081822432	0.13045157861004011	0.4430706660958482	0.2815261641951267	209.88853128404548
-374.4635244216862	0.04881769086639796	0.06555878716682703	0.11773383371201904	1.9071223521021325	0.16177033527602364	280.09120209659716
-403.6368037075648	0.12822023005020972	0.191670858178588	0.29980557626426824	0.5120208315525382	0.3382257886977057	193.96862034588816
-376.56564995302654	0.08409596734057474	0.11728529022420009	0.2666936743306606	1.1581045915651846	0.2223059972162247	253.13801405125952
-385.8791618098438	0.08810979553964035	0.11846717662416657	0.18547745028806709	0.8714453031301542	0.244445872809886	227.10349373830138
-373.0293715355708	0.06857548445193892	0.09193029231328471	0.2091722202865436	1.530685007809044	0.23231697745006727	275.53003149511767
-415.46250854670274	0.10081577138753203	0.1379330510033011	0.15470980450204205	0.37796613127846845	0.15438134439471035	199.72575155878064
-430.9619553974769	0.060667985857725856	0.08283701398591742	0.07645032222948503	0.1787741296083118	0.23231543847888655	211.77052162280623
-377.26610681015825	0.06092842427546541	0.08277902439532706	0.13989807588358372	1.4182358043970653	0.16979965055123405	259.16963560554956
-373.182310979612	0.06974615384129776	0.10189390134374546	0.29390820547302426	1.4650441838745376	0.19226428723425207	289.40584339576554
-402.21380464172694	0.08823414029469892	0.14651292779323982	0.15634468437271978	0.816385265607927	0.27562602763863536	203.18470360835832
-373.3137505884795	0.05232618405867557	0.0680675708409151	0.127844815760446	1.9612579257829315	0.16208523661222907	280.42604749051884
-443.1652077296183	0.06818581135100749	0.09307285545694957	0.08222890855996365	0.05387264859695632	0.343882628128594	204.6841947663997
-373.82341988591895	0.07595074327581192	0.10618035137510297	0.30311080224236253	1.387166634021947	0.23070770290347062	280.0192816923838
-371.31112115841313	0.06306914824787391	0.08910331497223337	0.2440675259224975	1.6954364932057966	0.18811013591877734	299.5180408053925
-436.63530112479623	0.04882296674370246	0.06553072863940287	0.05832799670379171	0.08882063698066889	0.2401590597793508	216.05327264342165
-377.3762149184786	0.08744863917447104	0.12568085782692356	0.4224302552585802	1.1576672962142052	0.20247305455240827	268.39418782435376
-412.6202369560177	0.052066346106627436	0.0708133572966928	0.07513836455851573	0.5728721240026743	0.29552685341354723	227.5701885799727
-399.01192792698794	0.08891508652675377	0.12164759688015464	0.16014366532715255	0.6439398951180256	0.12798310611092847	215.8847151640232
-373.78950372883435	0.06921804615816929	0.09414104035280164	0.2001113147316472	1.4429390912107762	0.1831026158348154	268.52601220441
-393.91104328265817	0.11149041785403488	0.14951025668768866	0.23278455790266805	0.6611562895285215	0.30545248758164945	208.85141918687916
-380.24877396326815	0.10182563131201892	0.14531994052030697	0.35749950551977455	0.9660245305691763	0.23887766847882605	235.35511649729094
-432.9475041945123	0.057754831152532576	0.07784915681533289	0.07180116764011357	0.15235215312826952	0.2573095046169591	213.30872443976173
-430.81675332440096	0.07281944104683699	0.09561458057854802	0.0934058705362482	0.20333912162243004	0.31800975377560753	208.1071158380317
-382.2045040210173	0.09385954241296146	0.12832592727806658	0.24349734687708466	0.9181616872483568	0.23243235655234856	232.4403304305322
-421.22701527216725	0.05256292066045599	0.06635931781761684	0.06589358733915937	0.38916727053458006	0.22625479618073213	221.00916423181232
-415.7263590147876	0.061443901124401824	0.07510526321444422	0.09132772375988654	0.5113339128655942	0.1085954184374481	229.9577237597504
-371.1989408085118	0.06262572321488998	0.08716716082182606	0.22938090781712484	1.7165040207350475	0.19923965672184354	297.12771245036953
-439.40455660689327	0.03550438381549899	0.04869298061802888	0.04163468266334656	0.03114042327827699	0.22967042467661294	221.5627820106819
-388.9317689590698	0.08149518283983848	0.10576060643208597	0.15998178007881914	0.8617665795759499	0.1481076407137901	230.70091554629596
-371.4562610608931	0.06086961472615656	0.08059110721816065	0.18961042560140423	1.806702051330961	0.21522004230487077	290.7913043803282
-395.47704105323146	0.0974329045867922	0.13064568023823875	0.18525323201573532	0.6381641986294795	0.1983946308061142	214.13689317244408
-398.2918855231264	0.10143792981217113	0.13263628842171593	0.1839222388576076	0.5889087351646056	0.2577930083602878	210.59005826254054
-392.1450789017847	0.05954925548380298	0.0790190533986459	0.0993426946901328	0.9749339272756646	0.18069824542242618	235.3237197382223
-409.9025651462126	0.053707423708057374	0.07264998352716497	0.07646166856099018	0.604791714873118	0.1627883976440699	225.75667881149144
-396.60243596914955	0.08376091353811724	0.10661718838077643	0.14014003619985305	0.7340206674493918	0.3089352684090333	220.1135447829732
-432.37048919549375	0.07292785638959985	0.0990072615457654	0.09228847289628045	0.1604302170717705	0.2185625786854043	205.32858249684222
-425.6164453187022	0.08401627640637199	0.11389573465964688	0.1154862884340202	0.2741700824548516	0.13502482285801665	204.01427853324333
-373.7608089006226	0.07166360380360695	0.09964921713397037	0.21470254343003595	1.4252783849021151	0.2179619290705498	266.2126712557133
-427.0777989304868	0.05788204764743348	0.07859187560692421	0.07469594702912048	0.2774278176922342	0.31752452651920976	215.4440057120378
-424.6988878255602	0.055454941287664435	0.07462102798288654	0.07182026812285466	0.28994617883244844	0.230450235988023	217.73866983140277
-429.4525344762757	0.07738613945681645	0.0982998044007823	0.09900656433730858	0.28529278304562905	0.39285576193854155	207.3293824651029
-406.630667081707	0.03995672135515285	0.053119910571668524	0.059534800356061186	1.0922815841582723	0.3726044649790369	241.33334761692953
-374.14169176990504	0.07166888771342776	0.09835972371971788	0.21267636786033972	1.3916404662377877	0.2255499707453534	266.40219183099
-412.97593708043445	0.058248160120826085	0.0945973722578627	0.09521630685076657	0.525616702095237	0.17609890659939798	220.38040213445177
-405.6771802943817	0.18466863641767617	0.2555384120810548	0.5895660081775596	0.43603412018061066	0.31695993245217546	169.3468545645747
-434.0420083542352	0.06483898402658642	0.08552236784790962	0.08157232797910251	0.1808617403160238	0.3494049884124608	211.1943569113471
-428.7611665902136	0.0664736504110389	0.0905153726299923	0.0900669875870368	0.334066848550844	0.4204168756432845	213.29316134888484
-424.31571719258307	0.06567714696012472	0.09045255557838285	0.0882353927179027	0.2763728156957994	0.19354147962004423	212.5088729999608
-402.4535862714633	0.09081247989660597	0.11644766631972572	0.1462654637812215	0.5575804604714316	0.2534437168346178	212.435084162696
-381.97732560832424	0.06203940504383147	0.08477462538683547	0.13051691812161978	1.2104487685302876	0.23273261554274285	249.75846790420073
-374.1495580570427	0.07441514110171922	0.10772906386484549	0.27494446643693127	1.3447093447746838	0.21060308164091363	272.8431677001787
-432.2401924915071	0.07769690718458595	0.10893075268226898	0.10174886450157782	0.16951171430237602	0.2691804389138278	202.8581732710324
-379.6358839825675	0.09162334736810566	0.12304187442577551	0.25545657064774197	1.0225666776158673	0.18440766801963152	240.33838105792574
-438.05697031351826	0.032506308932104586	0.044441892486863706	0.03822911674219058	0.06917995388083509	0.22292935645315665	223.89608183379116
-416.93612123607215	0.06457178988500192	0.08680472018572373	0.0899126130718871	0.393286181171277	0.20297337872144525	217.11130365270344
-426.7327391065697	0.043391462719811646	0.060280403801425284	0.055124526813908524	0.2997102525131713	0.23432980358150002	222.14297486481215
-417.75164188333827	0.11468671074793087	0.16122621328442963	0.1782687592723791	0.3318186449518835	0.22404709255856586	191.07218151505984
-410.09539435602665	0.08293802631381943	0.11443465669319962	0.12681458429355796	0.4509522973700159	0.19965485342942949	209.76757582165766
-396.9870630844785	0.08555663216862318	0.11546711675750454	0.14876700436680693	0.652010518470377	0.21489330351415886	217.1544240434795
-423.75503168124214	0.0780785569915575	0.10618125138458036	0.10719404037920877	0.29776443457037505	0.13779352077817972	207.1965360451191
-416.98822974020493	0.08401095649624211	0.1155724005511561	0.12060074516502561	0.35575639726281494	0.20054424544708915	205.6453084416872
-436.8161511621792	0.04366284639168693	0.05945779209718152	0.051674707828069495	0.08757080346523827	0.20285238728929966	217.6557626184044
-393.19791371202007	0.10862893301587274	0.1396960500773271	0.2581372171634412	0.8216428966656821	0.4071931107133681	220.05329117813173
-413.9814032408317	0.04840365030622323	0.0646250351422916	0.06590994731764109	0.5526504749887957	0.2119479219455243	226.77716438843305
-438.7335576790124	0.03779864501713177	0.05278209178415365	0.04450826576163686	0.05106822406790001	0.19792307300206277	219.42811224577227
-375.0674667357606	0.07948319481933287	0.10887144935084762	0.25669085419783366	1.2700870452373891	0.22950650453942012	262.15360593529033
-389.56188427547295	0.0899103726042319	0.1245007550426667	0.1938356422081208	0.8093019338912409	0.13386489983031497	224.63360821855537
-425.6361888125356	0.059285889423478656	0.07570575991002217	0.07540310380849109	0.27119705363382174	0.21821077180126444	217.15751346288454
-411.63569308461723	0.12198399004600476	0.17008925356328175	0.23960953081264588	0.4213682455213109	0.14760718880030038	196.42770578837917
-399.20729407672445	0.09709651824754877	0.12801099599342267	0.1750546857236944	0.5864991070161552	0.2740079870767387	212.64143971587714
-431.2447042294574	0.03708760200620062	0.05038869668789404	0.04513454680411405	0.22918377416935234	0.22821416970118633	224.14779767178848
-396.95482003092087	0.08936958228955841	0.11848948573192475	0.1608907135193567	0.6374028885147589	0.24592661414164887	217.60749425691478
-384.72912772602143	0.11048710684741735	0.151288066564278	0.3310803600507724	0.8239622264756049	0.283122101677538	223.12783009765178
-417.7378269546808	0.056756322602136214	0.07673703924212351	0.07739377959093138	0.4127329688457716	0.2415027393378046	220.38654230375997
-374.64179128967135	0.06243751614018907	0.0896354513011495	0.4666638056094302	1.7204320235515254	0.19553545944180178	363.84796892339483
-382.3891285045445	0.0983198539776183	0.12752358509835193	0.23991240234759695	0.9390175308871839	0.18456973678060412	229.6194959455317
-383.3982530615498	0.08298037037999481	0.11636400377622333	0.1992297429921887	0.933827839157482	0.21270764861442035	236.18107225915492
-433.16249342948424	0.041148121096024295	0.06024117569415366	0.05077325208378859	0.17755488320956084	0.21666168906374658	218.21227654362286
-403.52869981601543	0.06704599045461293	0.08793161220622286	0.10303339155307867	0.6445128124569347	0.27377249049240227	224.03979015558892
-399.8944360325355	0.08877423649561193	0.11920523719975482	0.15938712630942317	0.6456435515374895	0.3422265191493161	217.05131790101893
-406.68373436508705	0.06729835637633363	0.09712533860223699	0.1096339310403596	0.5551264565521299	0.24300150589605612	221.4199685573594
-404.9360133855315	0.14175292167132328	0.16812482761710146	0.2826407061105802	0.47652268013325766	0.2745065646442286	195.3580246366025
-411.96117494703446	0.05541972260933757	0.07378120253690601	0.08059515933479054	0.5668044735525051	0.12369965503941167	227.14595395482644
-374.6209513877843	0.07396963205961082	0.10557335129215067	0.38274771238731004	1.448586347547727	0.2574761907126657	300.2260056602422
-383.8661779466678	0.11175737508818222	0.15815843289432752	0.3644402998162271	0.8272765251097965	0.2199165575893565	222.41708605213336
-375.1137441304872	0.0800315722765053	0.11168545723052192	0.26917417260693494	1.2782187681526727	0.1782819608921516	262.4919775969372
