# /groups/rgutenk/lnt/software/anaconda3/envs/donni/bin/dadi-cli InferDM --fs input_fs/fs_018 --model split_mig --grids 40 50 60 --lbounds 1e-3 1e-3 1e-3 1e-3 0 --ubounds 1.1e2 1.1e2 3 12 0.5 --output inference/fs_018 --cpus 10 --force-convergence --delta-ll .001
# Log(likelihood)	nu1	nu2	T	m	misid	theta
-337.9857393834884	0.03492937317808201	0.1604515436873354	0.04162783244210996	0.09098891894847035	0.21759355359986718	115.01711086983676
-332.86185986023963	0.046366149759711484	0.20350704318946156	0.06081273361036718	0.47833888295734367	0.267178620735323	114.46443364336245
-335.71883266861835	0.03434853346575556	0.15104255650977677	0.04130501628831965	0.2953794011012316	0.20441561125931634	116.63814679829662
-331.65047992794473	0.06047269520353114	0.24664541165561854	0.08053030575115455	0.4439194103792076	0.22161356504236218	111.8995312599034
-338.24946438160396	0.03682353771898701	0.16901628308852357	0.042885339517187024	0.0631670775206503	0.21644124105024223	113.84021254150618
-337.9634308159241	0.03496567750824499	0.15724622209712938	0.04086888247768419	0.09239229518925991	0.2215781145695995	115.09268836895048
-333.637795971345	0.05283263739606507	0.22485775092021518	0.0678895204378211	0.38906088515414455	0.16695543342331887	112.57896566303167
-338.0275448893467	0.03388114359424915	0.15865038372364537	0.039911610891588366	0.0866016833918688	0.20953665028159107	114.62001954482776
-337.52961119971235	0.043651710259140684	0.19861214195210672	0.051730319249926375	0.11650744499257598	0.2072511285154488	112.14981814253308
-337.39878757210306	0.043505071152053654	0.19321959630447672	0.051399628702059406	0.12451683890272532	0.2100066754514585	112.75342434131802
-331.1718159353783	0.07309445743976087	0.28999772248126343	0.14375538393556322	1.1890907798817532	0.43515871096296604	116.15199640323809
-336.6642525696484	0.0515626250900468	0.22339119229810733	0.06353381399804135	0.1780368599393319	0.20466012282735416	111.602343586792
-325.2050838354827	0.06809553366366373	0.2928776217590966	0.10377224364467023	0.860437019688707	0.2605136012117396	110.44121277400997
-334.9888506624851	0.042902015429847624	0.1907838987962583	0.0522596219629992	0.2955328658897266	0.20720751396001916	113.63839441131742
-338.3216016580002	0.03304585414136121	0.15374198189664406	0.03835075262130767	0.06379594333319767	0.22007801233638152	114.71980411862997
-329.1388936922694	0.0507044380861281	0.22762589232386682	0.07042191004358954	0.654454025585025	0.22010066534101122	113.56062889811506
-332.4260135026644	0.08286370268255795	0.3270521904586957	0.11221829505538147	0.403591160309213	0.19145967135875255	105.90511887125014
-335.62560138515784	0.0364873815670321	0.1538019878510385	0.04501927398860454	0.30511811385624005	0.19113883531776182	117.66320647127915
-337.1606834281972	0.04236687943549581	0.18320759776958997	0.051847896600855835	0.1618007258734661	0.18937160204291448	114.6306484402054
-338.85903768952943	0.03486649478941877	0.1621103922913918	0.040206782595805866	0.014071782332699281	0.21577429331196984	113.94857476769674
-327.1836483800873	0.07449535848839975	0.3023395525179794	0.11439059905722199	0.6357904339113638	0.21229560653121496	109.91376264816122
-331.2573831083913	0.04628973518487223	0.1920557959551705	0.06046270967678075	0.6314760837148088	0.27206898465012974	116.03675210326722
-338.4448436970374	0.04087285992155132	0.18855385650629333	0.04774423420939993	0.050901319115975584	0.2174834358946284	112.40730751798657
-338.46979898828783	0.03649643778767439	0.16643746631121176	0.042436835088629235	0.04580591884751916	0.21319435178007723	114.07562882170113
-319.0441444402985	0.09818823695442823	0.352670036172234	0.2776187779988658	1.1119595391738353	0.2112348394476467	115.08318448156217
-333.86099067086707	0.04233823785267193	0.19296789369493128	0.05302277600305508	0.38689512831816725	0.231218420663913	113.82234468787492
-346.9117945471611	0.04872665611899974	0.20902035651540077	0.061637887803971454	0.42092452245969075	0.4567946438997817	113.45615184592293
-325.7528850166979	0.07838496208893227	0.3180495702193447	0.13216243803346817	0.6987708985484	0.21585295241573996	110.12263059674238
-337.41108797235853	0.0447404862188553	0.20663728937290088	0.05349355864316616	0.1291082302931924	0.23132276409066138	111.5949533830587
-332.2727615083609	0.07493202559783689	0.3027384332909328	0.09282462211210248	0.545115496189811	0.16578330772807606	106.38492887757027
-337.65144260997795	0.04057450985670041	0.17893451573563454	0.04788625013495854	0.11335951756852135	0.2290283276970771	113.89764636120472
-341.42765054490314	0.051808090232220994	0.24007806725805128	0.06332295796754558	0.2153211532972554	0.3632385470110974	109.64186034228065
-333.0866894759862	0.06520724692943508	0.2731233505697146	0.08551302641604347	0.36231205968891134	0.23194868038594724	109.27491631019606
-331.4475017509659	0.07784261006556471	0.2942301784646136	0.11085621599033721	0.44992396650323435	0.1880528393010293	109.52545698037909
-329.29383514654523	0.07204136388167424	0.3088951629982811	0.10580326567904923	0.5463045126591961	0.1938652083922707	108.35464410804826
-346.6563054998474	0.03124222696519114	0.1492466915685113	0.03659120505811016	0.1069797842789835	0.40299809147427307	114.91118396837963
-320.3608475164547	0.10925551449730878	0.38548343388365985	0.26290880670518013	1.01971651791977	0.22591375822650045	108.79191631028276
-319.0483516002849	0.0972292677879148	0.38260861987059247	0.30034321894939847	1.1040014971738359	0.23847443858521086	112.87479928727207
-336.749099320016	0.049283458907277054	0.20985297191201802	0.060819971697078125	0.18246645914302895	0.23646783323473955	112.85903093012172
-337.96190108414686	0.04142674077318515	0.18912826697157112	0.04860394530870786	0.08488571131828629	0.2174225477650432	112.5866625022374
-336.9950867383891	0.0423860318096222	0.1910153960050996	0.05045457442698723	0.1527739536689249	0.2209404936867866	112.9245144803862
-337.96051285593967	0.04523803253556573	0.21001448597664363	0.05316673983068484	0.09094340615748205	0.214019223093265	110.94307799733109
-329.390054275721	0.05999705286955209	0.2021501867846808	0.08796873054629334	0.7778364211069205	0.2869068727059064	120.2231383082263
-323.645411367725	0.10554489376317003	0.41647972825064744	0.22558483626581818	0.7706114938407791	0.2123873591198161	104.43064586473575
-338.22809463365155	0.03626717659575007	0.16704995396008418	0.04222433648394645	0.06702776985088761	0.22262864815057884	113.93560374630417
-337.5801719234289	0.03679078405343278	0.16792019761623733	0.04334517508198444	0.1167714213707535	0.21653186652320458	114.27141258093103
-331.37139557984233	0.05780640032346317	0.25694225017224864	0.07447941692710279	0.49211877989611036	0.20839493503947207	109.8357103910824
-335.35456056599367	0.06085484832773305	0.25704168183111914	0.07570147713239399	0.24903125507750432	0.21412250339485506	109.46096041142306
-317.0028646515342	0.04605405145673786	0.1813047102486604	0.11055516135055282	2.4580602825745346	0.19360371353742953	136.88925821284354
-337.7773774366028	0.034857608140161284	0.15930045374508262	0.04042422223578168	0.10742092773634146	0.2180620713172143	114.53831560528255
-336.9976778736152	0.042787724497217704	0.1906324710868963	0.05086170822241276	0.15166094984551853	0.21574412296292697	113.05240433933291
-334.0076257319805	0.0640567828921255	0.26667446916180104	0.08255538500778835	0.31552434817747	0.21583644741453697	109.48360039945499
-336.0511992375347	0.08197307739733396	0.3266526359839523	0.1085612434534269	0.2560118634200743	0.2317434375279561	105.5083597046182
-338.3501045385119	0.04321605075583528	0.19910086760262066	0.05101631785837667	0.06364021770274156	0.22605653978635318	111.88323362837897
-324.3603488635082	0.09166772183694963	0.36912442065054657	0.17193866673959107	0.7567830911640243	0.1916916698006804	107.1820506111511
-334.7929847282771	0.06152392121452798	0.2714679224382963	0.08140569362957975	0.296010204851828	0.25034694437773475	109.19569471796864
-337.4756989675875	0.04642385389158215	0.2046721420821475	0.05527524218080744	0.12113494118490925	0.21277467600752392	112.13413114134983
-337.7389267149731	0.03708388880646108	0.1690286107401255	0.04352043070326803	0.10377181095506473	0.2177955099146562	114.11251212977174
-331.95773926106244	0.08342121761307363	0.33171182489212087	0.1151197193492425	0.41641513725755086	0.1988120839939643	105.80711981811038
-330.57000065265316	0.07085658663422033	0.2744849376571705	0.09744687962664618	0.4860927163879773	0.20027094866681225	110.5211267109325
-337.40008411204394	0.03641364351016296	0.15944422045031226	0.04263333175776365	0.1366258537595062	0.2102522177397848	115.33293980824972
-335.31525910754476	0.03933610823345301	0.17088323573251835	0.0471883434679847	0.2935137330801795	0.20845671730103962	115.14097723531079
-342.53956811478236	0.0541105866286772	0.24816640721181288	0.0658750752608298	0.15607696062429652	0.36403188885794224	109.06606405698174
-336.08017296326756	0.04417976309335981	0.18382031380267957	0.05285937357735559	0.22589111236747392	0.19833814983787615	114.54442779118313
-337.4354960809774	0.041432972975789344	0.18145010464442887	0.04893917944992826	0.1246301775513678	0.2199734880302697	113.80814711263322
-328.34123762234583	0.10281991576306417	0.3876962234528998	0.171054765275168	0.5587046328172439	0.23525449245830393	103.83485470492552
-323.3266722018519	0.0701626148621728	0.2894707324781671	0.12581697263336802	1.060167394940639	0.13266591796238247	114.09071575464738
-323.5735292132789	0.08225780775447446	0.3245056210115753	0.14396290821419738	0.8112850019148777	0.20603328332615772	110.30859393255209
-335.66830592419865	0.054817590107942564	0.23646892508020317	0.06857878887926395	0.27380032707047924	0.16485634202320348	110.9736991881634
-331.2050771774865	0.06928029730043485	0.2792170968272292	0.09341073032262714	0.46200737354032206	0.24599208499623043	109.54882515619003
-328.4065750908669	0.11037196871817338	0.43696034302270004	0.19309338626582676	0.5624878061971522	0.23799763724039066	100.534901480832
-317.43958745612474	0.08318129145676506	0.3372789613214682	0.40310238496291423	1.4503939865543716	0.21530592636384277	127.8115569543518
-335.7857638416141	0.04827108228539677	0.22518827249375778	0.059507384929961125	0.23868182768303994	0.2397077316286417	110.80775219985988
-338.13991853778134	0.038896595783911525	0.17615967376121025	0.045461035830081827	0.07316435889679483	0.223577504109044	113.55598370396896
-337.76201799854334	0.0348603242353619	0.15625710496951276	0.04085203720948191	0.10848329088326145	0.20695768431591063	115.28047478397481
-337.38891838345256	0.043008186935320866	0.19740871791509954	0.05145673393874029	0.13003838359121384	0.19903300382732117	112.34666277205179
-336.96730898545616	0.03727888648490924	0.15943549951807087	0.044254855068213965	0.17893111317487426	0.19580834702831512	115.99523164095508
-328.75365662806814	0.09749822871459154	0.3839381213444225	0.16962831100046016	0.6792130652922934	0.12826972712443738	104.85712931228616
-344.83592772025844	0.035450787393005	0.16410350747241906	0.04138575737420426	0.08284433540167296	0.38005060021303433	114.15638014488819
-316.3629018279552	0.07169691426902149	0.28889008758199936	0.2391201385278471	1.636952339777622	0.21393523757283886	128.40491517476357
-337.5207067948205	0.05585608852773715	0.26642896955643247	0.06834487299082691	0.19586592374271328	0.2786898177464561	107.6345757512912
-338.293335682843	0.060332163132075914	0.2567486315195752	0.07219638521158388	0.11219679224397378	0.19952165782048667	108.68524636493869
-337.5968252603881	0.04565061356021443	0.21302708999970446	0.054248015685196944	0.11652931453901358	0.22594173107892707	110.90648340822335
-336.4852738152671	0.05104358899028356	0.22348009912609298	0.06259484068904861	0.18419177066678966	0.21933611893921048	111.40516544723634
-329.9012953089647	0.07862865409858275	0.3210330745674661	0.11346574365141673	0.503995238516913	0.24158154731134754	107.27941565652812
-334.269373908287	0.03611801087968908	0.15353580095567856	0.04523969605901785	0.4787705567513872	0.15830423875255867	117.99413804417293
-318.28483332975634	0.08710001704230434	0.3476422191475185	0.22922664550893754	1.197800853304178	0.20729597432358848	114.9361931463171
-337.1551170240721	0.04479841401859352	0.20063621153892755	0.05347424451074347	0.1408833246148172	0.20838027587317876	112.32895136582104
-343.35282910801806	0.038157324168220354	0.1715660584852138	0.04645584373276209	0.2931343004522749	0.39432266571118996	114.9885172149429
-337.45262755374074	0.04048979391342667	0.18255636332929287	0.047768120051433334	0.12111453465863901	0.21495385785751464	113.35032242317175
-333.73250138673	0.04933474072471554	0.2358602711965284	0.06264043771396613	0.3732951362825619	0.23602562397753674	110.43924855025267
-356.28026206744084	0.03565929698997096	0.16611770475622206	0.041805681962357066	0.09625694257045268	0.49363101747923144	114.02378474381528
-336.5018243665628	0.04036735420505452	0.1816139833343451	0.0487099341371503	0.20574827500272677	0.18681291031018005	113.97216963076475
-317.5904793052996	0.07289448964220117	0.26082350768629525	0.1940088765504687	1.4682913849914243	0.2396523794931222	127.50883893020767
-346.67689063173174	0.039846498500012886	0.1987739565702555	0.04742436292233772	0.19171935943828441	0.4170046157028242	111.24394785920256
-337.62505328394104	0.04569713896616207	0.20836609656200308	0.054134057591977106	0.11301075634675298	0.20529342133588172	111.40855168244819
-334.0288355068068	0.04355930896586764	0.2047092169162927	0.053483688028042535	0.4345175435192635	0.26276552563673083	112.1920236363943
-338.15279996003085	0.04338588273692793	0.20107426867371486	0.05115192853682637	0.07535021307535378	0.21053564312796297	111.65526489056282
-325.72489653909975	0.08968786522716034	0.3341820620877181	0.1512451683819365	0.6937754202043366	0.1909353867069824	108.83341788355855
-337.6419195037073	0.04147205042626819	0.1861326801140799	0.04870369198856459	0.10800942107850336	0.20807601970327474	113.03182008369589
-338.5013543209932	0.03052310674864826	0.1438633711412879	0.03529612402311255	0.054151425734032005	0.21474430188846755	115.18649497982757
-331.7127804989688	0.054159015245749564	0.23136105319359646	0.07210700187950769	0.4693913619270305	0.18909829430469574	112.77552167287762
-335.12047059990584	0.04492012012944509	0.201895054259013	0.05568180288843461	0.2802346052316689	0.19797069205091608	113.03752160044995
-338.34733556244964	0.03886838326345414	0.18045036725555047	0.04484701017837236	0.06228727176035204	0.2297854878586992	112.65649003563425
-335.125900807878	0.045474773246635514	0.18662347752491085	0.056363296381754927	0.28814212655438176	0.20562998620659217	115.30029994290093
-327.4179139150838	0.08323103687656158	0.34016080417636946	0.12755040298679807	0.6112711312824275	0.22041115967041308	106.70902601360214
-347.6481748562549	0.04571152491011181	0.20056265835357803	0.05956338660219499	0.5217085529110919	0.47340828183788136	114.57970432769112
-330.5961791955432	0.05825789772569277	0.2536867645252929	0.07815582615827839	0.512916320332024	0.2139899517567769	110.9989949319534
-320.23523848996183	0.10613102750719129	0.4020672165467761	0.3023070027508985	0.983895794023177	0.2287576542375227	109.16387713085304
-336.2418723159286	0.08641888109241515	0.34132803528092026	0.3467142253949683	1.3605878947378791	0.49742185598944805	123.26453306376267
-337.5855980819569	0.04671776783167191	0.21071404622768836	0.05563041368328071	0.11633394485220645	0.20485792418626644	111.45445829873105
-333.8509388637996	0.04495798893876433	0.20074205744991186	0.056335989532433677	0.3680301776063996	0.2001380278347624	113.45958459207658
-337.5666340312982	0.041787715872752214	0.18800113704939447	0.04920738801888477	0.11458952693815173	0.2038472718445902	112.92481149892238
-334.4123242944102	0.03868161705498292	0.1696071270878116	0.04753529273114086	0.367562075590559	0.21455365435902737	115.71242710124393
-335.058070740019	0.06026121340383532	0.24880317157041787	0.07837180096234772	0.32846656721975703	0.15286118833034576	111.12319892512873
-337.2447399810204	0.041710797458212046	0.18983445254063822	0.04971541554667778	0.13514581861767133	0.2114842811746523	112.9234084372474
-337.4347080138201	0.04662025058556223	0.2144775734449257	0.05566774347854365	0.13194405143243107	0.23679066492413245	111.04551753154873
-331.9285452709487	0.09511228614708353	0.3571799873859469	0.13933980269100069	0.42107055760963197	0.21229141988546724	104.67859789348825
-323.3022085046703	0.09307793433601427	0.3472250489041784	0.17915381949858947	0.8684514158567325	0.28438316089263155	109.7082364253185
-338.7257239664712	0.035278277392118716	0.16180962256326892	0.04071463874739333	0.025044628898031805	0.21119629389886427	114.17065491550191
-337.34373323520083	0.04562286423252497	0.20574535747570546	0.05455648609257664	0.13167655302462603	0.2019405378344319	111.9117410910027
-338.9376559000014	0.025666732390221433	0.11960186970751005	0.029097269839367505	0.04997020062639259	0.22737376718488952	116.69602904451499
-337.0551989811172	0.03379668412891239	0.15343029881068107	0.0400578443954211	0.18753603239982164	0.2355825234371588	115.61501535482739
-337.38172192856763	0.044298404203167975	0.20098364851978942	0.05280869544985309	0.12541014679649012	0.2163631456119643	112.1330948006448
-336.34951958105887	0.03880085412222165	0.16652202314758963	0.04584914881628054	0.2160460557925237	0.2087961193223707	115.27227676192535
-339.05630542158957	0.03316370686743985	0.15481782946266415	0.03801215327226225	0.0017340477648548128	0.22663289406549927	114.28915311276099
-319.6916713860685	0.08028113571781076	0.29999140543391156	0.16037046618394496	1.1316478154304537	0.2431454204062671	115.56039672956372
-325.28609758360216	0.09918923435802983	0.3802115439620449	0.19031717058674857	0.6922221949286594	0.215858159705964	106.34337545557396
-337.1202608049749	0.04030041091823461	0.18192203128795956	0.04795977184285405	0.1454891860873841	0.21234160355818787	113.58247257751478
-331.83645534754413	0.05723273090446839	0.27149918925839567	0.07555092282143261	0.468708269862598	0.2041267586505162	108.73787175511629
-334.1765375773961	0.06793390426623293	0.28849770670836744	0.08927643229411548	0.30894165234052967	0.2147676398855773	108.03652296585742
-322.82766783831994	0.08498251461029968	0.3324642023992474	0.146804083982019	0.866746723776114	0.22658997792595914	109.43995125331553
-319.163926471	0.08992546425252586	0.3322839852507773	0.21317700967194236	1.0988765920161787	0.2079892189666416	114.86446548654499
-335.5143010635269	0.040534652815488605	0.1735026430692487	0.04917499878113429	0.2739410357588899	0.19869361385264012	115.37573931920863
-338.4970440473368	0.03673938057988944	0.16894799740964092	0.04263149363815745	0.043836085488557254	0.21802390113524914	113.73413367887937
-337.6001093377922	0.039283153926404704	0.18045706599799882	0.04650589835323867	0.11181157523447391	0.20867199154458696	113.3577559357882
-329.17368778586865	0.0787768048079078	0.31146935653960195	0.11634234892016057	0.5402377381621036	0.24581745858037618	108.54203848611667
-349.58168400893595	0.06312431419330164	0.2691646560011092	0.07926639679967765	0.19363380023518106	0.4471786914870529	108.63536500893042
-335.97534853696465	0.05104585833821685	0.21633717963114862	0.062071100539401146	0.21562521666499185	0.22312571781371687	112.10043231309069
-338.4138604361465	0.039358543757074316	0.18363498732993702	0.04620227628338171	0.06946442713638486	0.18591506786973458	112.74282013483682
-338.0633442509418	0.03742741721895792	0.17097829545645102	0.04366501125962317	0.07770281324336462	0.21769203599191056	113.79724026907331
-338.01821828962545	0.0454994849076953	0.20225545943081374	0.05398222580421744	0.08699045044159137	0.2196198323785192	112.14461608598545
-336.2460667148092	0.04409804234690069	0.19703107313877838	0.05319783669502359	0.22734620740406822	0.2514313822996933	112.87599761458442
-337.3646457400276	0.04683445235376946	0.20904955160887756	0.05569411930481392	0.1278232106309366	0.21778468880111018	111.65754783252086
-336.3356539253413	0.04322852758182344	0.1916642220879977	0.052121895129543815	0.19882801181379436	0.20341096800679073	113.35202720947937
-319.52443803090216	0.04554665775553189	0.17968007759595667	0.08221407708155173	1.8304428141566151	0.21280324594649105	127.17409636952988
-319.7482643924527	0.0901708508210307	0.32952813764823075	0.21170366034152777	1.0481433768679804	0.22093646479606413	114.948993235545
-316.11921951957794	0.06711354235956334	0.2638865024981276	0.22389420753249192	1.7765157868495867	0.20671203428933452	132.9141575381338
-317.3953759831933	0.07867719621832288	0.31619690732105327	0.4472600284949134	1.5326764719379857	0.21355535033182935	135.4154299956589
-317.07157053981405	0.07634770749171732	0.29512232691468043	0.19944251237071578	1.4179148728254731	0.20417432370087368	121.75988067726779
-336.53135642683344	0.054954763609740546	0.2514961216002012	0.06842151662393726	0.1896330033665141	0.22972043527149844	109.26559944785078
-337.86939439748335	0.04128512626487987	0.18389161296169873	0.048910635897614414	0.09846317660548119	0.23105855133142694	113.47882198344536
-320.2069672529184	0.10034405684600121	0.3890538699204983	0.2587590032656732	0.9845019979229774	0.2295767901857114	109.54853399037205
-337.94875256555406	0.04113850991568471	0.187065560956934	0.04831979202596427	0.08546043537739842	0.21389624417376218	112.80866166152359
-341.4657584700418	0.041322954629928244	0.19627142030501965	0.04720488414284094	0.0778140252322889	0.3282432771489984	111.08183365834219
-322.9318395067446	0.06809745949165864	0.2803634600057358	0.1158406578156568	0.9746713919386046	0.26036976941884005	113.89637002259366
-347.67705278689306	0.07070485259134245	0.30134384121444546	0.09949428811807948	0.4681847209059079	0.4810552922600111	108.23835245456551
-337.82758423715006	0.04406627500733126	0.2014906259036902	0.051976689369703705	0.09627201429236178	0.2174119728550062	111.78383730914517
-316.90241609292286	0.06253225625113505	0.24801410787374567	0.15025678963984745	1.6933541391962177	0.23470096027478307	126.30762547734292
-336.875156139467	0.048420932736351036	0.2187657946256465	0.05836935484606022	0.16038422643530514	0.20771720789788423	111.10969280646904
-325.10181447254547	0.08327610440172603	0.32552504639794205	0.13856184889520268	0.7226521952200237	0.21023939292001256	109.36360996204094
-336.04997470855386	0.049587144614083055	0.22317243010433488	0.061067068497132795	0.20946510870473276	0.22191423162519242	111.26327184850187
-334.36989775135373	0.0484853579281054	0.21486548492572907	0.06054621948509145	0.31481716534235854	0.2094659290020187	112.35652737060813
-334.32582888290995	0.04995805367929337	0.22157399509134323	0.06277544847261293	0.32675767307456877	0.18803244299909835	111.96663157307361
-337.33000780026885	0.03614450669967261	0.16550597917738363	0.04254635019237541	0.13917066509548634	0.20954566019353912	114.3971388251597
-334.76106804233865	0.03310500399210644	0.16860212613243186	0.04522603511973648	0.45105044226016283	0.228773957076949	116.29197738503
-335.78095218071263	0.03823422218899482	0.16928446238977787	0.04621381219007152	0.25951691079288725	0.22220455410808856	115.19018163189011
-334.350232356755	0.04692683609982262	0.19462180570126586	0.059705814875693534	0.40371653499814786	0.15066865656940553	115.13550065815987
-336.81531330634095	0.045507796961481654	0.20556507205434177	0.054314818011611816	0.1629447075228535	0.2196499285495954	111.87774792897788
-338.8401403047318	0.026829714327651848	0.11967681708804577	0.03110392662679203	0.07539449028994177	0.23997844976848126	117.98789030585559
-324.09921751190086	0.10105055041673788	0.36554766256127125	0.18790559301207652	0.854382115487792	0.1554798932251205	107.40894648741448
-321.2675762076459	0.07526813729367572	0.2818724408513456	0.1435384469055389	1.063651428221429	0.16416498298058074	116.58460309804875
-337.93054280444665	0.03768660398563257	0.1749454058625856	0.04450895010786984	0.09152356553068819	0.22684909251171934	113.57961638862528
-337.8446407488018	0.035839524520254705	0.16206627794730077	0.04198677583004592	0.09854371111202857	0.20569369815467936	114.70368100207176
-337.21997342010127	0.04131722499495845	0.18468459659006461	0.048642961492565646	0.1401939658470323	0.22487737653162357	113.25108548958275
-329.8603666204034	0.0792438986995692	0.3300179404832888	0.11721965914656302	0.49896343501371737	0.21597994306844595	106.87944484137037
-337.7320064179279	0.03159378384385628	0.14082856777673708	0.03700649953037578	0.12874776014184747	0.20136035197403757	116.5696150334972
-328.3899640234712	0.052135509073904275	0.20714089175053294	0.0754865784890882	0.7069307313125505	0.20281192817106103	117.59799443063662
-316.97344162231053	0.07206923760299797	0.295403511606893	0.2091506907342514	1.4661679810314134	0.20116158693230532	123.80798701565905
-338.01412845239855	0.04455496427259207	0.20052065198102675	0.05241355351603738	0.08572299480985876	0.2243077446592932	111.96428961152662
-337.7757987858603	0.03988207893058627	0.18060959181465244	0.04706456117453691	0.10077195602814117	0.22549646342423652	113.44524368414469
-321.2015830006343	0.11025912209850731	0.42108527550897645	0.3048631968754699	0.9131927305437697	0.21801314261493906	106.65812752852236
-335.8238538937919	0.04038129911827036	0.17874681995822647	0.04844954576412034	0.25098598235024766	0.2306615690660722	114.2763105786303
-323.4670817329596	0.08809773281604875	0.3322686618572709	0.1615121669713196	0.7992399782316338	0.2188631116934475	110.3684518429232
-334.55586886645335	0.07874064652714025	0.3165915327315259	0.1765054852280864	1.193765322222973	0.4724006851282925	115.69375396489282
-319.29237823479957	0.07913642528728186	0.329811846891194	0.16899208948282943	1.1508134918921773	0.20894285448750183	113.28715714216204
-337.7882997759599	0.051289963428284874	0.22756800900499072	0.061514730227536	0.11351971972452801	0.2025513918532584	110.52098708263415
-337.0813693997459	0.046120274633426356	0.19579704768980496	0.055214618011913574	0.15580992739710858	0.23184249406170537	113.34657570175187
-335.59620195633875	0.04064902794164574	0.18152673791527688	0.049397907786693056	0.26193784831126915	0.19950113123642507	114.24424415635431
-345.17851197174366	0.0354053879090429	0.16255679245384716	0.04159293286237998	0.12802634790461767	0.3907528753672114	114.53602669331995
-338.22895039767747	0.03532112716567479	0.16368185811169594	0.0410620152248248	0.06734625860958814	0.22024061255462482	114.0736608908319
-336.0676290235357	0.03911488286210963	0.17073576995348125	0.04632672363965241	0.234831666583242	0.21550456425725822	114.77728517041479
-330.2585048000284	0.056082417046909944	0.2641161955304852	0.07846593773403751	0.6206332256883418	0.2777785945288808	110.43075355854614
-337.8458206758236	0.042703224966201984	0.19460846013676988	0.05036941847425775	0.093745526380914	0.21784906110424485	112.32090769734653
-338.4062587523522	0.03744181242166853	0.17312128745548183	0.043546920724580905	0.054042158492314696	0.22632093414590457	113.41222083685489
-335.40744864128374	0.04712004739088712	0.2050959505546701	0.05796537253924051	0.2535874825695036	0.20357255255198609	112.96296318017001
-329.67608172573796	0.07285105134594937	0.3152264536882249	0.10741717213898165	0.5222238157986292	0.20081034660197272	107.87036781234336
-337.68354036115085	0.040794148304695535	0.1848438451312137	0.04804608896678514	0.10509339570980027	0.20751999104900798	113.079116281378
-337.37116127814465	0.03602754860708786	0.16422278476217209	0.042267400637223417	0.13712913500827245	0.21862091203772727	114.47621083723459
-316.2971711487451	0.06469444650565798	0.25952536832127365	0.2873669845424692	1.9339132823543863	0.19106775621102187	142.4313148431659
-316.16494296809185	0.06796949649145617	0.27162451843834035	0.22072624232928478	1.7560387717359633	0.21150947895916905	130.78122859970279
-325.2327973802216	0.07603684801800498	0.30521549105537604	0.1320155826201368	1.0223486714306507	0.3374366298895372	112.10073650089144
-335.5410571780801	0.052015857568365444	0.2287456716499834	0.06460782768941567	0.24932091991651215	0.24349032427171372	111.24273574903526
-324.2638166980971	0.05708685100731024	0.2369859623074594	0.08783573552130937	1.5184107581254727	0.30107424306288216	116.14422788749056
-316.2661208961079	0.06992388779329313	0.27556763187180766	0.2151264192195949	1.68728863213816	0.2174881203147566	128.72161097612639
-335.1778452531778	0.05028404043523136	0.22747748355440064	0.06303301516604085	0.2665270395681666	0.23447173442032443	111.26571400403542
-335.49578206357864	0.045474025821812133	0.19756683651103688	0.05586466583324129	0.27484959103194945	0.2506079535056648	113.55076336516109
-330.57163840784335	0.04795808163593824	0.20946818498080527	0.06450213687726235	0.5749285256575101	0.2040933021801805	114.61593709970981
-316.4186073861978	0.058162219807012784	0.23018749899773042	0.14710807815953658	1.8875430664029014	0.1941688367245199	130.48920567646164
-337.36827363001566	0.04190811083071136	0.18857106009722938	0.04966326644696738	0.12632116138588484	0.2166496025262361	113.02104272358922
-318.0760409892399	0.07409899803783827	0.2847727764708948	0.17282185824306975	1.3199613718622052	0.1834856614210382	120.55850397747743
-338.0233005762137	0.036116186306239584	0.16587618976562193	0.04216824784600075	0.08290332988680109	0.20628514293809666	114.12936647172143
-316.53947625517714	0.06958351909523705	0.28696882377987576	0.30657562215596174	1.684876173297164	0.20762304727203906	135.66627512135412
-337.81229613973	0.037686442959245746	0.17138613468093816	0.04447753509458245	0.10338688129991155	0.23053654720387592	114.09142958898302
-330.2965786941746	0.08224620706255284	0.33136241143163175	0.11814143778556467	0.479995239381189	0.2316379379136244	106.4179213643663
-328.8753965423179	0.04837575156242823	0.21706720666590518	0.06954246782320796	0.78690177245079	0.27975990187153865	115.24117723741216
-332.6582479675925	0.056486550109400846	0.2694830365187176	0.07442357163442738	0.41910046904771125	0.2385630804941	108.78310276981796
-338.4948649307921	0.035852832528897545	0.16730768613852123	0.0420670270580458	0.04637158874431223	0.22195821782653682	113.92005506163095
-337.52044763116083	0.03967771328399461	0.17790097346064243	0.046790206747652434	0.1221576576512888	0.19783967955158704	113.76019241772147
-338.2750172983638	0.03587080064109544	0.16377144508549124	0.04163877059406708	0.06394455180667578	0.22279273438380165	114.22618793728586
-332.2013417453119	0.06319214604980522	0.2695560375911121	0.08424043467053789	0.4079218744018216	0.22984760632494405	109.74575849489679
-337.9842321179591	0.03624677558559084	0.16690099728403526	0.04234624244214862	0.08484872685240155	0.2128699197617961	114.03373431857445
-337.38428671137297	0.04193764257211671	0.19655360227594704	0.04975956523984379	0.12853526466325182	0.22283243124771854	112.00423150729996
-339.02161285163953	0.025255539157279943	0.11809365740072045	0.029016130795345207	0.03341498145238253	0.22225477475299996	117.09774521024433
-336.91384637831754	0.04293186628577837	0.1934582790382603	0.051135501331415575	0.1571779392366115	0.21651578186965142	112.75705805454372
-338.1061293961891	0.041485932149820215	0.19061191520200646	0.04883333430952837	0.08390970517742295	0.23639658486718065	112.47528465572837
-338.0632866167447	0.03245825587034687	0.15006525673088572	0.03779932297236044	0.08778705046181907	0.20915163587071833	115.17113263145386
-332.38556225660386	0.05850224957195227	0.24713525210803028	0.07671857611791726	0.4163032788286108	0.24203682287149347	111.27716470766653
-336.66418946044615	0.04357369131394736	0.1932303222581625	0.052038742642698615	0.17516874873838073	0.2224137682926381	113.01621292745293
-337.7912326649656	0.0299841378421682	0.13255764780847706	0.034830137878195735	0.14442912572219824	0.19080232289677418	117.1507224879293
-335.37738263679717	0.049289895462555536	0.21928516492784772	0.06085646283442027	0.24958304445804624	0.2111145751964301	111.72872155911118
-317.8875483617085	0.0425684336951176	0.17057154546230074	0.0897282264246815	2.3823353333727035	0.19374396793934875	133.49262762101208
-333.85960094997824	0.06516698490317266	0.2880745115027732	0.08828378835588552	0.33384920395665496	0.2403519620552861	108.36399125458331
-332.8264779381191	0.06571189690518603	0.26375802425087835	0.08844784080293093	0.3934909318516512	0.18129229951526168	110.77236912601892
-337.8229274031389	0.04082311612559566	0.18688862558969113	0.04840662472865205	0.09491539209323652	0.21214207293416348	112.95139647564619
-324.7170293442375	0.09301496660201453	0.34458406042082995	0.16015976269362212	0.7383591002956656	0.24510865028208223	108.21890782659972
-333.9987209349307	0.055206019289917696	0.24038121619013011	0.070063096050424	0.3218352898097869	0.21849893342741736	110.89097832500023
-336.824986191167	0.04705658255411128	0.2114297795424774	0.056656757295503214	0.16154288637563644	0.21337800230065737	111.67933719490281
-338.17565956793635	0.047890883282108894	0.21067100463174854	0.05582499951269224	0.08327637621846147	0.20250301024597195	111.26535180035779
-337.1393516588418	0.04956410576819386	0.22793049530902315	0.05911687548461605	0.1533544473065016	0.2365254892866872	110.07990953172458
-323.1717960575738	0.08702559751119526	0.3470930853143808	0.15995044908555225	0.8703737855166291	0.17167496731109658	109.01371382052716
-336.58544070142534	0.04204143503061922	0.18844552731741848	0.05042992954565036	0.18333937502545827	0.20337394241087595	113.35586979105629
-338.59685326441075	0.03764630046448527	0.17423761177574157	0.044655539853437426	0.17369307708836068	0.2956447281853282	113.78842328811328
-336.8469857969921	0.049426585063903385	0.223245531155388	0.05949842534304615	0.16700849334447795	0.2343544091765903	110.76182952389637
-336.97934190191245	0.054483382757985754	0.23789281001164153	0.06648385230158482	0.19410197619728817	0.2657409076880454	110.25894525378595
-325.95446401941155	0.10007249461737398	0.3970703818606733	0.1787246028137418	0.6603455906363819	0.23548533767831836	104.05608734991776
-337.21647185281324	0.047041565350304876	0.20870577714803795	0.056288257157364845	0.1375728228572093	0.21095161505854773	111.87414210569622
-343.60906858250297	0.04218694150735587	0.19621716110407791	0.049934950546506145	0.13306342135717567	0.37449415712576783	112.063594679752
-323.50477431592174	0.0884389464031841	0.35578965265941753	0.16088172732137962	0.796367292354917	0.21770767522569734	107.99713628380375
-334.6238174000721	0.06956547331874816	0.2977094703842715	0.09023019330679741	0.2901916615111099	0.22323304243291767	107.09668589986383
-318.0087095210274	0.07901340546219736	0.3403529689702582	0.2003791580185817	1.4280798718251777	0.22056262080847497	115.46474005782143
-338.2462304608306	0.028444111280054012	0.1317785615065438	0.032925950026269635	0.09261198374427772	0.21574160301981674	116.39154109178457
-334.9658058289801	0.0454331792808551	0.19496524780482885	0.05612560624773245	0.2875784624013855	0.21864557240640406	114.02218653582214
-336.98937763203645	0.035657332496054135	0.15493667921753862	0.04283850619978534	0.19018045943150777	0.1870465898163807	116.43992327471844
-334.10319675996186	0.05163948800328655	0.22405178337437734	0.0650605874199196	0.3224095793201996	0.21510042781701802	112.03686568028873
-337.5468430290782	0.03649328747590411	0.16853773542256603	0.04283516805758437	0.12034825580922057	0.21215730685849243	113.98927490618003
-321.93068216526325	0.06957155296362541	0.2688873509291808	0.1227374950063288	1.0193312321739574	0.18086065170054577	116.18680366255211
-334.4772274659673	0.07101166846675178	0.3061960759096249	0.09323054633750581	0.30902105788308165	0.24925717747829257	106.64515335893891
-333.95598914170387	0.034969439152370434	0.1533424522512357	0.043590727131232916	0.4491118420005917	0.20585977940964487	117.42784710272319
-328.9936253439124	0.10108648061800941	0.380563667752449	0.16202825097683723	0.5327306763666684	0.2345733068751232	103.96900933659208
-333.9290367495083	0.05418087659715908	0.23461021923320277	0.06900474764304969	0.3270679596967534	0.2163292351186651	111.45231578010143
-338.03070884228157	0.038884118936169706	0.17629986306566917	0.045365150121626674	0.08080763513697573	0.22231246702884883	113.49424634861334
-337.2136451954675	0.0404649453852871	0.18278999831801773	0.0478090583026153	0.14069021018624814	0.22386784558253428	113.34779573622444
-337.51521056939055	0.048251010843712853	0.20334653477245943	0.056113789850800594	0.12570370568882697	0.22250261139237526	112.20915539291074
-323.94763400339593	0.05083524237004239	0.23973795030488648	0.08397811747895023	1.1803743403442488	0.2708504805272496	116.01815328564714
-316.6908118988929	0.07068323840905241	0.2868694360075891	0.3580771400584128	1.7576014716953234	0.21820286277284792	139.84583855714882
-335.95433089275707	0.046101904704861876	0.2025478014632592	0.056461513392159754	0.22522660528490382	0.23449193785926	112.95780496081497
-338.31014762334223	0.04121950359094764	0.1864257696096194	0.04819116254426161	0.061644037835914815	0.20604888385809478	112.8114064324553
-337.8802426872253	0.038432307380329205	0.17558229102926978	0.04475510762422296	0.09147735266168283	0.21717334600891489	113.41558670803943
-336.70235686635965	0.045093994930004586	0.2006186627107264	0.0542622144569809	0.16978280153965167	0.2168104907725514	112.58020687678277
-322.92917919941476	0.07153109447092727	0.29191419356604204	0.12182959099860596	0.9208685852292571	0.19006126839157061	112.84214181004943
-328.66549233129	0.04236891825079676	0.18466100425187815	0.05997880867840381	0.8059400674713221	0.22838558555326952	118.07451720019638
-320.23905647252604	0.08747564129227964	0.3320008735552141	0.19398034472511877	1.0302039006874384	0.2506114615874237	113.68623001586933
-328.85254273265474	0.06775857232856024	0.2730798349568581	0.09682756765271804	0.5713245547995373	0.217529825788567	111.1516393572492
-333.06305716559905	0.03606993308441104	0.1592170186149336	0.04536244041331072	0.5168813267044761	0.2139214128478313	117.08060326253285
-337.7031361371984	0.040218757029032014	0.18279794263175747	0.04740111474558905	0.10327878771905982	0.21002314029632413	113.21011237464047
-337.2350359928108	0.06162778830537333	0.28648295117735084	0.07705333879977633	0.23071312576571737	0.28902070143115943	106.83146745088393
-332.7920833612347	0.06400318247085571	0.2700750563582788	0.08425703910989192	0.38822903053610625	0.18830299321557256	109.54326683064495
-325.1220433429881	0.08389148583525728	0.4307503800719411	0.14995464095527908	0.9635930960728845	0.2205579792601002	102.11374324031804
-340.46918100423125	0.05476614861196064	0.23316538412276633	0.061272970802466416	0.017954260906787624	0.26882308946901684	109.12450519403525
-338.213432691918	0.03715209024250828	0.16848146387847013	0.04327180647605048	0.06673135611912208	0.2069075562576026	114.03669106980276
-337.7305937558924	0.04268201282844745	0.19851747331065872	0.05130664682908719	0.10533659352494432	0.2232113223046305	112.21212200233644
-337.59237582784647	0.04307752106074801	0.19728597249721483	0.051506168874962524	0.12045592387028062	0.19344260631378307	112.36421385873898
-337.95042929054546	0.04129376701587858	0.18981733500939707	0.0485602662987525	0.08806754678121	0.22576570189164777	112.50888039031214
-325.84014373557727	0.04861270806378329	0.2677042835404801	0.10429235666823242	1.2576327839118189	0.14709877664523352	117.6428150889345
-346.7601541045983	0.03493091972176588	0.15895746183065773	0.040672792717145946	0.06760696573973822	0.40072598689201905	114.70591939451575
-338.37133111490647	0.038610892375052004	0.17597237797629908	0.04477039652056299	0.05439292513870701	0.21990908125452333	113.3119417065183
-329.1841654284558	0.05534376172657336	0.23823482444635571	0.07756038304121875	0.6241170009209999	0.1868775663508734	113.25237920606455
-338.18938770248155	0.03249091698671914	0.1500458950756862	0.03771235021401547	0.0764339954303954	0.2159144677910372	115.10696514206886
-326.29897278396646	0.07742939838049429	0.3112657757637953	0.12213751788861128	0.681565917488561	0.19700753083398817	109.65766806522335
-337.73991552548256	0.03604822124795984	0.16366048041258469	0.04230560316997193	0.10658007025380335	0.21974782383641034	114.57195446961957
-328.1781127975635	0.08476573836198531	0.36570585230797314	0.1243651601928008	0.6180664739026959	0.2410571401107032	104.09574450157
-316.95068015602794	0.07404735566107404	0.28995156872322936	0.1963476564177829	1.4529302896866034	0.2015799775217883	122.77133614311988
-334.6035134532575	0.05322594154937754	0.22883892513551415	0.06594408636887247	0.29169859657101255	0.2126776127414496	111.40385383700976
-324.19123064581095	0.05419901343792246	0.25121323848084737	0.08357547832959446	1.0691257426467553	0.23512274089684973	113.6873069763109
-321.56211780969795	0.10883218693533851	0.4182273165117458	0.3389032418299258	0.9733026737839326	0.2891352437674964	108.3179847522085
-338.8633187975346	0.03937849240543021	0.18286266122110215	0.04558052465853695	0.01886586477030292	0.2178607977055409	112.53764416989527
-334.1183341628084	0.05319240934378838	0.22457325366901243	0.06768714055029472	0.32504924759962	0.23245673274251	112.45226676870769
-353.9497257884228	0.04967471179453289	0.22431295414376065	0.059999190631141286	0.16811369397367967	0.4838571635771993	110.75297208314264
-325.50783594866886	0.0741329789388735	0.275062627644803	0.12019401161495709	0.7998369672722927	0.27367988345279576	113.94859396850097
