# /groups/rgutenk/lnt/software/anaconda3/envs/donni/bin/dadi-cli InferDM --fs input_fs/fs_078 --model split_mig --grids 40 50 60 --lbounds 1e-3 1e-3 1e-3 1e-3 0 --ubounds 1.1e2 1.1e2 3 12 0.5 --output inference/fs_078 --cpus 10 --force-convergence --delta-ll .001
# Log(likelihood)	nu1	nu2	T	m	misid	theta
-400.64164302055406	0.24500399142637264	0.11787833211897729	0.1714552545600697	0.30026788319170483	0.15841259730889917	199.4128467194628
-401.11534774569543	0.30897459085486867	0.1391910023243722	0.2161978777939286	0.22638461737070187	0.22278177745994054	186.4343810286433
-380.01213831892426	0.28953061144484815	0.12451857988679255	0.2888579830300652	0.5802430876171086	0.20143397800064322	202.23519073383596
-385.1121822706426	0.23335743396518724	0.09649754135169566	0.1858159160364866	0.7475311078326056	0.1763027962134501	213.44941865558206
-378.8728949848552	0.26172891473162	0.10317622774504265	0.2757725008958391	0.7423121955888455	0.17454544194504407	216.31107646202057
-381.4048939082893	0.3161353165258283	0.14587263160155933	0.31277292197713025	0.5151468191399786	0.22754294277585466	191.79832187199486
-377.2216291703669	0.3184702566178515	0.13602287854943326	0.3586952153603663	0.6380054900475761	0.15627980749940532	196.99431890008594
-376.8420889419459	0.390709480324237	0.16805919393359825	0.48420238403786986	0.5312053189756403	0.20372898704388262	178.16622904368722
-373.604029878078	0.2984246655508166	0.12292858585795564	0.4537985569229881	0.8004954476970877	0.1981511434984104	211.4964805578657
-425.02685205433676	0.1677639191372575	0.0701285178764766	0.08637954158189892	0.07765169050677669	0.20829312017048995	210.87247266679597
-389.29433894194483	0.37665724481422774	0.16092375941989107	0.3049237690905074	0.33379367346128863	0.1937679908979078	176.57447323460653
-374.41242594563016	0.31213087049869687	0.13206326735179297	0.4307217366741957	0.7054793298610434	0.18337708288828258	203.23645909980044
-384.2999441003593	0.22952960997288124	0.09898796870816386	0.19557964430950753	0.6907495073121992	0.182723996485653	215.52296796836907
-383.93347158322536	0.35561404442807015	0.15858024404164264	0.3225832772570987	0.4259411650952563	0.17801990026503184	181.54580338348896
-380.33432169110455	0.2204032610742978	0.09429642245836121	0.2311269495852913	0.9244693338486469	0.22078357935444431	228.03981212951737
-382.51693859805954	0.28366848537136347	0.12609707298276787	0.25438064072155353	0.5442938522814763	0.176794701523726	199.83976435686284
-373.52632496821343	0.360735929345323	0.14845497761887727	0.6544267398153412	0.6791825901402168	0.19383956161540167	191.40314854285225
-374.14391092811985	0.25243068881848324	0.10373410390026984	0.4098811886140182	1.0042754146079447	0.17804570556487365	233.34040380336776
-377.864396941858	0.33182119989850684	0.14064681520004213	0.3451790205113419	0.5803137766997568	0.20524578949344918	191.9259637294899
-375.4038789555145	0.2627896686034711	0.11367685351094292	0.337195958962961	0.864969082911374	0.20794713670860251	218.80930286814075
-420.0313948193312	0.19528545493686575	0.0804726063460418	0.10210118015127274	0.11069145096333644	0.2077690119267307	205.5263728747199
-381.16738113277745	0.30050014720057444	0.11177021851714272	0.30335919402533407	0.623897639645449	0.22738422824995375	204.79187113899818
-375.6705548825579	0.2881261762863529	0.1282072264122158	0.37247505908662126	0.7020377226996711	0.20407887990206772	207.88178755365533
-420.2437273603201	0.19709625969786942	0.0838179252668018	0.1055464236394213	0.09049646860276851	0.17754445389501822	205.11353313640308
-388.4597625327691	0.3596141121097328	0.13819526000340196	0.26338381476003314	0.44036801545848075	0.24410181338618842	182.15609572362374
-381.97296744284904	0.42117799713970827	0.18873682079459178	0.45871194107581514	0.41002949674801964	0.22101538013484076	168.51580557986753
-374.23659211941447	0.362522258888767	0.14913083476388653	0.5506073538447616	0.6328356665289958	0.2052553137825599	189.34960579022672
-378.3371935057894	0.24409157194198497	0.10984879481637773	0.2677130412200147	0.7949574130343419	0.20881143079655493	218.55504861127054
-372.93780647856346	0.2889695921831766	0.11440243173724511	0.657834535818149	0.9041686652187312	0.18907761072803786	225.52155238063358
-374.5702076190678	0.3742374976423486	0.15386880039881393	0.5698909069210004	0.6061018638349969	0.21142928976760583	185.7946327432789
-387.1114880546336	0.3445650033628713	0.16306783726588348	0.30639304170431536	0.43988701928170787	0.13777660149399218	181.7502596819258
-380.2754032919977	0.32696592053936224	0.1424141891962319	0.3175074103314918	0.5250488318618063	0.2153416993543188	190.7689115751744
-373.53335375804403	0.32577407560136	0.13076003186253796	0.6188808635661971	0.7658286795883432	0.2239454251818099	205.55234543802572
-377.8260353506927	0.36227565656795896	0.14671064798261096	0.43832363792561174	0.5599268347581755	0.15847612481341697	187.47359439688395
-374.6932261767307	0.2966301348621547	0.12358328154574855	0.37812158691808717	0.7492851561822869	0.19049898802521992	207.7310357140588
-396.42996436041034	0.3655037095067201	0.17225067115956236	0.26503482232331527	0.33482780948331536	0.14115585024891308	174.10177001397219
-375.8133913974085	0.3246729181776364	0.13653484273082378	0.39686986036259125	0.6495476462509444	0.16918520621497676	197.25264549548066
-373.85977058991205	0.29260561779807875	0.12220349029227819	0.4216173559356351	0.8030904203428527	0.18564031484031093	211.96327321009898
-414.242207338708	0.3185183619688511	0.13441072428764128	0.19146167528305813	0.09378306009098497	0.18875357526804845	182.9622603589912
-384.34971820191487	0.18428255845103197	0.08000880805385141	0.17868363839949541	1.069493681981085	0.20056659920247477	237.9147315807603
-373.11008562594304	0.2869674593700846	0.1153834654792611	0.5438610806201413	0.8923168222485452	0.18833454586553952	222.1534666056387
-404.20715201509245	0.2808791970116722	0.1253037089524341	0.18693547131767016	0.2109810723418614	0.2254973644869818	191.76638036921577
-461.0525860830654	0.2018165331259637	0.08178860998712496	0.1027333882679361	0.07807189369596118	0.4929264403016166	203.42978875282625
-397.47132738846403	0.2741096575713081	0.11294830914818248	0.18933416547281764	0.3325925790920055	0.23985088308743252	197.1909067583353
-373.54282517602775	0.35662700141617876	0.14580793957375682	0.6510112039319005	0.6732238432973771	0.20826495822025504	192.8703633070226
-400.88875565277516	0.21947531844073345	0.09325079535734519	0.14010574624549096	0.3695979524113284	0.1734352612927013	207.02791938749635
-392.53523746543686	0.32291842953925054	0.13789199771239843	0.23736522832067566	0.32631230964305014	0.19885640332093843	186.38091253865605
-374.4455718563813	0.26353025376999123	0.10990332163171104	0.3677753425391343	0.9156497964336825	0.18210828440680596	222.86999093613113
-376.6221367688966	0.2921635918601724	0.12734594603400484	0.331824053241045	0.6743635569409758	0.20415043853627132	204.4025638319584
-415.56452800992736	0.22482621469865463	0.08575231004884264	0.11448835952688567	0.16271999562557174	0.18304742857405285	200.30619947899018
-404.66501591505664	0.23810416097641712	0.0965646048671494	0.14373526792502916	0.3191764914619711	0.1263970344423016	201.83754972662948
-422.9318359658815	0.24300807210123662	0.10138092138101001	0.12537078775270408	0.019077180592084544	0.1735885669420601	194.21336060188378
-385.25697957600124	0.28686016068719006	0.1210667541257191	0.23082028462530915	0.516418074167745	0.21518902674090873	197.90825904580325
-405.1187243374224	0.25037473566424184	0.10448323979485934	0.15087337925799085	0.24622741161270065	0.16574275593073415	197.9420433850561
-373.6721961667899	0.27285441151644085	0.11085075182423343	0.4373318079051111	0.9158854223777135	0.18240674642519808	224.04326470222972
-413.37700968393847	0.3647854264516408	0.1518454873043114	0.3474790145549934	0.457441816032784	0.4525445208532771	182.5687003280061
-420.71420543920647	0.2604410350491751	0.10037848957755577	0.12651001555847946	0.05483225732790394	0.20760902932648734	191.17402937141532
-374.660158591242	0.2453367217762885	0.10057961134644101	0.3748811659133319	1.0355557432122493	0.18052534763115693	234.88055506340413
-376.72116708236	0.3246225594220063	0.1332746671526949	0.47698177660924473	0.7206791085470227	0.26759534921626654	201.4723562762763
-421.7776335579929	0.1982645873951693	0.0812920981678476	0.10177300605825788	0.08204185791349375	0.15982149668844517	204.21763477804794
-374.707339120985	0.24071169270219653	0.09942557785890987	0.3805570098866158	1.061432805158466	0.18328273540938647	237.98215829837605
-400.2179594197305	0.23955698147971122	0.10722108478433434	0.1649707655535915	0.31755389678400964	0.1503301820397077	202.8252696352225
-450.2829708714368	0.25564572405485037	0.09851436694505189	0.13988847195850893	0.12268666536490716	0.4755279828571841	195.9393345585903
-377.5259308446912	0.253111850700363	0.10612527907740522	0.2766308707687512	0.8506514845569408	0.21276839239082004	218.46836131263953
-389.4863996702651	0.2508374903404481	0.12145523030790764	0.2057820311007553	0.4640240412067366	0.18119067174302153	202.99373533467752
-380.3956506530644	0.29117485458354153	0.11497580579435673	0.2719542464280955	0.7228391685285118	0.23981745132927784	203.7570307928865
-382.7677433587261	0.2135153990318271	0.09060355731331261	0.19297466713880784	0.8807003689970686	0.16485380609019512	224.2709066057467
-378.9621700999994	0.20567636585358265	0.08203675649928839	0.4561105812915017	1.3467610412392728	0.25638954278734133	276.60829186990384
-416.7993089250196	0.1898984388956388	0.08087905147329184	0.10827486246075192	0.15092623536231262	0.1776258109134314	209.51903203266247
-374.0049868979196	0.2973921902887811	0.12454476540464503	0.41625565141331233	0.7799005622883116	0.18536222303907396	209.40973092960974
-380.74695720857613	0.30533894395222205	0.13526677673438572	0.28531871968324274	0.5479689411493944	0.1943847090870801	195.11117241099768
-384.6489977091543	0.22237409908893072	0.10126909241851591	0.20341878145112555	0.6629953769292036	0.1634524625634943	218.38990628938998
-381.1748293422413	0.4473494612006906	0.1817171331698374	0.4604454796165028	0.4376027317246089	0.20180447682203423	166.28518249763508
-376.9645301273698	0.2717381357793376	0.1286930824120591	0.32054929130010207	0.7719786632459125	0.1927062319950712	209.0035777316613
-386.3453295238382	0.25344722984809664	0.11317864398162156	0.20808960426157283	0.5469092168462938	0.15928052355010852	205.49632345458565
-396.7205556005276	0.2579803896712155	0.10057170644189457	0.1582940971415918	0.4580515058213664	0.16019232179018844	199.2430866727493
-374.9059495495035	0.25459492335391437	0.10632522273142589	0.34297189951441276	0.9361398600135825	0.183980485309499	225.35044111552315
-392.94797694431867	0.2782570458239637	0.1184573369265734	0.1993511221568779	0.37340471426147276	0.20103152151461698	196.2375195040896
-408.2576607760155	0.24728844506673137	0.09158921352323839	0.1452031836200376	0.29186418690502824	0.11322539356408036	201.5165777983556
-427.4443655413942	0.1422519951140285	0.05844025026767573	0.07244430324780966	0.14061310150084902	0.22359758664227303	217.21801298481734
-380.1656310434201	0.17100665178197538	0.07130712077840534	0.29138310205285384	1.568369745063663	0.15139211638386782	283.1430059164986
-375.02185682962613	0.3866182971173392	0.1626001936432697	0.6002099617413087	0.5841180838443177	0.18459472748825279	181.43322330699417
-428.1265813096645	0.3393202086194522	0.13462094808348096	0.2563853123767382	0.4221701227906122	0.4896799141030815	185.9512893210506
-373.62217314826273	0.2642052058408142	0.10769462429971169	0.46704238209077165	0.9806731921643956	0.18385765221792377	230.76744203029938
-385.2819607120032	0.3152377215327159	0.14173329920131542	0.28797249159185895	0.4693246738153049	0.13640505815965548	191.2683631067686
-387.8278767004364	0.22358119788873101	0.09896746855250088	0.18145699466623397	0.5966750146279707	0.18376676788460491	214.24055498636895
-399.2196842350505	0.3705973701006081	0.16660799748682653	0.26696329358895604	0.2230794736282061	0.1897081470500406	174.31159789683494
-412.5547533407572	0.2369656798138826	0.10764306676126614	0.14460800890817832	0.13988857191857917	0.2071315064801756	198.5989852161931
-373.3910758827768	0.29011665955269306	0.1209772490386477	0.4954671689737014	0.8775388287956345	0.18425975684750334	217.10018672485933
-392.6151344462363	0.276900576970655	0.1219197457796783	0.2056876461696152	0.3817866748203533	0.22565009530680166	196.45170441300002
-403.66214412321415	0.25749020846414433	0.11371282005175644	0.1851277148261709	0.39989392114213584	0.33456176058565196	200.2695084542923
-445.24930532914664	0.22659253277700048	0.09397893352118773	0.12566657473147555	0.19537724992530542	0.4665007797879536	200.58424822855866
-390.28309827996264	0.27403222169274377	0.1199372683964774	0.2630970693291319	0.5226506663580602	0.30256151365043654	204.91842380974708
-401.3181319565055	0.3213807754871671	0.1533369749214373	0.22277227874350422	0.2219293985638516	0.1933015262298607	181.67286203806287
-386.2007943009304	0.2933791695658443	0.12925659474836304	0.24260671896708777	0.4511796453714041	0.18256723132824285	195.27822809779718
-373.2332402474283	0.2867395558091234	0.11641617217048252	0.503754658354167	0.8828582513797387	0.19042966957029658	220.20472375590114
-414.3934637531558	0.2929846673166532	0.12671565588216316	0.1730369311587474	0.0933393699276743	0.1817610013237341	186.88948355173835
-424.2944348595919	0.17299851589874332	0.07129502557666814	0.089828544506283	0.09506677621932566	0.23266547081170455	210.45338509594853
-414.41040182369153	0.22357274559187934	0.10467492827903424	0.13204722815037157	0.13602202421550452	0.1775372128680493	199.62112792473064
-396.6936377401315	0.1980026295611333	0.09172428367654076	0.14011018902116373	0.528035362568591	0.15878552022698728	214.3122033913061
-412.9998085713124	0.2384651671378214	0.10124336274274373	0.13579060058725476	0.140143419808781	0.19562708734600448	198.06881334445774
-422.009582764172	0.15915507855711336	0.06935671851401554	0.08821339601036689	0.1354408953119152	0.1766303963868125	215.3265078442688
-406.4285095251617	0.26516006426459093	0.11587659661385033	0.16775814865336397	0.2036276963482134	0.2319557450003564	194.5664039872848
-378.3921534992053	0.2329828409678227	0.10114889779746912	0.2534885091202325	0.8639010826238536	0.1991158215479701	224.036605520571
-386.0798484913423	0.2552863610577617	0.11496768990599748	0.2216940146477158	0.547422718745933	0.2332221467330979	206.45857860008687
-382.72700626443117	0.2893919700227239	0.12394949131083641	0.26877024306273056	0.5707313434986486	0.24745632777131227	200.6125471746581
-379.3707789503228	0.2654671289506869	0.11755789920922237	0.26669223906630385	0.6761686413602799	0.20909989449547461	208.89520838585943
-405.49300662561836	0.30006801762483626	0.10477002253381398	0.15967636438989624	0.4838162424819183	0.2828623392977274	189.55960069467045
-378.0728360129867	0.21142914496351517	0.08787216385520609	0.2621019959395072	1.1211783450493904	0.19100046787048622	241.15541111760555
-383.1237235314986	0.31999130917060026	0.14849852278645143	0.3051936906030496	0.45674881100970655	0.1929084056023027	189.69304782263524
-401.99766920060256	0.3684078048855622	0.1613271179707135	0.2713320707428824	0.25726912224291487	0.3067193577990329	175.96025841302836
-373.5339002127389	0.288022722639668	0.11897537238065836	0.44945832009540626	0.8475254762883823	0.18582316759799905	216.14695928632963
-376.05267084915187	0.4412260248545101	0.18545703214132372	0.7144574702034335	0.5203154114030636	0.225567761039722	167.09758679985438
-395.8070016347257	0.2408734857975942	0.10546002806901705	0.16804613572865146	0.3928403423899362	0.20590372831854056	203.81570573069345
-378.1793540216568	0.2682186043988027	0.11826681241722346	0.278644236984309	0.7185183399509976	0.20716033535523184	209.3399843700992
-374.59121849815824	0.34186868381770635	0.13713240996985168	0.46276561075292383	0.6617935588535667	0.20543809460942825	195.49163545365457
-424.90387383630076	0.20469133680432894	0.08739761707075996	0.11280718885274463	0.03704401438862314	0.1298310186431729	204.32558961493825
-426.34573112341076	0.1764597643315852	0.06486193831443406	0.0821206192680557	0.08692551121717974	0.1856097971595384	208.00381033505974
-414.30845036400723	0.263319413415953	0.11621303957150333	0.15799093267551292	0.1020716374499764	0.203279276765721	192.9626597522381
-380.6115605512307	0.19812900155057628	0.08397684270237872	0.21879834710302573	1.1439779574690814	0.14541754870430632	240.4114969182199
-414.31426629358606	0.1900987246450623	0.0782687061898782	0.10556980084343255	0.21424784270614383	0.1928505489243068	209.45522337397844
-382.8683761858042	0.20615040926300054	0.09468656379183182	0.2152930440938531	0.8087076942154218	0.14651558641479037	229.7865932330462
-411.5074527102436	0.30789662006327473	0.13073019201811922	0.184899921983412	0.14817627798254274	0.27035625795562646	184.92710038205036
-382.61902600440783	0.44157092409803894	0.1936140934610609	0.4729576652011125	0.39308006571747434	0.2034682070235422	164.89422475686928
-372.9102811206154	0.28682558081003834	0.11304943858790222	0.7164841828314132	0.9220397888611174	0.18962869785579112	228.67433458106467
-373.0479176409786	0.3396276102455478	0.13725021333412415	0.7279146692112801	0.7451362316861863	0.2012821348529857	201.00024818158406
-384.06342986595473	0.3493571319254492	0.1507795210288894	0.303331943601337	0.43118957114610956	0.20277039166179692	183.44275478958073
-373.330654216643	0.3357760770818063	0.13727846827953621	0.5758091641360186	0.7209971189381341	0.198545249462534	199.78118380391751
-414.5588728693707	0.2850659976164444	0.11793088303177522	0.1626591511763262	0.11766908853648132	0.1373942190204768	188.98355788840448
-375.05745724091054	0.36912773601385	0.15129225775855032	0.4841421721498974	0.6286190209562902	0.1933700526486101	186.48834745862962
-374.4956529521683	0.3434762517388383	0.14305649151721483	0.48165017922419323	0.6446901120992898	0.19967309601615016	193.8684170365612
-373.16672873906873	0.30021363501840176	0.12335350890009984	0.5407359441743443	0.826465444121343	0.20116596840052284	214.14794134486093
-380.374323570498	0.2841515617929405	0.12112029593719825	0.2742001024430918	0.596371959239474	0.20894110915382513	203.34572403509452
-372.96744349227157	0.3364271961414608	0.13112782359300562	0.8139884359482298	0.7780306918243046	0.192300053634799	205.09404897017785
-375.4255722799189	0.2589337283362811	0.10739045777552973	0.32660254038195374	0.8884538429679706	0.1673635481441355	221.64051386166767
-374.52718783227226	0.33291729478915166	0.1384648824448041	0.44436346455398584	0.6705457606898186	0.19152753382806478	196.67480730352216
-392.85856097654965	0.43354836941161345	0.2004747283618257	0.38839847456184784	0.27163005218869946	0.20590670473329478	163.57696844827942
-381.11008211787123	0.3273979778568405	0.14409059462173862	0.32986752126484825	0.5115312474717585	0.23827804578866899	190.88541407053668
-410.5113775017438	0.1887344014212472	0.07508414726343851	0.1107915760856654	0.5002131243185012	0.07857826895291922	213.6717603636786
-373.64128363941336	0.27758724200843876	0.11635142562884727	0.45597225497011457	0.853635533261913	0.18592603762700757	220.66713607675038
-381.80344071937503	0.3756589982960077	0.15703467356662587	0.3827649555708163	0.4384848699409827	0.18868567415087983	180.61843177346205
-413.27222783704536	0.2424453083049085	0.0998621613653023	0.1313574798959466	0.1477153092312453	0.18744219137807502	196.45581407662957
-410.29793300132195	0.25661144360942334	0.105039536942385	0.14489225519252538	0.17844658631341237	0.15771958451011966	194.99324903894862
-376.4606761364284	0.3116710478884704	0.13313385176128814	0.35523660602195756	0.6384912026522079	0.20451001771369648	199.18443415222205
-420.9531035975799	0.2184254537003323	0.0918719098155983	0.11488008510162721	0.056593619928614	0.1790584763855202	199.88976660689875
-379.16826227142155	0.2391609581213509	0.10305577192398165	0.23982530126302157	0.8176297290595863	0.1880044400110372	218.9658688638914
-380.4178806682654	0.2750556785470683	0.11673907106765682	0.3018507304197993	0.6208857908552299	0.2231997027241451	209.73459136671693
-391.0210601582256	0.21741894271638015	0.08821703654920017	0.30369612369727184	1.2080504793577302	0.3485136011585644	245.6482999955955
-379.7094676483407	0.2674861670054422	0.10721297879432393	0.24904639088157762	0.7301274953033122	0.17407013400756752	209.968875326382
-373.1880538054189	0.3287785147292638	0.13340248795609913	0.5744144454104013	0.7535420107275486	0.19608770927504865	203.03356126017894
-423.10680197314093	0.17671138582041443	0.07220936076986408	0.09128972979769842	0.0894417571536316	0.19319300654033866	209.5876577648435
-401.4913543383482	0.5440010861105967	0.23591450304254535	0.44074090083518236	0.2027233478119105	0.19823785720128806	147.00837528879143
-378.82909540149063	0.37979937951064763	0.1530975602395397	0.41280548133804773	0.4999326003601303	0.2074250102586226	181.82341281313344
-417.2669592104651	0.2202546569826468	0.09536490297042714	0.12152512082739893	0.10716091862464218	0.21629748963690698	200.40370826706825
-372.8733764748263	0.3115076772582348	0.12379285060999604	0.7174414233471204	0.8306063942451828	0.19392806342845456	214.55557511442706
-396.2600847760678	0.23090453642376027	0.10012706913769742	0.1611434194044351	0.4089356195990149	0.2069110054594424	206.80116899394966
-422.20258819451607	0.1540647697185679	0.069986519378662	0.08651236531824978	0.1492350759684732	0.18636401087937607	215.9707118029819
-374.3242433169892	0.2646317079508799	0.10893808924185264	0.3768021785892548	0.9231654301583008	0.1810649935687551	223.63797519569994
-372.87595490646567	0.3052288409356899	0.12121845718588282	0.7125074474431241	0.8577823403971155	0.19425575932173675	217.8822030837892
-428.9242509153185	0.17043396734139035	0.07132314997757042	0.08667601424753035	0.0014184214285682564	0.1508305546283261	209.57096801294708
-379.568840522447	0.3211952890530454	0.13576007262640466	0.3286758787469453	0.5427222054246078	0.21610086441593898	194.40502426355
-373.3309606247706	0.3393400260741577	0.1354627860546081	0.5880009679081238	0.7231975408296222	0.19175344910198056	199.67671767459575
-388.7390041369809	0.3492355213564783	0.13451131190924354	0.2878052063816047	0.4387302470409048	0.27692715036979604	186.37039033283526
-417.1398317872515	0.20667860461293155	0.0832774136220537	0.1112978910130201	0.1641902496348145	0.24511215048153626	204.84620905996232
-372.97413138271554	0.30105454362113904	0.12109166684544512	0.5946955886420286	0.8494831489468958	0.19221067709705894	216.51842886375604
-377.11799531309737	0.2261845286891086	0.09579917489727457	0.27318947204095656	1.0373683235961584	0.17455819202672904	232.62295749333964
-374.4764084742527	0.3767051736574036	0.15603395511918078	0.5814676144979243	0.6061741217394332	0.20651759905751768	184.90294147243105
-377.9022808916462	0.23261202404839548	0.0995864302069327	0.25583610081135744	0.9114180491941585	0.1903726497169547	225.37732983261446
-376.6203292264147	0.28556586899466574	0.12070179587998275	0.3192879884015987	0.7274711774367343	0.21470722980131784	207.55902902782384
-373.21615768704294	0.2815135609642257	0.11365175991352228	0.5222311505281536	0.9164739399395256	0.1912642877002072	224.1473815065185
-374.79668911701606	0.4366539761249131	0.17761107060416612	0.8728664844471969	0.5434595753463115	0.20615708095086419	168.61129379888476
-373.22381703689456	0.3029245686593503	0.12375761691363678	0.5102635160841682	0.8164477500241502	0.18906477130972688	212.17516383768597
-381.34198431133586	0.3154208316300413	0.1362762522863304	0.2919813400624647	0.5144962762210226	0.18538009030899769	193.06703732343405
-378.9237103347046	0.24799280510001098	0.10834605835433578	0.2536760831480607	0.7601384749075353	0.16673240291517072	215.9383218995742
-399.3046347146052	0.32679668814751867	0.13114619868492433	0.21440062821917946	0.2558300738519385	0.2235013019524791	184.98501825932462
-376.9496287560029	0.3126254681519135	0.14142903913460067	0.3660405564362928	0.6184163849180562	0.21434156594602097	197.08918462436088
-420.41665293854305	0.25451970473719604	0.11174263188805009	0.3254171903964495	0.917119079305301	0.5	221.44884421907074
-381.4125541499778	0.2827747539451284	0.11242524130044276	0.2410734249167285	0.7171444789433957	0.17099660264096087	203.24230487177104
-377.8854969374228	0.365935551722141	0.1609336908979326	0.4448211025034961	0.5105250742601478	0.19436232688966398	183.31393183870736
-389.70067628432633	0.3800225359257263	0.15521541027225838	0.29307590258061617	0.34408997047442597	0.22475553976386656	176.7009416622671
-398.7929994701634	0.3358530741573138	0.1602338513843349	0.25607051353101234	0.23485710877519958	0.19470076649945192	180.38961526463012
-373.12368694730503	0.30315444581248424	0.12273685208350447	0.5335621077599637	0.8288933255966404	0.19098810483834822	213.33950445965897
-385.35535677528753	0.2216180042587649	0.09444986967791752	0.18387153360649516	0.7121683712678709	0.17695502050743483	217.41686870378695
-373.6003217211817	0.31803356929790066	0.12953834500732136	0.4754985904692559	0.7572844628827118	0.1931925734849959	204.53152938332641
-373.0225960620573	0.3017648419669703	0.12190859367917954	0.5699945214307289	0.8400941896736028	0.19353871444696383	215.222333366196
-380.62382520213635	0.3574979423070014	0.15430942833285183	0.37785244851227456	0.4940923277214403	0.15602019025112096	184.550577255286
-420.84669027657065	0.22629270344538005	0.09361769847640251	0.11673407751307095	0.06607810987888758	0.22773900586315343	197.99195006466337
-408.2777135955599	0.37636651204615307	0.16473399266521502	0.24107503180011408	0.1446411214647219	0.23173582794257178	172.25032573996384
-375.4103938621752	0.2356245872352256	0.09932734662447767	0.33037054534889954	1.0247355721322666	0.1770111176332412	234.6400816684488
-382.2687390449272	0.26179454839823063	0.1088458337939868	0.2244923607710993	0.6553325598617293	0.19303033872534103	207.4385666473767
-373.6707120522042	0.27766506314695627	0.11456880361442816	0.43449574306726224	0.898940450288803	0.1896322445463258	220.72135013781661
-372.93995566239914	0.3110673348723032	0.122620649969155	0.6420046615001075	0.8252638562085899	0.1937596588487583	213.67530231834948
-375.4861392809085	0.2817035077005992	0.11829428034724127	0.33293606238167245	0.7777299594578345	0.194098323596628	210.72626152482383
-374.14411810983484	0.30979930744839346	0.12831377952867593	0.4195183512732537	0.759145357795346	0.20003283892904852	204.9389169542156
-374.21034767987936	0.28590573731931374	0.12290671292586487	0.40257131776877725	0.8463623048587131	0.18821813459740572	212.9951681263536
-373.0106289347134	0.3008910396923031	0.12179864132823306	0.5750829347162572	0.8435253458557406	0.1920620770764216	215.70775844258023
