# /groups/rgutenk/lnt/software/anaconda3/envs/donni/bin/dadi-cli InferDM --fs input_fs/fs_011 --model split_mig --grids 40 50 60 --lbounds 1e-3 1e-3 1e-3 1e-3 0 --ubounds 1.1e2 1.1e2 3 12 0.5 --output inference/fs_011 --cpus 10 --force-convergence --delta-ll .001
# Log(likelihood)	nu1	nu2	T	m	misid	theta
-701.7258157140238	0.42460201338524095	0.08181796562103934	0.0792564694971902	0.19510411547517909	0.06521251913087313	524.1372106514875
-702.4724420004616	0.4655877883393875	0.08796731265810809	0.08369632317465771	0.1459522821460702	0.06574009967314115	513.8177838999922
-888.380263991379	0.2916347620236834	0.04347522309280069	0.03877872598113463	0.0016381471610946337	0.3545028964150847	544.1120585767667
-701.875651501054	0.5530678245562983	0.09962069685432207	0.09588396553298846	0.14588798426445665	0.07988412934716564	496.1570764317626
-684.2724264402881	0.6333631369332751	0.1190640377284952	0.1331717492798699	0.48711095962921774	0.0846931808021556	482.96834089602334
-703.7487174747478	0.5218106672570946	0.09644419906391066	0.0905751346687232	0.10732157027901418	0.0746152449232441	501.3493802876448
-702.9151252684806	0.5647441086677775	0.10675584734023519	0.1030705142140077	0.13089983331295044	0.06500783446594745	492.95031434887386
-702.3564917143441	0.5312917681052264	0.09953672085070511	0.09730528533153474	0.1342147496419103	0.06777599573080968	500.5099565030219
-699.2715302191789	0.6647433718681663	0.12771289859919702	0.13177684952284371	0.22872351731446702	0.07990169996228182	473.69453187866964
-705.4246233214019	0.5049005166429501	0.08902508464871696	0.08373817053618583	0.07985763219300285	0.07388379534523988	505.3146526157455
-687.6780751896092	0.535717037684188	0.11205763380045994	0.11548127242162318	0.4242901483412523	0.07220580236129392	499.9678543247584
-669.7802206776465	0.5423079257108432	0.10362028503272594	0.1346939236217033	0.8948770345182948	0.06726338206130854	509.1173731345909
-662.2518545085561	0.5110137001847321	0.10602060495683323	0.16388587555063974	1.1374832189762576	0.07649299588090032	523.8054179666028
-695.9472265158992	0.5899535474881101	0.11357404496787811	0.11588021045683056	0.25071067609616665	0.07634507592396195	488.93303905747393
-664.8309414712762	0.6136577950494574	0.15115715001022956	0.25959405806175273	0.9830275237732232	0.0771756414630709	487.4041496976897
-691.4521066368923	0.4896304447489673	0.09162023366620631	0.09453547338944883	0.37140058419048355	0.06636530928505437	512.2045153824168
-671.6710771814601	0.5153692951647414	0.10532933248240478	0.13213368559249075	0.8038555121496863	0.07339915347965481	513.3548456504282
-678.5698058359832	0.5802725544479727	0.11784443038312768	0.1397071235553788	0.5792478314811836	0.07026660280439131	494.37965284774555
-691.3569367318187	0.6741326007181773	0.12604132191760972	0.13572407277523743	0.35885668488403594	0.08136032762100166	473.7148756554695
-703.7841248515708	0.4923115898073898	0.09010410291744664	0.08549746203026508	0.109330448653867	0.07004631716932859	508.01129544001265
-695.7615238477567	0.6497018636284114	0.1151228219039934	0.11878124285706157	0.28422108003983215	0.08707297044991254	479.36351513064983
-662.516933854869	0.6256756741324513	0.14106739745703886	0.2597534487633986	1.0032462208510482	0.0769039486808444	489.43100999691586
-668.6750307486523	0.5558466231655688	0.1240486986740165	0.17159859301383082	0.8173479947852303	0.07196648733354193	503.18361136587504
-700.7931253458204	0.4854988561586248	0.08983078611440129	0.08626236976729984	0.17313473445798613	0.06855187663527063	509.9822724531431
-663.4433057663384	0.5772994670011096	0.12497220200246392	0.1958178450370374	0.9695666854852015	0.07175528095335199	502.09828921171146
-710.2643114097953	0.4434163726649122	0.07692171665582585	0.07027035374683901	0.012747138525909946	0.07815403679312752	516.7179244670162
-704.6233091833776	0.48903027300793994	0.0908235510980843	0.08464697391616155	0.09543664993973201	0.07466635899166718	507.89800762672974
-678.573359272593	0.4642689151987885	0.09416975063819735	0.10796824921727431	0.7021728546061692	0.06954158551380739	523.1265879152373
-655.639159040295	0.5058224505376983	0.11352732270503288	0.293682034033774	1.512687618652387	0.06850844772012585	548.9057769294091
-684.7720804144449	0.5146307875618599	0.09693107300945764	0.10592008841217636	0.5007400241550143	0.07187041547826986	508.82575858188915
-706.1193636886516	0.4573019791850116	0.08087458509673255	0.07673168830369075	0.09165033920754911	0.08028061966507499	515.5901207737286
-659.5128967603456	0.5171312306924212	0.11297974334268525	0.19198688629745492	1.2046619890029453	0.06903585895968388	524.7968572273957
-692.0223940469729	0.5488390084169658	0.10791322605887771	0.11130833826177128	0.32372892744740434	0.08152039683238109	497.93331961323656
-656.3060759853831	0.4844115453331283	0.10710958812737732	0.2497843173437517	1.5695404485689675	0.06561420411522847	553.9981254287771
-705.7347445682217	0.504953756567787	0.09102109766731477	0.08570732924355112	0.07005386314745297	0.07322192161963467	505.125411350403
-675.4200009703243	0.6366276017825534	0.14360708232109748	0.20274496996553146	0.6676892780587971	0.0706541063387647	480.0327549868001
-690.3689441962832	0.4924976998504899	0.09765960865673728	0.10128730090274343	0.38260842296401165	0.08017038204586326	511.1970503236963
-673.4170149560084	0.5950386280972887	0.12110232283451858	0.15157692842116965	0.7014588481738019	0.07760479157224294	492.4617807744611
-694.8026162809401	0.5642696725201006	0.11198057824034988	0.11497809581521977	0.2692815463597263	0.07638325870637827	494.0134840654278
-697.4285271057366	0.5150732526160139	0.09905471072517993	0.09886511099089455	0.22380332155796517	0.07165884567604203	504.5796980884557
-707.4442592805879	0.43321257676855784	0.0775655696759071	0.07191265509581275	0.07032447392192397	0.06748023791895813	519.7098289715187
-693.9465736103778	0.455114075295475	0.08837986077524955	0.09158860006357701	0.37094275318632614	0.09086628758922498	520.31374064762
-792.356238944765	0.5720397778399346	0.10312008834680839	0.10174354732975388	0.7391143610714727	0.2901867672869171	494.48130714659794
-704.3105599284912	0.6257945927606527	0.10756035648555827	0.10311091000134612	0.12525841346618533	0.0770992395945418	482.92446919733214
-697.0084192523352	0.4667820122267125	0.07914313038796648	0.07927398714459452	0.3489498431881594	0.055640181358571385	516.4580282939023
-699.3182356806649	0.5387083270353626	0.10410966706314471	0.102300651615897	0.18817298678928207	0.07804683147964998	498.7066280225872
-676.0774612895672	0.4604428777398223	0.0971652724649436	0.11673336338831979	0.7532511643335057	0.07020161744568354	526.142974418089
-672.8860017073546	0.5718253381068517	0.12946775160519872	0.1700718912901977	0.7075341854615729	0.07386943073801985	496.3323326008972
-701.9172549822028	0.49089072401592443	0.09236099709059706	0.08832497027912577	0.14548697391673165	0.06738895383520924	508.45946896816605
-680.6210471638782	0.5053641093745089	0.09774165305726897	0.11028961263894863	0.6033603776230354	0.07307347380471511	512.171291050321
-658.0003711072142	0.5148887519560621	0.11310753837328122	0.2349924104254574	1.429024716417009	0.08928924250682116	535.2532053206286
-707.5543301866763	0.45203072919872345	0.08653604188258167	0.08101490347125494	0.04872073511218558	0.07179152519188528	515.9302783279413
-669.5185169413674	0.5705136717225804	0.12953053764987288	0.19665356769158923	0.8223403983619055	0.0607541981668055	500.831986708144
-686.8197376117722	0.5457658751431603	0.10692066303469748	0.1143943511118018	0.4234398153839318	0.07312954056993183	500.05922668435556
-837.0278074166955	0.9269059763688623	0.18224462742285086	0.2403894609279647	0.5694230678277983	0.3459436276188271	423.1379991060369
-706.0694902182024	0.4897696888898498	0.0881888840241503	0.08285471900355348	0.0665223952890277	0.0674374242242132	508.20758287271195
-673.526635324903	0.5752887859220462	0.11818653525426312	0.146785393178413	0.699961774662823	0.07216481986192623	496.92410935187183
-701.342683206319	0.5253689754517077	0.09487275748185005	0.09206893874181951	0.15263619922179034	0.06935257023660871	502.0664490350961
-667.1857292373364	0.5825642940097455	0.12536063131139566	0.18147549901166243	0.8480737382961178	0.07683497798085555	498.12128909802
-700.399087708098	0.5472425518687678	0.10165093837073251	0.09888130524097102	0.16688369816547843	0.07383540656281122	497.2046314872321
-687.5172614859364	0.46031560634691177	0.08674320830769994	0.09321864944945664	0.5017106074272762	0.07249653474154923	521.0998039631804
-679.5856304242051	0.6722545638500432	0.13852926158221737	0.16930374032269235	0.5771747604262734	0.08521169907563376	472.78948043667214
-703.1655792132801	0.4536261766905488	0.08285164502878058	0.07875573166327046	0.15414928043651657	0.05857052412711484	516.5476551982049
-667.2197378132158	0.581257713927635	0.1251947920085457	0.17830267763872337	0.8817906599692966	0.09122740002089352	498.19895488333316
-664.6701731743781	0.602712534853321	0.13404350459212863	0.21450084955964324	0.9194110689057287	0.07764981276024614	493.7636910532368
-714.2038285333311	0.33123075176064787	0.05846479047743078	0.05352510013443104	0.10830500751402236	0.05911630333610231	541.6951671526327
-705.1907029814583	0.48847893893834476	0.09097232867059489	0.08525578119802348	0.08146755826070688	0.07123963153608485	508.1724905653385
-698.874891702251	0.6088193718109082	0.11489411486774015	0.1149672422785182	0.2068231685140472	0.07915689720700365	484.96329898570855
-707.2506880175999	0.4181638440213781	0.07800848121250613	0.07232502625723229	0.08303437028171483	0.07388804058279008	523.1869366245572
-931.656237917792	0.38160260769813775	0.09788876898176396	0.09314083746607997	0.19208647648557003	0.4155662483673107	534.962975002725
-703.0702676877256	0.503988262010396	0.09247602994878804	0.08806522677133584	0.12249111336273324	0.07668329450025384	505.67034987325667
-711.4488782569421	0.4185479319809195	0.07173732995096434	0.06624037089241498	0.001	0.06724138264143079	522.3482116895527
-689.9290979849943	0.5506825861343619	0.11238112558646492	0.11738713717448787	0.35931418442382373	0.07509349089949052	497.2048400165341
-706.6767083762938	0.5025034968550911	0.09346684588573687	0.087257573767995	0.05157352878889279	0.07060236045954128	504.99755808385527
-706.7913419483035	0.4896165445637309	0.09070884888319615	0.08486416653399065	0.050688609074861064	0.07249310715202682	507.8414133828757
-682.8874362558327	0.7490433071660986	0.15894417386367019	0.22586018046493445	0.578726450119844	0.0771324460310437	454.6554821303515
-706.1845760917786	0.531589499723917	0.0968263772752615	0.0903580502097761	0.06219938512470365	0.06925288803879495	499.2311243884447
-698.9261388576788	0.5456600616676477	0.10389768067567932	0.10228366698525727	0.1929278830948289	0.07357114274613932	497.53040794947657
-667.10854312195	0.5526688933963245	0.11994133231144145	0.1687344958365297	0.8729877319723421	0.08120768708921097	505.6841769537192
-679.268906960785	0.6395763762193938	0.12563435956624608	0.1506671994259076	0.5710126554423809	0.07928109911265777	481.7201590312213
-667.5269596650928	0.5714995976789832	0.12164327549896264	0.17080544649453192	0.8512752759836536	0.06688838965625382	500.7901049212113
-688.5326000891465	0.6573728132288559	0.1372089066345108	0.1575849831018462	0.408667361462763	0.08309792305976868	474.2369830455734
-676.6659189606057	0.6458505460159004	0.13700166070651054	0.18147965911443864	0.6223335988694131	0.07713458350792533	479.13903238414605
-715.6157469294888	0.4411846070696998	0.06526543454653418	0.060525080381755116	0.009938181142391832	0.05137119324987758	517.2331604824012
-704.8136452657918	0.5182094543256286	0.09672882622517771	0.09134849259443864	0.08630740929568824	0.07459717700056417	502.1148051537159
-697.9409871672826	0.5075504822999096	0.09268354865874147	0.0921144676167663	0.2428797580140169	0.055130867518037745	506.74101459579407
-701.7577119784273	0.48569764298586804	0.09461909577764636	0.09001245586654213	0.14985743516010383	0.07078279106768744	509.11559461797464
-701.5543303799673	0.5529089101238605	0.10361363548387079	0.10024878123618121	0.14789857832431183	0.0774886960126631	495.6704599047825
-697.6412786010653	0.6042008063624099	0.11820647210206149	0.12164467347161574	0.23208718104283152	0.08009693824336946	485.6186554395976
-696.0740573470471	0.5202403763244347	0.09938839473465529	0.09920643493482517	0.24910082957146132	0.07277333210880274	503.58426043378773
-690.449565586006	0.665086031506504	0.10967687827335636	0.11828005721472615	0.4198456124547829	0.0754814103596789	479.61109003741393
-704.0647564368817	0.4885359803877949	0.08869109119025986	0.08410622737018332	0.10597792562620627	0.0689880263405615	508.8433757608703
-698.2260550633773	0.5439946949656299	0.10574540877050777	0.10357125937757915	0.20696010577173554	0.07441770187782017	497.40638220705915
-685.7868447482261	0.5635560190133343	0.11365755824778392	0.12472250150971918	0.4338776362398798	0.0739707878816258	496.0580032867593
-713.8534363296571	0.3675025692255732	0.07660408476954596	0.783992558081626	2.233937034703137	0.21736297943180152	803.0882934420739
-705.9208022082365	0.4784257865780419	0.09185789104307514	0.08640750709381048	0.07228796671042162	0.0662092647487394	510.25715572431136
-708.3311154285016	0.4181049711343987	0.07975735494201242	0.07397797349069042	0.056526319585573456	0.06009313807477169	523.2487025988278
-694.8863077923008	0.5728557235410763	0.1058114769658392	0.10738032465464767	0.2696562098859369	0.07364777094156233	493.3834402897855
-662.6980145257317	0.6135083878533452	0.1378822379429112	0.24696034605684267	0.9905879752169365	0.07744134349383322	492.7722369446621
-916.0366397132691	0.6308139577835894	0.08482312161169026	0.09338348727717669	0.6245351519641008	0.4165484404610907	491.2421109037284
-705.7068940048924	0.5170728329575855	0.09712267255058368	0.09138884851422767	0.07077426092247953	0.07476446161416143	502.1227720820376
-706.3124680958695	0.6637721536923871	0.12955521488220081	0.12750972890733187	0.13428757600571628	0.08356469505362082	472.4536807098435
-682.4894769980365	0.6124687354429038	0.11584303467450681	0.13349193611796933	0.5103526194156289	0.08184265644208633	487.9963943387673
-664.5673698568119	0.4590952783281879	0.10023754913614649	0.15123023093075155	1.2636141736603461	0.043629517783159356	539.2033013641177
-702.945556705387	0.4380785876442675	0.07950263358612629	0.07517385670401609	0.1772944813040027	0.07584361433859863	519.7803850051217
-688.7524961301033	0.5546837672617314	0.10557850038182572	0.11158159567987563	0.38647856515201234	0.07301145953551198	498.13540349013266
-969.4008653695114	0.7340376558423107	0.12695255592784013	0.1273003659852038	0.17329549260811933	0.4524511624475158	463.99644983691087
-683.2512552919229	0.4985610365730266	0.10171562346476887	0.11346934186181712	0.5376999869872673	0.08536072783985763	512.5397951520363
-693.7817686645569	0.561002802142645	0.1094626115681562	0.11072538448571928	0.288278645295022	0.06986246934059308	494.7498005231511
-860.0722378298378	0.4628732685161574	0.09225932631592372	0.11651077433838651	1.1004545678017865	0.3859947535084035	529.3562799438947
-902.341797878976	0.5934307331258912	0.1239882857090386	0.18090332756915162	0.9053539554762084	0.4298361474503069	496.57412991622664
-707.0680069557952	0.4995080478948674	0.08892601357398677	0.08282139772277032	0.0462882432069672	0.06802263024676984	505.91498683250177
-681.5990564002652	0.464566986459667	0.08897456715720996	0.09586688982610657	0.7824677130082092	0.06651828152221957	520.8125430085005
-694.4504415408546	0.5592024687842371	0.1075627563883373	0.10956303946281636	0.2740050834428104	0.07594450657170311	495.5885350526505
-911.2637448956483	0.25005118537551574	0.04557615521784486	0.04228621934230635	0.05679711564230184	0.379165176094548	563.3213023167607
-724.5533034230589	0.8761496891667436	0.17456209738540207	0.16873888104098667	0.1067751611763375	0.07492392498452238	432.95772766893157
-699.045899086125	0.517680803251126	0.09696568592965932	0.09349765102695529	0.19773321044496212	0.07047510531009094	503.12558558196906
-689.8415855461878	0.5159873990189977	0.09841088317156184	0.10382012190264125	0.3779089325300714	0.06855794614298584	506.77563168814396
-698.6527468172005	0.4227775927601972	0.07693510002283147	0.07598922358290375	0.30766729917501445	0.07748925835600363	525.5789803458837
-703.2766481437234	0.5452656581531251	0.10116809450994671	0.096164110573735	0.1160810897721009	0.06981368300887124	496.8387944794171
-705.9830321694683	0.5837474333315518	0.10865371402838722	0.103181938232833	0.08600956458577608	0.08378724812976612	488.8804658798952
-657.9205223780948	0.5363005821522647	0.11610037971387045	0.21851332896251902	1.2699338327258676	0.07070649479554564	522.8420368879497
-708.0544068715649	0.41014602311002074	0.07642928333338356	0.07043875267923903	0.07707482289487617	0.07584659221246771	524.6901799474985
-692.5914535187916	0.6022385069122553	0.11951555244975388	0.12712127920865698	0.31485764221305895	0.06913648055114704	486.5834891371031
-691.3566525155231	0.5722881848058594	0.11666776783048707	0.12339682253946542	0.3322006846494873	0.07114249530636306	492.5099212578676
-695.486945444289	0.4155573478890979	0.08601950850334984	0.08602353210631349	0.3490610477289777	0.06777009597480944	528.3929342024148
-693.6568479322846	0.535290110634575	0.10367743444503642	0.10358947249116791	0.2990142349801541	0.07814358688010323	500.20284126119935
-711.6793651308265	0.3337795978475332	0.059133884761015866	0.055109298141781095	0.17901219181938258	0.06006766272049591	542.4232556555098
-671.5097465828051	0.5656195894716076	0.11472093532868058	0.14142093310066342	0.8187942928966665	0.07045185430262564	499.92899459030104
-711.3571509886735	0.3817726130092653	0.06557273243218088	0.06017240721769372	0.06992386728693294	0.06312588279961569	530.0307877575538
-704.6528864882798	0.5078588098847977	0.09244279436845662	0.08732218041818422	0.08971260205201374	0.07216831938566594	504.58099940742704
-697.7920017734737	0.5634249284942463	0.10826260978950239	0.11226801319451848	0.22526310185163365	0.06820550494527142	495.04226917001984
-706.5908594513885	0.513541689891998	0.09193422362074186	0.08508096991404371	0.05509611682678555	0.069983617827925	502.80750404508603
-677.6378591561202	0.5917870958237886	0.11818750947741152	0.14432802550917279	0.6011110062241173	0.08091835921216607	492.8614965066366
-685.1608973686218	0.621305043004902	0.12134677829831415	0.13882710408946874	0.45145425358069025	0.06829640000931604	484.7348186863421
-702.5713190633613	0.5573749637008514	0.10576833050782442	0.1020407151611903	0.13108631254776448	0.07268768687574535	494.3901104332485
-709.4582972259506	0.4188359280415433	0.07748148666353291	0.07128165037657609	0.04541870112396309	0.05352608200034443	522.5586015404758
-694.7487185120137	0.5537120128422823	0.10842884890643616	0.1111501093238521	0.26876407265429986	0.07468270104431388	496.60102587508817
-672.5003572872256	0.661990524688148	0.15279518554208196	0.23252602834349004	0.7416320006975768	0.07626227058222615	473.3724590854941
-682.2976067380731	0.5581830800885793	0.10712425000975864	0.12102878530197861	0.5219112544410095	0.07946780388004694	499.49950423758986
-696.2779300219497	0.5008947940253274	0.08516000773769414	0.08513832453427231	0.3079243675803213	0.06566838268030438	509.11460184440875
-700.7217419843676	0.5215403465984946	0.09911454355631362	0.09576114405896449	0.16104913281493144	0.07191295695848854	502.08826551930895
-667.7455248816772	0.5357598668280729	0.11022402278214191	0.150114210889172	0.97434065075913	0.09479395512358849	511.22417884688616
-701.9187041387638	0.5749492218431386	0.09996906755602132	0.09651258509517109	0.16533975829133246	0.05968119000551549	492.5567531057125
-680.4989991919728	0.5039684874300968	0.09368026230811838	0.11099039640533077	0.7023358010805648	0.044342966434458266	515.146628666327
-701.9515787392431	0.47902125845575116	0.0965792566987573	0.09316313962372717	0.15304193939739827	0.07359488725052885	510.8718477176008
-682.8009701996291	0.5183239271429497	0.10128760155994913	0.11075780247651498	0.5361945198488097	0.07163145041509396	507.561836466834
-666.511870457084	0.554432838734014	0.11900786251548312	0.16893182336143087	0.8927403235010171	0.06517154251891762	505.8567333631088
-655.2794682845904	0.5011989336847086	0.11411386480872325	0.36494477616758736	1.558881190983979	0.06574702567450223	561.3116057529461
-698.202858736727	0.5440723542339748	0.10607954072871946	0.1051052366693216	0.20852677491956495	0.06743418035903995	497.67762729358765
-672.9562604218763	0.5771289004594521	0.12045727780947307	0.15603658131341275	0.7134219515967412	0.06290013124991016	497.1476820293897
-691.3220167158856	0.5552642718926636	0.11025666079114903	0.11594525464766424	0.3319137941973415	0.06872768443491531	496.8524677052043
-701.0860076943984	0.5251845659491955	0.09835907060562224	0.0948603032409526	0.15511053457741544	0.07572673386967033	501.4359503299493
-683.650775783898	0.6045823119772858	0.13266882004737074	0.15775994437311355	0.48663336256171075	0.07793994123053881	485.71812540473644
-655.9631469138183	0.5172410075407499	0.11617287871072185	0.27355677404078343	1.4310501120741086	0.06852370933187228	539.0064693432222
-700.1697659730528	0.5194942317748198	0.09690881038528322	0.09496085763889117	0.17230986529501136	0.07006301536647519	503.2660573099289
-666.00525493078	0.47617554837994147	0.09879267095014473	0.1386633030207077	1.0954088422772676	0.08083525772208347	530.1126488196938
-677.6439467068042	0.5921979668511914	0.11235075819595326	0.13432903037818014	0.6238069164507672	0.07988705285532197	493.73323480830874
-701.482492907859	0.4863371956086436	0.08632644754651415	0.08316965745643372	0.1690404961136875	0.06630193690754263	510.1884203862516
-704.2884117986692	0.4792895884245806	0.0904009280046408	0.08587589516284967	0.10149759509480757	0.07023210785145853	510.63494752497843
-709.9556898223556	0.4046574143674368	0.06535786054619741	0.06143341321761422	0.11217590880925693	0.07054091535022991	525.8553177874753
-689.415069715366	0.596864944987042	0.12178472117526741	0.13248824900877929	0.3689843884762525	0.07145384033640075	487.64327144631653
-706.6625645832523	0.45069285641186707	0.08219878281651159	0.07576361659672814	0.07577037325701186	0.06254706066905727	515.6992997347205
-699.3770536097666	0.4278627519385017	0.10340831561893547	0.1137194573103494	0.38819872435842656	0.09569196550438823	529.2777729768544
-663.9477211459335	0.6000141746221268	0.1307124143722654	0.20539971434791224	0.9474684709517959	0.07474829505839754	495.1422037958308
-708.2903519367997	0.4074421951185366	0.0743123242962567	0.06798561908905905	0.08206864769739651	0.07244275108365529	524.813144947724
-672.6042159327628	0.587579525286204	0.12456812627897927	0.16313825169629353	0.7059957976046722	0.07693067546094699	494.1724532421441
-693.2739848931111	0.5856231001404056	0.11881582567107335	0.12446654510462658	0.30045721430121647	0.07634843426059315	489.28764744261395
-673.5204457820251	0.5745226418383501	0.12187935133569909	0.15560380448925656	0.690898189763291	0.06806318428541752	496.8814066463308
-659.738594832511	0.5500993345424845	0.12066612226267905	0.21476369386003574	1.1328677812378265	0.07224606161029198	514.9028076927428
-713.1751367625391	0.3727372746209016	0.06738236211881532	0.06170166796836406	0.001	0.0676329000283123	532.4381099112303
-706.2283872218022	0.5279761430843105	0.0956742379437229	0.0896922150304324	0.06052837247688118	0.06989313315501464	500.1721944769937
-665.098855501351	0.5246099329595946	0.11419398499988527	0.1642886897290139	0.9611569918806225	0.06860317459306155	515.0004129124349
-703.9720041311149	0.43460387847965903	0.07374325333586709	0.07037934455189823	0.20638822272409488	0.055883052399289104	520.8462011291148
-702.908619039828	0.3954479807467695	0.07580690633466768	0.07286693784503138	0.22621156805090598	0.07842562437846723	530.7653608651291
-704.6901535193783	0.5029211708026402	0.09104653449003984	0.08595479804339337	0.09060938228082152	0.06848879770788528	505.64287072140945
-691.2242791407534	0.5030440478169717	0.09794997322911016	0.1015486889121244	0.3519705918397261	0.0718331873472089	508.8259697694145
-700.4852661794962	0.4183674112364398	0.07198041705612622	0.07037642926614421	0.32644805324416243	0.05584430094056356	525.8142522697069
-679.146628788237	0.4605614041703736	0.09195020684168079	0.10589154063764837	0.7151004165366204	0.05655358703828057	524.4581389786263
-702.4220606372019	0.5146904980348076	0.09497209314870722	0.09049693271917944	0.13134625581599876	0.07019703028586914	503.3923914635373
-692.7687682281635	0.5595326732175142	0.10459920345618406	0.10962237493556833	0.31000465216627654	0.06731334412910084	496.96493391755087
-708.2913606208297	0.4486807897536136	0.0872375542565088	0.08027476137103594	0.03707066686140368	0.07507305108090379	515.8737737564112
-655.4158134754812	0.5031867432593776	0.11357097039738032	0.3279001716755115	1.5459767613414888	0.06661408240114344	555.5217940120385
-708.053917128394	0.47072618133824834	0.08637839525078693	0.07907377234863976	0.03604182940873663	0.06167334889964564	511.0454342902516
-679.5960845174423	0.5433635328338327	0.10310514611012518	0.11752316952415758	0.6087686068354751	0.07694821293285468	503.71528726451606
-706.0736668873458	0.5076281855076238	0.09093267780438631	0.0850323534013354	0.06379696915643979	0.07164057047300432	504.37726939482263
-696.6890126938285	0.5156956297279706	0.10219204913528016	0.10101729424546875	0.2383600493019475	0.07307044780869343	503.73086175598496
-699.2549265096548	0.5162414615168656	0.09538562042896899	0.09270925642616973	0.19282777942663387	0.07237128487688348	503.855331202428
-689.7479103503804	0.542078133880336	0.10691924814594066	0.11203973228294496	0.38265055384565416	0.057283322310705015	500.03509436453004
-729.3753564790607	0.6138474693748837	0.07697469710357574	0.07860935016450621	0.24752465386049236	0.1615472064413444	492.276176610063
-674.217537428902	0.5437758311230046	0.10942742165924829	0.13710722787424418	0.7008042126231505	0.07505258459873983	505.757784128651
-679.7994501596871	0.6502113385447621	0.147291007365468	0.18010450769058658	0.5837827419116848	0.0732055189709069	474.01602093461423
-655.4169460893936	0.48970282573313495	0.11122296828543196	0.3436252643069819	1.5973689338830641	0.06584327570433203	565.9224634648199
-853.4179934642676	0.5116526726061539	0.09728713539653693	0.09098415425493978	0.09601351905511361	0.34582961308972776	502.97229446491514
-704.5888204093237	0.4857465741864096	0.07999855072851991	0.07658000590365475	0.14927722995580364	0.08411063353063301	510.3686394535187
-699.1929907835704	0.4265785863521463	0.08543514079200859	0.08307804007724558	0.25723748444242955	0.05724173063577005	524.0100908560044
-682.6693782759253	0.4363512736701457	0.08234233344322836	0.0917833200932711	0.727450393186758	0.07715949350242592	529.359588121536
-712.3558844139023	0.35823838953961407	0.06382084573818221	0.059128355706028424	0.06617360645517943	0.07106770205766103	536.3225216695866
-699.3863766061477	0.5019142809384968	0.09381259260890962	0.09151393996495295	0.19462258084977058	0.07741852467941039	506.95151020159796
-705.1570758301459	0.482033203400429	0.09222992262677138	0.08618634000191004	0.08433369409598267	0.07209340062260308	509.25762274665266
-665.3942550141115	0.6115316667175077	0.13853104882216577	0.22480736374713894	0.9021389857801791	0.0720817663618898	490.54308189300053
-704.7359460873334	0.5195303257788993	0.09441980215080223	0.0891775649376258	0.08744750823876325	0.07141265911889835	502.16691100992006
-693.3089331986184	0.7072265145069077	0.13017114967303997	0.1441459655742677	0.3892999526488835	0.1080140500824162	468.1319843069186
-923.1588474311849	0.3646540290796284	0.06361261911029636	0.057495880595863726	0.001	0.4029033874664055	533.0228656657366
-706.3126501467871	0.4917256718643415	0.08985445429381356	0.08395394601114888	0.059664790325045444	0.07251756732143745	507.47109419558967
-709.1105980708862	0.6038351959447259	0.10620583092431002	0.10131481421814674	0.03901619868367323	0.07775120818820898	486.1882946213809
-680.6534280633299	0.6324249189410135	0.1414798645937205	0.1801811323497126	0.5544879723049907	0.07451251584505116	479.44057577797344
-697.997211207131	0.5750716977765677	0.10487708575930685	0.10374157224651775	0.22806358521418285	0.06040695367143379	492.4135907388166
-675.7127001976789	0.5818475376813368	0.12109190971195959	0.15177001188744269	0.6383845544334064	0.0794214129230861	494.8924316766806
-688.6598376983661	0.45872460830400535	0.09453145581791444	0.10026721337274966	0.4459000381493535	0.07630579390160543	520.3049593546807
-701.6930688919665	0.5084207706638812	0.09199043367283757	0.08811845236195757	0.15013101642236892	0.06855824940211522	505.1409003818773
-661.4977162091434	0.5532119163490841	0.11617136433713462	0.20781440072513732	1.0933912049277215	0.07028156663755919	515.2259467546857
-706.997287535246	0.5090594492186706	0.09365769075116837	0.08680893504917689	0.045560464288267245	0.07380097692638209	503.47484139020366
-698.2374464060829	0.5705860481702812	0.104729555168964	0.10248428771345815	0.2120228789909402	0.07141444555892262	492.8806050589922
-673.6108467282256	0.6360118070351788	0.1390944813817564	0.17593778346508682	0.73658643031228	0.08297415909461496	480.1092991386042
-685.4923027856327	0.5020574997851256	0.10055165631608905	0.10849901276297125	0.47316531261028044	0.06937990404832793	510.4901893091005
-700.3321701875041	0.6634816457379172	0.11514094001499886	0.11458042351618683	0.21630693280924443	0.08765027016363573	476.6051269545596
-697.8712830228653	0.5457397098075268	0.10268889403140315	0.10082495603585065	0.21456249488071655	0.06898236810878117	497.6919242952313
-699.4304547847431	0.4819002313541754	0.09249325860699815	0.09034777823880845	0.28258959741733125	0.10527295337552664	511.41010519729645
-695.5997658250511	0.5896670642299645	0.11486999998010218	0.11714366126788175	0.25738527845922116	0.07176524321396931	488.7074831007334
-660.1132413264492	0.606086215937114	0.13821885044307078	0.29795880429823646	1.1026173454020949	0.07404088499971341	499.07800367011725
-655.1791057053	0.5083674191603996	0.11586418023993143	0.4140111656408668	1.5419828697619256	0.0670238507617372	562.713962446747
-679.4173000995182	0.6010894321106696	0.1227374326704172	0.14670760454860626	0.5650519309767623	0.0643596682439354	489.3394018199847
-697.8550105277589	0.5204882734906672	0.1018710864197683	0.10106784169960135	0.21631640855725384	0.06683803180864663	502.89921856601876
-706.3031987158834	0.5002525093054591	0.09236370984704223	0.08626146320437322	0.05841428361555711	0.07030023199455904	505.57109067531394
-703.963881556788	0.361140776580033	0.06740770622037713	0.06456317317315423	0.30405105063609866	0.055124541763607926	538.725623822805
-698.6837195467024	0.629242554634468	0.1309101576940673	0.13756345602632597	0.24406170566558874	0.07663286031570395	478.7501763046613
-988.3924197115524	0.5127214007531952	0.08967828551621287	0.08580791446458111	0.16377912621679971	0.4696895281438005	504.56982047244367
-705.6464719480455	0.4898097209620483	0.09653303364561769	0.09061892191857943	0.07841557211656201	0.06859125139121323	507.4331211469254
-702.7210428179001	0.5017231707782203	0.0942258280649981	0.09014382265302413	0.12760593738689502	0.06634395619938897	506.0980305155085
-698.0246549667766	0.4376324775714324	0.07646397689229922	0.07518883387496952	0.3305273652597969	0.06466722924146182	521.9256367013261
-701.8222532049533	0.543593325621096	0.10710305867133761	0.1040354120052146	0.14778297365588525	0.06882400541710486	496.8607261423719
-859.5185989857764	0.44400422734498524	0.11536003627841462	0.10439194916999806	0.14797038049577255	0.3458648826700459	514.2698147178459
-711.8617846653616	0.37480908239148003	0.07713200482949253	0.07005505922506208	0.03376231897833922	0.05804057678448522	532.9309135808875
-701.5200282567171	0.46925640819559394	0.08335391261158344	0.08015280658998733	0.1804534757766922	0.07320833062529866	513.7657733726006
-698.8362243187793	0.44525234534940844	0.08853938833772942	0.08809777289852731	0.23721413947628356	0.06311150711587825	520.498455740557
-708.0239875673974	0.430133360328355	0.08302528768238113	0.07639163764151431	0.050017097897649916	0.07058654271022609	520.1157261430801
-696.6201945761709	0.533372527676697	0.0997395910384068	0.09928302049949891	0.24570680927227137	0.08288761735969742	500.92775174836555
-677.1330088907905	0.6130610763176239	0.1288864294434506	0.16062774786622172	0.6028258527041692	0.07525879373033796	486.47625301562005
-685.904774168245	0.5677079664555397	0.10233628250449335	0.1111398256004368	0.4792046894321185	0.06271700723217881	497.3643232276345
-709.1142861610808	0.47842280733636555	0.08420908537304428	0.07758268303860529	0.017428926302459888	0.06017106504024848	509.8425908862745
-689.5860438283871	0.6687823244244729	0.1352389253952761	0.15263976446521135	0.3881313571571883	0.07857042498944432	472.65292575597624
-670.5906656804033	0.6696649054026633	0.13745387479017382	0.19949050825200126	0.7994059662410731	0.0636099600516434	476.68779039601304
-689.3238558415201	0.46786426378524404	0.10661667686644931	0.10830141279781418	0.46272081760976663	0.058918472107626546	515.1154103309395
-676.2615884324834	0.5783092324204333	0.11379980908928237	0.14450044693933387	0.6729966418899956	0.09500061141064109	497.82149620233747
-706.2785695836012	0.5316950806682054	0.09862884911704141	0.09261841196919225	0.060987383385355906	0.07026209398504323	499.14877999968456
-704.4233050014832	0.523621395081337	0.09275788301726152	0.08792197165056655	0.11364004726554644	0.05657073425439843	501.7991744277253
-682.1543043055617	0.5968291458369157	0.11710056210804745	0.13282008349479732	0.5090083502071743	0.07753625153525721	490.13443371394374
-691.8667997850953	0.5148775175075353	0.11541684378796897	0.12507739668557435	0.3601660232205649	0.06858459820930761	505.1542241755718
-656.6251612664655	0.5353204381074447	0.11877169257025522	0.25426026869714463	1.3480274171197697	0.0702265850844656	527.7737743674496
-655.6036916135918	0.5099275364388772	0.11441944248212835	0.3003913752965716	1.5101139901374514	0.06630654790310352	547.7706529048559
-685.7502621111299	0.5649155190980559	0.11055318181015343	0.1213876644421291	0.4376941275692259	0.07099558694070346	496.4632516987247
-682.6491647279779	0.5773630800104043	0.11581498497468333	0.14958090297916957	0.8705670834707256	0.020014702463234287	498.75554077194397
-688.4805438810332	0.5304257470761122	0.10403122975094324	0.10980921593994314	0.3945954448457015	0.07005751217950121	503.0793844116619
-700.996976868506	0.44907630263499626	0.08462620496540575	0.0802302106824493	0.20086803939161627	0.07559807816212838	517.4848130933799
-693.1535840408394	0.542211920314324	0.10667719112247992	0.10830923126416502	0.3001115206489886	0.07030679056930988	498.8802131432139
-659.9193110162742	0.5494523716760245	0.11765474568316439	0.21300315006107837	1.2313529749309404	0.09259230776559187	517.1037450951973
-705.9660911437381	0.5638005200439882	0.10118066016933387	0.09466380432298238	0.07460913682064456	0.07948683260613247	493.1351047088443
-695.7069080594038	0.5643506245359203	0.10915300745505427	0.11105255577214862	0.253451102491247	0.06750568855385852	494.26807147465803
-702.1958474998498	0.519116672463895	0.09793402670146824	0.09419696169279684	0.13394935821758586	0.07218355187267306	502.4978031820691
-705.4585121575201	0.5404629341982455	0.10759481805329393	0.0986870361193368	0.09159519972429671	0.07312676193783474	495.5488644346096
-683.9691548470697	0.7278506075990113	0.13937047109216819	0.16773737731311694	0.5247579208634475	0.07188626628580119	463.51411508529895
-692.4795878490377	0.5757962541497432	0.10827096439774751	0.11201776670659637	0.3160826851847892	0.08146703941487501	493.01072368779256
-701.6658148121342	0.522005083397827	0.09735723243274062	0.09231456192768361	0.14732408520434911	0.07500647584800786	501.595204531103
-677.7674615537037	0.522719813405138	0.09911891387372647	0.11559632686734463	0.7111781014157019	0.0552794735901426	509.7406978128192
-698.7699575411237	0.5525876141632213	0.1079113360084077	0.10782793288904581	0.19989216932478995	0.07726638602502758	496.00457278074003
-704.7160142955045	0.4403046766111622	0.08618745910607145	0.08255075202012463	0.1264932375765	0.08184788419987704	519.7514092199123
-693.47415790146	0.5400560424633556	0.10677563184420912	0.10642467608009568	0.3022790695994116	0.06774664685314007	498.72265545674935
-708.1520694974809	0.49462138591143573	0.08953647484819868	0.08259248988922742	0.023850103994352258	0.07177480599001165	506.39718425001234
-662.7370785272166	0.5532317781799018	0.11125863314862673	0.1725484859850313	1.1575303281731768	0.08822623700216431	512.0727716552082
-703.3830400393088	0.45677418359198646	0.07887362103342149	0.07606766499416173	0.16357384341407039	0.07797289588665676	516.5652798318029
-655.1674627859401	0.5036235985269363	0.11487192786989105	0.4190523705077273	1.5616513258071176	0.06699184553077554	566.5156844459186
-702.584616706722	0.473845641495101	0.0912741568697729	0.08736413875260517	0.13926144919462172	0.07568814651944127	512.0856461067189
-689.0287460818456	0.46692997249504975	0.08792573084769491	0.09454953965295505	0.4784287376086196	0.08784842996230945	519.4699251052728
-808.2489072987986	0.6803419487948925	0.14905249352691924	0.17434196303121333	0.4201014464989966	0.31600294944247864	467.2414626121172
-696.4682371044664	0.506055647400698	0.08748558978384673	0.09280345876923811	0.44852602405775366	0.11933852497805911	510.4344312207603
-695.8294949166324	0.5924926780770674	0.11136749876721733	0.11552742774983933	0.2573452264377799	0.08159914318713156	489.37641944878465
-689.9217773110346	0.5620570047620037	0.12258045922268473	0.13523607580642655	0.3956667416133413	0.09490176855991647	494.4507686697073
-709.9980092769792	0.475176237292781	0.07946642230559568	0.07293727421197986	0.0071628873229274016	0.07161101683241347	510.5014699102382
-679.1126821628386	0.5755391996308493	0.12297390810490154	0.1475585380131527	0.5722112207581279	0.06417553418268702	494.38520407628454
-692.2975084305274	0.5021176546144689	0.0923153233269071	0.09565842865201478	0.35132735326423026	0.07941961089558616	509.64378880005705
-704.114638164047	0.4368103518229968	0.08413135450876338	0.07987458663712918	0.13038248927433047	0.0631477651484495	520.1881566232632
-705.0590292100017	0.5355638224360612	0.10422258776433381	0.09795285410501407	0.08842681795432968	0.07273969398016154	497.69133747941993
