# /groups/rgutenk/lnt/software/anaconda3/envs/donni/bin/dadi-cli InferDM --fs input_fs/fs_014 --model split_mig --grids 40 50 60 --lbounds 1e-3 1e-3 1e-3 1e-3 0 --ubounds 1.1e2 1.1e2 3 12 0.5 --output inference/fs_014 --cpus 10 --force-convergence --delta-ll .001
# Log(likelihood)	nu1	nu2	T	m	misid	theta
-867.0698684276367	8.22054385690519	14.012145710180127	0.6467721591244002	1.3879305762063967	0.15091051773500813	1055.6786740121906
-847.2942819768275	9.82878817981373	6.872702391411721	0.5812428624175132	1.8638233092731176	0.1530262906262158	1170.0653968400302
-940.8060335628122	8.467760706911609	8.021273888718296	0.6914348402869266	1.339434147085813	0.15552764073545874	1066.7732633595306
-782.4502242195609	8.629432775584647	9.831315828311844	0.676793994167063	2.1610725787503933	0.15574751616197374	1054.0742194648863
-682.2987115002068	18.889293470000688	10.86839803346601	0.6900571120361817	2.377600936284507	0.1556634468341999	970.0497243754353
-762.0379045379169	8.975953389778493	15.347335963631805	0.6035335402479418	2.3700048695379348	0.15703437829177114	1080.8989432069125
-688.7198403621425	13.59963976581719	12.765089041887519	0.6688001743435088	2.510385367788345	0.15513075762966216	996.4679574512662
-1165.645315251202	7.111014718619916	4.709416988886653	0.5395869724344118	1.8253707884784773	0.1545362480403406	1303.8741229725504
-772.9897014633825	12.367841143634472	6.075954128230731	0.6557786424805017	4.185766857162869	0.15539265240477604	1090.4378792860643
-694.0700886458221	13.285955329014785	11.13217682640418	0.747573081397705	2.1341824877247264	0.1577707445464931	946.7194950377808
-681.9885637810337	15.869897219499018	8.488845986639385	0.7043222261545272	3.5870150401209395	0.15655850676330513	990.7118379299659
-691.9574117775076	11.647005670608028	11.184110589234795	0.6680571084307994	3.004037836150874	0.15464745505668281	1019.2556402217618
-675.9790519124953	18.585780310519297	9.45775253784331	0.7181333891079733	2.6864106019341585	0.15567656393214782	960.30824561946
-684.843723188884	13.124031313619815	11.988017193576484	0.7370153897945482	2.785319043436696	0.15410479551420297	947.8225015794766
-746.2382886795375	9.254921014096656	11.481121280622359	0.5892662470430573	2.4469691252150336	0.15630262457699223	1114.3861320640474
-912.0939538825885	6.819354375869983	7.4029636785861745	0.5452934462745194	2.518692492739731	0.158931281511751	1239.8571851965617
-836.215404507976	8.426874173056909	6.761802563335184	0.5882030791097926	3.022351988885854	0.15541894784078264	1179.3882931107169
-706.3415361373187	11.914724071423223	9.85339633518493	0.6546306787442986	2.2456483702554695	0.15495893846896736	1042.3095030855063
-861.0914865096524	7.896207283692736	6.686328565776446	0.6112386435091313	3.1424887637470933	0.15484102126320903	1165.1845580621407
-889.4954304463486	13.517032971092922	29.343312801650598	0.6742697272645878	1.368503769016825	0.1545889554462436	947.1224553247944
-747.5153579192179	13.489997102709605	14.007461087613374	0.7265852812132567	1.3781130216745896	0.15692342243565177	944.2372107949964
-1138.7690096496506	8.591308440316467	5.530404946825115	0.33416120280241224	2.124712796519951	0.15670205960424358	1577.5846014613135
-747.8239512360283	10.881237555926061	7.38873829513094	0.6204635749294111	3.3080928493713744	0.14798277318826172	1110.5890186741858
-675.6689515644123	15.328212429962438	10.315683512337545	0.6632267796375819	3.058735765932338	0.15709369529241793	1009.7090997150013
-883.5548553925979	6.949899168479442	11.961260780385564	0.5601233356041049	1.8586853442400804	0.16081848682653033	1173.6936672121617
-722.1903526357473	17.84467556883073	9.169765016659172	0.6603300390070459	1.6450123252745839	0.15406576748333906	1015.8007083964831
-907.4171308561271	14.086251834645656	8.702956074364431	1.0809908182474448	1.244297963073633	0.15907020264921728	783.7151391216308
-700.1836583612563	14.003865555314183	14.15196643592903	0.7030335853861509	2.1509156082463816	0.15487610703508917	958.2083611643626
-674.5761435801771	15.765379396365066	10.87648322076925	0.7248440465177202	3.06470808759365	0.1560192277709614	951.5827386239778
-674.1734866670134	16.092368919399092	10.491961350790014	0.7183692737115254	2.7741905836964675	0.15666034263732997	959.2061421452213
-675.1937936034875	18.08698989097521	9.487311092338139	0.6798880460599445	2.8311718936241874	0.15615351071973274	992.9089653665111
-701.2525562792808	12.551738819634867	11.479916271064582	0.7134556900436494	2.0408200578479523	0.16028962511874875	974.9031988710159
-785.7351999636539	7.5599170815414265	14.402506791796059	0.6357139229183731	2.9204909322617523	0.14469296060052853	1071.360766050546
-689.9698414637426	15.75405670870118	9.222517668366747	0.7151960419304764	2.1778163363886467	0.1572136775829227	976.5591102662107
-688.612239257473	15.674533374737369	11.123864390109935	0.7856469857234923	2.120250116213238	0.15811501881317488	907.4040880383048
-718.7430970606629	11.642905742360888	11.196459239020347	0.6465693784110327	1.9125803991374934	0.15497044179345823	1040.5426942687966
-673.5444054504313	15.990845446839755	10.084375308820064	0.6998574724170362	2.928505392121981	0.15582276581168736	977.8942641886947
-731.7925299829122	10.732859499581803	11.32406446009574	0.726162590143633	1.9123626002746186	0.15525231285927865	979.8624875484503
-679.8203193271468	13.826536277039175	10.479282205496196	0.6865547837838493	3.693807131159274	0.15651667974216033	993.8664731547577
-797.55040547437	8.098999273832689	8.296646734539154	0.5597192009107356	4.318082766157631	0.1581222798357831	1187.456995433741
-3243.3450541838315	2.774720872553928	3.525956977008557	0.1730048690946907	0.020291562237292962	0.1384510021477885	2237.3345003346776
-715.971126259803	9.887067184202415	14.130311845271065	0.6775694899419137	4.392944270971341	0.15754258385902517	1003.5946074679847
-677.2197821862508	14.146754363245758	10.421935976151659	0.6979960399587749	3.2736583899930043	0.1564116262364491	984.1617162961761
-698.3017229654838	12.051809324953785	14.39809285358237	0.6964108715441805	3.2697156623845363	0.15450489546150786	971.5124546593065
-682.5785811583218	17.160967273176045	8.103405011695678	0.6760407846279395	3.833615729723064	0.1549379483387805	1013.8249081373051
-886.9523320918084	11.599052501119525	4.792954089912747	0.5896374603915452	3.060006919050288	0.15449342516761547	1194.6819531200229
-703.6719994965783	11.940641101129973	8.88892474776141	0.6563631904253896	4.176828073260298	0.15652738906963795	1046.7214043825068
-729.6474068441225	11.407517749495604	14.92779714290993	0.7752010960702443	1.9392811915778003	0.15538300853824516	916.2676134301843
-695.8556732041977	12.132666554384391	13.077034337218958	0.7324464953385412	2.5058854729435054	0.1559012474484084	951.2240175939467
-705.5045817420839	11.990549422676045	9.511470981655323	0.6747994733196886	5.163653296933374	0.15755936066313894	1020.5214442049314
-746.7649605189314	10.489751427653065	18.907728591586103	0.8424167966521191	3.107737852979387	0.15684500340544147	861.2384217512476
-711.2194053636009	10.58968338175932	11.485303541594778	0.6533418287532621	2.470544631389183	0.1560159085652069	1039.4816969130209
-695.8380947911705	16.858195916042398	13.90569181826684	0.77018742394979	2.6551237384139434	0.15435950944912188	894.1462862395002
-710.0542338988203	10.201785964088524	13.128190808525822	0.6670211365156489	3.948315353994927	0.16032167493611021	1016.5090709124127
-711.2972679053852	10.161753735931862	13.786307129270515	0.7106345937489107	3.4029288503821915	0.15548091495009175	977.8737421370076
-691.9008468535237	11.924017138373557	10.364471167417479	0.6411757826468366	3.1732212516723792	0.15576670895282085	1047.9810185529507
-695.3042136287468	11.238296472411502	11.404761063194778	0.6826409572724677	3.469162513892462	0.15621359467244447	1006.9710188399993
-672.7577111536514	17.216670291680682	9.773685206056998	0.7047575560083494	3.1445682428193553	0.155825500302451	971.6163824036934
-706.1982847126247	10.609006242328071	12.853185473541783	0.6938165114548245	4.402934345602098	0.1555816509190161	990.3551022668735
-785.4118999378591	13.642937764831453	5.993568019649914	0.7631706940759762	3.5074429162228236	0.15608830165233983	1000.8823961801097
-730.4298652919198	9.954306499353988	12.457359675822728	0.6043896805319419	2.4353093372902204	0.15052652642532374	1085.2894403271255
-783.4603377354277	10.469469518498276	12.495187885897153	0.6871438409343583	1.410322180771115	0.15957644182743713	1005.7988740745911
-672.7036858163706	17.211765797924862	9.919450788116734	0.7055278298487255	3.147257080599069	0.15588781326008963	969.5824842039743
-702.6020533563344	15.664383317960858	11.547185071524467	0.7132824586697754	1.719183476839094	0.15385787652551275	958.6532844893682
-830.4704862988732	13.586857965531223	6.557726246506	0.5783204713428637	1.642432160814248	0.15256398167013288	1150.6759216441235
-690.04151613465	18.31942356089785	7.589978000641746	0.685231464385431	3.0874035526371366	0.15870270278069074	1010.7522026628874
-770.8371520011151	18.40839931989454	7.560420608468489	0.8536143938126256	1.7077521046875865	0.1570915511622797	892.3641865709724
-733.926827843721	10.364190631656303	11.058052893988664	0.8162685377545276	2.63581266095445	0.15629682291978386	920.5411047773891
-739.8368672534457	19.819278069151334	16.28195788252096	0.7689875044115934	1.9329190945036125	0.15389271342933902	876.1395523630158
-781.6150087384102	65.3023914306524	5.481626990193927	0.8321109555829745	3.682000958556507	0.17279700834301015	899.5144270715856
-679.3610613786273	19.490333151487057	8.410351990185271	0.6836628179651465	4.308215742504203	0.15625922362235356	994.6051549100631
-1365.0823016837119	5.495748586791552	4.206655711055447	0.6348973105911385	2.3517172287582704	0.14043306528412774	1266.2418520984834
-674.3987715917035	16.812415394664065	10.250786130666272	0.7072240764253057	2.6711294834884507	0.15563932543857897	967.6156314660831
-681.8702652719294	13.553979694778794	10.89442259617592	0.6880754269017852	3.8546565805461324	0.15734791229456194	990.1284828976654
-672.7049316899208	17.25067017693243	9.907371692791711	0.7056331785518145	3.1597409180582607	0.1559143750393211	969.4442371130896
-844.1934806323875	12.32655451174411	5.413025463244319	0.5018538255699285	3.006663617861744	0.15288296200273818	1271.653893077233
-714.8197316533751	11.642274850854601	14.565477422691243	0.6718213161150987	2.1866297227397173	0.15338485864771687	996.8778170709645
-749.1097569183086	16.800579976751944	5.767351589627229	0.6776334548308272	4.425079271016502	0.15313488829981692	1055.9535282854629
-702.1499345386605	13.529712501449653	9.111419999485305	0.6858030125247364	2.1438288293472474	0.1555517612929024	1012.8705873456303
-948.4114784238586	10.98441703355902	7.866778885550759	0.6935957626131332	1.0357489054357205	0.15976225774291078	1040.7675811930199
-675.4316762927715	16.67578409798168	9.760156666733602	0.7095842606655974	2.6373244188702896	0.15570111034885603	970.914319060414
-959.088649414476	5.523402567641608	12.032042526287666	0.5613433615986757	2.2767822245824316	0.1530091985781643	1200.7536935203627
-703.7397552219566	12.638739726153949	11.68192982936718	0.7642694306859958	2.022680039299502	0.15637663762680365	934.5699796910448
-676.4708674933122	14.520298272838936	10.84760273631052	0.7142466540886314	3.0664800791205984	0.15831747552028283	965.9336662655968
-894.3145291594129	18.642332965310388	6.365960107677628	0.6994033556501176	1.2833998539594729	0.14360610537706847	1019.2169380442689
-687.7932877789683	13.69020945255579	12.071300993550263	0.7376092234597275	2.281553145983068	0.15687450930358043	944.651707210498
-679.2540500355539	15.414591551685366	11.84716646978465	0.7011376661138812	2.589044222950024	0.15536143399039898	965.8345424513992
-673.7377495455569	16.968387814928235	9.323525869460823	0.695997404693437	3.2628275947489462	0.1553903650811024	984.0996092170332
-733.7167396718202	24.993766089160804	12.914178713602842	0.6915108343116612	1.8797793702762136	0.15600345318212822	941.5040112551434
-675.1447425405387	16.19418268975651	11.066012814363004	0.716003082547673	2.7551938702360625	0.15589014479302496	955.9404777559957
-736.3516637678255	17.68468432953866	13.578208160520813	0.6719758621766383	1.4358828858695725	0.15408819758205328	973.4417876830279
-724.5299339229525	10.294850584892377	13.31851153603267	0.676545554092905	2.218213649931555	0.15954944110490787	1010.0754511984417
-1005.9814745254537	6.858256059032803	7.244113496754213	0.463636591228944	1.820011474402663	0.156693965196304	1345.2076672199405
-796.4844486714069	7.357090603381102	12.854042640578033	0.5346095333261356	3.839152757564001	0.15834120821235856	1188.2270630134133
-1125.2724630344796	10.910186458714726	11.738026183391339	0.3624100091051664	0.671793724898796	0.134165225404637	1430.4652309804642
-678.7173189003393	17.985214470662697	8.828716351722504	0.753209815577173	3.5308269602954	0.1553204985246496	940.8261029016209
-673.2926348538531	17.249059445887127	9.795874146538123	0.7128400838125473	2.90332342919662	0.15605484927997557	965.2644671478006
-731.2321871762956	11.304672880242219	17.837485371339945	0.7413702995980116	2.470962592927253	0.1553964117062886	928.8335710311088
-919.0070341201108	8.974301087484006	11.979352333194958	0.39554909296101676	1.9532800175696403	0.16338454720520673	1380.2852021681563
-672.7196446988685	17.006897441247325	9.998507595308686	0.7053993137361065	3.133870567377956	0.15598093181202327	969.7178759315436
-690.1673908437444	12.192771694075654	11.948285460674848	0.6915231629298074	2.6115427046369537	0.1562197544632193	990.6024268214675
-884.6248972249888	10.687424838353929	5.497702913903357	0.7765820009123345	3.9392739522275204	0.15170912312029797	1025.3657451129552
-697.9987527240714	11.449436621901263	12.426725074192182	0.6738766285966238	4.357248127007885	0.15575776790003903	1003.3568652846612
-698.6985090906005	11.511096893113349	13.333622662485451	0.6543569258977783	3.7322499027672125	0.1548562672272177	1016.4325896606514
-851.1922127993234	7.740429867887515	14.16401539601043	0.7460833384249485	1.691823225442424	0.15135504566753075	979.9331044108294
-818.9844017590085	8.741408029514488	8.643122253248574	0.6446741944505227	1.908329714989846	0.16498204729541724	1094.3560736752888
-698.8803722896016	29.94184957343005	7.264284016235254	0.6879358862327802	3.46373058667268	0.15740348506113477	989.1585518625373
-697.0199639443433	26.465721293737055	9.52695728665122	0.739777329342135	2.671168300113997	0.16422335825568904	924.6403732144446
-672.7036614126614	17.20686692254764	9.921729551279975	0.7055311283681632	3.147364892737447	0.15590192006065617	969.575718014504
-683.6513561166729	19.028724205967247	9.93750152094681	0.7040533312048022	5.048526544213415	0.15500208630421736	959.6552964316846
-697.4381537359964	11.449546735866958	13.419278231331456	0.6815118850964696	3.569304666277264	0.154776575232487	992.8427452238875
-709.9203953111969	13.822011278683446	10.279689276809126	0.6739103937753677	1.7756626424690947	0.15397772741570462	1010.3727917581065
-754.0273966852454	8.411262138940419	10.586227586551388	0.6020074841688936	3.702983515306553	0.15057357347742603	1115.8094849744261
-807.2562197943829	7.437149017363791	9.60928438223621	0.6539303438645104	3.0046062797100093	0.15342525514124283	1091.4938413650875
-681.6686517719511	16.911673917481234	10.26704426349551	0.691043227512341	4.721042531731457	0.15680286297437548	975.3800811299413
-696.5033421365406	12.573882674574858	13.617693247934222	0.7163291531142383	2.3985589662802704	0.15570735820098106	958.0109785121819
-702.0014522397718	11.507726541486443	10.872461724356711	0.7594753815856424	3.3590661199424603	0.15204804910432745	949.3200750996298
-673.0603614480071	16.92788692460427	10.073599774037248	0.7063729221516699	2.9231258514819887	0.15665603822501514	968.9733760995842
-685.2030345203834	13.050769980416582	12.08609428184596	0.6740788292058696	3.6038653780403376	0.15565692590749106	996.7690889028681
-679.1402223928092	16.58250837031912	9.911662401215818	0.6976049082093045	4.448820854537726	0.1556912170951481	975.2749418442652
-682.6100617990078	12.892007825145411	10.886541021262662	0.6787154582266252	3.0202996863478266	0.15489696378058093	1004.0646855021109
-673.0280764589331	17.51325016999844	10.005484538142172	0.7095076727912101	2.9505206913968376	0.15606853810915672	964.8795627017186
-675.5954299260037	16.184436865230804	11.30116272387853	0.7103440225221573	3.0656373109897506	0.15575392090484488	957.9810223815831
-750.5381351927431	16.35926694170646	13.567445264814936	0.7656689712219606	1.2630501282763944	0.1555753532729921	903.9237412451259
-698.2304976430837	26.55276744804679	6.910829769012024	0.7034358631555622	6.218512671280225	0.15677651036411225	981.8364783858198
-1156.7944241242344	10.93885361919276	10.960135193058782	0.4282783612797078	0.4949624303355939	0.15437641437127256	1315.3055698693238
-696.6409939305977	12.05859775072344	10.090030112791128	0.6940153999218449	2.5495640649199816	0.151066229773818	1004.6104208833574
-676.5762383038855	17.86100825306737	10.636613024973128	0.7451431685154897	2.608977093968348	0.15725822283739826	931.0001397640552
-777.0170275425216	12.675260625768956	14.434239991523473	0.751346806731553	1.2453331630284339	0.15980495677552506	928.2601167675232
-705.4229668305034	10.962892370368909	10.6263011749099	0.681353988602347	2.5751612302409974	0.15686362412702032	1018.5651188292121
-771.5379046767799	8.81819787139826	12.394482700300571	0.6373859747095693	1.984982800266215	0.15454486444748483	1066.13596534513
-672.8716650968875	17.601036495285097	9.684936326061347	0.7046964898114995	3.297773131919872	0.15572705559231767	970.8401238360443
-803.7131225555602	30.060686110996468	9.606285640339081	0.6656504017701909	1.2618165582700747	0.15577229529338918	980.9160690691314
-679.1405514543924	14.34666283357968	10.615209568259603	0.7483463475301565	3.073349098402425	0.15680549908085684	942.5477275724087
-686.1978052314059	12.677348120914376	10.613145037207861	0.7163535616099796	3.508879357694073	0.15807498249261467	975.5433928944345
-718.1160082987822	10.20316436884779	12.447322495744602	0.7683635406176353	2.9466463421490685	0.15683907840622918	943.2305627830351
-702.1325700527593	14.332227103400987	8.62717235744918	0.730192868530399	2.261628652145352	0.15670794775061314	978.4250793553595
-769.7163420410452	10.436527272783078	7.3056563202096525	0.6329228400730179	2.522114216369701	0.15727533763127896	1105.358949047511
-694.1252411974311	12.109093432086	10.855270215512146	0.6887800271013693	2.4229087471035604	0.15407929794351602	1002.1256474891873
-721.2829832546464	11.819702941536068	10.767530359507388	0.7045648204053814	1.8272062120782246	0.1563612593605904	992.9953947737378
-812.0166208408127	9.524374672791412	6.550982633029985	0.5781216042421601	2.95926963793022	0.154321407845967	1181.091982785503
-707.258630693704	20.846477756769595	11.402360636536516	0.7578708695954659	1.754025524815478	0.156601891031113	908.0522963156559
-677.0590603976375	14.686452696213873	9.809077545087822	0.6730128800070226	3.422565500164301	0.1546126009096442	1007.9720416847844
-7153.81969799089	0.4711743269893362	0.31285068896114265	0.001256825443950973	0.12000293916759415	0.14089489352948698	3464.9655275481273
-761.4719000575147	9.321314742362038	15.941857601223031	0.6417039250036802	2.1182956034829874	0.15511195952047674	1037.8921744934012
-705.845218478037	12.04109028924882	14.503014677151139	0.7014284844236376	2.5545698190257826	0.16451159971412208	968.586488588514
-680.017435284246	19.808300315477965	9.929935838913815	0.6489240843664716	3.212040507409267	0.15595086472441155	1010.2715580251792
-907.2843848564894	5.524691517615579	10.66094724686606	0.5669506860198376	3.739110323693203	0.15549410316050127	1204.0671548184087
-1591.8926331651132	8.540206630881658	4.274336370979325	0.3447936030180447	0.804512467473095	0.15213217936441276	1589.1865053716765
-710.2190597061096	10.640203441945031	11.302063306516507	0.6622317852270819	5.095772076701435	0.1551896923057552	1026.0142874070468
-906.5795718930867	7.3570494314264545	7.615395363524644	0.5597964881194774	1.9967455316545113	0.15270307647134707	1211.901050204774
-728.0719438579698	13.931902388152302	12.797542054478319	0.7222399541988505	1.4907472875774517	0.15542512244868087	951.9064076420051
-701.1160624086608	11.481504444187768	12.74936465118134	0.7291093907148325	2.470390345915966	0.1570957853812888	960.5455946378765
-682.8054749043702	14.715691493314528	9.362352498622743	0.6510369345288253	2.7216996024377003	0.1517046327990635	1033.3707052891768
-700.5159390827318	13.922714669401373	7.837606964743493	0.6624774872959672	4.036863849621833	0.15577639690873996	1043.286114332322
-678.1478904482734	14.43606705471613	11.671071512781063	0.713772428472578	3.0560883276628084	0.15666554885542802	960.3732795080899
-711.6639526095837	12.802420729037692	15.224969633858858	0.686194907657058	2.1834639508070457	0.15310194406105376	973.8106696017268
-681.1639254024735	13.32911028522392	11.517572330781407	0.6900494065124906	2.869102433201327	0.1555566110474392	987.2989428767445
-747.3822956848697	8.57699397518569	15.858004289206141	0.645583260233906	3.2130598133781474	0.1555483073449149	1041.1905516649563
-838.7191081504209	7.570716980792184	30.068795985294773	0.6011056353429141	3.4534964177899474	0.15435780182206804	1065.5346456683358
-740.875068195779	8.96828590649209	10.210006646975625	0.6044785609706573	3.6633997041013973	0.15273983887219655	1110.0197748801145
-707.3677005182561	13.066277876964294	13.112624511839648	0.7980868550910126	2.1141813973302237	0.16555442652064037	898.7191276445946
-741.2112741365954	14.67142377631755	17.881704569807088	0.7136047820971023	1.860226389880642	0.15616576173936317	931.4916071962522
-676.9534892904323	14.537593387506519	10.911465563196364	0.6815748507445861	3.3959500673441116	0.15576288799849083	991.530896219813
-673.4538432079445	18.48111745320783	9.42539253506257	0.705447805554223	3.1102348764963574	0.1558600962198588	970.3427098935895
-678.2731100780453	14.393315575437494	11.108075060834471	0.7323153806198734	3.3159283558849157	0.15536308402454185	949.7010452883555
-724.7743887160389	15.335478601483715	6.884756375476872	0.5623196028817026	3.9494458760852305	0.1547738641631335	1151.3321219563836
-697.9259233383473	12.302181213408709	12.969212220647602	0.7245475862857027	2.275745974017721	0.1555876961963987	957.3229911967646
-752.8222892844167	8.88311180128399	22.397581413566254	0.6963421877531616	5.226734869834306	0.1560295468489093	968.3656988852471
-698.6269318390764	23.593590781303085	6.815985188539985	0.7059918178765718	5.404925873399748	0.1554202945548624	988.7827554125458
-739.6031723241289	9.76144327230424	13.281685546338684	0.6524625293643831	9.190398076231594	0.1517655106451648	1016.1071380507478
-758.8967913827373	9.76543639490043	18.323974108810518	0.6621830175472218	2.293242770998829	0.15368912708121213	1005.8163673811723
-958.5734862894208	6.477339802739252	6.124291155619683	0.554201825748669	4.53927407837832	0.15569182680795166	1257.3850037624115
-672.7036696811967	17.21072071637629	9.921995101204075	0.7055588821773792	3.147171077701613	0.1559018263449806	969.5368475970517
-681.7939054870902	17.1074330320885	8.338793898079798	0.6781318620859055	4.190350078413569	0.15622501677387327	1008.2584636518076
