# /groups/rgutenk/lnt/software/anaconda3/envs/donni/bin/dadi-cli InferDM --fs input_fs/fs_005 --model out_of_africa --model-file /xdisk/rgutenk/lnt/software/donni/donni/custom_models.py --grids 40 50 60 --lbounds 1e-3 1e-3 1e-3 1e-3 1e-3 1e-3 0 0 0 0 1e-3 1e-3 1e-3 1e-5 --ubounds 1.1e2 1.1e2 1.1e2 1.1e2 1.1e2 1.1e2 11 11 11 11 2.1 2.1 2.1 1 --output-prefix inference/fs_005 --optimizations 100000 --cpus 50 --check-convergence --delta-ll .0005
# Log(likelihood)	nuAf	nuB	nuEu0	nuEu	nuAs0	nuAs	mAfB	mAfEu	mAfAs	mEuAs	TAf	TB	TEuAs	misid	theta
-4343.386789069628	0.3012467941072684	0.4210348733837156	0.01803560767039904	0.6921346250110644	0.575990998558651	0.5959790050035406	7.81502750664577	9.045720317467095	10.294641443374392	6.519589309905869	0.2723567451504728	0.016401272232331864	0.029957993730090404	0.007560070040520514	1987.080062552682
-4360.54844456801	0.26887437706947137	0.8188252398926973	0.016092025528188454	0.423789273084096	0.5008880566895482	0.6763907179154678	10.942882174329677	9.972579284407084	10.999999999999998	8.422941319050697	0.1555612883831519	0.1219350304710947	0.0370611411447993	0.007712838771533241	1597.156438700024
-4185.245133305676	0.41364335860581847	0.8119712792857484	0.020140058382887308	1.0020735549901874	1.25819795812683	1.02025543380283	1.3624592380768747	9.52868939099519	11.0	3.765977007057649	0.14957634764993327	0.06860631096456372	0.0361081588374964	0.040265720376675945	1319.1441085293548
-4410.850000118454	0.2927340627086214	0.9094417811683315	0.013087131307527861	0.6268160943921471	0.5785470506332028	0.5464687278860351	0.10623584796533676	9.134753060876491	11.0	7.420331588860231	0.10964287934390372	0.06608113079162187	0.05042077253634491	0.008321089526989567	1487.6661390656454
-4325.091551359609	0.3836190589784119	0.5272875124617075	0.016902360777119926	0.38105991468457756	1.4330251792620827	0.6855987133243696	4.08310521316398	8.318092046672588	10.45453107863648	7.337663021861796	0.034575068788052686	0.03694633146911425	0.07581875592692693	0.021470551950475012	1234.7767469927983
-4255.222956621593	0.2977843927257118	1.1977277318981066	0.6750992147511922	0.10375037106459559	1.414737211278024	0.7477784509328118	9.321057841724693	10.609287666315858	10.988728569628353	4.783399581914777	0.13738935988087161	0.044736086369302215	0.07085676857000109	0.03518050563392363	1407.7690205390807
-4313.827176065259	0.31909695672927424	1.50531651222845	0.008354931874013401	0.19957338887061296	0.7338780651539443	1.0778349077943579	9.41458193352366	10.786834081638489	10.249431813104502	10.479920333565708	0.24153655418710687	0.008599468844571957	0.07652888330055369	0.007635747034710854	1777.7801568638374
-4307.946705437907	0.30165330828926823	0.7734242076932084	0.004670509189012464	0.25470333162370073	0.5633533696956056	0.9743920435397149	10.905199007034867	10.094872179992707	10.978577607480338	8.026110754960103	0.08533618251527789	0.014674213515493627	0.10268403631658464	0.009766133408858966	1504.5117564010818
-4192.888974906319	0.30455730704076767	0.04402297564130278	0.02551698958456097	0.27128165149329075	0.9844091041701843	0.785189794908786	10.73069683414745	10.335074365651725	10.995150733098182	6.025967905522346	0.024428009053812576	0.09562892054112705	0.0716652488382806	0.01572590184909164	1692.3818866281829
-4201.879219615711	0.34334902518535443	0.04190839290351432	0.03534582564818091	0.1726427937916282	0.7851571538449009	0.6869005827979572	10.921323155911077	11.0	11.0	7.214021427125052	0.057412282585711745	0.10333769734596102	0.07779479644885691	0.008111702219376255	1763.8324639211403
-4250.3455973420905	0.3572664404031085	0.2722599166668394	0.140538600333837	0.11050082080580456	0.8595296768438908	0.6917767895677237	10.954399933820396	10.603861823024753	9.46829461794079	7.137879841083342	0.41818231612828294	0.001461325361652259	0.07869933332000491	0.026599717835756886	1805.640799923871
-4351.5099016249815	0.2585592494949934	0.6014080843708406	1.3742792497961491	0.0736971375932249	0.005760646063353309	1.3892756969281481	7.334970525325429	10.337966277307174	10.743246376266166	10.97502001363613	0.17707984886663783	0.0519032452176485	0.09154281364828301	0.008890643405267169	1898.3828983935193
-4246.83142197504	0.3257989899618933	1.1161771239046272	0.016729265887198478	0.6891482259471	0.37358185148460604	1.8136827182251738	10.904169920865497	11.0	10.914740187332542	5.475835890866935	0.24930103503697934	0.05522578390913543	0.026044244771819932	0.021542593391474955	1666.7051286595756
-4200.729115433404	0.30517096869616966	0.03887051295101574	0.02951056843144942	0.1669107613777306	0.1821228536555962	0.9804582653618608	6.95272201911737	11.0	11.0	7.4643091723698625	0.0385908529269549	0.09108591993354148	0.08791531352476134	0.007632695622639633	1778.8790535574326
-4188.54267745694	0.33291450954090357	0.01931500176768866	0.03690155572744298	0.13259595733439528	1.6251582918445153	0.9220736391837739	7.633300646303822	11.0	11.0	9.602284564245753	0.13443115962486762	0.018209288197395423	0.08434844117574446	0.017082440646102797	1723.8949788627908
-4252.065249948418	0.30891079222448165	0.03424889297114769	0.7228084367417518	0.08135444916819873	0.15200671061362062	1.1024614555953323	10.99787875810079	10.341933706597095	10.852817094681763	9.800827691465836	0.06302417760027003	0.07717557905202761	0.08501591462379808	0.006046407069011996	1757.755218415869
-4206.365784472877	0.3163177334761063	0.033484630625163714	0.026467160379580204	0.15182420390095344	0.32081323074778995	0.8357260622819472	10.894870231220091	11.0	11.0	8.723540990361432	0.038015629648945934	0.08782173851414668	0.08996307528161451	0.0032621816286846636	1810.4299260583311
-4205.559414739292	0.30121232138551374	0.013483340576042184	0.014208767484223723	0.13443025975951842	0.054603376391050035	0.7296982381536798	7.135642836514992	10.993168437568054	11.000000000000002	10.80986045300402	0.11227084240286508	0.021385724653553463	0.11237721415636624	0.00229053636222731	2059.6347737857577
-4127.149803519062	0.3294137635519133	0.04047428822770668	0.02173584142215656	0.13483113002646918	0.7302968972796624	0.5651442528594088	10.825315958938063	11.0	11.0	10.730830934953705	0.02027247762535855	0.09051402422694144	0.10754399451699656	0.03145441609567233	1739.930038193502
-4214.331563367335	0.3406719693474375	1.3292573442938316	0.004628237830051525	0.15198866846409756	0.9754122296555131	0.48270620953938814	8.65813903437391	11.0	10.940050501750466	11.0	0.24851872514392953	0.001	0.12565674834710377	0.013381885539225319	1830.9457766172286
-4250.510686904282	0.35913827666920356	0.9201175017840314	0.0028603638369432585	0.17201569979436301	0.5456843635236475	0.7267685024376052	5.221684555769166	11.0	9.177585780949027	10.984859748332463	0.10305905653194104	0.001	0.11466898537919176	0.007343526873893897	1573.650568950216
-4197.744816494498	0.31196749379201194	0.03263901573193869	0.017763478684249216	0.1458897720850264	0.0525781576221743	0.8129978358504448	10.163271672969884	10.842768432453617	11.0	10.003692266432624	0.020868773815411322	0.10495807547156889	0.10261158075169734	0.003484285338223152	2004.8155618894448
-4147.705439490824	0.3238862119326959	0.0408133694772413	0.030631649045151484	0.15158774315299858	0.5507716036348815	0.7215041742699805	10.685399425492847	11.0	10.94551407594895	8.59495632598332	0.011968412807354173	0.10037882317484535	0.09758745410215064	0.021991883101256198	1710.1235862563356
-4445.757084624684	0.24814348717707888	0.6978268259999121	0.579772160124238	0.08398615892330934	1.1294155699568327	1.2892844953554614	10.388470457905326	11.0	11.0	5.686886477408247	0.1285500110626161	0.0323051111097182	0.050737623897652885	0.007249939151527411	1600.3524821167177
-4168.134615926573	0.3235018218059081	0.038735084101063286	0.020068573499558442	0.13311954298317394	0.6514440571319515	0.5708344496400782	9.216216032469317	11.0	10.97248372519591	10.993414301809786	0.014033683071975445	0.09996247639971269	0.10744990917314359	0.014317674081917284	1774.6776267887535
-4206.070958355254	0.3061008866705095	0.017244357794483644	0.017369608463968417	0.13305793614746153	0.92444066930901	0.6369042241132905	10.978564842467335	11.0	11.0	10.979950099508004	0.08109097095377188	0.024932188954511585	0.10769093427989251	0.003578988591090996	1788.4731016006374
-4221.525586742326	0.30531430140312604	0.04148018114275853	1.4567271688156798	0.07780054147012289	1.4104637869311327	0.6604514170961494	6.444216525499476	10.999671234547971	11.0	9.41201138289483	0.021868466745494183	0.0804429568279456	0.09235611788053955	0.018426182178969266	1548.074261061081
-4211.791318637346	0.299342313843158	0.0035153889305814404	0.025648189563915496	0.16876981916866973	0.3202109020940136	1.184751261321853	4.7427362183322375	10.999816644938743	10.996595615710307	7.583754661002159	0.08278110589161278	0.0035870485818227118	0.09501864338007232	0.00630246013817669	1701.8879168348724
-4194.244421024386	0.3088102537509115	0.01382959127593547	0.014026654635061406	0.1353175239505926	0.5106546250608722	0.6103569374183414	5.952578533039852	11.0	10.816388581415096	11.0	0.052571941686028106	0.0192078665904789	0.11621345961409625	0.005995678085052955	1752.9582308738616
-4095.446648307333	0.31991410993139074	0.04169727743601157	0.03527429582762858	0.13453954415700078	1.4510477048705754	0.6345202546891973	11.0	11.0	10.954321511948766	9.778089612708008	0.0015806435968468572	0.08450540603064781	0.10339717756388009	0.049301462049137185	1621.5916857548611
-4169.734940055876	0.3223928281012621	0.013591563211502521	0.024332974192438447	0.15031497222993556	0.36092660953195926	1.1361827000536053	3.059577493619276	11.0	10.788408760559097	8.758788819794049	0.06923970406981154	0.014077577051022602	0.10396377316989794	0.018188014185515997	1641.9866696583088
-4192.995967675733	0.3405505319011838	0.045593400700348174	0.01948263884704587	0.15694901844064355	0.8285853841711446	0.7393940999515912	9.128365890071727	11.0	9.262297094347423	9.197429289280905	0.030682672010194534	0.10193433616753661	0.10438705058224669	0.010550364317895486	1691.1057127383888
-4093.49888652594	0.3513731373511849	0.037958254229504156	0.03291033302789281	0.13398247963912643	0.40914638567701245	0.8255222039496928	4.3905466071280985	11.0	9.922082034652716	9.508767011530832	0.03603492916381697	0.04876614314911921	0.13166097203942706	0.05145355837702211	1570.8229024927068
-4201.463935180951	0.29778715944232703	0.017243953175815275	0.015256877566134443	0.13513451085810474	0.7440949576051482	0.5580713105698627	9.328838318409021	11.0	11.0	10.732154343202177	0.040278655879417244	0.029042459206421907	0.1161854263404731	0.0033597631356886717	1758.920185926811
-4374.466343557663	0.2770711922044287	0.8068366639160794	0.012668559360965694	1.1321590355552704	2.1968093927246444	0.3474302667827325	10.997108197508828	11.0	11.0	5.810765588064852	0.18647724393396542	0.0841821780957038	0.02141911218191146	0.005082663822886006	1678.7127884870972
-4322.832284642987	0.295786420712401	0.8335067695440291	0.002729085598044759	0.22755407672571826	1.0340292601195262	0.5221157838239687	4.775260132331734	11.0	9.411661419493601	8.899941885990469	0.09481216495420147	0.06129811120999843	0.11087767124172734	0.002074456471858465	1566.178843855841
-4251.520800710282	0.29419142925073877	0.02657081670602444	1.4653793973551448	0.07676863760863353	0.14302952801234292	1.027119890895411	2.612269241053976	11.000000000000002	11.0	10.018041585580264	0.07911342812564374	0.034953210803338006	0.09701054723668193	0.010499640073406829	1669.3838001915537
-4183.327760157349	0.33321064528990185	0.007347742292935878	0.011613541860049396	0.14155589366948065	0.056465449700074215	0.6957937408106067	9.908286509199089	11.0	11.0	10.423903528602654	0.0704950970947976	0.011978389923949275	0.12909695899755874	0.006679596134599678	1931.6814048226495
-4211.560545462347	0.2911029183249338	0.03170260749793914	0.019142074631243653	0.13932869559227143	0.766941292322822	0.5847040898441174	5.199235638556788	11.0	10.997148196254091	10.936691729708949	0.06446205695088993	0.05449566514118799	0.09552286133985793	0.00415930097886088	1809.9921570908662
-4173.216607672881	0.3067190349299155	0.011260060945731698	0.013293573977257375	0.1384783345175114	0.207048492690848	0.7640394072271267	10.991252998406626	11.000000000000002	11.0	10.31349334607827	0.05367769931581324	0.016291893911230197	0.12755103873040707	0.011198253914350722	1794.0921504504515
-4215.24917031254	0.3422794261473006	0.05340867328514002	0.008320196345407945	0.1464389542214795	0.038922234788057945	1.0089373223596256	7.487634757573861	10.999267648826164	9.316635530850936	10.54933253618109	0.04895512799161298	0.11667899308854489	0.12069637637105635	0.0024395442366747814	1955.6682309871132
-4481.335133303057	0.3988813363539109	0.4011316182050815	0.01658850098511954	0.7708330755668765	0.846481520528867	0.6165909942814131	4.153621349289606	8.681401322484103	6.853313399864452	6.834752589890149	0.0645478036168466	0.0030247914229454484	0.04131703019246537	0.006403392682817377	1353.0049878492437
-4213.000261049297	0.40563655000383836	0.03826664835178396	0.00883216192269556	0.14637221038285256	0.2836311459735708	0.7933290340810244	7.5637554610379825	10.388375451502382	8.983502824432758	11.000000000000002	0.016359043192587887	0.050311927971677405	0.1274653209349557	0.0064553540885341106	1602.6566750066245
-4265.120218537506	0.34063363389611573	2.4841998896537687	0.004607750930848077	0.17026745967996548	0.4470809866556671	1.6100190698963868	10.828498462422791	10.967118098543217	7.643049949591411	9.12117706007125	0.09123054416571327	0.0943034413322985	0.14394794359305976	0.013648882602311027	1408.5547622877332
-4141.586352604891	0.313388246253563	0.014972339106545652	0.013581405323723249	0.1418420813620339	0.021512425190470943	1.0147126211098778	8.772043819013023	11.0	10.989440024535464	9.91805600273579	0.005252601344047033	0.033476160525985364	0.12790510740742733	0.01693050482067832	1909.2383071873119
-4214.943808961065	0.3272941329807613	0.0027238385488157868	0.003959849932615564	0.1372660174613759	1.1700672172026112	0.5268882588659873	0.16817329190557778	11.0	10.491252845408116	10.936453080380636	0.001	0.42127640898606245	0.15667470243226905	0.0072300966856422835	1782.4747983474344
-4166.011023708939	0.33918412353629307	0.038731348207720256	0.011550336028001377	0.12790667991421006	0.7489842594531596	0.5566840195094234	3.7555340394308723	11.0	10.956307872450983	10.850386341269665	0.0013494153280516408	0.08008457615992799	0.14573465583086478	0.016620839631153586	1691.7700069964847
-4127.6905088807325	0.3256610587129621	0.030661947467917835	0.020271922924209318	0.13472891274929127	0.033708800514747145	0.9017755726246943	10.742989202667948	11.0	11.0	9.910629714622832	0.001	0.0856823828811542	0.1240619713503891	0.02573154385250887	1932.9696773078854
-4248.436587085666	0.5397662656742572	1.667137598854404	0.030475368213799217	0.5252835306574228	0.6412764789461405	1.2012972940332711	3.12492826785689	6.12648548590382	6.157635174958696	5.192731718138921	0.16291983450959974	0.008784986266457927	0.08723530961132268	0.032568701037368	1211.837638577034
-4203.387135977714	0.3215196159155957	0.016194200690026483	0.01692157938022066	0.14036930330744982	0.4825295400133765	0.8089978215728091	3.393069221512919	11.0	9.819974927949806	10.044433104909759	0.06799460094316151	0.01951395271478944	0.11244670556041127	0.0062499635429852166	1700.4502292741429
-4332.024868186667	0.2984505162362847	0.42719441873228536	0.019941198132427857	0.4049396878576069	0.8058794795092489	0.8680499470088026	5.854947195846799	10.992993937736681	9.35632518203946	6.533723904765077	0.3351355396307156	0.01461271678558654	0.025902241420659913	0.006289254905621863	2146.3616076974863
-4283.707744501821	0.28233123991954656	1.0077121886931284	0.0022521450887473676	0.17280084034303997	0.44591238907347475	1.0832811276989818	4.337429219576893	10.935535214031193	10.745998034480474	10.9794857567002	0.0922491029268023	0.07146738776696729	0.12206694013332241	0.0024783822863969395	1611.9762980664536
-4146.622922933888	0.33272476242435806	0.04795151863191885	0.03188047837671587	0.1346963500196787	0.48370834619263514	0.7315570265679355	8.56843476496599	11.0	11.0	10.328563887549192	0.10003850358308795	0.09128679507418663	0.09223282800348256	0.025676568690854377	1809.924477592231
-4254.417770021308	0.3206510679824096	0.9881645205142735	0.00577477150942068	0.17643526553591146	1.0846410811431701	0.6053436777065166	10.238535105996814	10.836725712316237	10.99961568446373	10.890460456746228	0.23541828279846624	0.004753908343193397	0.0934306731757115	0.0100948098909345	1812.8050136068605
-4110.682084729865	0.3345179866809705	0.03459988229629588	0.030462361457902355	0.1273110744696494	0.09086248747712503	0.8301098175379072	10.464522680573742	11.0	10.80929232161043	10.523858736372855	0.12099127817872019	0.052730644717883975	0.1114040525546877	0.0400188754147425	1893.8754246546225
-4194.870854561243	0.2910548280089048	0.03578141893561634	0.01217652412214691	0.13408653971678303	0.2923728281957833	0.6126760219833329	8.792530225035733	10.988858535480645	10.977348725391938	10.584848473556015	0.05971319724082935	0.07510980330407344	0.13571107403026236	0.008786491688445756	1928.0246443156138
-4211.748064237648	0.35998529197945855	0.050506843330295495	0.018777962162464877	0.13539647816210204	0.9146312089411036	0.6716476053769884	10.228976830308017	11.0	10.418069091117355	10.956864086095665	0.07869744823595771	0.12457707447286291	0.10609688459202908	0.007505148156936714	1799.8953017069227
-4254.614619175322	0.35874442345592833	0.21650735541651142	0.003909195926544928	0.17632994509481054	0.008916607881891171	1.0826610315214038	4.050450602551022	10.545540593688212	10.572554916401641	8.257727283952654	0.15664071894042203	0.044489603705351814	0.15227064598400286	0.002392536078885116	2040.5082859000706
-4180.137724387708	0.3296867114686791	0.019369367257390163	0.016306311771067186	0.13653048835530499	0.02561345534482313	1.0685171896877677	9.895687130508506	11.0	10.914881793809858	10.21226997723842	0.10333521282381541	0.03360213020295754	0.11176143025541074	0.00805623093935703	2010.1658538286567
-4271.0311575563355	0.3292888359390895	0.4453940465451532	0.0022630460188843666	0.2054380467691193	1.0844439434904385	0.5603249898698169	4.271430470147445	9.102601063686548	10.486882554581058	9.848935709193658	0.0452102111798838	0.005633276879014735	0.13677866289183319	0.006372539319461097	1474.3176877173005
-4316.472179403626	0.2501891968606775	1.3617683520418673	0.41316772983508937	0.0879811614483128	0.004097321431298929	0.6518394430800316	8.76106069952039	10.24914341865972	10.985867066875493	10.950696096190596	0.18629526039356392	0.0014117130875970028	0.13314865783166938	0.007960229568968594	2173.174045243027
-4157.941229528205	0.35909319477144364	0.05876778412912631	0.03072544665929736	0.13179214593982555	0.6824930941419717	0.6524688476979328	9.67438661817301	11.0	10.65951869225689	10.59831083450708	0.060088860987749626	0.15192088510043644	0.08731896213512198	0.022172090015773804	1795.042609249716
-4189.792328406618	0.3171369748291369	0.010183668510723543	1.6145002760973026	0.07746185783322526	0.3181852347814341	0.7466589289875258	4.393669164162815	11.0	11.0	9.969883155621693	0.04078330148407266	0.0105595600333188	0.10374454810180443	0.02895885590294598	1508.8058808805674
-4264.443223502997	0.31739568405539814	0.017133579101365332	0.20888945368859094	0.10091097436120089	0.6129550585869591	0.6650572851149711	1.050509867020888	10.57639363036819	9.441094987745105	9.763186314814384	0.023983595850678788	0.025832398294709784	0.12625407460311613	0.004666322600301667	1526.3454345306395
-4236.201741003129	0.34299047076616035	0.9465834984985873	0.0024379608124751855	0.1613711952108242	0.40561839773694697	1.3383135347822634	4.434220641409641	10.998063163250775	9.784005793557824	10.694885728075882	0.053201282166573646	0.0024544483860924433	0.15816389443565634	0.008984073656387453	1499.9659777018194
-4206.099852622159	0.3353158868533753	0.02920086255986984	0.2505342656136194	0.10692575321559114	0.16954406625648694	0.921718029211775	11.0	10.888202984522165	10.020401807001361	7.971584451369636	0.07378706289279638	0.051761513783298095	0.10170152166353735	0.013920640605902245	1679.0945824109415
-4192.573170429566	0.3248021234744995	0.035459854783909915	0.037066645116803805	0.14337593419186745	0.16383548594290456	1.7953216748937972	9.65530080530907	11.0	11.0	8.668734657447914	0.08847967893567797	0.05666354541254442	0.08131440303821	0.012987255183217977	1758.0987269115312
-4245.381370390559	0.3510405553799875	0.035420491503366444	0.07807194118795248	0.21929225120046061	0.5933374316980713	1.499804287528376	7.809543033893156	9.1052263037094	9.687651162304636	3.683523249730124	0.11629790336496137	0.036103761153370155	0.08427596312528919	0.012982408580101747	1567.9389098439112
-4361.503768508186	0.25938164714576584	0.7644787939801643	1.1736250300053546	0.034383100356668174	0.4643472502385981	0.6988904583057194	7.025367081156794	8.664451291347385	9.666419808322743	2.9441286536475606	0.45921499658216564	0.001	0.019355494271815616	0.01618567185261717	2887.2552433996566
-4016.6128046076374	0.39225205195751556	0.31098800672315885	0.030164164918097418	0.5117522811785103	1.226867033145964	1.1144302238025732	10.006654159892522	9.419216208354575	10.001541132094571	3.9638036631551667	0.3627632309609539	0.43411949540890177	0.03494668960276242	0.13466283438115856	1548.7443517351137
-4200.245521525843	0.32492299417864107	0.02787508649122739	0.03342008830683009	0.15517328121429094	1.1266957634974983	0.8554714009624981	10.6698110907639	11.0	10.983344234915812	7.991628568898486	0.031072798950123746	0.047789436522975653	0.08610164541957117	0.0086869595241337	1612.5787310390947
-4183.762544313753	0.3213420455128511	0.034337772484024164	0.005049770540748681	0.1374671892257875	0.2312282479409585	0.6433163399837685	2.224003680326109	11.0	11.0	10.975666185446434	0.14280153014916144	0.016141200600012243	0.15192561857208828	0.014202723984663932	1899.2987719876269
-4243.439205238755	0.3493223058282718	0.28830389628292846	0.005016065225974262	0.22066044147195069	0.5594851588232587	0.563745273903469	2.103324644896793	10.309514219722194	10.997416932245102	9.679662233220288	0.24839040115276823	0.0013797609630843203	0.09959753263232236	0.014848687378263645	1775.2590647956126
-4198.462825587039	0.3119599298887349	0.011075054197475072	0.012423869464154273	0.14980963926063065	0.131067738902792	0.7924604569921917	5.092249225456229	11.0	10.963234788735816	9.208704268013657	0.05938961698717595	0.01719987318107727	0.12337258040499673	0.0036825759232061665	1817.9667987877344
-4195.286936516314	0.3009498090194275	0.025128066917678736	0.025242136738045994	0.14972007153356062	1.4371040689779282	0.5038973165950653	10.116589643566545	10.993660454513924	10.992565406057288	9.148656878573659	0.07515081678297081	0.041878329905040104	0.0935883093949981	0.008279895523405592	1782.8166152513713
-4227.513432823955	0.3191716323326532	0.003965769798474038	0.018900870640470153	0.16539091918876228	0.5897118803119278	0.6285534887895763	4.6171736174200415	11.0	9.8886259656015	8.02096858714377	0.054964185792336126	0.004546737250812316	0.10253997964809507	0.0022828702764028388	1660.4114301727545
-4210.822277981392	0.30485898025605246	0.016479258268303695	0.7346535869283968	0.08517518638496395	0.04852324972551674	0.8025061076404039	6.473564436085701	10.910599533676663	11.0	11.0	0.04093875533649799	0.027506759913753658	0.10516889020836821	0.018515190559506626	1696.0865248331004
-4217.8357949962	0.35028920842670747	0.01610817564686353	0.18591721698743793	0.09529476625594276	0.48968845479629125	0.53974889778289	10.253751270109158	11.0	11.0	10.552278150386025	0.11373085829632963	0.022690404290649332	0.11015545278730232	0.010766441438871573	1706.4114792720584
-4180.029606879681	0.31437584826939674	0.049163893281755786	1.0520267066563054	0.08265517821687628	0.2726721538075723	0.9141162606658693	8.202733367957851	11.0	10.950559246843676	8.592646233438064	0.06593602111793093	0.09526461102480963	0.08687842584888072	0.02874704731237486	1679.7066689552496
-4314.163976225136	0.3140289260778826	0.4199769586905195	0.0026653899792468366	0.23036932853768372	0.36185104058403095	0.8715999972332968	1.897855475819364	10.423307120939564	10.150648255045018	8.633421177476476	0.11944745451887986	0.08667211183128971	0.11861495856812804	0.0019322645082360808	1605.9027037158967
-4168.048788253873	0.31965111286844006	0.035011723048065956	0.5809998823803695	0.08873941489911062	0.15424158658707662	0.9129700995336107	11.0	11.0	11.0	9.342813627443784	0.013428528822772273	0.08314822085163925	0.09567934093392266	0.02752189176236556	1653.5051206067117
-4179.349204736714	0.33349718059869565	0.03299497878417391	0.02219953376662531	0.15620647027922568	0.4229613236995385	0.6526557823449537	11.0	11.0	10.832268245714072	9.78748564069715	0.01563777601604548	0.06934102081777692	0.08628234093883012	0.012828170779437776	1705.2303868171473
-4317.289557937189	0.38056296098123926	0.3966371195802769	0.04283494831268714	0.31465532893264025	0.36854068788696276	1.7863949119629563	0.0	7.966703671445428	9.905732981449471	5.04757931390447	0.09656015840087831	0.06171389531377422	0.06338098239511085	0.017897061825740714	1332.2642459840908
-4215.753767479271	0.3190138090204959	0.028730100138179837	0.017431571131463944	0.1584324697166962	0.6278529762921418	0.5878972953683136	10.953327924893573	11.0	10.679106041510897	9.520541787460832	0.09347843473786212	0.052115753547062424	0.09718171149062169	0.002868031544661699	1838.7930317842472
-4214.55724444502	0.31796678313862325	0.6034095394879397	0.002074859712733761	0.16010896865036334	0.7163927920853654	0.578896000013049	6.9020465057685305	10.396605314503885	10.557379928435951	10.740913765234371	0.04178674228612911	0.021343303359263828	0.15629874734926244	0.00944085781346494	1565.1406367897425
-4220.941373951797	0.331393996204638	0.03170338919356198	0.0072442924759758215	0.18822303905621493	0.4284319253460201	0.5625969329560288	1.7463248115672907	10.482331977821245	10.193403232213864	10.593145331626223	0.09973706680321452	0.03618339316616238	0.11120285925914399	0.007280447105511893	1792.477417575262
-4180.587514587606	0.3144900261812471	0.006914377164552867	0.014683299128008318	0.14412791102998646	0.009399801930783136	1.6332299050813317	10.423592988338969	11.0	11.0	10.46695244999589	0.04594452470325242	0.009804407469936606	0.11726209557167708	0.004501193248697876	1928.305735973184
-4218.254142223562	0.30235338561414393	0.015939479208754066	0.01975923435366987	0.3110581234330695	0.5676711554943865	1.1642127283485209	1.7975472345953447	10.536969798150881	10.96457769742941	5.554419667668554	0.04983522088957689	0.013900563606862735	0.07801643053468985	0.01565964017192371	1563.6776940555615
-4200.669038831434	0.29798062157463767	0.005798771049971046	0.013095344363100444	0.12998491109478322	1.0909004948498862	0.6120177263385634	7.150138772457383	11.0	10.999520499290185	11.0	0.041589976879138325	0.0075646010897082476	0.12756078451623998	0.003923712333213071	1709.9697623037528
-4293.709840807638	0.33145069164378427	0.46886037077216575	0.005668960502767936	0.19432542302089642	1.1005979022031924	0.8175339808292981	5.790635976211259	8.909145348369691	11.0	9.502477081219029	0.18122896158913504	0.001	0.11885689302141118	0.005290541822052832	1628.9404596250201
-4218.249722696826	0.3253423436492562	0.02627427108467574	0.01829203685039409	0.1423413119111486	0.23297269988612312	0.6003812067863981	10.190149439718496	9.652329768229658	11.0	10.94035815535913	0.0627131939798711	0.0560873225295551	0.11555431034735474	0.0029998891149269425	1848.1000001300163
-4212.153403302232	0.3126426215399401	0.02027849521295934	0.015253112976890104	0.1454073537443335	0.3380577877303611	0.699038874700216	6.312789794464502	10.99666488799115	10.99490381140679	9.575211224319393	0.07847912139188787	0.031113546863934288	0.11677425963677322	0.0022738698078958305	1800.1055281123345
-4327.366904905354	0.28890678442422324	0.21302336472864947	0.16419230903571905	0.08663379909570615	1.2168198556260819	0.6453675739486054	0.0	11.0	10.92245673244832	4.75619856956384	0.3816918286561885	0.0119672438676998	0.03303206909146155	0.013291511733758308	2275.674687091824
-4200.077167303156	0.321328095664901	0.0235592107257192	0.021453322689781534	0.1363353040091837	0.41761304220233647	0.672507999626677	7.840238546038153	11.0	10.363029612214442	9.726879237028083	0.07923747289730937	0.037287499894443375	0.11169198880219174	0.00624385880619067	1775.8973808221322
-4200.470691217558	0.3040493458342809	0.026693266312786998	0.014391665644096309	0.1327015912511225	0.47498352960552104	0.573608995724553	8.745604483780072	11.0	11.0	11.0	0.04674377189649909	0.05531458278941791	0.10906227479004407	0.003965291618033449	1836.7204332580072
-4257.850764939436	0.30899387246265236	0.7144662636889518	1.2469052968729344	0.09058003526751902	2.336522882925097	1.1968829630560027	1.0761721593358085	11.000000000000002	10.662149775030489	7.974782333286264	0.18057911384080655	0.001	0.11620892918598173	0.03391006069681967	1422.1117566013452
-4249.839832514925	0.36271967317954174	0.25071720112901336	0.0025334301786228792	0.180373448863057	0.24990748015825073	0.935787607544109	4.1214115145289245	8.93378445693052	7.428969823729863	8.983094187778248	0.044389368422037674	0.045392725916440876	0.2227072913715589	0.00717193613512419	1541.639572435465
-4180.315140499145	0.3193301454342525	0.017994761004901383	0.00725389829891397	0.18184505725275438	0.022640710876840206	1.003761639227266	6.029732216658751	10.41629792142243	10.648976852528588	8.525247509836637	0.02697159006494969	0.027952451667207612	0.1386400676551001	0.007941952270330961	1896.773617299379
-4178.600712429372	0.3284995097928795	0.014574302406813368	0.013241772084468906	0.1381805736131594	0.031404356850044064	0.8041851669724913	4.719085133687431	11.0	11.0	10.07807179990728	0.07685160908792835	0.02372737179157592	0.127050040457802	0.007570067888407895	1976.387769220489
-4058.304042570088	0.3803367765205547	0.4689106646002334	0.03469048928368892	0.1959341467754497	1.152612823006562	0.6945151239299452	2.4036666367697914	11.0	10.275134436994302	8.578079241880992	0.4093880309085454	0.05992829783319005	0.043186268678150674	0.08287023318336001	1727.9332557901882
-4346.627936988705	0.28673100668442514	0.16892109411327327	0.02014396605793681	0.1908057990959251	0.6730862666093542	0.7893755685190562	1.8288518977260644	11.0	8.743561772774394	9.457259310795985	0.23213830463290278	0.027505739094810203	0.052455569141317104	0.004622274793356272	1953.147046286222
-4256.5648532168925	0.3932414954245226	0.00427578241949459	0.007957317536332774	0.13950336042756895	0.36021676862030216	0.7369004226292267	9.320008756877968	10.162976980441007	10.446973379694898	10.786866201976105	0.23457418654007703	0.002181548126694254	0.151107752036797	0.004061278433922289	1798.1307909664145
-4174.947001920511	0.31083568936607675	0.02817357041203708	0.01711220283621875	0.1500028237002324	0.23096117142678144	0.8012591255303672	10.948137790898361	11.0	10.160563987047112	9.94937042733587	0.0013782613592116617	0.06951368370677118	0.1052488187003101	0.011127538787066191	1756.80891184215
-4274.659574496918	0.30326996549377144	0.024684372100633827	0.5897429240298422	0.07809412270189639	0.27179645945073827	0.989916701434171	10.98668012574785	10.80284199739487	10.991792152674487	10.998800361581145	0.09513088024215723	0.04083220763101142	0.08246507577333427	0.0013973617800169783	1765.586353828223
-4358.978255569079	0.28275027155159577	1.0966100072340137	0.016417357899796294	0.48126141554537033	1.3696624983841932	0.7138274885577985	4.957883955099735	10.998939460578955	11.0	7.521712323090358	0.17856071282900948	0.04113823830910734	0.031289209028904384	0.00675467713659746	1698.882030396194
-4231.6956776646375	0.3138315953529711	0.36132988858656323	0.0018991330628205425	0.1533677669906446	0.5711182312365998	0.4444696895531185	6.561568925266608	10.757361188281399	11.0	11.0	0.14545771237986557	0.012795196939146327	0.16342757518716913	0.003252427034554504	1855.1100996635196
-4190.133418691698	0.3069172187898829	0.007227558998888896	0.010771850618927074	0.1468464737402616	0.10654718196199182	0.66553957541632	4.338487084655923	10.404424276406296	11.0	9.94675091440297	0.060753296512340516	0.010430999171439461	0.13612787291799736	0.00681015527331241	1877.4342313963562
-4248.4283459283615	0.3334121814207693	0.044720610014821825	0.06845788934275861	0.17377079148023275	0.8324916215583404	0.9995844474116858	10.164800216853205	10.993350393317684	10.906470055260737	5.312776682535775	0.15092990445011273	0.07123127948336296	0.06669386423815428	0.00564946732310629	1805.969781379566
-4214.766119930583	0.31115867107238276	0.032911269788346846	0.01873616524676423	0.13573303092676559	1.1036367898720052	0.5122471371783491	8.874994622139928	11.0	11.0	10.507710141448493	0.05870907510016996	0.07254483130425113	0.10484924396375164	0.0015645346848551505	1820.1150590483726
-4146.85103914271	0.3136905153699908	0.038874318065589136	0.024778525819969803	0.1500841180960177	0.3781917913412777	0.8764654077651357	7.515420900582111	11.0	10.982743412513322	8.76364037549693	0.019350722306293137	0.08318666323704385	0.10496465798113161	0.023363277681899403	1687.8642791856462
-4146.789531231053	0.31834697305291715	0.00513602516945392	0.014343484815500507	0.13761613956893426	0.18059624780394995	0.742799229619032	10.433199289260045	11.0	10.998670558597444	10.275912355197185	0.04265876116301489	0.006505329138596271	0.13231116657789174	0.020473271179130514	1744.1476004974668
-4251.862278926419	0.30607159984572896	0.013809823063971785	1.8688563069522541	0.06868806317348004	0.4158271371136208	0.782730603143151	1.8952659585527707	11.0	11.0	11.0	0.14348019751280225	0.013238455511959452	0.08703461950322207	0.011884959054020778	1753.653420901413
-4216.19033467315	0.3188018317427949	0.0015056734989632838	0.0225856434212085	0.14995245659055959	0.44172468447472424	0.8282839204560375	2.2257750911275416	11.0	10.611535104531741	8.819295037201307	0.1265065270432465	0.001476996026365778	0.0990858261461267	0.004014627103520215	1788.3117503423528
-4181.766542170619	0.3091518937930281	0.01814581072098701	0.0162785134084054	0.14792205128876912	0.40566199766124755	1.0540191002760682	7.721029537487273	11.0	10.883769975598314	9.396809159265032	0.013866528521482282	0.02695313604850925	0.12277258965968088	0.013430399896927804	1604.7181198171882
-4182.803221681517	0.3329069444905093	0.025921595970998572	0.017926224868488203	0.14130879236718313	0.4347956407591927	0.6856275454534949	10.644105426014193	10.869332354645392	10.996815566766347	10.350297032571367	0.037458873709974104	0.05049634798700572	0.11045324941130456	0.009496525800000063	1728.439720809451
-4145.695294453279	0.3682559432895708	0.06580906555650656	0.045080431357049484	0.18273091114808124	0.4038892932819049	1.7147212163849612	6.483898565357256	11.0	9.850324275575453	5.796203350015554	0.1386880573834952	0.07972925583509977	0.08201943013375854	0.03611249223309841	1627.6651714779189
-4240.213613446791	0.4737330123171444	0.8335903812225236	0.004334839706212963	0.19544005138525986	0.5724221260428618	1.157421792696357	6.367329220452924	11.0	4.395362727759233	10.334414148425731	0.055566844700369565	0.008226586204745728	0.10558504862405275	0.02355329905199979	1322.7010452555337
-4272.58024347694	0.26904249371088307	0.7159862796974338	0.005368666909611123	0.1761673342977366	0.835330354272406	0.6010240883655271	3.530745821545411	11.0	11.0	11.0	0.19042938027028647	0.001	0.0900311792193008	0.0064229242737208194	1920.1097349320949
-4213.4491140571845	0.3027451355554745	0.9028276588294739	0.012993186728344312	0.17256430886657395	0.6185986436491949	0.7193197341720219	10.04283191695736	10.999999999999998	11.0	10.13478646792131	0.2080430072703838	0.02440973858653842	0.08147984243163955	0.024284103619371358	1755.7754542421696
-4168.729190136154	0.3182708645885089	0.02816600381983686	0.020229851031210402	0.1296533320831116	0.04783492589225783	0.9182077969913288	10.819917265306353	11.0	10.996469560335495	10.920489159583527	0.0464536487506224	0.07250446287790042	0.10879444941473086	0.011021313069625524	1972.4777437486873
-4194.8045207279065	0.30677803731105274	0.0267553025009627	0.007575471054978081	0.13869113967861318	0.7165713328668079	0.5712943647850305	0.09876837788756782	10.652233970982934	11.0	11.0	0.001	0.04234112356788052	0.15512688086198886	0.006317953098072283	1696.6049922154477
-4472.204903031844	0.2462656786535209	1.1835552267004124	0.695239159778841	0.07359534515359072	1.0759959536985906	0.6895221933909437	7.232514048784444	11.0	11.0	9.848854129636385	0.11476302650519256	0.031418483460058516	0.06494913015210685	0.003781376597735095	1556.4458644292986
-4133.24428310384	0.30245458616575116	0.009017271236328067	0.010394000229850438	0.13292458182239578	0.08986545530303962	0.6972628720181885	11.0	10.992824634352846	11.0	10.535016827698772	0.005981956339474657	0.01597971636576852	0.1592418444367609	0.025179872231786447	1853.498503121796
-4097.619886284873	0.3289006945618893	0.04207654208359267	0.011080709254695438	0.14148823700662114	0.06813756341367357	0.7362190965603612	10.980103309379897	11.0	11.0	10.990220378398547	0.035108035502788175	0.07294100630897399	0.1312453018110153	0.04838239562604575	1889.066105602615
-4367.073678324358	0.3512724328431491	0.05476096383931053	0.01821943932430019	0.6853483000051499	0.5381142768725182	1.4492912419610036	10.999999999999998	8.824180298612802	11.0	5.543923350348943	0.16138727508963435	0.07431446579169537	0.051543633620402825	0.0006642295593371892	1778.9794968448066
-4152.717315213191	0.31526946503853764	0.0064107985760519775	0.014342287321024813	0.12963885960168134	0.024717968166612012	0.863684651696818	10.596975023600137	11.0	11.0	10.654196512139952	0.04535782507390788	0.011124647709659607	0.1347790379786877	0.014284444764982482	1971.8847552567636
-4101.235626906106	0.3512181368281264	0.08903583072369327	0.030803066285051396	0.14609616590043376	0.22202850614514497	0.7692196260752395	7.898857740140253	11.0	10.951292725524958	9.315131170816862	0.29607640642594374	0.08426916787733321	0.08714637888951464	0.05521802668222496	1936.8500592999287
-4227.963325404982	0.3069999160964204	0.030650560832570815	0.8386398114550255	0.08602743228160661	0.5745472568695886	0.8042465304999021	9.0691162196636	10.540030565370765	11.0	7.871509229838103	0.00509038615848891	0.061085308683195304	0.08952595042419616	0.014715328660529606	1541.0200194845656
-4171.482331917113	0.3333050832785526	0.14796955384596608	0.0028245292389082527	0.13092742921237763	0.13648424027396924	0.6077902528595303	5.0218482042479815	10.99396216451505	11.0	11.0	0.08760624815658936	0.025734977497191152	0.19827623740656072	0.016397661716559733	1862.8753647703254
-4261.0240954465025	0.29654717487719456	0.03381689150743175	0.41655963999202084	0.09352104123257457	0.889858337384224	0.6174711705846485	7.505668660663676	11.0	11.0	8.271687651415284	0.06003967803765032	0.06485544030260573	0.08437122714816477	0.0035883383579682414	1699.769938747185
-4232.988934006858	0.3069020220477629	1.3134965831661887	0.0034967499018198466	0.1599851627484274	0.6242704402245088	0.5405527478283455	10.961149558953625	11.0	10.900949187046015	11.0	0.17589317710771704	0.0618006466370066	0.11273756348459398	0.011422168824435442	1750.464890195269
-4360.26426450737	0.27719355168446286	0.527247496708625	0.020164280031343747	0.19315788994701885	0.9583476254264328	0.5065496948451407	9.713008408794021	11.0	10.210136719243343	8.738459350449832	0.18653406255628666	0.047741810982878254	0.06299620672674067	0.003935090429887788	1761.7779168085199
-4195.843676925331	0.38864274323582876	0.7812052622981144	0.008407353133338177	0.12340909930055084	2.097865441753797	0.8721307238078102	7.734813239499117	11.0	6.7535624787519195	11.0	0.10254971374212524	0.008920775274846969	0.17272872879853618	0.0200944019739364	1447.7862787780864
-4132.718128587251	0.31079220440934086	0.00275152784770659	0.012966849845002326	0.14264395852825948	0.010583014411518021	1.1931224865268029	3.756663231474469	10.997266419654753	10.996042388578795	9.40200941402057	0.0014007060290572159	0.004451492711929466	0.13976633475059008	0.01912891132419874	1901.8674641234918
-4289.402779119877	0.330502902365863	1.7553209139455799	0.004757182342292807	0.20497706707143107	0.8488975541928382	0.7125850216777487	7.902279372175699	11.0	10.057109940295502	9.696909984674962	0.22626720603146588	0.0011393767506241077	0.09918487488994703	0.004806555791969205	1754.9387034882939
-4326.655548525756	0.2898348973993534	0.5837827484812416	0.025104941924118187	0.21683280997327373	0.5433316479451058	1.1847487311617992	10.414352031726233	11.0	9.510872642468515	9.139397468649982	0.3073238429382156	0.012874965348130981	0.0358778878050892	0.00756579267535526	2084.2802572826054
-4228.573265051274	0.4051289063602844	0.48676411112605705	0.0025861427356854093	0.15220177184119088	0.41068890731889957	0.8341024991356016	4.649677676057263	10.886501206384173	7.454785030612614	9.683257964445968	0.029750540475487166	0.03863774511406452	0.18852060025020675	0.007227526707424804	1475.4531458813935
-4215.083016847096	0.3829420738816101	0.7337703283195648	0.00495776809338227	0.1528905178912552	1.738912995224256	0.8580379597056383	10.318410735544973	10.963514703417129	8.108068761254437	9.845683185789627	0.08552726221487904	0.012529671070731049	0.15010562157151108	0.01591175243308778	1427.2158491949733
-4156.88646862065	0.33740188247908914	0.03796030767888317	0.029569736054618125	0.13739988190437402	1.5852541120516237	0.5197226070758287	8.11318115259507	10.637871549047476	10.993197487608718	9.86950932476648	0.07773264723389023	0.06564411690448775	0.10974705120406975	0.02212117148161011	1709.3949474827434
-4154.221868572373	0.33319097801393194	0.033632107248844634	0.04185888628393915	0.15337179981465557	0.5733463515155696	0.8420270120991635	10.819054624314946	10.993808320102707	10.984706732773137	7.891614575003725	0.08312179803325004	0.04724469530490081	0.09273351407014511	0.0228290841286074	1678.533196902689
-4204.779465729161	0.4200731649693627	0.6497591039712103	0.00452793421931434	0.1654100264796225	0.8742875196975896	0.7235388218339234	4.556144490313136	9.877128318955798	8.073145625219768	10.567942397233606	0.13763135008804975	0.00272133432846537	0.14532762999050644	0.01773377943126808	1496.4853745201185
-4134.2839840118995	0.32274722408947587	0.0497310337507289	0.019464584086687595	0.13031522488179886	0.6790723499724913	0.543190631250718	5.627778479262284	11.0	11.0	10.715268799706259	0.027524339792582488	0.10757427430102094	0.13055302386899245	0.029871583105904452	1741.4397717677732
-4160.098755056613	0.312848847814206	0.04100123675518318	0.025931563111937075	0.142432302942848	0.11388492779732699	0.7836786572751735	7.695713817947594	10.995516249984849	11.0	9.988438953328759	0.0932283438017804	0.0914912606534428	0.09419472781712149	0.019439321613470277	1950.467175033047
-4465.558821088405	0.36951341231615115	0.4349117344919513	0.026028772447100265	0.33402212466675424	0.5913236869136909	1.1149386481636199	1.0963231157841455	7.214468210286491	8.246281700526772	6.91529442839106	0.056968470776676994	0.003293518094135256	0.05390313202008306	0.006129331171946324	1334.8361052854473
-4156.693997846991	0.3150460171120451	0.019022546858705507	0.011962430746627308	0.1326110909282185	0.02614879049523213	0.8021566446372596	1.6992742548441209	11.0	11.0	10.7572094969624	0.013183117129709883	0.041527199458768635	0.1330036375008094	0.013212994535821386	1932.3430299610388
-4223.594893252691	0.3308271188262392	0.4327625450646793	0.02312365915118461	0.3334626946536399	0.7649237150918167	1.5053093738652192	5.904949958457981	11.0	10.947096243977024	7.222245777948103	0.2442373452851397	0.08100414085467326	0.03221243907525443	0.025402422283210543	1673.5926566456064
-4189.79649805815	0.3263886951073562	0.014635415877093896	0.01261313179596096	0.13703643821767594	0.27809077862035025	0.8696530835651628	4.466399256135629	11.0	10.859507526282433	10.864037678913176	0.04916923511062219	0.019874632150355013	0.12323075405265078	0.008038661352668886	1716.0986544970826
-4173.340194204969	0.31708151355762104	0.04080673186551404	0.026471892410081695	0.15175393448887003	0.28393426007593775	0.7112128511244236	10.41960015606543	11.0	10.739696656941184	8.575903677838383	0.001	0.1301131740642341	0.09365031914135556	0.013188214799110377	1831.2407877998949
-4254.3481462288855	0.31623048108291213	0.002348338495874247	0.6749777323516545	0.0910002706067762	0.4934583340688994	0.5445428096378813	1.095554134569835	10.999673795797808	10.978599801319415	8.054629672012519	0.1242237976756814	0.0023690369132400653	0.10371689869656465	0.008593758470258731	1701.9096046968539
-4244.381753112393	0.30353511115801723	1.2831982041062178	0.0023256427592926957	0.1618484747548838	0.9626065032951813	0.39626624296849744	4.890991341194873	10.779791874088929	10.998445537168624	10.703338951491931	0.19307302967795775	0.03014016173833345	0.1466458788532347	0.005968093330088976	1879.4957370426448
-4330.481268008141	0.3873549773125541	0.7906680603910056	0.013459997891292107	0.899743421693803	1.0881416203963878	0.6690311561678888	9.643173440148178	9.497832626285135	6.373772876309237	8.09940708245614	0.15487200684394398	0.07831132883757842	0.0260672129843051	0.016016558061596957	1404.6791970354261
-4330.405918109069	0.2682307721074512	0.6865317302046982	0.018682779874949363	0.28499937782241075	0.4218940275016604	0.8951999425325983	7.2689032227689685	10.969687782047373	11.0	7.429419994207619	0.17383267796613683	0.06380311787698904	0.054193221294821736	0.009724305226970511	1706.978934912232
-4196.402790678021	0.3158691187352907	0.03278617671805197	0.009596377264901113	0.1337963898391084	0.40078289434066194	0.6288361927946918	6.218793375663527	10.97321813666462	10.43906270675679	11.0	0.07996645968715872	0.04405022368720386	0.1391796043492088	0.00776028520961307	1832.399041876605
-4270.16703978363	0.29116353091414626	0.02269059179722147	0.7985298361827763	0.07841346729205032	0.9338492865056913	0.5733271607839927	3.210834895023908	10.978332134182555	10.979333494207417	10.993424332833147	0.07267104644708335	0.029992889472145	0.09655911379257266	0.0048090504553430615	1653.776426371694
-4354.983419119143	0.2627271599717199	0.9870523723553852	0.022048753676542625	0.23500798231624168	0.4340003639945338	1.1719305309351842	10.685186368574664	11.000000000000002	11.000000000000002	7.8079535194738865	0.11942181179011989	0.07196534351149833	0.044420577987428066	0.009859092648712483	1569.7376853488645
-4262.9141774849695	0.3390466497295647	0.6705773313456985	0.0027608958798063083	0.18953718846118975	0.3419786867625191	0.9286666221385177	10.08334531378445	11.0	9.389593433561767	9.624371985965764	0.056582138365453595	0.012498547734526877	0.11812898213303698	0.009261269462438326	1493.1348079710583
-4122.189649767432	0.3247386771210076	0.0299906642927642	0.022936877466085942	0.13900227602062773	0.5353675369496855	0.7876725682370032	7.988362633856477	11.0	11.0	10.310680794141115	0.001	0.04846469194308923	0.11024939643477584	0.03546326232575219	1588.966642640367
-4050.6105205801196	0.3823832876442096	0.404120122194366	0.024353191556926015	0.3874643727189558	0.6032358201861415	1.2470276212126914	8.97994434456842	11.0	10.845687734200366	5.749340755604845	0.4867382513242636	0.06509763637810684	0.02757985939152285	0.08264297179295123	1827.802314855923
-4186.844832453319	0.3160980525795457	0.020184629242286117	0.013969185707669267	0.1512343258443188	0.02028549959883315	1.0925531899795267	10.508438422650782	10.99816994607623	11.0	8.976564575966492	0.02571006560626564	0.05041033376724604	0.11846902744997691	0.002754941540044526	1972.4354019862626
-4212.188034704404	0.3482323650370211	0.015000874023975198	0.03701277074494336	0.15760970577325525	0.7958284752775951	0.6936776972258716	6.2181963905651525	9.967160009440752	10.876677350755102	7.653882358380103	0.1646610421305527	0.014721699040269594	0.09892424673943759	0.01072971679012656	1737.4366934961567
-4170.083592801543	0.33580272484489154	0.03363541313925548	0.021326653501207243	0.1550765748206177	0.6980269712894652	0.8284743804451766	5.36806862583604	10.513256272464803	9.966981037828672	8.934793389295653	0.028691141744060036	0.04958969285849591	0.11325299717946803	0.018457056637597523	1581.4590867312627
-4344.619581560741	0.2799317027222904	2.0691207115024253	0.3323961957960752	0.08035253043960164	0.014946478025797788	1.0710958828703474	10.867188787862455	11.0	10.473821052925738	10.887997551757055	0.23948461888408615	0.001029028383583229	0.0851644855078784	0.009110231098631289	2056.0629395722003
-4192.892568545982	0.3184353495383815	0.017031593664296078	0.010707917688259095	0.13710562525436523	0.05974359585806749	0.7076837745708328	6.741270734610816	11.0	11.0	10.47762600144391	0.03836685556570771	0.035182727279991326	0.12613854396076238	0.0027694436424922624	1927.8238316579414
-4230.425659221473	0.32919066108251716	0.24419248121431827	0.0014883199398794	0.15616526312370294	0.4677073074538665	0.5632150819768325	1.7261730533329056	9.433855123500537	10.597692524801225	11.0	0.030695953634846878	0.026328152791808355	0.19371386003566596	0.002405205040610781	1645.9247855307763
-4124.51062908349	0.3185911375810521	0.039035867742686636	0.03016230752131162	0.127004417536089	0.5284498020183898	0.6516684445097628	9.176931259871278	11.0	10.999578245752751	10.99413002099148	0.06106708495625699	0.07411952221672262	0.10178451581085556	0.03383293875460227	1775.9508413132473
-4185.630260253657	0.3276062205451881	0.0024620842528589506	0.005571795500323969	0.14064559655570888	0.016599417407391272	0.8481528862284976	0.019197396743008535	11.0	11.0	10.748331306026433	0.001	0.18356572169123436	0.14795848407074227	0.005731119897837575	2027.2823245935804
-4254.106508709409	0.30960954509840766	0.023878517298573685	0.03222646231523257	0.20086480802500045	0.6822650256090044	0.7548572409163609	4.3216963004564475	9.8202303957026	10.530226987846897	5.730453907962657	0.048343272847248625	0.03309694955389685	0.10175438780494284	0.002521466277836417	1596.5690863250763
-4273.9323043421045	0.3260241702053001	0.019377621185014925	0.11128890829041028	0.15629873528187657	0.4686622237397751	0.6117488052331935	3.539511684653672	9.722113916024794	10.859765954084493	6.023581071504951	0.1322624637800087	0.021112538201769206	0.08718158812712502	0.002546913288892061	1732.6947653690813
-4287.1848162562355	0.5211836927417234	1.1232772935914204	0.018542561704342785	0.5426003368240891	0.5600305036571783	0.46391063622399753	10.885988795212052	7.509829349150697	4.003180619426351	7.188001921712457	0.10843010178971944	0.07528518969706978	0.01723719513620114	0.03535089801132376	1221.435025059521
-4196.04523551659	0.3237427700432202	0.03171894244337611	0.02731913499081386	0.16638808373625918	1.0621389216942625	0.694704942033027	4.815002831653949	11.0	10.999172240767267	7.730405859247319	0.13412892008669733	0.03542221918797327	0.09205414991201151	0.012832846089861927	1753.1949006933733
-4208.149607440076	0.3354227774067392	0.012307733701807214	0.013483452716152738	0.17176118135934457	0.0836474487348958	0.9533014569149456	2.81371803520547	11.0	10.761952158973445	7.642632942752714	0.04712125588885665	0.018067607197936847	0.1137568981522171	0.0031332391246026736	1733.1867759872498
-4312.4668681975345	0.36313398250129947	0.21190833272234078	0.0016505605824717914	0.23541354249309998	0.9812737328495998	0.3907023923294711	10.126073221433654	9.548922565658085	8.037628337436907	10.891090114138033	0.11043620722634014	0.047939070493535955	0.12116179867510733	0.004373732306492845	1628.9547437423603
-4142.839755734684	0.327367608248617	0.04867801680293897	0.029961316806491983	0.160525494490965	0.25698471242802445	1.1566363040492031	3.1029783536247177	11.0	10.964750986394746	7.809158273975402	0.10394396983042085	0.06160461915859041	0.09854645860679115	0.02951768130838655	1704.538344205442
-4196.025143868002	0.33012107272337843	0.034795697568809056	0.027348374083998338	0.15822126177522186	0.19981427435119314	0.923645845412093	7.399937840452971	11.0	11.0	8.460953453081483	0.1475373244756996	0.04859767425326601	0.08579333225014729	0.01114897576173296	1864.5177567470516
-4136.764364259163	0.3809660265630104	0.4105895420848006	0.03128733487085147	0.3941712427645752	1.7189030582749993	0.77262828797434	3.6351650242811058	9.991022305149288	10.830738627556043	4.639196167340595	0.33513576459299166	0.056182652423003375	0.033218044099329325	0.045367236852975036	1670.8016799904626
-4205.172708255957	0.31674695143923653	0.029031130355802705	0.023581157182156753	0.12816349982521988	1.1791578312010278	0.7255092970852308	9.081387046976879	11.0	10.2525976732071	10.797033975198037	0.07919649221931557	0.048833185872377574	0.1049480244383591	0.006594468051670949	1753.1526317514954
-4149.886358494626	0.3199014554424936	0.02874768722274636	0.01597780409684228	0.1530473913811638	0.0344964465724026	0.9508224072456902	8.404892220144038	10.888892184935882	11.0	8.895804731763695	0.001	0.07563735776471582	0.11928141440488865	0.016142434885986795	1884.1899687846353
-4212.539627285607	0.30792499703734866	0.2325672895779312	0.029313486837118197	0.5551580213476888	1.0424481590574555	1.5422026893475562	11.0	9.620913510166599	11.0	3.3974249986572693	0.15899553271251896	0.11813285526775058	0.036035696764349284	0.029477390164302668	1651.5553118872895
-4307.740692421215	0.4264315933115718	0.01907905138823135	0.7660533781897675	0.10067453767546858	0.5754543171733704	0.8329693301286166	7.252215821745172	8.552419610891059	8.91114563778419	8.496471683477765	0.07178073130555657	0.021631505524003072	0.10536397333451306	0.005780579157728971	1423.969755842549
-4232.007817829563	0.3203360649952984	0.041822337363383304	0.031213128166377772	0.16448994999513997	0.6111645808889624	0.7963061084284793	8.796158897163735	11.0	10.990154267897546	8.575625827795365	0.09732444623018931	0.08821178184044218	0.072613059045214	0.0026556626690759397	1845.4286516901575
-4233.2584482267885	0.3239861258321475	0.02365880838455309	0.012902666405686698	0.16549198063460802	0.44137904354295615	0.8826506575592675	5.810678750194929	10.062574316041646	10.669621884014633	8.492850285413164	0.04812279002466944	0.03674138821626532	0.13860152601003403	0.002826307835740288	1658.4682696146645
-4178.992217132253	0.33821340115301485	0.022514884200720172	0.01256788405899304	0.12976098476548004	0.01987277982098365	0.9430979366470246	8.592382733824744	11.0	11.0	10.96938685476035	0.001	0.06154111463037497	0.12661204933814346	0.0049463740651905915	1974.6182172663914
-4152.633991731233	0.3065316084732968	0.03635724605503507	0.03050042017287591	0.14292896152614676	0.4074493718922834	0.7443189677542608	10.991083081698786	10.940975826508	11.0	8.809308704890624	0.0076289831987259174	0.0991529136261996	0.10048330577474625	0.01971929622842578	1765.387320321261
-4239.8859896509	0.3015955432978116	0.7758491236933435	0.002057533408275864	0.19709937688667137	0.5756785699660072	0.5097794446270429	10.875069926014307	10.241030830781291	10.878910472284057	9.629853368847487	0.13750894662583066	0.03307384427553163	0.1343427714637089	0.00891384018145055	1740.1175224976225
-4145.994296834715	0.3443159395784629	0.024751527960416277	0.035870744962226205	0.12414530805730736	0.8449008306130958	0.70136251794112	9.373856102163446	10.279820337733161	9.65313592502193	10.773850993499966	0.044197683469753814	0.03357126496052642	0.11192594528345713	0.027854785627736845	1604.7411707449262
-4265.558059547092	0.30121769297499845	0.04138036923309008	1.14290483798555	0.0718231809087912	0.1942429748855668	0.820599328239942	9.891276756515175	10.99756849836347	10.992877697122715	10.56556377298732	0.001	0.1480381607160277	0.07928358808212756	0.0026325058990202617	1817.9010648481762
-4274.698342643671	0.2791266974716213	0.01892417254592503	0.30685211050807154	0.0980858377949129	0.9611705029370865	0.6527718438251456	3.2567700955107846	11.0	11.0	8.260915488669681	0.0588456983880987	0.025307383342144885	0.09415259402670215	0.0009072603287597324	1646.1823522230452
-4257.1042082923905	0.2738647051236349	0.024508017360000772	0.24548302046506396	0.09111590153823848	0.469204029955316	0.5269888029467013	7.269039688765668	10.999207739902056	10.998397399910882	10.5754717005387	0.0489869531634578	0.044669551514409746	0.08696250541676509	0.0034406846819396613	1761.3770834213835
-4186.0062197349325	0.30659201818310994	0.03220230663861137	0.022406699412689447	0.14223355337470042	1.0565288614507937	0.7395454133234677	10.951266441724263	11.0	10.967256926860626	10.069679966350748	0.03503168879112341	0.07173858155646948	0.09515508855090081	0.009831770532451128	1745.6947447581467
-4204.835496687461	0.29571151484521974	0.022553717981364154	0.007970674681659911	0.1274311888475137	2.222968630363264	0.4783460983886698	1.162242334027597	11.0	11.0	11.0	0.0032301083606840766	0.03274124145394235	0.17104425109692267	0.0031600359589465323	1704.0371491241729
-4436.181924296178	0.41839018817642826	0.46108443249696657	0.02286861824711248	0.3084113361106513	1.3072094168605792	0.7029004796152956	1.5829351262250955	10.578904507564301	5.7604489964936185	6.777823499013356	0.07052371219092816	0.006222605463235683	0.051770731222171164	0.008416526060347325	1326.921301162389
-4223.986552015107	0.3038073493980568	0.011734257147168506	0.030614309579702764	0.1417491381682082	0.5609903019275138	0.5681368697716335	2.026974266078714	11.0	11.0	9.102438246099485	0.08611431196660702	0.013701364877005432	0.09122302475610503	0.0028111598871266375	1768.6416156058203
-4334.090728254945	0.3455828737361867	0.5035897382914826	0.01644423013129408	0.8860784307222657	0.665702098848113	1.413595156270444	2.4440656361130544	10.842557610733083	9.002419182212956	3.7670681712816783	0.2841316763335494	0.023266105059572925	0.021106176331934894	0.00826450400743888	1837.1495436583657
-4181.99592227418	0.31186545500677926	0.025795828193979426	0.010803702593153974	0.13081130807243888	0.2568375018474581	0.6217599579076921	5.330282011246667	11.0	10.796732494451483	10.980316965327335	0.027055261816448586	0.04752055846730456	0.1340585466270501	0.008675999330953367	1804.7295623459668
-4218.095172180457	0.3805256919868544	0.38674601106892825	0.0013978905250506524	0.18065700842219698	0.04833520078298445	0.922342509207425	5.474049479040658	10.89396708171572	10.846350898366541	9.30852624848453	0.10143909919050663	0.02043882523823033	0.19124421414080656	0.008628700254194524	1807.0201012597036
-4293.216887484081	0.2871550653934397	0.885986509283751	0.022576795061589064	0.2801916918522955	0.2905837195668035	1.0060251031533287	9.53921780784893	10.974104615706459	10.988128883385372	7.7980391600331975	0.1848135029251543	0.07996835339779074	0.03599292105925268	0.015102224767861782	1659.5797505875364
-4337.969870055526	0.38641397092695784	0.7846635750865563	0.0022345904903872055	0.2972711705223755	1.2324635650170808	0.8996504134533294	8.935411888860498	10.764906631508776	8.094933684873602	9.032779511183463	0.0449930896908051	0.020366269537012403	0.10299715837873426	0.008965850211300802	1328.530483983523
-4244.090385188291	0.3196481712807959	0.03259865210554309	0.3766389575980258	0.09395071852103017	0.3657495016097962	0.7481800549617957	5.720346580201232	10.997747239657762	10.300482387576961	9.193419190917933	0.011025898846576282	0.06515338799069267	0.10248281861050314	0.008646941725982774	1560.5966687752687
-4141.356751592358	0.31598153133969425	0.027138990175192643	0.02013576429051975	0.13593880913258807	0.6978572253234333	0.6899738038091305	11.0	10.994469434211725	10.986147338483258	10.153038115505034	0.0024004869193638835	0.054728284237708896	0.1119545825150739	0.024611083899574754	1658.7602378404727
-4211.09795182025	0.3105590057013555	0.03253591881575205	0.022669125644522992	0.13972591180521704	0.4180394429687279	0.8936775387740068	9.92572077083291	10.999365942388108	10.99276000507717	9.8474725311067	0.020513110848402263	0.08108602894939085	0.09566842850316772	0.0020940459891069085	1755.278450889789
-4228.982138489384	0.2999385446315881	0.38093676633553986	0.0023560223717813506	0.14948490741524764	0.840615095817876	0.6788493982097678	3.4575526379855583	10.99719791267873	10.962848860469805	10.412064838241582	0.09761009786577479	0.01723700967057217	0.17231541125015162	0.0027773589958076036	1695.8455843440604
-4193.1755554699575	0.30071948883827826	0.02500841436946235	0.007182988756450152	0.13325140599908755	0.257957762025189	0.5698372659526736	1.2237038596503977	11.0	11.0	11.0	0.0013866405880008593	0.05203431105565709	0.1545767145268539	0.004780241908645248	1822.1900379447272
-4254.240606322899	0.29900440676841	0.036649877999995494	0.34156119470553803	0.08906601178265931	0.3452370580176819	0.7891388705995518	8.686142412775128	11.0	11.0	9.588183900974252	0.001	0.11206184136715379	0.08994845586409861	0.001571467163537331	1715.8302350028462
-4269.020485928025	0.3446540867050905	0.22155875168277364	0.003316314755249816	0.1754736572005106	0.4050094972643412	0.7135085114994221	1.812199340772089	10.999315085209709	10.59084063489584	10.188169825136564	0.16904829765398147	0.04233522253467264	0.11672993379021865	0.002778730065384682	1719.9629494292674
-4210.244112011737	0.347548924850511	0.5648358884490264	0.001734332647343962	0.1463073111048834	0.4144378579010701	0.624989603348628	4.839842130278667	10.86507931322704	8.927805484973677	10.368437167209915	0.027704626019713206	0.00475065203052504	0.20166093825271839	0.0057202939345547465	1617.6849606358257
-4274.281253978797	0.3655690564071701	1.8991826110334151	0.0032389456455710333	0.23112064205652683	0.9129174864274026	0.7407407870184889	2.5285138742981332	10.386969022311062	8.284513374179035	10.016403458368954	0.0684741698115557	0.027848189464626003	0.10089830506523204	0.014864322625176991	1406.7570689449594
-4211.916636582608	0.3235584114814714	0.07814182788426584	0.3408929027307184	0.09377941360439265	0.0012087546422384712	1.4707610402480484	1.1555619079217818	11.0	10.921216578623985	9.843113713787282	0.037804970760378975	0.10998122686771307	0.1692602823349302	0.009987734904417022	1877.2692493059726
-4203.690703130833	0.29817037263997576	0.01295027625102778	0.021243480805135568	0.1507051820409392	1.1051379120154021	0.6210694075433699	10.891400838142184	11.0	11.0	9.084125772715552	0.0806753621013731	0.017005384448794538	0.09975351577082575	0.005528136170952879	1753.4011423211523
-4248.773170968345	0.30413014351642353	0.020527506039254333	0.6668940801865821	0.07994755669508173	0.3649410158596265	0.8086925462696777	8.064247647669829	11.0	11.0	10.413358522340369	0.10833770400800799	0.02682041492753219	0.08712530410702457	0.0076882330260758395	1739.5478557164079
-4190.557494293097	0.30764219925925446	0.03732269806352912	0.027604502513978946	0.14771691773110363	0.674748032845559	0.657281259699537	11.0	11.0	11.0	9.314835675320317	0.0010483196055408267	0.1099680655747469	0.08526959301421295	0.006856038120207517	1787.0217256817675
-4313.543609107413	0.38416141133207	0.27999348593015916	0.00277753882863559	0.22124416611176992	0.40676304359518756	0.761061157013423	6.907552661820391	9.061017067475294	10.307286153613203	8.772540055489111	0.24558292754556765	0.03289922113513054	0.15037309329194137	0.002086027252031142	1663.2157150378507
-4288.564924767262	0.29831474307011346	0.024091241341714104	0.4052051640029997	0.1147196235174907	0.592443935932648	0.6390147833154053	10.838609247552085	8.960981752820999	10.680931998492548	6.8605464915760495	0.027725044597612977	0.04836799523608859	0.10305022441342462	0.0016849900517291526	1593.2861746737203
-4329.861808730372	0.29640065577435265	1.0203290937749594	0.013191331820820575	0.18261600441285736	0.7870203671823166	0.5599599788687614	8.772835943709042	10.663962477932238	11.0	11.0	0.22415368488962048	0.04932199592906575	0.06738152062349903	0.005207623993824903	1770.7930829062193
-4186.532263618466	0.37623634435936965	0.03321185127915967	0.03411559700682944	0.12229223810732932	0.38916318273629885	0.9602360136124521	4.571350303559873	10.976209736279593	10.368800900736035	10.820308996553697	0.176138215981552	0.03787386767937477	0.10911981916802128	0.017673700288862497	1738.2598912860801
-4097.568819278978	0.3380285149654136	0.07146877377386322	0.04912284231031318	0.15724133331804327	1.9821667214591903	0.939875783585648	9.116683593929386	11.0	10.894443312557602	7.722727358318964	0.01375777728059988	0.1661241019963234	0.07619818394574761	0.05357451806075481	1630.2801385766188
-4498.496722141018	0.379770552334507	1.456233039737954	0.013985555241405418	0.5577439835459352	0.44668779186680235	0.7366047740932905	3.82285450709122	7.137869393281442	9.905953920108999	10.897823040070378	0.04587212443056449	0.021195636168078676	0.040917999640099574	0.00698482282438644	1311.170924724324
-4158.795264054154	0.30146909919470793	0.482604575915594	0.004069651576612252	0.14803204010776805	0.9269116995222906	0.5754540072402489	9.637049861071732	10.987397595917884	10.999725612616917	10.768923808722594	0.10317359985177914	0.041643415584294165	0.14821322035390222	0.026114480935745685	1662.699842464974
-4319.915467676288	0.32109178221711593	0.259829067088417	0.030625572423166127	0.35514580489944547	0.6429671621557935	1.3081225090655022	6.217538847052044	10.047070756186052	11.0	4.652551335601878	0.24159204480158916	0.06574827094438726	0.03635246901993599	0.009188233849732053	1768.745528911901
-4219.644650004573	0.32298273837991964	0.03293779760509415	0.0070813390927688385	0.13880836326740387	0.5122015258799104	0.6618614814614129	2.7287363581761794	10.986659720475664	9.980836300051289	10.705168988450312	0.03653041326533991	0.04702085956572595	0.15475424362724727	0.0011967521245977463	1743.6606976389912
-4444.757585349588	0.32442627770246535	1.1263691057681424	0.015111944456901238	0.5353154315694764	0.3309886843441279	0.7742036264806257	8.337052139917668	9.915025408374632	8.407689545985235	7.732145583752887	0.07729018431017756	0.10738754944163999	0.043429195732478075	0.007147080269693217	1336.5618260614694
-4364.388414610803	0.3025063702272977	0.2460918221911851	0.0177570721303254	0.709603062059391	0.7477834183543002	1.0213139392015158	3.8296067408289405	9.899919334405123	9.464736501674508	5.808097634463481	0.20591013895623758	0.022764096084963333	0.035919945809370156	0.006682841191258383	1808.9582688620815
-4196.388733250855	0.3183272525993268	0.4958367588628317	0.0017758327591491075	0.15683008523896055	0.3535810941024505	0.6646553370085483	6.208213402982047	10.91658024868286	10.639175967888104	9.692710578391246	0.03534296572407124	0.06878825189740169	0.19833960379322282	0.0095981398991517	1639.7323976237485
-4230.5352422449705	0.32330895563055323	0.6047573164513557	0.001	0.19215615245578987	0.3566915558262691	0.6752416570063949	3.0288857872962227	10.924603255772157	10.998090540330622	10.809234392744312	0.056560433872637816	0.014504223616446663	0.14990439719935586	0.0048142837262144505	1629.6707257118455
-4176.416668458671	0.3244335786542006	0.0454544864645021	0.031551107973724325	0.1450562217119988	1.4516942742451033	0.5952525765711199	9.000571292502059	11.0	11.0	9.398435585453438	0.06557636343987529	0.09871432748449169	0.08425526648556592	0.01464691273439267	1771.4593186297527
-4298.149946843489	0.2812847527416194	0.020399149026248047	1.045893778523141	0.07728173224704066	0.32204946554914615	0.5249526354061365	3.994147590703622	11.0	11.0	10.963408234106291	0.0681377717795893	0.03261646142987369	0.10746874842135198	0.0005117763621769528	1713.503021537256
-4193.601945587944	0.32798078237994244	0.015712737133551872	0.036253175997927725	0.2314427579321503	0.6307145626982301	0.7976839678881495	9.18548795665406	9.03359847579347	10.965028574237868	5.9791658296548436	0.04422199884654135	0.017478869844578745	0.09736819308051237	0.017169862778884378	1530.1124528185414
-4188.1302268489835	0.313896706056375	0.005149633451276598	0.01406626785273549	0.15053811744260145	0.014216475965696638	1.342230890258502	10.735392532443461	11.0	11.0	9.388042866805733	0.07060259081221576	0.007240548799121398	0.11442040728287531	0.002513427497959321	1956.3798306421188
-4221.727969374276	0.3411556205310121	0.5410366007515895	0.003931139775269671	0.16299781977782427	0.8775223901474523	0.5470888960872046	7.053368052249219	10.96489033226597	10.410674789151143	10.496020983765593	0.17552059108649348	0.10993477628020284	0.12530276390787226	0.01464181959445712	1649.0089587933207
