# /groups/rgutenk/lnt/software/anaconda3/envs/donni/bin/dadi-cli InferDM --fs input_fs/fs_009 --model out_of_africa --model-file /xdisk/rgutenk/lnt/software/donni/donni/custom_models.py --grids 40 50 60 --lbounds 1e-3 1e-3 1e-3 1e-3 1e-3 1e-3 0 0 0 0 1e-3 1e-3 1e-3 1e-5 --ubounds 1.1e2 1.1e2 1.1e2 1.1e2 1.1e2 1.1e2 11 11 11 11 2.1 2.1 2.1 1 --output-prefix inference/fs_009 --optimizations 100000 --cpus 50 --check-convergence --delta-ll .0005
# Log(likelihood)	nuAf	nuB	nuEu0	nuEu	nuAs0	nuAs	mAfB	mAfEu	mAfAs	mEuAs	TAf	TB	TEuAs	misid	theta
-6843.882999543802	1.366817655054777	4.78857527767266	0.009915376956766789	0.46089920169125503	0.6702875954612897	0.5486722638514756	10.51336579220132	0.48955544508230686	1.3408104538092889	9.223242756913459	0.1447999937702745	0.3716295205581314	0.001	0.015505870770887501	2342.8957671578733
-3905.020850159241	5.507992102673594	5.752336908836213	0.015096868740233542	1.6412421380081468	2.0168676453003282	1.5524145255750137	10.952961555733872	10.76706147392185	0.4460800113143985	0.01009643833470886	0.19324834447639416	0.41376647264483973	0.002001562688402052	0.07349685073382306	1589.6291688576177
-5057.206150649633	1.5980189886843787	7.856495745385156	0.008042866231825976	0.7722933623198986	1.2039276811240764	1.050342442742583	10.066708998842735	9.399185944729481	7.882490310390349	9.321917380977048	0.6770813504059008	0.4956210089303339	0.001001633291657302	0.07603988903594718	1852.010639978048
-4489.8049079364555	2.0165307085904978	7.060832753721061	1.4374484403058954	0.01455673699420568	0.8777993055224756	1.5737380930529585	11.0	9.33750580963773	10.88642484321469	0.22979289750012233	0.03082201533275248	0.4016622976018264	0.0015561803362968262	0.09946400002951022	2064.027319072657
-3625.8582559398205	9.033023157900416	7.326014408913568	3.2702238591812076	0.016298313512633156	3.900626981049493	1.757301620028786	9.808668641609636	4.9398850793872215	10.958398726754705	3.4548737333745407	0.15732801880486755	0.839976382341215	0.0020112079464298335	0.07655509501219844	1084.046879207602
-3542.5412455551186	7.997941155320462	7.29451856083327	5.0908014183883985	0.12136519179172026	2.6363096527980927	3.416711467487928	10.994504432327377	10.836771597666132	8.696519116376088	0.40645830998708854	0.17235598530622717	0.7639393797818927	0.012882575039939234	0.10450244466427515	1135.951949364271
-3195.636538862795	11.437378001823662	17.713299924615164	0.1963421818759487	2.9498334869285197	5.551119760868715	9.607367924294069	2.287241051725744	11.0	10.911124054119522	2.3896368657933214	0.8714247512559973	0.44842163592816053	0.051835803588400856	0.10224080721311411	932.5205072322657
-3275.9661864805194	7.897806523477666	22.646394604791425	0.34475139787392184	0.9724267772971835	4.829076423976636	3.436032389716649	2.091711996763439	11.0	10.932194036985148	3.4436815488415258	0.9641622107556357	0.8040379670337564	0.027873537498157706	0.10880229247207467	808.3578518784549
-3336.649652650241	7.144103033815183	28.087650556839243	3.644574538800621	0.37582879048630025	9.946170070158905	6.325932748707708	1.1445234930494437	11.0	11.0	1.4126540127988958	1.296063569494521	1.6408775972013576	0.037442107926881706	0.09624606949284775	581.2235235493725
-5871.941623949883	0.8801447397006502	0.0049280822316124535	1.790263959203609	0.44688815465423026	0.5863039398142881	1.1335025771377205	9.774643185328925	11.0	10.885038549756885	10.72680512633085	0.0015650832234775697	0.051873850095385775	0.08067149838087573	0.04365318564945035	5132.683648903714
-3952.9452559567676	1.020394135428942	14.322875374407753	7.2331634422277835	0.7848084200335436	4.893342184495169	18.175161915780443	0.0	11.0	11.0	0.14154683810954294	2.1	0.6943260316582007	0.09696874320435069	0.08516307394656808	1437.211983168154
-3153.169012947967	9.672885820938376	22.66363187362696	1.0371039024642903	1.9351064691571416	11.573564425165245	21.85777345187804	1.5312622643123137	8.499278470378389	9.88428984959209	0.1424843902972673	0.9801621378679153	0.6837768429744653	0.11625313618340903	0.10502548929797619	776.153467507812
-3350.1957277889023	4.188838529130355	25.134564483821695	2.4321840387980997	1.0545474960044965	6.98295217168427	39.035116820587696	0.14880443013166103	10.987315055265539	9.824222794492993	0.0	1.331143591920976	1.407560260809347	0.08148737089124897	0.11462210377786991	678.3484727384526
-4362.923402368217	5.973896515040135	0.0010138769460960797	1.6720545769400026	1.5086606671567941	2.1276694782784302	3.0424847843614513	10.998842203573046	10.999132675916726	10.269922719019464	1.577812803219244	0.17936426139215733	0.002540880678366612	0.3022817209376927	0.025729787961237812	2236.3897537074363
-7183.614761058466	0.8753796262830141	6.467370442802185	0.45100712366973145	0.024279332459229756	0.7457937762968468	0.5585840313060687	10.731596779172712	10.565793376043565	9.513956066617153	1.364689808445914	0.595400929624097	0.4256130414993401	0.0018884451548990449	0.013862812069929682	2551.234681871929
-4196.699899672992	1.1391481164545154	0.001	0.008535817708591508	0.8546095165715031	0.8692066173495799	1.307985671697461	10.879310523701696	11.0	10.29842953363642	9.374671271832955	0.11522741498405036	0.2031947031847645	0.13851688451436725	0.001608865198481601	6808.132789501385
-4080.1530808624266	0.9316259800451866	11.49903801043909	4.860116617540088	1.055013531434263	6.072851801475373	10.734782079123862	0.0	11.0	11.0	0.0	2.1	0.6108318489055375	0.11320084000071336	0.10490764537730232	1609.6495586075318
-4386.825130118377	1.21931563974604	0.011397621001939456	1.0396647831389296	0.3768641830379849	0.7843985219571467	1.3614516101864262	11.0	10.666913886975458	11.0	10.940288016090891	0.08463451878421607	0.2662080920003803	0.11735619081593995	0.0028281937998954616	5979.6665726786305
-4496.9646428563	1.2109785494058172	0.010863400977238912	0.46975659717772084	0.46861315425534594	0.2981457885711126	0.9185059656829636	10.145016645127361	10.89635550400628	10.86123963196613	11.0	0.12326588678496703	0.3512972358085092	0.11424539330575703	0.009782505088881134	6795.7951928164575
-3730.8724579943246	1.5357828517371683	0.011640929212310898	0.18457213459070382	0.5044909733485282	0.17156308599265202	1.7910716625930256	10.150906929341781	11.0	11.0	10.09360534960356	0.3015571284557659	0.4819973469428052	0.16135596723636556	0.03816133346546563	6279.1372568919605
-3977.634887972584	1.5544660820969731	0.009985765629496235	1.0445131001835741	0.4317082572693292	0.6407851098560371	2.078115896719847	10.867388556480718	11.0	11.0	10.303784833597682	0.16659970272142072	0.22899906023475947	0.17375717863763457	0.018313061569245018	4759.06171563584
-3799.865855874399	1.2286562695290937	0.010702939929061484	0.1908029770564794	0.5266603237352171	0.48118967585279254	1.7386979105806364	10.992889450319932	10.825431999542609	10.985884681537895	11.0	0.11740321557332746	0.3611626459797452	0.1757006072562216	0.03419677825469386	5876.788922518153
-4031.785707412224	2.0467673495484244	0.011792326955225862	2.1889951174620603	0.4012645559759378	0.22797505416462582	2.7487058662452624	11.0	11.0	11.0	10.866188260579207	0.15871795450604306	0.25054394047866774	0.17157108056003612	0.008086254737984347	4663.188956227602
-4778.245458651706	0.8450433488166399	0.003667812465172227	1.1085438798167673	0.5593470170467577	0.5941753080648992	1.0874828308507993	10.999312854659598	10.998128295935533	10.853935745720557	10.998154638817436	0.997018546327317	0.11072766299154725	0.1469745471415845	0.018934957026395086	5320.1519964789395
-3796.9676584154035	6.207676225635561	10.772471404782213	2.8829982274063006	0.007226112982775331	1.85469542694225	0.7826581402369227	9.05683776735078	10.38297971780595	0.028198160565719665	6.827956917460654	0.4942426891571649	0.6821620466632199	0.001	0.05726981161526967	1071.880698335896
-3942.4817428435745	1.4044439010242724	0.001	0.007186926583321207	1.0456900410367762	1.3360723762835385	1.5996428042625568	10.316829771324056	11.0	10.998389699434728	10.985877166674863	0.4083289467535455	0.21077927969025553	0.17177278955871206	0.009099697696046462	5940.98099434608
-3757.573802996365	1.8696413483983823	0.012272103677479537	0.40696724682758306	0.4820895062937453	1.1928424851010184	2.1767320249010824	11.0	11.0	10.94156514446829	10.829387544109645	0.028646900034087153	0.2775392078430335	0.209362643347559	0.025207049197393906	4569.925547025272
-3859.785823782524	1.080249028222496	0.001	0.01718747725849984	0.6406659160799825	1.1236359376046554	1.6819871867305507	11.0	10.912168628579439	11.0	9.18031022844911	0.32850823351645125	0.20334635181486546	0.17925547464472932	0.021485041810310863	6212.828332271357
-3955.071226184017	2.13110909836211	0.001	0.010797528002751945	0.6627199736078345	0.4707017901210377	1.3719020033965046	6.52467079666838	11.0	11.0	11.0	0.3371103746418212	0.3668290421832523	0.1743631963737938	0.01012501779048651	5870.237201046801
-3951.1459571860823	2.0464451503759626	0.001	0.04050355023032904	0.5479463874335573	0.052336583703285394	1.8134550403845169	10.994442019576839	10.277875194719105	11.0	11.0	0.3201524785418191	0.24369665535983379	0.1802384183533188	0.012155150687149972	6411.935368230969
-3860.4723039370774	1.2494298187618516	0.001	0.01053999408949537	0.7647430431316101	0.4783685768414185	1.7877830487812556	11.000000000000002	11.000000000000002	11.000000000000002	10.952641700139939	0.17488237945545326	0.2188425589278514	0.15939559903951475	0.01700735618071385	6617.687976023917
-3972.531328214241	1.6203039446249496	15.900106594574652	8.479366192789492	0.41560942234889103	6.374554353677441	2.7946606459646457	0.22371526084295473	11.0	11.0	3.0259255448137647	1.4950200179399822	0.9817383218090141	0.05857009470116566	0.10803404102066234	1104.2413285581533
-3742.665506174678	3.235941271284442	0.004532719160909065	0.04364234946449595	0.5642537891166376	1.083975184160521	2.350768345399989	10.923990185208728	11.0	10.914953704589651	11.0	0.056003256904838816	0.2234545304387456	0.20037275878369432	0.011063788162230675	4977.149297984445
-3477.283758973257	1.3505028118448368	0.001	0.02487247357657273	0.6424022157659235	0.6166844438200405	2.532627798806318	10.45656325971528	11.000000000000002	10.982015489427441	10.446771487847313	0.2269332875037267	0.3005269233207263	0.24419653628045002	0.046543355313937995	5607.514448669301
-5784.393352302049	0.3839407138816504	1.7719031775203984	0.001	1.9802351006353138	1.3918602811095668	1.6739262814945324	0.3817635689374987	11.0	11.0	10.883219795394819	0.8284928222554085	0.005467868823832288	0.18047201361954704	0.043310079811852545	6566.405047298048
-3982.8966204828635	0.977751840514474	0.001	0.015981293172863103	0.720296005157786	0.5589361360769028	3.225058357595303	11.0	11.0	11.0	7.232893452593157	0.1445944110513221	0.16639563722394426	0.17696031207129231	0.010933320270075252	5925.594152728101
-3885.6909780802434	1.442526225530629	0.010329154792123098	1.0934618278219843	0.4507031119032155	0.6185845863622517	2.5146749222844917	10.84624631071023	10.991851517576482	10.989351483668534	10.143886439808067	0.16761661470637007	0.25088905528819466	0.21194709956684227	0.023243588400192788	4497.756453485408
-3665.0290128890547	2.3949854589197024	0.020390849398769954	1.7062532463854252	0.43904829493341785	1.9111805390258196	2.2270052121898525	10.287962963421812	11.0	11.0	10.885085263816967	0.018826941996179347	0.3087081174699716	0.23156264528943793	0.03988158112466915	3822.916181107022
-3866.8405375162356	0.9055766425469006	0.008716738837369557	0.662146653733715	0.5602785414904412	1.1683395933773126	1.9003942814728674	11.0	11.0	11.0	9.345509020673983	0.004051475891794785	0.2543794888064162	0.20658579184570178	0.04853038218472126	4986.927321621905
-3700.852355855136	1.3588312391868473	0.001	0.016792686935284927	0.608456219424948	1.3406373946162742	1.6881993724609015	10.430294257109665	11.0	11.0	10.997380237252317	0.10825383588565833	0.20993123806919403	0.20110936421692394	0.028161081655821964	5836.616998888873
-3879.8995101968203	1.6734952396837977	0.00608629469807858	0.132674809405041	0.5121550463924377	0.652176136005244	1.7336940313635358	11.0	11.0	11.0	10.98905161511636	0.21774151656714855	0.2580631243919764	0.17237052276292933	0.017065348423638122	5494.9640103906995
-4258.6920618635095	1.1086530275659037	0.004488582285501042	1.728187179188746	0.5274502051903377	0.16998538512276812	1.6138533290642412	11.0	10.999054788176235	11.0	9.79555075717512	0.42486220268061037	0.18435415415107734	0.1879216249881424	0.01813034978751346	5054.487544506141
-3841.201534796985	1.3649304657397754	0.001	0.015602291469027758	0.6132335876042908	1.0559427099559489	2.25922898966085	7.521248231790602	11.0	11.0	10.911697141335374	0.45504830034642807	0.3772344132482219	0.16750576117237304	0.014602764928142215	6189.327986457851
-3756.511117422006	1.0915512174565865	0.001	0.013371629629835551	0.6811949507290632	0.5726640931993591	2.409880956947287	11.0	11.0	11.0	10.989275275781909	0.21101073747360907	0.21622612133288135	0.1910616866397749	0.023737366063658644	6253.886414283053
-4353.863078851285	2.23863972596523	0.0037405203502319613	0.5895806004048955	0.5685617175362713	0.5814762465315872	2.0790737232907994	11.0	10.314591158792894	10.785011966261777	8.424136869956214	0.03533805401411528	0.10824043709576964	0.22869247237458273	0.0044976441518219746	3860.0325337326813
-3966.5778734941805	2.4321540442239327	0.001	0.03226501601446857	0.4444962407104423	1.1333196788629776	1.618832708286369	10.888578841424538	10.450744936033736	11.0	10.146584851361629	0.008910756372559751	0.18110359697877232	0.18105236299211505	0.005454451752231436	5511.35180372029
-3569.3830563685647	1.308160165618452	0.001	0.021398916276445457	0.5892409805396489	1.2794521316751455	1.2462742711434875	10.77258587590659	11.0	11.0	11.0	0.03395265047660537	0.30235355831185956	0.23976546307249003	0.06143700459285627	6026.030028357199
-4802.06112750095	1.3037784496250937	0.004881043889137187	0.7125638998574392	0.466449832805303	1.0956594726162912	0.988454110186611	11.0	11.0	10.733174188331967	5.199458025151557	0.010937347388313774	0.1432035468234349	0.1321885522684848	0.0024329646369639305	5203.674113297713
-3466.51227645165	2.261856052017526	0.001	0.04688934115339619	0.7182966370829015	1.8508039893029917	4.465680107828943	8.548232747050628	11.0	9.776948881117368	8.062251430518797	0.04553845420133561	0.2292981764845483	0.31388501779093725	0.029861918677152634	3962.200635553749
-3795.526503127829	1.6564240965631356	21.686240428951738	5.990284497752599	0.5409017711296137	3.8036376966457315	7.202290426196487	0.05294926856811672	10.98528329705624	11.0	0.7453294702090282	2.058352177489728	1.2960941407431967	0.07316295478621818	0.10603437865947501	902.7170111775636
-3260.5419958546768	20.570711299410252	6.31638380197212	14.421769249254181	0.6337349921057508	9.438050726219819	15.979196517846265	0.0	11.0	1.357441398079525	7.41695469541362	1.0988051913081365	0.001	0.31058262130224684	0.10425311627943687	865.8468932033765
-3091.457749052299	34.38552168885837	4.860439932154829	0.9085766056914002	2.7091740225650933	20.24462986241067	11.706110955754529	0.0	6.65984799705132	8.985301685652844	0.28953498059062566	1.0504178270536826	0.3432935503281999	0.2973619814781207	0.10809223379464636	786.2074531183861
-3267.7354413406206	8.149021599207042	4.66523038171516	10.536606071969182	1.4978953098767125	9.707448188776224	10.536078303988493	10.788846204588067	7.9391966401963066	8.20157028640338	0.5901039297934821	0.06541645887145589	0.623756901177945	0.43746385919663405	0.11122627323908242	992.8263073833339
-3533.549501702969	3.1316949979053224	0.001	0.039101060893843256	0.6690398346490612	2.3356405478676048	2.9371472761689903	8.52827727133794	11.0	10.869082738403078	8.623614245481876	0.05112867529083127	0.19261031919178648	0.27885004390594553	0.022964679007444585	4057.1730112777855
-3567.0503055580284	3.685617320346207	22.599514553099826	4.054381890127682	0.7214828451120847	6.464134394313252	9.122568226127063	0.0	10.546895781917431	9.561836410442938	0.0	1.7347917940510658	0.9019089946067285	0.06903071568539322	0.10667224554631902	828.8050561362197
-3672.9669049603776	1.1600741123898433	0.0021593621056142836	0.019347127176680416	0.6604893934760662	0.3775914832650292	1.504302757886118	11.0	10.994251808386517	10.99930976812196	10.944008236867354	1.9946868037622112	0.33685324884532464	0.16491189880725526	0.04957391110474532	7110.477988093065
-3884.11002932515	13.622795096902616	0.8294752456905253	2.0591985148461975	0.012280988418885894	1.7002791084710427	2.505748954090206	2.9535505870770344	9.001194030129586	10.954469587109969	5.228765026901625	0.609312481161679	0.001	0.0015032004396292194	0.057192497907291695	1504.6734321662368
-3895.459184640018	2.5107585485280453	0.006476534796507827	0.12953368426423514	0.5950802299370331	1.3229953460201562	1.9147771219231675	11.0	11.0	11.0	11.0	0.03949197755538205	0.19248901269251562	0.18522064654927473	0.008349098423587036	4666.074540998368
-3476.2100380208603	3.6905569416609927	19.770337764462454	7.95663984790293	0.6831512858643884	8.237300135765782	6.658305577773412	0.0	11.0	11.0	4.0088390950357	1.0339712175808506	0.9083685833119093	0.09969944217004603	0.09414444690483269	877.8923564251475
-4080.595922236449	1.8793704852912099	0.0017544755704949487	0.01635808225360453	0.6526213668560625	0.2714035443438743	1.3151735513206784	10.341284364383407	11.0	10.99579030965768	10.977457192215894	0.0703619236435988	0.26268783956885156	0.1439749128242718	0.003594296846243682	6798.816650871891
-6035.805149590408	1.6392429825956303	0.001071672269225711	0.5974971728815545	1.256130273201047	0.7981054066382942	1.0976146087773295	2.5158685431923535	3.760368094973095	10.354285106069808	10.985186897080203	0.06234017512845172	0.004743471594559996	0.1970526826811843	0.007029147266635669	3503.941050352965
-3277.8855718024333	7.321006085033759	16.003387000978723	0.10489156664589097	7.3629203196442585	10.351497199667428	3.162386560587645	3.6872342825289333	11.0	10.603080557355375	2.9118418487593076	0.46506635596562385	0.681027792904701	0.035546664686382186	0.09887581333769446	1028.6776936731023
-3327.1941449669307	1.4811566622972967	0.001	0.03864413116693316	0.5662734348070951	0.6588763035531062	3.596551328480424	10.946405990697013	11.0	11.0	11.0	0.005878266493861916	0.2895452053410705	0.27876659311210944	0.06206315433152494	5140.780347157637
-3964.7681073497697	1.5894121731575002	0.01368302520327808	0.6405309850333918	0.4875285234123999	0.4760213407133112	2.089962164481276	9.435658625320869	11.0	10.97440605089377	9.690840005902965	0.12401397341836974	0.33906109374047866	0.16082109096421146	0.017501551834662333	5115.104219782834
-3159.8983564411637	17.574458417238706	9.643509109950864	0.8689611444515623	1.5499258542974945	9.901098788601486	12.209614202511268	0.0	8.177527838521456	7.513925493317374	1.5989114948210017	0.5475927801596836	0.4500862253549553	0.24727426829126525	0.10317321288910396	979.2770663631651
-4201.631631375499	1.1753073810601302	0.001	0.0073181499988448475	0.84922471839297	1.0539152068692987	1.0666415491043562	10.624269431752833	10.99906811291433	11.0	10.99645334843046	0.19509826663274202	0.23185236737548584	0.137225279016439	0.002809269642569178	7086.120567748833
-4003.7722058132535	1.3641684518027886	0.009200643433057605	0.2785409112832546	0.5218841733054026	0.7597312108771593	2.0625685522294486	10.513534685398838	11.0	10.998654653223749	9.312586249518732	0.22510828695340912	0.26842570157704976	0.1635396842508598	0.012878770124727875	5303.418497143471
-3126.4253119081604	10.69528824440006	0.5010484737941171	7.482735595164135	2.609437909639393	12.194725196204923	22.26095623964822	0.0	5.313891852676959	6.372605370953881	0.0	0.9520612391320691	0.01774342163006583	0.9670274195519678	0.10469465236048564	720.6074619332834
-3121.9764174313605	23.162408203867944	0.7265020211528644	10.954165489618722	1.6108569620837225	6.913954248741749	14.848898803131828	3.642928455191641	7.586902820664355	8.343770023115786	0.463795714864812	0.7468924866709998	0.0556780581636116	0.7167459738681846	0.10326916899364816	818.6600584855693
-4036.155435227147	1.852531235926383	0.009521606921100427	0.3187334315881071	0.4741299777810066	0.6349028434223889	1.5201420830337125	11.0	10.847124107293498	11.0	11.0	0.17311245978408604	0.2485972751854129	0.16328531066207083	0.011531573099361096	5173.58872360127
-4085.603006084101	1.2975647617582204	0.011802171477809884	0.808270130679499	0.6551951045676926	0.6557590801067869	1.3767040080208175	11.0	11.0	11.0	10.011263927960526	0.027891025579075596	0.2618699964712874	0.1621483947496819	0.025902264466299	5137.132979609442
-3665.9114415646204	1.396354972700854	0.001	0.021451545237493562	0.6360949090720198	0.4487541366812603	3.8040594456796546	10.22124207781757	11.0	10.985339026139659	10.878353129058222	0.37752669590396387	0.2558408216616783	0.17535604171067057	0.023513499470794414	5998.637164145844
-4129.233051681291	2.1472216880751382	0.014108749172460931	0.852924229527767	0.5089057686612718	0.5858002054098588	1.838578197812921	10.484559213874903	11.0	10.972428405119391	11.0	0.17270514520589136	0.2855486483128658	0.16672552766930063	0.0053986184897868465	4684.499304965301
-3715.9190231869184	2.4751158418435186	0.006646145148201759	0.03417611773563016	0.5811500806842006	0.32892863994301214	2.3174835156263005	5.864046066064642	11.0	11.0	9.28792416742443	0.36667066646648977	0.7223879533617258	0.1782198589584865	0.025186401431703965	5602.203432325608
-3986.528709009657	1.1643007854661407	0.007313423302206893	0.10966703841772757	0.4270489719877334	1.3162143067715932	1.889739374991788	10.547667820880852	11.0	10.644402025857831	10.963123365682915	0.38732784624894345	0.3016981199528999	0.16270257646186595	0.015993452836056386	6030.604717540202
-4764.671446824922	0.6464339564024507	0.0034846033264402036	0.17064208157063665	0.5768640590268985	1.297621659591591	0.9873593505965514	10.999274260601885	10.986154649307162	10.995074328085314	10.922264159125216	0.3696842246385508	0.16734738773820376	0.11735803173545079	0.0069672677155870584	6925.3119842452925
-3825.5550526660627	1.1896887486396952	0.0169707859320591	1.8191813999533664	0.43882307141864024	0.9119048915778295	1.8634597831783664	11.0	11.0	11.0	9.730330055646414	1.0495164800430106	0.3778234867906012	0.19674958931162964	0.040433810461676274	4865.737406882641
-3070.064306586485	26.884951345645447	2.8714552924940087	11.099788147008896	2.0488792628844896	6.916041080211446	30.18434461498639	9.43337765990218	6.755562307458865	7.205653484343106	0.0	0.21788848331822994	0.8588635758610855	0.7840999776224937	0.10289587540695719	685.2639378883922
-3133.5672351287744	11.11430267625756	12.879438215592135	0.968275608046965	2.690585689297175	6.972390254414136	20.83090553827445	0.08538120306095542	6.457908269797556	8.0190164829619	0.0	0.35774964566618705	0.5003468956746846	0.5414624201819024	0.10503910397354083	897.6359510756462
-4230.33391805553	0.8225563905329485	9.442489887714476	8.198272517934253	1.4078658277491178	7.849805180858559	9.493376452823794	0.0	11.0	11.0	0.0	2.1	0.39608408604048306	0.16622548590858904	0.09222126611004135	1930.4598454477045
-3898.909863442662	2.253853180359329	0.001	0.018983813180084495	0.6741431648413175	2.8613415094233203	1.5495989179860323	9.84948438104611	10.885466150688815	10.89038003850258	10.113308462859605	0.03054224718281264	0.19847709200965158	0.18917389811474755	0.002854895026259944	5265.54665533261
-4230.752020131562	1.2360835415146465	0.010573435618470016	1.386899982181816	0.4067887806256646	0.3064222502181754	1.5144074743177007	10.618633867898048	11.0	11.0	11.0	0.42648756164671076	0.303443503011843	0.13290938767607924	0.011847276477319243	5909.490144385059
-3935.3222227489423	1.254950787716334	0.0016890526601788997	0.02799230500122476	0.4748778342710705	2.2819407182557185	2.6904106727956916	10.469618264527336	11.0	9.96055534924496	10.050414021663578	0.5177892011615703	0.2276890236103491	0.16461243137310302	0.00882177965781515	5985.543372908016
-4429.947149042187	5.681329290630118	6.68237504616694	0.006793800551616819	1.0597332665872654	1.4439235937421904	0.8806821285442761	11.0	5.678240394714411	10.565684881829158	10.98530724110995	0.24761220751808316	0.4637213385226686	0.001	0.03562943332300914	1449.9634553178028
-3990.760310663578	2.419599337469704	0.01230992997232659	0.4893356427849275	0.4410455766058475	1.2148106183132712	2.657649724607937	10.95637544085144	11.0	11.0	10.67510701411651	0.03423457406740161	0.2351647640576608	0.17613733751519417	0.005500849747027669	4498.798199613829
-3605.75095956751	2.615735754181489	0.016161801388647038	0.5512880084836335	0.5950646298236487	0.6509116140791719	2.666964487440816	9.175032411400025	10.917342283600076	11.0	7.694031329509733	0.5076497756753134	0.40096515189687326	0.2580118744593886	0.03395333009096788	3844.1832852605066
-3837.1169157934282	1.9062413526299395	0.0010984475386959882	0.019434892033045402	0.5546117404596329	0.7627289272073555	1.3393640877369042	11.0	11.0	11.0	10.860302402339837	0.31576659560602754	0.24770520930971715	0.17233832088430265	0.017643898950652912	6226.954391907126
-4454.202533840321	1.1490146042902603	0.007523515156094352	0.35271148021761334	0.5591001481495379	0.5718277040366471	1.022874578807187	11.0	11.0	11.0	10.22784689554885	0.5647934956984125	0.24836677206837074	0.11790513960890522	0.005523758612982164	6262.238549202015
-4035.754401102303	2.2883655891394734	0.009707455982799745	0.7044036547267792	0.4269496336002383	1.418115403319625	2.741071608011133	10.998874980483457	11.0	8.986790875355037	10.991835687012294	0.0024365883491132673	0.1932099722116729	0.20082200371039696	0.006255779205209972	4173.063332159444
-4120.790817900087	1.4482073283077426	0.010111008579658057	1.1437093022500928	0.3852465311024787	0.746337494334223	2.250964559687734	11.0	11.0	11.0	11.0	0.187219990462907	0.23128792976297213	0.15521607990613	0.007941779985837843	5000.715639263706
-3549.036779984227	1.2589099688405054	0.001	0.019162389454673023	0.6711371510691522	0.7041056432540482	2.021275576974266	10.427018684094156	11.0	10.977725506033591	10.904577476491362	0.5031559376219594	0.30347904275547183	0.22676495622207754	0.044321604790288946	5934.862844739368
-3363.693602311053	3.0762159608246766	0.014661182920483398	0.1815298571110116	0.6705014272990865	0.6844317158481764	2.553538728473714	11.0	10.664687029373791	10.907995311243099	8.678961993262455	0.004228954504474682	0.34675913022121607	0.32260010984214527	0.055567346992621426	3838.3434288732824
-3498.138879143571	2.2348556430381388	0.001	0.02622960634964315	0.5829295508401227	1.1263074787397187	1.7171583210244512	10.911179923201388	10.993729799192502	10.933780277589936	10.34603165812527	0.300118265681108	0.2594456400213816	0.2831878324341786	0.04318688630372723	5012.572945242415
-4270.144127842561	1.427700588461282	0.001	0.0051593814699851795	0.6738738890937765	1.174817396860357	0.9534843013703992	7.347393158756174	11.0	10.982247172299601	10.833878738090672	0.013966826792235501	0.3219456955507254	0.1573767301622168	0.0005169604797847121	6737.083818521619
-3811.678697337946	1.7365421968760713	0.001	0.016615839280430957	0.6542485625576916	1.3154916701992738	1.8716015773126053	10.38992948597129	10.56838024044616	11.0	10.925140830340421	0.1863515542377498	0.23280637933612625	0.19079030041015682	0.011420650633360164	5713.122663495756
-3584.2333380781283	7.339027798630835	7.365488844495485	1.739881359945015	0.044129300818754616	3.410138857447682	2.764941934553583	11.0	0.2921810682558014	11.0	0.10816227334521959	0.11875041777352564	0.8347595269888259	0.003940279504670719	0.10103317349837301	1135.1073923978374
-4749.59154862298	0.8488856005739538	0.0010771658101546293	0.711178106224883	0.5346987960562085	1.90830070336033	1.2203333893906745	10.508381817352841	10.957211984320889	11.0	9.504734159858911	0.5222163099108882	0.09190885007118312	0.22444391423221466	0.018181018206446353	4473.724129616716
-3613.266324504679	3.1647760278880175	0.001	0.026253526168450777	0.7035771853803993	1.403683324054341	2.5633714232197806	11.0	11.0	10.961680061444005	8.735348853957355	0.045049752971694994	0.1274636080302163	0.2583147720378277	0.018762612933779642	4286.319686040228
-3182.7571234357065	17.971716420030194	0.5754459391796569	15.622007787988316	1.6289130060430705	2.8180048667577737	12.346083590196926	1.3795022949079077	8.690061036829745	9.839341365921896	0.12772976938900596	0.4601574054261246	0.03503488285136142	0.8690547330993525	0.10367065277230822	869.6156912479254
-3639.9342347017046	2.973405970980157	0.019473651377781058	1.584174016106008	0.48059726457961616	1.5692694795039102	1.574831942006725	11.000000000000002	11.000000000000002	11.000000000000002	10.931518366209112	0.3878413402433357	0.379318041830147	0.2879481333107474	0.051794640281870495	3596.9225872668053
-3602.5531293703943	1.9261105320123961	0.001	0.023514085273622497	0.6496211472478297	2.713289080237434	1.964920186994416	10.978552332833553	11.0	11.0	10.766974524651397	0.4760625132931096	0.21617712414492837	0.2282435965832497	0.023917906421935947	5055.062395632104
-3690.148473646967	2.38087138346386	0.008525764619517812	0.0393116644308647	0.6180360730468712	1.3468420757736135	1.5122543277599079	10.990586573914195	11.0	10.604181994643195	10.510873221542793	0.06363256599762276	0.31803416214783325	0.1734933185080118	0.031395633502834364	5670.6330505874175
-3503.561298751926	2.5642998677839333	0.021672287165389957	1.536804423639111	0.5056355258883949	0.9145860887633463	1.9992693951534308	10.994580932101378	10.97896629206182	10.954825093393254	7.946343018854824	0.08385923160141998	0.3934135758520616	0.2782992249601677	0.0708997867435177	3743.4635159122518
