# /groups/rgutenk/lnt/software/anaconda3/envs/donni/bin/dadi-cli InferDM --fs input_fs/fs_010 --model out_of_africa --model-file /xdisk/rgutenk/lnt/software/donni/donni/custom_models.py --grids 40 50 60 --lbounds 1e-3 1e-3 1e-3 1e-3 1e-3 1e-3 0 0 0 0 1e-3 1e-3 1e-3 1e-5 --ubounds 1.1e2 1.1e2 1.1e2 1.1e2 1.1e2 1.1e2 11 11 11 11 2.1 2.1 2.1 1 --output-prefix inference/fs_010 --optimizations 100000 --cpus 50 --check-convergence --delta-ll .0005
# Log(likelihood)	nuAf	nuB	nuEu0	nuEu	nuAs0	nuAs	mAfB	mAfEu	mAfAs	mEuAs	TAf	TB	TEuAs	misid	theta
-4925.562760778707	0.6171014951993703	0.5883747929155133	0.24216613244277505	0.377133541255344	0.8966453398810676	0.021255948280018852	9.994839818888757	5.147306365449382	5.504424801362676	6.318647500239971	0.05793197746485773	0.04350586389523359	0.009659291657944259	0.004280368579695089	1365.0288801417935
-4603.353826684849	0.7069619683063361	0.4392862693947054	0.6220886260757114	0.4145277671829048	0.013210456865294398	1.360959365832976	9.947348567204893	3.8740830636564163	7.793873312968485	7.78829889606096	0.18887646045979814	0.06492515934878772	0.011878945060407943	0.02501295754877676	1392.58866900883
-4780.0008859612535	0.7284383049678773	0.5043419420147256	0.5367602959868375	0.2631095992914379	0.0295156741772089	0.4232129908243838	6.149528071704834	5.4969569692171625	4.219564492831418	10.433852997103616	0.014558641724601928	0.02645509427690652	0.019281986537046613	0.011515208205076184	1298.7101151729285
-4899.249239774394	0.5237646487595997	0.4588215846679663	0.19001465568577972	0.5663604220506647	0.9649993830632009	0.027209224773508477	6.5747874046720405	9.070371017260271	7.203634930341413	4.397090682967875	0.13380510756785569	0.04286128992702636	0.011653370834097605	0.0035948071293655714	1534.252509312494
-4489.282204170402	0.9985858454958687	0.5726746117107497	0.730672496891834	0.2997246761378162	1.2118319992976623	0.03533551555970928	5.8950024791307225	10.410243880160515	6.064039463242942	6.83612108154659	0.07398778694696992	0.1010607735941517	0.014908001295720954	0.043592409177494504	1175.0414095702986
-4641.1249842640345	0.5245939843328236	0.38605348907471293	0.7151781848613565	0.4790794493123576	0.013080653458579184	1.2194200672093058	9.961569785081057	8.543184206516848	10.992444696725324	6.814574259942026	0.11018305073728264	0.09119943050776039	0.012532298526514258	0.023349463548307702	1481.110961018022
-4155.974936231179	0.938143958599364	0.7727736792147002	0.23207848561600317	1.402145650264556	0.029856038696505605	0.900124845212593	8.162919991702084	3.7536104364697604	4.2304486364441285	6.7223480211023405	0.1070411855472919	0.15251578701788573	0.021609356799218923	0.11333881202091103	1103.9181514370146
-4424.863674487168	0.9173896564771956	0.6317023316624426	0.6320618495520078	0.6860305807377007	0.019751062144354015	2.191212890210354	1.6965534977008818	6.106008966111472	5.334842634689702	5.05680044558403	0.02156669559721909	0.05108546638591434	0.018172917117022857	0.048042909068420535	1204.2516800901324
-4355.749329459259	1.0801043407197317	0.6903288395482265	1.9800329997829766	0.5236095996319992	0.04952001943196628	0.318364217837661	10.999378912552794	0.07398185974945146	3.7085088850908363	8.401594184975153	0.1303689340317222	0.07310152960026457	0.02341989639954328	0.06007102232329135	1127.5785597610698
-4396.303944529249	0.9376214589907836	0.8725963844369932	0.6121022033241326	0.5504703833677936	0.05358263501075843	0.19731291486342947	10.926567329895017	0.14393986604377124	6.733349973862908	10.986532540858885	0.014072200671478121	0.03245737212091276	0.031347066508097314	0.052369701333084384	1210.6908065951577
-4647.1288161519715	0.6986341095992246	0.877275102066482	0.11641203222300457	1.0021911281912026	0.012962309723809273	1.2475321443581058	6.9218889379436295	6.04229112236352	6.756285174142186	10.877187713959222	0.11068457039462948	0.10022563515226952	0.013628965754885841	0.021326123771732465	1260.995965066513
-4233.608690239939	1.0458089014975045	1.1869089360152456	0.26851776801464106	1.2376065404969048	0.02833774053628381	0.4787821613537305	0.003743008772492596	5.799730923776944	7.3238621883319865	7.821495891576687	0.09164773368601266	0.058731039916116494	0.019569511533057585	0.08766167913520377	1141.6485454620088
-4444.811609895154	0.9094789527989137	0.6442690725573428	0.4286584105546848	1.1309002286043714	0.032653328049688755	0.3649522935360963	10.979793247934042	0.06061997742448196	5.802638546985188	10.081145478341245	0.013031639368755411	0.07392382215779403	0.02102804424439096	0.044244701281675285	1185.8514214970157
-4740.521111407609	0.6430785824841079	0.4529591313341225	0.3851539129701804	0.6842156937959213	0.03488559493051194	0.3076372740353372	10.421998761590443	2.01801212899081	6.873226917051013	0.47741492579552697	0.1421936524677218	0.07577840527046985	0.011263489542706102	0.013603119652670921	1391.9672560820225
-4764.13139797052	0.38102096226796234	0.34731022490292146	0.5805056404969134	0.4811244589134556	0.38564091709850634	0.040227973676551385	10.960386601304595	6.191320214899829	9.93833127746944	8.98693914563642	0.27294584617361717	0.04981056980397451	0.014596186165924861	0.0059118202977567974	1956.3915257553444
-4120.389363702626	0.920987369086076	0.7466319430589923	3.825673058850875	0.32308734085514407	0.8814956935603698	0.09458354140978793	3.278847300599984	4.9397805933316565	5.540102672746153	11.0	0.09178271229732374	0.22568068344801548	0.0568779370622332	0.13838197258395762	1032.013877876474
-4461.420320648383	0.356121771687451	0.023204026650602286	0.3712118244558262	0.3546959016907906	0.5985101978852346	0.08080346604106423	10.935908785856697	11.0	10.989793336298717	10.70573921587693	0.11809833575081416	0.05532772073217	0.06546288907957298	0.004094446912709181	2090.743419313364
-4397.335406437322	0.4886570323333825	0.020515456516700344	0.32988901645021235	0.4973464186683831	1.6183241099795092	0.0978117508285959	10.818482805432781	8.81692600730677	7.789758561265013	8.846780712864385	0.08420673217572339	0.038162548948637985	0.11787647901620887	0.02837378214889318	1630.0538785462368
-4392.392955844283	0.6125217697845233	0.05385607003459214	1.152717566469964	0.32222744404151743	0.32492027749630303	0.12721673419623553	9.388316481510438	8.809846693517844	7.479124772184093	8.691568782840031	0.08011515998206926	0.16422107540021666	0.1003698631126041	0.02692868791671427	1676.0652105145614
-4387.108327943397	0.44577461959544123	0.03508158868847398	0.21544417668158475	0.4466923905722897	0.5514720735981447	0.09011447489657104	10.750524570270212	10.38950168961031	9.612161608843536	10.59436139193113	0.04701923913257718	0.11009587107346751	0.06987480766161612	0.016584400276694264	1922.9815867394511
-4362.980280337454	0.3836995109402317	0.020001613894695187	0.41159095179812766	0.27655626083730617	0.03156502403987862	0.1360137964766333	10.977907550976965	11.0	10.254677678620846	10.998099471898891	0.03333731944453783	0.07730570710549264	0.09407652267083344	0.008324668544857819	2110.7253914015896
-4427.624180051505	0.37873977623469	0.022064873445004088	0.8530566327044402	0.2525550557943847	0.6933907654610139	0.08843883622818619	7.161245878495204	10.840677648828123	9.567512601623585	10.98486556668951	0.07218920433038711	0.056950888769251314	0.0992436013199088	0.00985791534026782	1884.2204454090866
-4395.991567153111	0.4616591647058389	0.018679475234958685	0.04124888867577095	0.41586297515781523	0.032191118757857816	0.13007395043339043	9.789829442123104	11.0	10.764335224090965	10.998966120667312	0.2178583560709497	0.05819417704957386	0.10174116584582484	0.00477686242329386	2291.3853170974867
-4466.9841365873035	0.49570485012012644	0.017714514485767288	0.21787125929720935	0.4062507430750912	0.23869708856036617	0.13260965417879483	8.869067468985438	10.839330737285877	7.982952042229287	7.664329051040797	0.0694768230086844	0.034395836242182475	0.09650962781108013	0.011461663586473802	1721.1665875068645
-4079.8908662446024	0.9481664777880592	0.9841751341985154	3.3472238462954413	0.17952872377333604	0.0494597714716763	0.31059246612305946	3.777087419265696	9.263267757834724	4.838722684176817	10.986796509620762	0.015855866566538566	0.4583418506923076	0.0275548490937274	0.182238072143243	940.8423677133877
-4443.720573138562	0.44916343547796644	0.03345121267488977	0.28603039536667735	0.4256984259651507	0.11056815160582519	0.12209179441891732	7.573506685394415	10.070129373021333	8.63300194574532	10.709565458482226	0.2614145221746602	0.06813796331974935	0.07923536068165883	0.010579372072994645	2035.9227075658252
-4385.652607761043	0.3862172531717095	0.016084078804058023	0.1859732467601357	0.3206509810316043	0.0189483902698968	0.13504318611988328	7.997939101044853	10.987160940896997	10.0104134012392	11.0	0.08199275536252684	0.06198314010967064	0.11998711398412507	0.002220635067642858	2214.416347288272
-4474.756177012829	0.38455738444359344	0.03135657941354214	0.5803030363078764	0.3099040813690074	0.5193164975755789	0.1024492742982838	8.951087017415697	10.657322713136386	8.829681777429979	8.886752360095482	0.07805974216956722	0.10606840144800976	0.08088870919197585	0.0036680495795001684	1995.634037107233
-4403.5264023956015	0.37723275289876945	0.018963701663126702	0.31799298434968976	0.2989937500876437	0.2508117124375515	0.09789403135571688	10.619869972555385	10.929074398847158	10.58616380152596	11.0	0.035331439447173096	0.06546844631553159	0.09786627649327656	0.005186443393312774	1984.124285058508
-4377.486034867805	0.37914288154958176	0.017832472742539865	0.9578199405343553	0.24841115403209246	0.19610818397996257	0.10108173590694783	10.673632929826883	10.69696886686906	10.02611945524297	11.0	0.06911530256706656	0.056404668720403534	0.10988839538444406	0.013944776423734486	1976.955117473063
-4398.1500793012965	0.42713425097119645	0.021767964642501022	0.2845235929680214	0.2874668537136279	0.026807280755490655	0.13584512433400844	10.943925699022241	10.80365499636471	10.364142193194201	10.99699384544721	0.12774710197224326	0.07869473797264726	0.09864959937882296	0.0032653542660221525	2207.4042306310566
-4396.579141316824	0.41577100466417877	0.02926929263727693	0.8840761912266691	0.24461118308186205	0.04974325192993565	0.1393548664427805	10.504005461606077	10.619116153253294	8.397437494949713	11.0	0.06555764461174192	0.11690623575656664	0.0957051897522864	0.006165264757063763	2091.3323598881248
-4376.447725448526	0.4005893011226145	0.034537411048984314	0.48466561340546416	0.2775916425429589	0.32599493747918495	0.10129351595198607	8.705833860971044	11.0	8.868982276335302	11.0	0.016732619179583574	0.1462695975197997	0.0830332484423508	0.013374309900397839	2013.0705155075275
-4473.461696334074	0.8026184043812433	0.5755431795475803	0.7705032632074673	1.0247803672741818	0.03440469017220705	0.2511376143746522	2.1876836419881274	6.330953235720495	9.13148602493044	8.409424603446496	0.053021810018499656	0.056485900584486395	0.017685514983564514	0.04205373610338054	1252.5043190442268
-4315.003724158931	0.4638864623714187	0.010407777342603576	0.08274063966182438	0.3608275259380167	0.02517163183174761	0.1505339455651683	6.938946381132425	10.372247110619368	8.935030017690476	11.0	0.041162235791144745	0.027930444810977503	0.1208072036261695	0.020859221706079123	1953.8387367715538
-4348.032173124932	0.373431061015652	0.026518889645797964	0.02035002466490409	0.4512996081461444	0.5027020626254337	0.09549043413104016	8.31445902652186	10.985745800365455	9.892393806903845	11.0	0.001	0.12883523445038697	0.11924727374321338	0.01649266167446007	2182.584360923134
-4356.538571178289	0.4057428514548717	0.01314933467038384	0.4289732275924211	0.29008280845145534	0.015725961479750764	0.15399540816640928	8.42414549608125	10.265217730502911	8.65005352334167	11.0	0.02566832072751229	0.048083840250328184	0.13866858771096968	0.008658754361909948	2013.0154363696831
-4390.731631756939	0.4995585409354531	0.03160845789687685	0.3672804524338369	0.2847102633599645	0.027817217112726254	0.14238429842751352	7.22652952478802	10.829867536255529	11.000000000000002	11.000000000000002	0.32785672758173695	0.07484018338768351	0.09328755069320967	0.017545870936566232	2122.7879948793257
-4416.322325099194	0.3563888473141421	0.005011938126824207	0.07311115931999045	0.3430530011247359	0.6518363394506631	0.08966232682332338	10.977267616589389	10.491411937381143	9.923667398149433	10.998234712006008	0.11213537499740445	0.010659133657852779	0.11251883243827071	0.006818079398699886	2055.924852611184
-4298.666279117678	0.4077135508372122	0.001	0.025146669042189724	0.4227780570523719	0.01783834209505432	0.1351103163546996	0.5600674690561469	10.77981304013844	10.576788068422097	11.0	0.024055571074348654	0.0044270576753086205	0.13218474054464951	0.019470826574893185	2154.4807886923563
-4421.304696930862	0.32605091994100294	0.02021601276891214	0.7530721833558712	0.24647298369081333	0.7307225096122786	0.08170855712651091	10.81802884232039	11.0	10.898212671601947	11.0	0.02280974695546956	0.0691698622718	0.08600269769201084	0.006976069580584186	1991.9438650369198
-4367.332400655922	0.38313333263953425	0.019595650824434676	1.0410864480220128	0.25027957188772876	0.025550177103957347	0.1402299181446651	10.541865303033708	10.559584525089598	10.401661030739081	10.999024764806213	0.001171769230893625	0.07547571550582226	0.1012433958331933	0.007788740296813591	2016.1481052997688
-4614.429271545825	0.6977052496530188	0.6074524714017124	0.30310924408494605	0.26254259613307745	0.8240294736485101	0.018776026218723336	10.636710091209002	5.361207965450194	5.143015784346194	5.06130554393027	0.10356113897379042	0.08941432417224447	0.008051362409858523	0.02821808800049196	1306.9569360701255
-4761.652598518089	0.7084733898860328	0.3824396519935721	0.26779026421256724	0.5547497722138978	1.2145261078597398	0.0463417870590378	8.554623959906218	5.925529241984755	6.816921972781075	9.438270315640052	0.023468951047461287	0.053477823063594346	0.022597234964277055	0.014782079698113116	1303.2740571970953
-4371.70222953445	0.4183806530885104	0.02476417513728617	0.378728872918529	0.31063091762992323	0.04003239787085535	0.14490810544987207	10.98542028800378	10.634992928466847	8.177983464269323	10.981977028596672	0.019511087215642143	0.10224703264521756	0.10207187124378984	0.007734860555080106	2042.2619523015853
-4312.4764995182295	0.4007616707153131	0.01907830901488436	0.02643008070711237	0.4506042342129862	0.03532394420986324	0.1325079175521851	6.424956224414826	11.0	10.29138596197234	11.0	0.057297370730188285	0.08350737735003345	0.11541662493877214	0.019581118212533822	2258.2604014091635
-4410.147824761401	0.33920211551979823	0.006147754073914	0.6249855229810894	0.2753749073613792	0.0907725346102095	0.11235713985205287	6.266042765416262	10.99967037098843	9.615651941256544	10.998263258889315	0.06236446883084498	0.01464634285316276	0.12011545225616582	0.005215905598277451	1966.3347423788396
-4393.365837761903	0.4381312918558968	0.009024307464173629	1.1808359839894795	0.4252791976074902	0.04087368836066075	0.14246091458111237	6.21135338687426	7.544475728686155	9.739184507304532	10.622833621786027	0.09571589544169716	0.013629013115480006	0.111269342531777	0.018374448658148988	1777.1173954319024
-4334.6220853751165	0.37508278836148284	0.001	0.019584856678711404	0.43738987632378307	0.023281459209652855	0.13555538865306618	3.1771134774626275	11.0	10.04302238223767	11.0	0.001	0.054525798423736546	0.1301926940689232	0.007390731589878965	2258.3707741024314
-4336.794375631927	0.38668252843106604	0.015177271984114334	0.011515932614447158	0.42222601081861566	0.7799700855354444	0.09003023979782522	8.857852047660018	10.694529078580844	10.681879294954983	10.779986949504709	0.04315796588985744	0.05772937199412778	0.14247244369485434	0.020985906651360076	2156.937085324439
-4411.103152920049	0.36359046180307597	0.015317111780355453	0.0037672894799877206	0.541141618171904	1.7643721916602293	0.08165453665629711	2.585471710496862	11.0	10.31299686791695	11.0	0.07824887445511484	0.057057166216183085	0.13965658353830848	0.0029875811047155895	2207.2044433703213
-4364.503153533837	0.3964597219688943	0.008047368312669539	0.019826373276587313	0.4446203919983484	0.022270806192814106	0.1319996535345144	2.9165377018216185	10.909976297138043	10.343505596241611	11.0	0.0640046602556043	0.0648359774127505	0.12498557084023806	0.0031671772750443646	2311.765412799748
-4362.410785558499	0.33341845019024635	0.005404890309276857	0.026381879377401656	0.4147323308035915	0.022539713589107776	0.15249403373710965	2.154539747826793	11.0	9.45782664700821	11.0	0.028584864190817544	0.0300205949333966	0.11055821765150474	0.006015332270862409	2190.390211762916
-4282.322412511426	0.4645916082929604	0.026436487063566983	0.0583773159308296	0.36880993643101784	0.03148545199770378	0.15872052753059038	3.7876193983049125	10.91083182692913	7.318565630554034	11.0	0.10862750384344094	0.09778982807618787	0.14692464035325678	0.03273434439664937	2074.5703463344626
-4236.647395627558	0.4932643529525777	0.05329383424845922	1.0157870437598333	0.308592007999208	0.049371784147497016	0.1612628516475997	6.425766995538172	8.903166874871653	6.605849007257323	11.0	0.0028368501677563003	0.15460450782945118	0.14487380743029826	0.05351001519630932	1721.9257248179035
-4346.852066987107	0.3904822319412239	0.017938059428112243	0.05146849403018984	0.4157298179395111	0.031918860715847576	0.13926931125395306	10.978201021239455	10.915650747703012	9.765963780279938	11.0	0.04197641339086532	0.07696672809079047	0.10238911941218024	0.008728062646999001	2241.8565227012728
-4322.840498355193	0.35266809079632394	0.001	0.0152934993341592	0.4771074303521558	0.01829773060399858	0.13401119625233257	7.329841480613241	10.944454990553732	10.986934380406247	11.0	0.001	0.008351241416544598	0.12527929952325745	0.009298105191756813	2230.8705950845306
-4218.174406439047	0.4908882915813304	0.004635474589068338	0.026788806463794692	0.5469718222373849	0.09302655011051246	0.13055213768258483	6.4512604756562055	7.533424434736984	8.143658097446401	11.0	0.001	0.012905665582693375	0.18292759010663304	0.053196275134346965	1841.9195965853173
-4451.520749734535	0.3644293186074344	0.011657778047661597	0.16153765924418617	0.3347862724973301	0.5761580724405534	0.08584679737101836	4.905396959803578	10.374204482225423	10.953260540720047	10.999999999999998	0.10472778005142261	0.026441515359425568	0.11132770736134506	0.0029973134950072497	1988.260585684894
-4407.117047315629	0.47081293893340287	0.013139041805606965	0.09244210137539874	0.4012793663198665	0.7520781488177355	0.09923145858747752	10.997400590135753	8.13584365453107	8.085239694276114	11.0	0.07912918693882817	0.03186182393021433	0.1308220571783872	0.010663837345121524	1796.4228805135895
-4350.4004522643245	0.3691873207857514	0.001	0.030593334228226358	0.4029573249093356	0.014944509550090954	0.14968945543570567	3.419781768279016	10.987937449650172	9.574274463036206	11.0	0.03134087215777752	0.02311359716153415	0.12819107000573116	0.0035051101344927595	2233.495785597915
-4385.4044283810335	0.40695797501052267	0.015184830000885972	0.527429769898511	0.26806320125524036	0.015270200420557422	0.1368733428447631	7.65243869115615	10.29360604969086	10.233539093726142	11.0	0.061204184681746106	0.05528904737248224	0.13023338085617822	0.0031138581461634734	2104.063254479793
-4403.709672609619	0.39920190671017264	0.010443802218281888	0.2987855768304618	0.3657808407110754	0.012434182632106161	0.16695207898710512	5.719775508951455	8.926450087284543	8.736991433399696	11.0	0.08655022130863407	0.02589213798091129	0.12574549314919076	0.0026932786346583627	2011.2712253986329
-4323.596871847874	0.4823319974296042	0.001	0.04800119328533107	0.4150855670863074	0.018378645459620854	0.16146741094413863	0.604814636859131	9.90999876885157	7.705095235512824	11.0	0.001	0.07490330298134651	0.16498729722554206	0.01605012561305315	1968.9044732819593
-4320.0515156213305	0.38268824819975444	0.0036486965903370964	0.3504358374530919	0.2765725640795801	0.010840991181062508	0.14531535168747026	9.425253109857088	10.991757763155627	9.408913206077738	11.0	0.0019551578268450364	0.017992302840296556	0.1605451698077484	0.016089410876928643	2081.9602183732886
-4332.834705183385	0.459397397479623	0.012608450555638877	0.026193181211582883	0.49193441900069407	0.047045601212050245	0.16325716197337864	10.302098952355012	10.195289424797547	7.479438199178367	9.803240692215482	0.05046773936317453	0.044049696054109876	0.13769225219478398	0.01800726473472323	2034.0764707164833
-4369.0824579453465	0.35289410038495567	0.0038282186660158965	0.8311358205852503	0.25202738931948027	0.009597569532751557	0.14118619066836097	10.23552529186029	10.999999999999998	10.368967579195862	10.999999999999998	0.03964999738171973	0.0137343334653453	0.14264984893600502	0.004518015700783416	2121.3083203143565
-4399.241175420146	0.4129131313048344	0.010702209460392045	0.0026863815570288686	0.6322992192138998	0.7193740963295743	0.08543674091570994	11.000000000000002	10.926155804398498	10.604236045367305	11.000000000000002	0.08280764617050271	0.03150381331330583	0.13369333334287978	0.004428195774252387	2208.430849316699
-4394.043365797222	0.4220236492064137	0.018632436281730433	0.6145826632377335	0.29790443479629014	0.015551372495228841	0.1385912881801248	8.235735948964669	9.020091486794882	10.968728320616199	11.0	0.11809705879602246	0.05440053031172935	0.12002799202148628	0.005588068436558532	2100.3686083087296
-4706.015741652038	0.39747471518014105	0.14185886058269184	0.9007790677700092	0.5460617190371588	0.8858531816504588	0.04912008220228665	2.874167565664804	9.135528093259438	10.984312178765588	11.0	0.42795741862806297	0.026223012582376574	0.025726584195792553	0.008459629358488258	2197.9917030983424
-4462.261815703082	0.4938575557775265	0.0446185789992171	0.5270589759313432	0.3300267390762365	0.1957089529186778	0.1120528459227665	10.968515298263501	7.851678891179542	9.357277799501578	9.269826259171811	0.09596652371163361	0.17408664412962513	0.08200977563664151	0.00797904381458351	2003.5130107297666
-4262.12283553625	0.4717749011971742	0.06920403968713373	0.3968771980119114	0.3262896685425772	0.10550477463733383	0.13806606356805604	4.740042922774843	10.830646329285317	7.385751346358942	11.0	0.004386250326798816	0.31850558683034824	0.09886558684950478	0.04899326623037464	1882.3428453771921
-4390.072336323769	0.5650742601502514	0.024618165702211658	0.03560907985503837	0.5210749860262072	0.05149162264303723	0.14455111361823286	8.685968827463972	8.31711825058429	8.329573207364843	9.23185343909813	0.03581224859864161	0.0909500527753257	0.15668788540897624	0.013902853326984413	1941.2837304859545
-4427.964770234634	0.33700635396687667	0.02191925089415834	0.7484974851695027	0.24673804915949557	0.4331016701723767	0.0904143697226205	10.96598793271234	11.0	10.144725844762487	11.0	0.013158658767096206	0.09495141867220351	0.09695017790963585	0.0026100484853017057	2055.615021439431
-4391.241090259838	0.38820680635888194	0.02336132878257484	0.9607285501567042	0.2532297312366384	0.027916617985773558	0.14013225443464203	10.861198952921141	10.841877880125882	10.46619309561674	11.0	0.034793732621685454	0.09358123899304881	0.0952065363884734	0.00311353850958889	2109.3351467728135
-4352.733037436101	0.3848838201096754	0.020368308810975608	0.03284870648834954	0.4985510592534526	0.07719576618084988	0.10839910765931068	9.180304903115259	10.946113783904721	10.51577914050771	11.0	0.00519536071409782	0.0967453703648568	0.09307754581033717	0.009177964225235355	2192.990902821229
-4386.508163346993	0.4417873006193799	0.019215697867759066	0.21943464868390913	0.3614298563991252	0.019389076238016185	0.15481271587018955	10.183726336955303	8.804859107084205	9.382170414508604	11.0	0.06897513628399972	0.0621533400095332	0.11691491367265514	0.00414872242684335	2035.7011386485306
-4347.505275105967	0.40743245335259515	0.0076176126651648045	0.015098659129114568	0.49453298131904555	0.018520730189260242	0.13972073806792493	5.806771267453493	11.0	9.731375407377438	11.0	0.0019167575109523666	0.05164557080871797	0.13008248015468682	0.004317930583437094	2252.5049047787584
-4303.577785573902	0.5019048716016926	0.03156008907457343	0.3739713037938665	0.331769859990617	0.016333079065872474	0.16044120678400886	2.6479867646192554	9.114026611272273	7.76335294808708	11.0	0.05667909307608925	0.08914213933255477	0.1690277896436857	0.02724463835732832	1852.9604648268062
-4423.692999953968	0.3333493310004147	0.024912796694853377	0.42552738861503536	0.3164776584426147	0.08136497196054532	0.11741977528814827	8.738930058796058	10.718115381735444	10.644686874073317	10.858751339926684	0.07214845608667626	0.09299098498574948	0.08094241334893322	0.0015255222294005095	2198.0877267487363
-4362.046853088319	0.3957508957307518	0.001	0.034178413272752284	0.3653677006529954	0.015594307447631522	0.1484966427250474	3.994439454511973	10.783701901071016	9.045118869383227	10.999777213308787	0.028018777496675525	0.02587755145293986	0.13779797990712786	0.0014051251111435402	2219.199863368213
-4364.515280589833	0.40085888116072244	0.019794229362888868	0.6410420601593045	0.27224084613164795	0.01602451402088905	0.15112475092774935	7.140916060115577	10.584318699889618	9.165622359497647	11.0	0.022833962275530806	0.0784836959026634	0.1302884258646577	0.008095545336881465	2036.4262992682375
-4530.117377807245	0.5247421480649567	0.019765594909928668	0.27970319138095406	0.674763352829744	0.431022653055599	0.10724007935703057	6.87212363141123	7.4531969351849074	8.690720263697367	10.052015994431553	0.021190086122391677	0.03546456172409307	0.10806207311783543	0.00481965918164521	1561.7528980687441
-4318.449872242159	0.370540439083256	0.012070862320626558	0.6206012998754126	0.2803858194788314	0.01422655834431394	0.14039763748964887	5.614473998819181	10.40949624470798	10.199583007287302	11.0	0.001	0.051091602580898794	0.14210709666944452	0.01920124203718818	2033.0014987054992
-4390.490987754695	0.44191707209189934	0.023630053345133642	0.6266083989205663	0.2569948640841792	0.03439780499576869	0.12764077506789095	10.464701096761354	10.783301419502093	10.735664194300359	11.0	0.23235533560811575	0.06727772283768202	0.10082226587903716	0.01234641709768991	2190.368956679827
-4421.427255633316	0.6524786656050409	0.01315352605538245	1.4077942668976162	0.27458278903691224	0.2772141189732362	0.12317470912690541	10.575565741163494	10.28839049077686	6.609944371502884	11.0	0.10916079129477432	0.022695215739436066	0.14121369542954032	0.017756239401996412	1550.7282995693881
-4103.311921188522	0.695171951416023	0.11256598809013423	0.2097226001651218	0.4651185025028416	0.18248422663923788	0.15694250917762373	0.0	6.513725912330654	5.127967362488025	11.0	0.1897695067971309	0.2143833665695432	0.31020083326882464	0.12919417964014543	1391.8535490271918
-4221.679210772357	0.7454556381551721	0.28275547213527674	0.450470282109497	0.538433330162199	0.1597630505918728	0.15528385038261272	2.3305671369857217	5.5319462568212	6.303641263700796	10.794441528404631	0.1849147803098878	0.15993306839388738	0.11228651088498585	0.08554885013188127	1284.8644251637966
-4098.610878803158	1.0114268791069452	0.9078984664752622	1.2337406871486338	0.22171514563643713	0.022393035932591367	0.3041782583841397	4.941583845196038	5.381951599845432	10.171736480032399	10.853803350049855	0.14477695647479827	0.19924721090085495	0.012853756597513975	0.15275891690530002	1054.5611250586853
-4421.889889576307	0.4900827342913655	0.01161608358589387	0.013199255940581751	0.49752764624084106	0.2973678563851663	0.0991579471138482	9.790470821363362	8.742698767135701	10.5464020716841	10.697228265964526	0.13007467975236553	0.03655315204890083	0.14526332710746184	0.003014660707142775	2067.947519065172
-4410.62800296579	0.48445102065332757	0.022604501635697247	0.051878945564381496	0.4634181500626353	0.10521670627314453	0.11261321758134916	9.052916097669344	10.140760305764184	10.117448252947593	10.99709698738764	0.02189035842673525	0.08127169092970377	0.09021155922820165	0.001643670759483754	1960.5469394585957
-4304.144330715401	0.44661048861239955	0.031725996970355046	0.7745192926295271	0.28014543169024403	0.04591664821860325	0.14296879651393368	11.0	9.832795895873943	8.719463811758212	11.0	0.05528098845159397	0.11068182530812332	0.10178839245844608	0.030056447326675246	1989.8522566241227
-4351.341207874239	0.3727224419663246	0.004308008378834083	0.008287733548497225	0.44043521136136915	0.521937436830096	0.11227349020215144	9.728121341417104	11.0	7.01237713113018	11.0	0.006422525880632963	0.016216083539230295	0.14247724395056402	0.010636191326792548	2042.0653120553748
-4359.2681627217535	0.406616120625657	0.013472990192712307	0.014878567559256158	0.4005548243368793	0.28592441422128	0.1043328877682778	10.557977366637834	10.994234212357357	9.473134274798442	10.999999999999998	0.07897598307464149	0.057846923447212296	0.14247715564251087	0.012745756937784953	2252.551383192114
-4422.2172428119775	0.38875909730918345	0.01476586797040421	0.05375775799945346	0.34924723658173007	0.35189558595473985	0.09353771171218377	9.16383548344971	10.9868423080285	10.14498272038477	11.0	0.08660646418085975	0.04551060435252655	0.09227549504314969	0.002853953106266239	2091.2658341506585
-4194.34894039951	0.8452320823967798	0.8204126715808343	0.24854855190631223	0.6859898090331606	0.031190615354029304	0.42699047227129505	4.661911604943243	6.914890815391903	5.828796130718214	10.898255750014037	0.19063410907727088	0.2079879749395028	0.025139888217922762	0.09713399541531852	1125.1826088898804
-4362.5418258424115	0.374857607803639	0.018476424504295305	2.754162587859017	0.22024146392889932	0.02092750865314332	0.13328797710193074	10.733748481651354	11.0	10.27636856066336	11.0	0.0037802097354678104	0.07388985785243464	0.12585067926312857	0.010187998545613112	2041.0444880129712
-4240.519691408724	0.38963089423501784	0.012054266677032886	0.0733067778660101	0.4133026244939983	0.03530060419151369	0.13425789179750913	11.0	10.060840373409324	10.352622856605905	11.0	0.001	0.041829400442016496	0.11875430629029607	0.04790819741193949	2036.4688919568262
-4362.913373003433	0.4118650827216053	0.009768661041102042	0.024342469457428465	0.4173609980978248	0.024858296359208512	0.13427362188176034	6.0293831764507955	10.997768948323698	9.833647906128546	11.0	0.06667807607879654	0.052851703509892795	0.12459037661744711	0.0031819885505444214	2287.735240217813
-4472.4510938136655	0.5105390795499632	0.009724051864388957	0.25101118653995685	0.37897857476228763	0.1375037373239322	0.1362175482857179	4.53689998537724	9.79585111639066	7.170746355963635	10.040479733126748	0.02901744975806412	0.018993484982953737	0.1240260392629857	0.0028483970402803367	1659.855112068781
-4352.399109681615	0.37835797910006563	0.00809196903647368	0.07815440952457194	0.3847383952114064	0.01570941484406247	0.1354734649810765	10.081934409291662	9.384023982982447	10.527032018530457	11.0	0.001	0.04172238621843182	0.13334896511626448	0.0052756100020919456	2192.3087763584276
-4153.963270245779	0.9446799919523585	0.6713771239720263	0.5147584024814497	0.5962004844753374	0.447548178157933	0.15322718241993516	8.872804131600127	4.40473782320025	4.693884974597822	10.86987058002424	0.1502515689815331	0.0054965752548438275	0.17253106601070056	0.11363900645336913	1102.726217216918
-4349.099693539174	0.37192341141557034	0.004583326879684212	1.0230519001745784	0.2508959021380216	0.009849847383626	0.14422587209516619	9.02277046529799	10.996960350961967	9.788085931475829	11.0	0.001799296063629482	0.016249728887151007	0.14972515947469384	0.00912829379389911	2002.9588517218292
-4345.037731331753	0.3820345282926044	0.001	0.012672816283722254	0.5829020177353221	0.021360014069578326	0.13320003279490908	3.7444365985278982	9.708184832950508	10.405669069778073	11.0	0.026229300425584953	0.005401940388060457	0.13132742183449694	0.005518131060264243	2181.55924401233
-4381.889629211893	0.3973272968450598	0.012391754800652867	0.17377118891059645	0.37078217434391486	0.014426513949123148	0.1602095304483436	3.6861379447436478	9.646388238107328	8.709935898269153	9.667014501899597	0.06976138854420756	0.028208428574388315	0.12826058312175237	0.011017274189166816	2003.9476329621355
-4385.099100965615	0.4385765743524421	0.029145255930827174	0.2375222894577496	0.31358009165551953	0.04544824207354579	0.12754529127489758	9.821975930645916	10.090157112634962	10.358552461227685	11.0	0.13208701253215355	0.10645081798331084	0.08939455739918542	0.008729480914403093	2177.233808542598
-4391.118636472147	0.45378885307480105	0.025293521291807886	0.03265823441362492	0.4444572993151499	0.22043906476347067	0.10754525173266602	9.794714481005634	10.987755748694111	8.408859899071448	11.0	0.06313620599015075	0.10424661670469991	0.10272643012970979	0.004252672445911618	2109.7446768858345
-4381.078402604481	0.3687272047563147	0.015069836715735859	0.8152168257446063	0.24639489880029947	0.010668814367348334	0.14900527665227234	5.46573609123396	11.0	10.057347914366364	11.0	0.024568263509089153	0.0655013893746795	0.13159146480312578	0.0032080372874090306	2106.5356683444434
-4390.904857799365	0.4456860310097382	0.01853641329553009	0.021401328136721968	0.4052307376543338	0.17410166295337878	0.0960623364711398	9.588441916877159	10.972340511311666	10.978852642190436	10.998348780013927	0.053424603988307	0.08893498819604935	0.1114049452055973	0.003582513163609132	2230.070860587004
-4365.22926668029	0.42213296741317985	0.006444210052794244	0.07110107146561719	0.3471978407155343	0.0156286123847212	0.14611482994853345	7.916034264357516	10.994506770495896	9.470862696340536	11.0	0.060577327802480666	0.029685685478053475	0.13400282687782045	0.00294177838401797	2181.37319566066
-4326.5214116873385	0.4244415991378471	0.011575926240853057	0.010639269491240676	0.46565533993571506	0.2184319096106664	0.11474855470339992	8.142828776615081	11.0	8.150240363843402	11.0	0.02981481720313495	0.04603439243888868	0.1396152575705593	0.01491993616517158	2103.7639975358134
-4298.41818039175	0.40944115126172437	0.009589359689153521	0.026467082097004213	0.4313694270094602	0.028864757851893505	0.1354468297785438	7.863101810227051	10.924990877321246	9.652738996569832	10.999776838120528	0.0010664921661043194	0.049292137274226315	0.13412537555091034	0.019355436119698966	2184.2667334105095
-4415.122730697234	0.4549983200848139	0.027311404860252072	0.41298391002321316	0.3012993792929857	0.5814909817094682	0.09965899835745325	6.515629830917667	10.746231870131888	8.337714938217207	11.0	0.23322191313912638	0.05504019581414585	0.12528137639317366	0.016619313257921486	1887.434859535264
-4359.865859215959	0.3777059356959196	0.010360474534039108	0.3245809835585387	0.2879083507460262	0.012269796402585211	0.1380952998001582	7.559650599069469	10.615681701949857	10.928801084281769	11.0	0.01583464866428769	0.04631447150268892	0.1307854554541655	0.005702794110815005	2133.2325645928886
-4469.212856374319	0.9724749657911215	0.010438226401950685	0.6550368303643866	0.44628205986305786	0.8292650755249806	0.11122284769105599	6.418834749711817	5.618046144347008	4.904020997005228	11.0	0.029607240117091562	0.0013846815123111848	0.0749013368059896	0.0428848027616985	1257.4136401346013
-4337.618415020359	0.39088801279438357	0.021254050702382492	0.0028872611152826644	0.9085121029570411	0.4026272529035626	0.10743816283914252	9.47482663387989	10.995873643584874	8.246280815731298	10.922759594595469	0.0276421021381543	0.053275103604877576	0.12590695522694256	0.02189008632547438	2062.1632310675473
-4439.207635270244	0.48313082019358056	0.40092096361148605	0.002199191007355212	0.5811427148106459	0.0036573040922079037	0.1699227179087203	5.1360905627868485	10.282136074812513	9.03662957276556	11.0	0.056334462662630716	0.049499724559971446	0.15887103627426474	0.0016831529419683681	2238.072094191186
-4250.8628937846415	0.4143951810408065	0.02232969281582511	0.842199611298515	0.2961009127983178	0.0280030439420237	0.1491637253689767	6.549417152219081	9.405870455620114	7.881164242547227	11.0	0.0013810148778640556	0.07482414812245174	0.1634635210164215	0.04432464897731982	1873.8332561659029
-4347.792247630028	0.3691740886370772	0.004632808816173217	0.28605377717141683	0.27441764842462607	0.01411801322570047	0.15817063507020404	10.183273845648394	11.0	9.14379856525646	11.0	0.07505323670408255	0.012527839783787086	0.12538514712939827	0.011787969346696108	2109.7384388598443
-4343.492896730306	0.4331202648233028	0.019977613561174036	0.42687098885023234	0.2812262147594542	0.01736466780263743	0.12731621363037054	4.395074644264393	10.391855018990373	9.958942894725837	11.0	0.01461000013920871	0.09169023529037865	0.1439392605473473	0.014124868574404629	2039.6788028062006
-4186.837225407839	1.7974323604890963	1.1166874183295699	1.0569869767953608	0.3331496626945963	0.028121850631107403	0.5668813533177129	5.322407223300895	0.004502207112908363	3.657785112264144	10.829499477143376	0.0014406961626370913	0.039056232784901355	0.021798648628442607	0.11462716833348802	1151.222640117933
-4324.743130134236	0.4043854884721906	0.003732182204465014	0.015846152012469986	0.4441428878836647	0.022926559545662487	0.13455821740516538	4.743618698578039	10.774119694120145	9.920335419229431	11.0	0.001607730642461254	0.04053805601620817	0.13521032189609697	0.010286354279902713	2241.6978126673666
-4344.433494582575	0.41406751102974443	0.025205555851521462	0.11795606427681297	0.32876054941361693	0.01754294284464351	0.144841173153557	5.773695765147346	11.0	10.054572892293509	11.0	0.001	0.14325355473256524	0.1192252435278589	0.012203262622472594	2205.9481480458317
-4368.16030617847	0.41120273925539425	0.0036944977498874865	0.018141440284891217	0.46192674287553026	0.030301113094048877	0.13148109888597176	6.558338359197913	10.237208680243944	9.798435136362043	11.0	0.08384400256438523	0.016538147342125845	0.1257007207682179	0.0018040105086562514	2228.815889215834
-4493.804016926548	0.43718057799882726	0.018227551299494136	0.7547022256526239	0.44219882667742344	0.017544581636168895	0.28081021342418866	5.90996915997285	8.653776052620453	8.283632861006868	9.206714985324227	0.06200332896470506	0.02632498994803412	0.09250265314330595	0.012583045630424741	1715.6966023291632
-4345.8368668700305	0.3598447910368747	0.007890446558026629	0.3831895496154663	0.30234625934175097	0.011664618114741041	0.14558837963212082	2.639850267408727	10.860060547170914	10.045903686890995	11.0	0.03173658568767384	0.035695780012195644	0.13877905718600786	0.010781811836248661	2084.351297105697
-4385.457387402585	0.4410287620749845	0.01237178655846911	0.24171151847028063	0.29905685012375105	0.014860252304071219	0.14118703626610882	5.126779193923711	8.967629995626567	9.485311902511093	11.0	0.09103346032085499	0.04322212707155849	0.14397116222881962	0.004477731214281934	2089.512039082632
-4290.435016469187	0.371210988991871	0.012747467137425875	0.023734456329196192	0.4624116140907623	0.029541971083936733	0.13967058514556888	9.10914036422464	11.0	9.542716415332983	11.0	0.001	0.06066165370025236	0.11825059818775034	0.022848475033559836	2231.3036661140977
-4478.310480418549	0.3918751524883889	0.024060805463733875	0.3849699238711863	0.5082184030414455	0.6209540202757019	0.09651276369693279	9.459383505506306	8.631098128734232	10.00823030130485	10.518988030810211	0.007340347371864121	0.07022514145741555	0.08798389728794505	0.004217958616472826	1770.5046593610502
-4336.320294108221	0.3772879455810952	0.008354272331391473	0.007041456584420539	0.44270079514308425	0.6340827392600219	0.09147929866025475	4.696908944371732	10.972791441027551	10.827981276793569	11.0	0.02839089561808344	0.04280801515170611	0.15484554450336463	0.01713170061510332	2182.6639783699625
-4347.946672167759	0.4049764819974884	0.0027432711255285054	0.072714110922227	0.3344024232652546	0.014193640742367342	0.140763477289534	5.517221215320914	10.96993863819503	10.25508732713169	10.749961177833056	0.038953786165510956	0.022240124552509295	0.14065691226853894	0.007725493274590564	2202.0475700586767
-4833.790098090478	0.6449552861834843	0.30727562346013776	0.5707312773641307	0.5817964577152425	0.028623010064596964	0.5411312386906436	10.912111412659488	4.650915024466278	6.889097299972414	7.420366389840179	0.025576956992385345	0.06186251890739872	0.020560180385777484	0.00714273469179045	1346.139958790104
-4515.204977690373	0.42172941936492997	0.07293277646072636	0.5373354263657717	0.29436341278547895	1.1952154153218506	0.07322839580973774	7.731292722257307	8.918282353529104	8.873940642285602	10.781958698137938	0.23542871878814556	0.10548866358517715	0.05113762222219052	0.01782365881895661	2007.1174605313429
-4361.27279975007	0.9511499550507622	0.8007756744585781	0.36130744081501404	0.7140365474691271	0.041172181391848674	0.591428010858038	0.4571585172271952	7.845384385042318	4.563184057563845	6.981355613307156	0.04242731435346467	0.061994580278380576	0.026159123900360636	0.057909364876301536	1168.7216067336485
-4513.996154813196	0.3945438228359635	0.013163416131976163	0.6415704564186399	0.3510121624026459	0.3198559385730389	0.12274302187126204	4.690805117760686	9.95451051885804	7.866290912324164	8.567712047978901	0.05459974886679017	0.0227151371372139	0.10468559611533523	0.0035790002374775794	1722.3362282431722
-4276.418811285798	0.4212654845379955	0.017842528970860926	0.008417108029719752	0.5404875835787781	0.25790163261814175	0.10935751811578816	1.6884890056933686	10.367126845942124	9.094491853995786	11.0	0.0033986347261944242	0.11398351363461341	0.14889565097203383	0.033824939513623274	2044.1426193213222
-4361.125458047793	0.41067347629201895	0.023988328345336058	0.006444357585415972	0.5881495462569907	0.4349544022694084	0.09868080614128678	4.084854745956362	10.58715730198977	9.317333659787916	11.0	0.05695483765153321	0.0906323533538668	0.13158452137776697	0.011803833818647667	2117.9773424375217
-4375.814163459978	0.38299151812380033	0.007883794029715252	0.5063847815211807	0.27805300104235275	0.010606967985355101	0.14006457730824448	7.024145929904031	10.672642857895827	9.93049875800577	11.0	0.04489272840330214	0.026795328078770116	0.14341142729071563	0.0031291038504745123	2095.4214869638577
-4314.72920452672	0.400386935757405	0.017591319091121282	0.04921639107184451	0.4186981900965144	0.031401131424536946	0.13620430069093395	5.876611952352523	10.47119357629621	9.693177353907362	11.0	0.06338804126184937	0.07530273149262172	0.11976784153687288	0.01890055253636905	2189.6082990569234
-4774.726510017504	0.3968879067783078	0.5228629283041467	0.39499977276987347	0.2268102724809451	0.012331236922237804	0.5701235491055898	6.624071821823029	3.435829520545198	8.277992008518172	8.10577927704785	0.31624353942818473	0.023389872658057635	0.00837639590224475	0.004245838258673552	2062.881732866893
-4266.315273911226	0.46734276370210137	0.0013892468376652683	0.015316040107264985	0.454563917309734	0.10971286018317256	0.13408411987850802	8.338529569996282	10.888368991286708	7.254464254788851	11.0	0.08377249030422505	0.0033775241818626896	0.15265335544503839	0.03411402231338332	2015.3528309112971
-4369.322335555885	0.4073654340430352	0.019665966894521422	0.03066426579127491	0.4514657464709616	0.15156248837593184	0.10356938676710883	11.0	10.968422765717957	10.863885806988243	11.0	0.047074120349781416	0.07882025939467906	0.10319702688305914	0.006430311032651563	2178.5894443812053
-4222.624778715499	0.4951205486425447	0.016518432673313706	0.1267542238040099	0.4532710449262726	0.040033081876447274	0.14927560523358419	6.976450891578531	7.434049437931574	7.6763888611904365	11.0	0.009221967782750425	0.043451327234554755	0.1764463972102209	0.05249695488640578	1797.1593248014485
-4691.878630633429	0.5853939029218382	0.26909083099795195	0.8045713123874674	0.3097531904022906	0.05509989284605764	0.29593561798048573	10.166047343458708	7.858559143903738	5.5479174187568985	7.074730803344031	0.03984549195444037	0.04493761692356407	0.02396718465930279	0.018923778060823102	1396.5024884448717
-4371.9696071752205	0.4151158514441504	0.023004997456012893	0.8320221318415336	0.23968346757399872	0.028335056199891982	0.13022338612239245	6.188902190599609	11.0	11.0	11.0	0.208216926249554	0.05379010685947832	0.10177979300121603	0.016999898653237408	2155.9135046680176
-4356.383887480872	0.39607882957999024	0.011528516047258719	0.028160476858703813	0.43554985022101694	0.02628344148495521	0.138379335278607	10.052624527730606	11.0	9.595504136166833	11.0	0.02743397866488475	0.05758193880742407	0.11508078826055997	0.00319257942957137	2262.1441161035627
-4345.502325680219	0.49579266264104954	0.025833525410104714	0.014157031678766701	0.4311875198308246	0.5114014475786576	0.10394384909857275	1.9503680349856232	10.238742366308747	9.361274848194505	10.156909381453413	0.18544246240445902	0.07673611817458356	0.16761105923639527	0.02688855070889846	2025.1031783688425
-4357.714552861686	0.39752525390648547	0.011752569329823432	0.5562569729784741	0.2851000450803733	0.0174604004520063	0.1426286539059322	11.0	9.947371565327293	9.309220010728824	11.0	0.02026073083778056	0.04101676580501041	0.13339161166372104	0.00814862560853858	2009.9724560648335
-4489.928805036665	0.39208385936284235	0.01914466582041664	0.6435231253751238	0.527905564258422	1.2022774106865013	0.08293703380479489	4.364855286895573	9.704880748147016	9.262224782556434	11.0	0.16681735757127578	0.028150568680456838	0.09258115865899591	0.013674101678643845	1842.5742244443966
-4530.420717414171	0.8299058925250214	0.6612377335297644	0.6410955022746296	0.2914584980146874	0.02068105416191873	0.3205687265759813	1.6522270046118126	10.608121575523711	10.855132129186263	0.6517340925648134	0.05638881912222785	0.04948251617703905	0.008446064530326893	0.035054219207240556	1264.8733111469207
-4460.383557843288	0.4411601349812304	0.023617208108863908	0.3818374870833819	0.45762998333168486	0.07752903492592109	0.14358557557983223	6.661726408994391	10.998301719767987	8.105130620667326	10.975056339951454	0.3081438193358573	0.03511095517618959	0.08300437760101557	0.012131629343320328	2027.8530313006977
-4256.570223847297	0.43400351016218935	0.004194036341926752	0.008656013163012899	0.45422847506804515	1.402613137082863	0.09982516879245895	10.299483022895314	10.513460402799947	8.285263017135772	11.0	0.011238502050964522	0.009951277704348761	0.1783425126874084	0.043012245634061044	1919.8464104849613
-4390.340455912029	0.4302482428529797	0.029591438893933075	0.6064604146162026	0.2949020075651448	0.6598690965683583	0.09012454555206094	10.84393981451699	10.36952769731278	8.884558160574256	11.0	0.10122038215854884	0.08402805813342229	0.08772048459673772	0.014991074355842852	1924.2109340362013
-4320.687135206881	0.47544348479092136	0.0449896046265478	0.47306246036596267	0.28809303568801103	0.04573864562865878	0.1361256788881754	4.956500433291895	10.895216135738222	9.350615692253006	11.0	0.24667982954599746	0.1275779003889207	0.10470359623881252	0.033014930122701375	2035.97953448783
-4379.926240033763	0.3879374366112153	0.02723427905392386	0.6359721062643087	0.25320273384435	0.048209963723629436	0.12568430520021176	10.797823465318466	10.999999999999998	10.914433281838784	10.999999999999998	0.008985199820291487	0.1299617152257971	0.0825025798601159	0.00616444059448809	2177.417728356246
-4428.056523436603	0.41507023681053307	0.3360165941473961	1.8951506220636982	0.16164477962950524	0.02993615051871077	0.3215066669695038	10.568402061721304	10.862057693734561	7.671835579447756	11.0	0.32263738204102316	0.14653381340441082	0.01945160710408064	0.04050354518722972	1829.2235783612673
-4328.493560060379	0.4439228077294782	0.01648738805597677	0.39146234814401293	0.3278760058572105	0.02108581084961547	0.15817821329351464	7.297454206380919	10.51168687804061	7.737413446114197	11.0	0.060320823492751814	0.04667263024970131	0.14623804897108117	0.018763152041838375	1920.979837046821
-4402.509928544398	0.38418126399807273	0.009471405437628491	0.021575596166387562	0.353814928434926	0.2691818202881644	0.10341190788387167	8.434376420666947	10.35755297561023	9.3070572310348	11.0	0.05135486707762631	0.04248098552249606	0.12324422771332355	0.0014316312278043082	2163.510527461498
-4329.19172090924	0.5677746149891342	0.4598121927561934	0.8573287081882323	0.4115953603667081	0.0027999310400586095	0.1632510815856388	1.4701940566113254	4.804162083337825	10.873931400379337	10.999999999999998	0.005160009311106651	0.010221813235995195	0.14680549745661764	0.04587087387921881	1529.3544330814436
-4335.8445521266	0.3778095073001067	0.0064158863554872455	0.017623654561551877	0.4788690487552827	0.022367623744704305	0.13260447996324676	8.086953140022558	11.0	10.983202504666735	11.0	0.026068029706739975	0.0364509543674129	0.11981980537985996	0.007546630796728218	2298.306055516202
-4365.071598881888	0.4111707747027088	0.014081291601160234	0.027686848842946362	0.44253407172032955	0.025749107709723534	0.1313123815201539	5.217802537852329	11.0	10.70984092371618	10.954052493385436	0.08444933688739706	0.0586371045453829	0.1103624485378685	0.004602926547708358	2250.560390563996
-4365.923802983666	0.3359551591428679	0.004119943327986951	0.45699227829006706	0.28206006267659156	0.00986743398501497	0.14752887341839815	10.73448594132759	11.0	9.913003725704336	11.0	0.007940531442986771	0.0209948071128094	0.1438178867323382	0.00370457351716171	2132.638097219128
-4388.09996979491	0.3507401826603804	0.02533590760365106	0.29440903455868084	0.3051475469988844	0.11130926093603019	0.11718295637854761	10.999999999999998	11.0	10.385985545792638	10.29537904776706	0.03501108516268534	0.11522648795089113	0.08240467091408903	0.008083704021503785	2217.440463622221
-4298.335500848379	0.43420140103432925	0.02215436603774583	0.016668145041178965	0.5030157053275269	0.03726948611803138	0.14386763448740056	2.0242056106303137	10.983410561507009	8.628725141361413	11.0	0.0639546253548663	0.1283801128882566	0.12991142679130618	0.025938891914097956	2159.3145929370717
-4422.7517655089505	0.43087457190018796	0.03183479613973596	0.7413696417908027	0.2534073833949156	0.6514836474126489	0.09137773747130148	10.757531418971539	11.0	8.502024697786915	11.0	0.024507839942616697	0.12924262160775177	0.08613608251749123	0.0054195495553716975	1960.5124222624454
-4363.967513091218	0.38189329836998787	0.010433857458520655	0.03642128968087241	0.38347318119366863	0.021541735687673785	0.13812920888924046	8.685527715783772	11.0	10.203821373057757	11.0	0.001	0.059890527673491456	0.11300959014935379	0.00012278325081793514	2252.0490919805643
-4348.9555460620195	0.3826424822349501	0.009095291766569279	0.017647139142851872	0.5126500499001352	0.02309292029140642	0.13021086806371215	2.657890817699333	10.420745126762124	10.884774805354294	11.0	0.08976918850462225	0.04138682334838993	0.11723019862244176	0.008969924260905756	2299.5054711054254
-4423.472672722238	0.41981143683750644	0.033483220696632135	0.2980590849698095	0.30550014035153494	0.5024861002924143	0.09972429290793239	10.743688037855812	10.99549938340457	7.660458573887756	11.0	0.0013635053753738198	0.15663083854771728	0.08757609457561268	0.0039290944120597086	2036.333484127095
-4310.011893976915	0.4082165963073494	0.019874559488544247	0.735511873553904	0.26264236435802213	0.022639924768597944	0.14574502957669563	10.952402524629122	10.89668365089117	9.19413134936621	11.0	0.030657471735013698	0.06862663489324337	0.130824889691529	0.024007586662804392	2022.8351669299095
-4358.731749092398	0.43192290743502804	0.006809568266191909	0.05613347808760514	0.36802316366333027	0.015224316397579285	0.153532386641489	10.36670044771107	9.744304527169794	9.491604140943661	11.0	0.10581431148822756	0.022610330036229073	0.13363054543734074	0.007683851072574838	2202.078121725075
-4366.018125018831	0.4170874260691612	0.010580249046171927	0.007930834476499097	0.4250235632518383	0.4663788089071849	0.09749716151794123	1.8562158318711839	11.0	9.581056670493801	11.0	0.08871498363303928	0.04968201181427075	0.15142843377930895	0.010163518724551752	2172.2681026567484
-4375.642813230804	0.37602096860436046	0.017897845816110505	0.3290025402593348	0.28964633661252737	0.022576763640404417	0.13865539447565178	10.404007096698239	10.942672174390664	10.589172622410683	11.0	0.048171468656285236	0.07234120886568572	0.10389497126843743	0.004123003477058397	2179.7000605559674
-4083.4231229204443	0.8036228391595119	0.30658476537280177	0.552793080916861	0.5105119174560656	0.40560938511621664	0.15847789412465388	0.0	5.534510758994478	4.7850505885047845	10.94630042536152	0.2536179965867135	0.27810172847051307	0.24481419330187446	0.16116393762253875	1142.6934836834796
-4305.570369280502	0.5457647934841086	0.04517921462654302	0.5092064062776526	0.30846430380326445	0.10993759930141865	0.12754305257216478	11.0	10.727372500309732	8.206860411428824	11.0	0.3082721877943934	0.12660595259273064	0.09703855017565137	0.041494748191010025	1968.5269847719878
-4323.209475734738	0.4673417807542302	0.02761217579124946	0.8807550869451319	0.26378660979026974	0.06608085035218278	0.1344350110750375	11.0	10.455502402185187	8.895498273645787	11.0	0.11330765865425439	0.08376612785235832	0.10067598826226494	0.02626230712928476	1961.5475616775964
-4564.437430377963	0.8995841269938594	0.7714700133767786	0.2802308743662841	0.5926308178808777	0.7583100235095497	0.059918427620053005	9.635609514912554	4.8365786760695615	1.9630812261934178	11.0	0.006816100290307053	0.05729252594354311	0.02438793154453502	0.03314926331112399	1182.2644916695385
-4317.948505414791	0.38283022825264473	0.005506166006108991	0.019716598014881594	0.45893939823799285	0.024040680505192744	0.14167249583242073	9.856746554272915	10.968025845920991	9.848712982032064	11.0	0.001	0.029534586517254473	0.12551004590355908	0.011091363314957749	2205.393036011033
-4345.90340391524	0.3933359026281513	0.014027857438959268	0.018751558101683385	0.5436475895001173	0.02881263757163446	0.13391181817558603	7.8069854155135925	11.0	10.432283045927559	11.0	0.04553778589887238	0.059581154549945885	0.10806465504011623	0.00791339352997375	2246.263468378817
-4500.077223313236	0.5551859043313603	0.029590317009655556	0.8026236505036328	0.26102646048306455	1.0116478297024372	0.11991348575145104	7.82264434907667	10.941196965749931	5.439010753090576	8.84171816864321	0.044697262238717624	0.053585052398742276	0.08568285078139416	0.014467629949811761	1593.807405841903
-4368.005201733468	0.4141800763822012	0.006334784344083131	0.02505429627727154	0.3878912674803425	0.022390522097346856	0.15119340059116618	3.92949779158443	10.973120041498694	8.642762647814694	10.996770222594389	0.03143832622935175	0.05585845939271279	0.13546273691336164	0.001325110151188165	2217.493561742171
-4369.628870342062	0.3871319444509104	0.005909746723740753	0.015732738226965998	0.49524741084571117	0.05262227806041628	0.11632257565310382	9.932730168768797	10.34854555059984	10.153372473660713	11.0	0.09654311348348377	0.0259722394051265	0.12208498360817552	0.003305018543383005	2310.396854816668
-4444.825578282607	0.3335052065567031	0.018175514163638547	0.39068918131464364	0.2934938689436161	0.9448245451475925	0.079331437478405	6.458467128248862	10.780331923546845	10.873406332040554	10.902722146033097	0.08906480454760433	0.03830685042501633	0.08537398361580674	0.008552281608781232	1990.2189831883807
-4364.067536374427	0.4234512006452186	0.010344939585246371	0.032242392769823734	0.40469848858291946	0.017806409313057738	0.14323367009537147	7.6587576314392045	10.98743808645645	10.434751971049481	11.000000000000002	0.05525190923602773	0.043183694927373464	0.11880433106946067	0.002280768889436994	2227.4961871279265
-4332.776112317017	0.3972990229506817	0.0015188178549493622	0.008341431312411923	0.6028064164038411	0.026593554983860217	0.15188881827595224	4.907011001006673	10.807700663278524	8.866004901112841	10.273112207594613	0.02499828683536952	0.0066399355844146855	0.13310052145931142	0.011693744127713065	2148.095628635754
-4291.876787693447	0.41287407808455534	0.028982772885466235	1.082796859189142	0.2675955116417681	0.05217070645074951	0.13307598368210966	11.0	10.141522633905174	9.56688412745525	11.0	0.001	0.10553587940259236	0.09925861068525672	0.032718997737397046	1959.2168755827163
-4376.356513322846	0.39848758458821343	0.008489588632042787	0.008988448617421955	0.48114704537107705	0.4899897103774622	0.09449878165610516	10.549024910690358	10.99583746236546	9.997165430081479	10.9990639689771	0.05335083662647947	0.02963541355999298	0.12893525959596758	0.004839071408318394	2131.080504168674
-4340.993821782064	0.39592637107637546	0.005238197383324317	0.011304383879344727	0.6458244775570084	0.024767612562575664	0.12990190939404964	10.473375327124153	9.804935341967942	10.984746800423007	11.0	0.005072321164350706	0.02461423532980072	0.12498094628340049	0.00741168725807428	2191.652323857888
-4381.164336765942	0.4601999125777437	0.013334267882059186	0.11901599934968286	0.334931330084747	0.019745394400975547	0.16288714225464862	9.951694636974086	10.263067339622415	7.428311625025603	11.0	0.009252260731979179	0.05740364454502082	0.1431221730856168	0.0028136582634495032	2026.6163784166492
-4426.8289114479	0.45562708381557143	0.02167136278104759	0.9401516078907263	0.2556403919625391	0.013052646756025512	0.13555758387147132	1.3629492792326883	10.831845343193542	10.27658186013852	11.0	0.22911329599896457	0.051850396538621266	0.14041287268452143	0.004479553633049797	2102.709079043566
-4292.125487962117	0.4448335565989274	0.01209564556636242	0.020908658743839213	0.5002995808025589	0.046975425847035054	0.13712467768734596	5.821948781369888	10.400184616218722	8.682495372927518	11.0	0.1282303416336365	0.03128582919801323	0.13368858860278854	0.02755904156903222	2129.025614303316
-4510.100613002938	0.37787844951001415	0.028968824038018832	0.7724190697917442	0.40721302825037486	2.0188741891195114	0.08365548686371437	10.942129133578025	9.611736511591658	8.037397514829218	8.895223228752977	0.009539480191435287	0.09400720719404745	0.08296540605899813	0.0028851401449704064	1820.4698639588544
-4502.230708294657	0.8476641891347445	0.5474035896460607	0.4999264624118278	0.6867413022322789	1.3919170606598437	0.052554890189623324	8.692869496385137	4.2796271740919964	1.8660678686998762	3.4483571376097166	0.017064524332704178	0.0325587475321092	0.019994583636094493	0.042038518664175364	1232.0349589030725
-4332.225722857489	0.49289317157583773	0.035077478975984504	0.03606147594990543	0.39725560794431963	0.7624683662529205	0.10446498422765456	5.9257695557449255	11.0	6.92547926902624	11.0	0.0010465308279379547	0.14707811411150357	0.12399437302842795	0.023034869907136702	1893.3606323124693
-4444.019475790199	0.4603654059324845	0.3759738113922179	0.6015187481680764	0.42174891161313527	0.001	0.2278735297893489	5.235580954376319	8.723266688137787	7.499615693989911	10.681953584369671	0.05168487934531055	0.05857351446298399	0.16971371651438613	0.013514088747427015	1651.2105675972039
-4372.328399727109	0.39479916148825306	0.03256348573278113	0.009418474232313208	0.5821835360296097	0.3345831142229528	0.09516072691031602	5.813514310957001	10.996886199030168	10.504892172366633	11.0	0.04201877167828884	0.14098365673736724	0.11001403676371348	0.011345853275075122	2206.7390363362065
-4467.4214696651015	0.4469315844178081	0.0356556347430285	0.8886372493535886	0.29122204799635387	1.656569654002445	0.07242626928784865	6.334023051311272	9.68863014240849	10.447851177143429	10.98355734517211	0.17827369200854778	0.07967831576252138	0.08548832054008836	0.010059775329938727	1882.2024215501194
-4390.906618412306	0.4128263090435419	0.029444367054537613	0.12266472255331218	0.3481050898873726	0.6219340427621698	0.0846299591298544	10.784688407232627	11.0	10.162457099238429	11.0	0.10873615590774066	0.1061874912588911	0.08665135726725846	0.011335476511378497	2126.923157055594
-4412.89334442232	0.3810474607401277	0.02014156299965684	0.759395513811752	0.25124234279000873	0.12201226882298175	0.10116499866002644	11.0	10.879747586284688	10.801794474765417	11.0	0.08609274825763417	0.06645740380113171	0.08627955006636913	0.0031512134034746776	2088.852209618107
-4644.295715333299	0.41088986706191294	0.3296997549200519	0.2885138067531268	0.5942754933895121	0.6290326824017858	0.04920723441465884	7.218307189990587	10.537223756092605	8.08240617951569	4.293068628064799	0.309456769240987	0.06619103314807846	0.01787128070035432	0.01715053469082544	1887.4956627245635
-4411.609545555331	0.4382143431240646	0.02246697581093263	0.2400483004275991	0.41926149531518314	0.508634562422919	0.09264708311683624	9.186312719450562	9.482173678611016	9.890030729548121	10.08484029062211	0.09401631726352842	0.05373070173706819	0.10096024188761929	0.013722669626678584	1844.1861897766407
-4320.668241774608	0.3939190420674422	0.005034390140765379	0.2373483506426043	0.3084004818621505	0.019928896653349754	0.12928527263140102	9.47948589547123	10.933271164952286	10.374758211984146	11.0	0.053931165305256754	0.020015408741491658	0.14661325071906497	0.017988710138314302	2118.4987640260706
-4427.98096913055	0.49405260404980245	0.005566553307148812	1.0237087845077757	0.25575589228506757	0.018710402022033373	0.13236814352546963	2.4480376403064787	10.368898244340796	10.807728785947676	11.0	0.3169908946996086	0.008506929162927782	0.11829619533120035	0.007860095104063377	2062.060456872302
-4373.114967828347	0.4544863978284007	0.0075334696543042	0.03791969990839324	0.38370364392019	0.02274589902802577	0.1575374694468776	2.4542660369819003	9.916101565384958	7.620996501639481	11.0	0.06834091378595927	0.0483368020689441	0.14730462616932735	0.004557408531126516	2096.5325922390716
-4400.878315269796	0.41630594154465383	0.35828599773187986	0.6168789869784512	0.2882818540237901	0.001	0.14867834174828948	1.865076673507637	10.690593952169802	10.28066389544304	11.0	0.05825880507473503	0.018257535948669894	0.22898503377549892	0.004734891076700374	1996.143434177635
-4356.960382161056	0.3647018467562582	0.013257410733154873	0.620538488759768	0.26412595133072225	0.015028646755657162	0.14122895198334223	10.900263246775507	11.0	10.664471355199717	11.0	0.001	0.054403260346645006	0.11714009426338787	0.007498417221683933	2088.4462253080173
-4393.954734075867	0.47056761150892384	0.01922707297351269	0.6164628393598662	0.3236161494880345	0.03156634202549019	0.14739918774011168	10.74447759734276	9.00384211031213	9.234692909894685	10.75412345870102	0.0584756573502329	0.05426643436540044	0.10265161200887722	0.007777833847718007	1883.1206106901654
-4386.392074313043	0.42849867597264146	0.018843711345278312	0.20307825866004622	0.3444517076035969	0.03772008116969431	0.13494613899606892	10.141267996183482	9.634895654588094	8.671642905032991	11.0	0.05068339543060422	0.07395090720004793	0.11626897718713922	0.003399687114926048	2054.390586927945
-4270.568875565894	0.3639649529828454	0.0035080353688835774	0.02330399046249914	0.41251277898666905	0.026940619475858744	0.13245017455116911	9.359928861087981	10.888820828145027	10.483388750162396	10.99848353691533	0.001584297791811192	0.023569860112966065	0.1291169763502944	0.029945729135353514	2235.5442802557986
-4379.350623117513	0.3620880922965933	0.025572894408866335	0.4395247536391845	0.27936891374222667	0.044184181546274494	0.13602301471815859	11.0	10.946401625851387	10.214010690873131	11.0	0.028805762486875146	0.10857482405472564	0.0793853075845856	0.006351127209215058	2186.9724714674644
-4369.1233260329345	0.4426757351415564	0.005474670964719777	0.2064459407078662	0.3165887886735982	0.014042291542692957	0.15523906437201923	10.590636961610311	9.442325884057091	8.146231575273957	11.0	0.056202494565554546	0.01767279417456337	0.15640522210299102	0.00603435653270366	2019.177024258668
-4317.309964402489	0.39433054623769187	0.019304714644084616	0.5730452284864885	0.2841412144416228	0.029624126499080652	0.1375926667384329	10.719130212966148	10.238429727530017	9.885168210128887	11.0	0.034359689307489005	0.06637508522271034	0.11300051750233026	0.021732157514904656	2030.5829840479705
-4366.328956917889	0.36596669006456717	0.003778551967036113	0.011742993601969036	0.5476321366144601	0.021947863325101867	0.13297411078623114	8.252537807097475	10.999040052447539	10.707424414041688	10.994528555502063	0.0795419127447861	0.016530481911696374	0.11551326597966176	0.0013049798926805776	2358.3075752208406
-4322.5108714757	0.3837906800549083	0.011283904244823756	0.03233597681335368	0.39305133695902367	0.025308348894999954	0.13884748531531718	7.687986947558459	11.0	9.764865980444634	11.0	0.015177449219477102	0.06316498283649453	0.12288316830423719	0.012729626152550987	2266.590912785393
-4437.363480039895	0.40936078251396074	0.03259406656181671	0.7616345355950106	0.3268405290919374	0.06559808946747638	0.17191619013750173	10.563938294859852	10.10435155373356	9.266012312740715	8.321452016578931	0.026466627302021952	0.11615872689681332	0.0737729522285036	0.008693022228439748	1967.126581668946
-4388.950658692808	0.3788940721512591	0.023764984225575353	0.729840832012354	0.2548306262297535	0.020416137350158493	0.1347094244356625	6.871547820926336	10.99933171540387	10.936512288651326	11.0	0.09069695637648044	0.08691060904126072	0.1047833660494095	0.006065014351419254	2178.0757427870485
-4155.013310763322	0.8895535361370357	0.5329113566138727	0.8681454572280537	0.5012555102937197	0.8020397944130108	0.14427238254175687	10.948343922439584	4.757913573325655	3.740976618402693	11.0	0.0022736850564780307	0.001262077616893816	0.1433700178987915	0.11530360673379424	1092.9220214698823
-4390.1843502680695	0.3869837283667572	0.026526836262154144	0.05690875001273813	0.4344422490763814	0.4981704985001372	0.09181115643242427	10.998366513479391	10.999853126152093	8.973961768003484	11.0	0.005922053385784769	0.11825332292962788	0.08190026695480199	0.00641836588245044	2117.8510810901344
-4379.520551306482	0.36173328088757034	0.007109158659658947	0.22318128238363322	0.28374199413341633	0.01381867503256242	0.13114509986859024	9.990543864269007	11.0	10.703499401832717	11.0	0.051587249660116304	0.03272673553655679	0.12804279416502667	0.0007556118773766744	2251.262301482287
-4379.894567253343	0.38410583840410395	0.016859960145120378	0.02569446775990797	0.415066091209171	0.09070842337031149	0.12369401874503658	10.192075816913501	11.0	9.666803263494717	11.0	0.03964870055931384	0.07995323944858009	0.1023706260258967	0.002042526081248929	2261.840708501941
-4195.2484817348	0.42981234947643937	0.002666451080487455	0.02229321821116345	0.4881285159890692	0.08691928726834873	0.1434151932339406	0.3493536204596632	9.008961325883556	7.08993007869178	11.0	0.001	0.013962753624849016	0.18539913854224402	0.06379444359829692	1929.8677866705398
-4368.474926673625	0.3867147399172074	0.017241295431309252	0.4395455912638085	0.2792269781669193	0.019371047852034032	0.14318970860260255	10.171674844628015	10.43778193118009	10.023631871675073	11.0	0.07264942646120429	0.05992417418429767	0.11464769763600414	0.007608299104937819	2142.992997673774
-4765.935754064523	0.8613909620576046	0.6953995508529641	0.25606915814263054	0.16558245480999112	0.7229063890271488	0.011274218105257364	8.105663025852268	10.007099741458589	10.998769487459244	8.422588789559562	0.009487240748397357	0.08008207504194884	0.005386933575363972	0.01621412608145471	1216.6203154710115
-4368.879174204167	0.44484069365935364	0.00764112979167146	0.0059078899879603484	0.5544607684580984	0.08458640587118471	0.1493048495364218	5.0764314509911825	11.0	5.986335024039233	11.0	0.046849633399395435	0.02375074988597747	0.14815751680841519	0.005462616779661859	2074.5060787860466
-4296.204152027921	0.3944910167804051	0.001	0.012226213962364691	0.4889317673839435	0.02859336824178909	0.14429297173603425	1.1319209823721075	10.999579739582776	8.836606325384915	11.0	0.0010983793117730458	0.0054826449731337264	0.13735207285308523	0.017713427942079276	2112.119841355301
-4645.970503870341	0.689274832265479	0.45471602856422016	0.48109750347444696	0.41717806727185536	0.027728182507233246	0.3823264548874587	4.470102522408991	2.211649055943675	7.4658203833147185	6.368607133794313	0.003262143260156086	0.021958450424457036	0.014178383943607044	0.02296497285270316	1296.753400399091
-4320.060663271176	0.8402359908667636	0.8615704084303303	0.4625014304497114	1.0348747763142596	0.02315720640788915	1.0550986095900758	5.3362412177754095	4.557858157328898	5.811246916134625	5.840359497485056	0.053990643466539194	0.07307372925559481	0.01832234202347719	0.06797256456740344	1177.7486472960745
-4455.898487183951	0.35579752532279907	0.01617139625027434	0.6906054195062675	0.25704660157254916	0.3800324360787461	0.08869166738902835	8.334297531563355	10.955704413291103	10.709159120894295	11.0	0.09700105003350284	0.046071711428402565	0.1079440700309295	0.0017804485373735994	2013.4324640842638
-4449.715788054731	0.7951658441335558	0.35182718853514117	1.6959161997383945	0.3984563404623703	0.3493009837592212	0.0849934335579237	3.0218644461129034	4.217942553820846	6.437121218799314	10.615991912171747	0.001	0.07898709532622801	0.04312471787819228	0.04943537734152054	1235.933116730277
-4258.918656622458	0.40074362696302024	0.010871654486936003	0.969465897470593	0.2657032796925229	0.024225596326826426	0.1351405292881443	8.819369470857444	10.853189986384242	10.492267385590186	11.0	0.03700324270988307	0.026727426596318896	0.13937428926287287	0.04581030814375984	1932.0731084607692
-4407.138437004844	0.36711112097925064	0.01311371193735136	0.819920542320137	0.27299099010919536	2.1154252641786107	0.08432155766004211	6.357748957013547	11.000000000000002	8.899005152555036	11.0	0.0972502346767912	0.021820232440866394	0.11789231450505608	0.019899679808664552	1802.5702745463734
-4418.709483158031	0.43654316488825917	0.028566768663807023	0.03617192181355798	0.6112295463573044	0.5250658091599681	0.08425935511215421	11.0	9.775145730841992	10.13169125142219	11.0	0.07318926632792835	0.1078534753156941	0.08362667323389078	0.004946889633848419	2091.128082753771
-4284.4100117754315	0.41890899220477146	0.011438164481632356	0.029375871385844694	0.4159414603622216	0.03825339320269326	0.15132312106730894	11.0	10.528822185261197	7.8719652363390935	11.0	0.001	0.047997357351671516	0.14163665931343672	0.025080509512243672	2113.8370602750674
-4605.032708418494	0.4410526547630912	0.11826989576941428	0.6983159309385976	0.29308841081238185	0.43526761513802764	0.0766040484035873	10.610148184416591	9.21061468224569	9.222539098823555	11.0	0.5846596261176341	0.03977197652172894	0.035935364248108406	0.01644908422169841	2177.7753434501124
-4630.427654884717	0.44424365920616715	0.0033277110006717232	0.29600870739025303	0.8862313805796178	0.4514875680485968	0.11220436242170924	4.194902943892924	7.3746497377795155	8.4652750593337	7.9781875846353145	0.035089096981243045	0.0031942733897564633	0.08073550582922671	0.005344331685867763	1572.1029961306942
-4339.263214263126	0.34393428233106527	0.001	0.01315908902382608	0.555063362107764	0.028985468428479037	0.12083674371440901	4.3786688831002	10.281233784381488	10.783105447353085	10.906691970180711	0.02721226298286987	0.016593711065951214	0.12625420298302534	0.008294261561773826	2273.1651777374077
-4449.950230450786	0.39931049296984517	0.017605942508820725	0.19462156884551593	0.4079573318451276	0.8249295060583735	0.09942381822932045	6.414008866395978	9.552054374626525	8.050119096226023	10.985503954387154	0.010228345191302184	0.049467955545853884	0.12624379862353866	0.005896850286922376	1732.6070719142658
-4778.356498531515	0.5528457984913702	0.372909399501078	0.3705829843193299	0.4608790455347703	0.0213299857997564	0.6597122566560899	10.810683996397817	5.48087314959805	6.721127015812924	9.44335093647291	0.10936897072993598	0.07848830808648063	0.019675267837483315	0.009570280501528056	1460.9332383766284
-4359.472210015383	0.37930473244711943	0.011298933763583301	0.7767551672216917	0.2427374740915287	0.010905663897729817	0.14151492662332849	2.688618557089256	11.0	10.322806791024632	11.0	0.08045378173661408	0.03274611808132474	0.13513284229984465	0.010543437753023537	2113.5423390850706
-4383.5784704563175	0.49094933014536724	0.015176916363948564	0.054889152580816065	0.5003310639838846	0.020862609342104432	0.14138055213868905	8.560585095078467	7.9751286998486774	10.01520691848668	10.960010530962238	0.06183870800580695	0.05652070118653877	0.1298350429314995	0.004157746593176812	2052.8919020008857
-4348.712417618652	0.3696359716247376	0.001	0.017175164055462815	0.455480200221089	0.01781679403020153	0.14170915706969375	6.582717826269499	10.930412194221242	10.021911522997945	10.872227940765631	0.029932094037539943	0.008569649072707804	0.12586950933494284	0.0030040835760065934	2243.8799791702463
-4445.415430007949	0.4396617472733385	0.017921060245183598	0.9332604344600949	0.30376732716022725	0.09802948716051649	0.1269769359651403	4.519864166864703	10.351544600249731	8.642500667594891	10.908748791849353	0.03945338323347055	0.03629125914056819	0.10183186585865166	0.0051445388691449285	1735.5226994982072
-4398.477988619497	0.42758065368603954	0.016798745028967464	0.19393492083314548	0.3242308285537951	0.02946532408319786	0.15074469378631866	10.448404076706739	11.0	8.27535554911046	10.073518000865358	0.03038972872753518	0.06785694457471918	0.11609417220371983	0.002677076273715902	2040.2073192409055
-4363.821339094564	0.401337133792556	0.01499466174810681	0.23681480663754528	0.3127702581926309	0.014134057708610636	0.14094986895802503	7.809539770536971	10.129619175677052	10.971338964634324	11.0	0.013657098599684994	0.06504085672425244	0.12115483488546465	0.005203143656830284	2115.2420671232753
-4415.502218761118	0.44193609954089	0.03952177022306904	1.0050960098066222	0.25114933396345007	0.05133501308846727	0.12837225857257412	8.959507381497453	10.885201994653151	10.77148713090692	10.97046709918994	0.024272471697128522	0.18156852762585582	0.07166546114331455	0.004135274817053011	2107.890043458389
-4299.22264370065	0.3999574236524214	0.001287042452792865	0.01746450570621809	0.47457676632527895	0.021432338238267998	0.13758212565958391	2.96764486409835	10.535911892924553	9.801000982324	11.0	0.005656683164131732	0.011087705871418206	0.13693618394755777	0.017509423139398315	2142.606067298256
-4870.430661722839	0.5411548584840669	0.6138563177505569	0.3623163766996415	0.27617973077434493	0.5166613680086962	0.01883565365315222	4.001555496869244	4.127592752614688	10.960621095308014	3.162347928423004	0.1439733296331937	0.02846275110614595	0.0076740505917458355	0.006554091541122995	1545.001036331504
-4510.6315503345095	0.5249328615805664	0.530375134423546	0.9821168862220588	0.3611170347670134	0.0017762181734499122	0.22133621823511967	9.298850041715784	5.0381404410060275	10.042812468013627	10.788652411442051	0.11983699311780363	0.009662491513962533	0.11845218319276755	0.01474007971312942	1620.4711064899664
-4374.51264412029	0.38725659029441584	0.0022249908950162105	0.6830691613014501	0.26071838302543615	0.009262360964867076	0.14821336785276307	4.726066742674472	10.828676357423287	9.607554551716113	11.0	0.05567719659453235	0.006670167098356457	0.14639146449409424	0.0036493461585936746	2058.5258899006585
-4319.900814371071	0.38103317725607366	0.00178134451747354	0.01549275722251853	0.47147689810713395	0.02881237993431527	0.12913767494161885	10.895863115978925	10.98932691707114	10.242022764453615	11.0	0.001	0.016483483833383567	0.13056499607828068	0.009906179920997656	2227.2499822250643
-4412.931911519779	0.44122054715429765	0.024848011376602513	0.15993742320118465	0.41204196659680853	0.7637949247094675	0.09466231868171548	7.168854061177049	9.512162947974145	8.540625710832668	11.0	0.01834674799781386	0.06629928027142436	0.10594018467334868	0.010603317825380931	1751.3909443303983
-4344.429518381679	0.43711875068222966	0.6873714282449963	0.290460678655899	0.31861993151979673	0.001	0.16376128710106164	3.6094090556756497	10.135249986195438	8.904202601294303	11.0	0.03779146229357177	0.020643035501545618	0.24124513608551867	0.018300414062788952	1953.614539468252
-4411.866328899257	0.3942894086340526	0.024665694811910416	0.2939336144079007	0.2934479331963209	0.1879975649571363	0.11139636607628207	10.651581111222832	11.0	8.801948718562299	11.0	0.021518866734160494	0.10468667305422616	0.0872765613226475	0.0009750466394711025	2051.553672913501
-4346.2828573212655	0.4306211198417286	0.023658571436658803	0.06939703404238254	0.42187265358340503	0.3369582463220302	0.10246416395172907	10.933877307954708	9.013544764739853	8.900898159289099	11.0	0.04051380428434963	0.0828731103867823	0.10015572166000632	0.018801381418362986	1980.9893901756689
-4340.779297081498	0.3761034221585871	0.001	0.008557529453264393	0.5707590598384932	0.02261559821118278	0.14538124249026788	4.634405845497087	10.99521105055071	9.36741867683118	11.0	0.04987447369179353	0.004845927107178766	0.13104485614223693	0.006693448126633047	2261.0782683288758
-4522.394937142976	0.4659964203796994	0.17536994886053475	0.967297311398432	0.4123673690475117	0.06283098195180337	0.160119561432411	0.012602374694549246	8.242499729590454	8.10200775116229	10.966233215384523	0.2974813668252988	0.04324592803556092	0.054313553758361346	0.027667176233855815	1763.1251684600097
-4348.574069293382	0.36178516687564843	0.0183025969702242	1.2635511293397483	0.25352283100035944	0.018030518185609544	0.1456079394530942	4.501723289977726	11.0	10.429272138285178	11.0	0.04173800819025593	0.06121599644741665	0.11771858555782735	0.01566278102448055	2019.7262914248045
-4378.846758935928	0.47922651840511604	0.001	0.056915608309379744	0.47222309141947355	0.01653824568335494	0.16797756719790188	3.430792577773394	7.440136139674139	9.15134451841174	10.44766649692874	0.030932002350669847	0.02515793246361676	0.16684159162079545	0.008536103488045694	1998.0263964504945
-4471.683721817319	2.2656393410174065	0.8910762330539561	1.8092092919476397	0.44238999180480115	0.06653551465207713	0.5425249759652676	0.0	0.0	1.7531934112755763	7.894643998326976	0.001	0.002307701352491409	0.052476601886105985	0.04679371834288108	1133.7460965834032
-4357.068286873813	0.3759903863609326	0.02702754862633141	1.347923759072408	0.25000716836052	0.29500273606579785	0.09507230695234749	10.396584633574804	11.0	10.513024315127359	11.0	0.027008807049059766	0.09376440037889894	0.08259196214957228	0.019503099790361165	1965.0865010289363
-4774.5870726236835	0.5998395435558189	0.4810045536893275	0.8472850816513541	0.32754845984927633	1.1222969422202986	0.03028683883086655	8.542393989146204	4.241314294823088	10.027499958256614	2.636129679546039	0.0608593471656955	0.04240582389028436	0.013737552179872466	0.014570769534675128	1375.4370814099877
-4531.109225100478	0.5132966740536258	0.046258310737756755	0.7468842758120274	0.5739651705165084	1.3799835885898222	0.08077825208756004	7.800763607166591	8.57271644751913	9.120645933320997	11.0	0.10860468408692457	0.06323729906082838	0.06364231558922685	0.01512104976804259	1660.76318201188
