# /groups/rgutenk/lnt/software/anaconda3/envs/donni/bin/dadi-cli InferDM --fs input_fs/fs_012 --model out_of_africa --model-file /xdisk/rgutenk/lnt/software/donni/donni/custom_models.py --grids 40 50 60 --lbounds 1e-3 1e-3 1e-3 1e-3 1e-3 1e-3 0 0 0 0 1e-3 1e-3 1e-3 1e-5 --ubounds 1.1e2 1.1e2 1.1e2 1.1e2 1.1e2 1.1e2 11 11 11 11 2.1 2.1 2.1 1 --output-prefix inference/fs_012 --optimizations 100000 --cpus 50 --check-convergence --delta-ll .0005
# Log(likelihood)	nuAf	nuB	nuEu0	nuEu	nuAs0	nuAs	mAfB	mAfEu	mAfAs	mEuAs	TAf	TB	TEuAs	misid	theta
-3157.5044763231463	0.11963543689251627	2.0052181381509864	2.1533863324312637	0.5681390229667783	0.09301583793038357	0.15312641091690618	10.88164448398277	9.737266322152472	10.82218634430023	9.9721779310658	0.24916055044490504	0.09698240830596642	0.012730299900652291	0.021833285652451063	2568.2064422515887
-3024.296860145125	0.10584288460788203	3.61267597400976	0.8641867936704072	1.3170897903828376	1.1103531556970951	0.07440342159969786	10.990716825255014	10.938541601644726	10.826576532704678	4.7929247626338825	0.15137449710724699	0.21283628194781692	0.021093839210859326	0.03225179494794753	1816.9607725790645
-2946.7464410128014	0.18553314063529	2.1720603500594415	2.1353860784383882	2.288496347249025	0.5738179407465703	0.08253202171998793	10.31289062723387	3.6304465234437147	9.667468630495177	9.355341695549741	0.524831035250348	0.10780417779327371	0.019308520841679038	0.056418516852528355	2139.692372581173
-3092.5496190862323	0.1025382291548967	1.080462653035822	1.0853242862225985	0.9938082273446317	1.0428680810386903	0.10292624475825907	8.106317039706392	10.148181343659472	10.825761678223136	11.0	0.21796180971580417	0.05852312431762311	0.037141997403918284	0.03173895334650433	2861.0613765006265
-3229.0658477919924	0.11151342215253371	2.498974023821083	0.7319898019441498	0.9552923112133179	1.0987793619798114	0.06624575146155041	11.0	8.652396185379104	10.926523883228926	9.149751012872963	0.19919381020259236	0.1051253207812728	0.01987423935486296	0.014088881505011374	2347.696478088097
-2880.813377329047	0.10835606665272575	1.962925860823488	1.5994821058152373	2.141012368440277	0.15756561000783065	0.20833175898024564	9.883681944987703	10.906281662770649	11.0	5.9489338897019595	0.2340437879811697	0.1111603018847444	0.024253402929961847	0.06660471073205805	2418.7106803864845
-3020.924156926486	0.10731017356690485	1.782984549308994	1.6268366929216589	1.4367772211545267	0.4437762155462298	0.1379659166335642	4.297950303274972	10.607977555184778	11.0	9.307483004981433	0.23966098318942383	0.06341966860986359	0.03743249341457208	0.03764941100940439	2680.137579027914
-3135.142746757698	0.10854656950648378	1.391221270304971	0.30192007654683645	1.0514739617465918	0.09792220963018397	0.04126170905214578	10.951743971891121	7.097955864659461	11.0	6.624373770596454	0.2692064577297594	0.07014570855104663	0.004963384696194546	0.033673821987471604	3317.1033940382854
-3053.273228455863	0.10337119860721178	1.9572060937989975	0.9014844494958257	1.8302585922970587	1.6523372870892596	0.08467233810597787	10.989015258952248	10.974070470131458	11.0	7.532719396564926	0.19080976289110757	0.11249073736538817	0.02804556888282038	0.030072729494845504	2321.9409105241134
-2996.003276985541	0.10153270587440642	0.34904891060265686	1.2457852017210427	1.130632963819842	0.6363831223367198	0.11207963037193495	5.7016739361912965	11.0	10.561255710021031	10.377148905374156	0.3139039745322845	0.030238574911291984	0.03601068249228262	0.0516420580846791	3835.9483923712683
-3236.6266983391693	0.1034845258019436	2.4720811465318078	1.9874468804579437	2.578660792747236	0.41694672238278785	0.15785356491238975	10.882999769779087	10.787786634164142	10.992230181941425	10.95577644230612	0.13655220334406587	0.16723428505727764	0.036482033403268714	0.007964835408088386	1873.2294393241657
-3278.6757225764018	0.08772602504082794	1.1286020551368452	1.131167521971976	1.0849116930228546	0.5676784400290835	0.1530074537198804	8.20073084588137	10.951331927766697	11.0	9.299565869742496	0.1635030056255319	0.0406858340531131	0.05951513521022046	0.012583798643117193	2791.1488682748895
-3203.292036463089	0.09080669922653822	1.535283171809298	1.387166745774366	0.6997240056779565	0.7987221831596399	0.12801952799129657	0.13722180605196335	10.950688137415742	10.364360598374905	10.97607232908222	0.18014364598792548	0.051824882634775686	0.060507867483753135	0.022780116273347414	2719.727081936269
-3156.1232958948094	0.1045922703916992	0.7147487535643466	1.3584226086675755	1.81182189812858	0.9283594710083449	0.17681644226366272	10.817532443232738	9.715945521390296	10.984982937103139	7.466470012756793	0.1999652428397585	0.04258758199188126	0.07660333246674747	0.021723551288649445	2451.60577411366
-3070.723327247262	0.10741711888723587	0.10353594968026043	0.5296035177415683	2.888110212967273	0.8938775416439778	0.16987462549869956	8.4709919471168	10.908183105717228	11.0	9.752672139923513	0.24502188039711081	0.001995250375570626	0.0947332736351722	0.03207748644795951	2759.4003503120034
-3232.320890409331	0.0951503333596703	2.3274458018577517	1.5259455462851366	0.9831817850684517	0.6134737160845444	0.09417372932537323	11.0	11.0	11.0	10.98207104363381	0.12902152711295317	0.1964380809425581	0.02575174557742279	0.008879951489413907	1958.3937415073515
-3183.903437502254	0.08838737320293864	1.7376818546049349	1.8675724451376934	1.071081048768993	0.9714386438089835	0.12873904483107623	1.400394253241105	11.0	11.0	11.0	0.16149980050538187	0.04377586856625379	0.05718924839007437	0.019722497612389634	2666.3662974471113
-2996.120850501169	0.11091465685460293	2.5409382527509345	2.9060364322349352	7.269820127288771	1.040121786986222	0.22260333694936527	8.48780296932761	10.908109382904946	10.78942811804916	0.021086745895336337	0.13841821326918122	0.24049283977905708	0.042569359003128644	0.03487034756991118	1535.6686320307556
-2905.9241000932825	0.12364514640593177	2.9826972059208647	1.7762466934882095	1.9961913631334984	0.06390086025223975	0.4361333034929714	10.53493040475357	10.96886442599535	10.441790417947804	2.1982473697552	0.22201219691141796	0.17473039958907363	0.014812831926606535	0.056879650183866294	1938.6716914481403
-2948.8914467676027	0.09924945244354971	0.3168906351639669	1.1781049299392439	1.2457356134060416	0.4461801615534274	0.18870942839121999	10.361231510229823	11.0	11.0	8.381652048597335	0.25162550666065236	0.009164292951069575	0.08100562215655609	0.055712723665281	3072.1228441637813
-3133.2483934736338	0.09369235226188577	0.633271245514985	0.9706804028773203	1.4949577066681572	0.6698716858345457	0.2821437151405318	0.38668695957688043	10.069148548398056	10.688795038337572	4.807469435575473	0.15556170801024827	0.01063631547978771	0.11632448948016226	0.029064692754247095	2301.8405592946997
-3001.1566412299435	0.13831067210052997	0.001434514924681574	1.2439828232115837	1.2273330471926704	0.3135916811569668	0.17980955388016223	0.41225390406445006	10.666783554230468	9.39800757125144	10.275828856994993	0.400143665691142	0.0011286074127111836	0.06973612511344426	0.04745890985813601	3439.7333876535463
-3316.1880771822043	0.09478493517397239	0.5563360393442542	0.7533364319365653	2.754582147023249	1.8347269768149055	0.15357781220001215	10.484643820577228	10.938417270376878	11.0	7.383460233928799	0.1626005871128594	0.021784955090770098	0.08138635896390102	0.008402218420935633	2514.9384173452013
-3069.0111389789117	0.09652223695785836	1.3513739015417379	0.8887654541820996	3.41740354240154	0.37806364102704626	0.2722020558791009	9.373616452001114	11.0	10.997966216515533	4.351550058293225	0.1570902235868871	0.089621951156641	0.08844767484249316	0.03217654831679993	2069.5084461694173
-3225.4072127184763	0.1251455619849886	0.008874189239732188	0.7497669424791041	0.6906276105003649	0.4219938963220404	0.18675482426339723	10.218790603355153	9.398115290040423	10.830954553944851	6.494627744644754	0.12741289973708383	0.08392426115839474	0.08560166526903856	0.009104604155070138	2957.4789549707534
-3241.251377784259	0.0896736956567182	3.889727493212623	0.82271501038712	1.0698064745858256	0.012745425907600237	4.355669567165471	10.999999999999998	10.999999999999998	10.999999999999998	10.027895384091797	0.055685832625002624	0.3911776974059853	0.008855733447747911	0.004669136351629596	1527.520899112214
-3206.485920281832	0.09178516811456185	0.4436923301294249	0.8079138812056031	1.6510888283332932	1.1749739666776882	0.1786081095096599	2.29747977021465	11.0	11.0	6.731553008710149	0.17428343060751814	0.001293189224659792	0.09910085842732738	0.017443148740268623	2672.1901310986855
-3152.1590596006263	0.15536791974145217	0.0019455645367321295	1.1042929369700607	1.0671812610089682	0.9488538113916333	0.21751804349789047	3.601734440883785	8.32233923705433	9.005819875005377	5.783377596555383	0.23340625506711865	0.0032658162345564536	0.11256816810920545	0.012152179053424552	2336.1140572439203
-3015.490216342137	0.10011050663461651	2.600288481445193	2.3858201369228578	1.305598306781668	0.39683344753882854	0.1590535222701054	8.702384901376634	10.840378033013002	10.65016233606085	9.905407386220208	0.1862709729678418	0.09506260999890796	0.041581221770880965	0.03574850428739268	2315.924793251552
-3142.7992515740248	0.09711181277756147	1.1314259677040972	0.9812089189632137	1.921980478128622	0.9094174896480761	0.18924629621870348	9.279388831648864	10.996509045225642	10.862339362386452	7.367733959866008	0.18959833685893324	0.007727706825300861	0.09860950022281317	0.02272626807388773	2583.2144131932832
-2961.3296169297914	0.11010922619158679	3.0406959029095635	1.6419545942653826	1.587715560770308	0.5562528016285517	0.09907896849815746	10.63567943267406	11.0	11.0	7.595581657068503	0.1724083580069108	0.18739418041065284	0.023490320448850754	0.04212059603306724	1890.9128451263068
-2934.0214746852625	0.12122896328741595	3.3160588263498028	1.5494772988333205	0.754558466696459	0.02016419617738905	1.6640803828440094	10.999599468054466	10.990072372105855	10.746884301181717	1.3620727470822747	0.18022102710215845	0.24712855338523254	0.008593047546520597	0.05463188245254921	1750.9836642269017
-3092.6157960903315	0.10818687292064587	1.2555935212076337	0.49289868129179976	2.317256737252375	1.1090629718362623	0.17602013430284008	0.7988438256563503	9.612092456600438	11.0	6.815735454063818	0.2296913628331322	0.003136477086651025	0.10080385410026746	0.02923211986263327	2604.50776416459
-3314.608193236594	0.10810915995298497	0.001	0.36882886532622045	0.5594982166224791	0.5170423937168467	0.19202083988823648	6.208140933133824	9.44717403170788	8.74118339929216	8.343590225138378	0.13677681365982033	0.002940894698918797	0.10062825230234528	0.004521020220993678	2855.623510607526
-2934.693462402749	0.10431654452588937	2.999675301038796	1.148948927994401	1.57201792146376	1.7333286817674174	0.16024646245601626	0.7298424200503685	10.692881782527971	10.846327806273832	9.300288845372934	0.2366026955049545	0.008547912973065811	0.10359278926149855	0.054083172273659795	2605.6889968630985
-3164.6898790466093	0.10624843904717222	0.0013490232284317943	0.44540573584026927	1.1564858086617753	0.5315596406020677	0.22202996276187564	10.273771436504168	10.939178801889756	10.998890338704504	4.563407780388809	0.10985947267621339	0.01680135102327003	0.10667824158650974	0.005655532229094136	2573.58529331115
-3059.836728405479	0.08497662259501998	0.616123293398484	2.305467350551947	1.3583064490498022	0.7203944238972824	0.22136204624093117	9.661993283262051	11.0	10.430084803093674	6.819652700769124	0.11925542118790797	0.19469758894590886	0.09014834837924658	0.052002834891018056	2024.0319848092113
-3021.020411360534	0.11047979277412752	0.001	1.2389514137731708	1.1433061818228714	0.5594132334454013	0.1546499446035858	4.874511821888094	10.836990587319061	11.0	9.536539879977424	0.18610602925465217	0.0017670930216570093	0.09748308473015974	0.024591463358684788	2902.0111085067165
-3496.7806628900635	0.09845673143082097	0.33342589874742085	0.4742765513412292	1.0313174516640717	0.4891161913393027	0.19573495262871493	4.752898347751142	10.370670125115517	9.849783752563374	8.652609695311646	0.18815921536439925	0.03364466771349483	0.058006829434640916	0.004711597956297579	2952.2269546316343
-3009.56215960613	0.12441154176735736	4.166864610513398	3.6577922249133366	4.797013653390463	1.3422755947760823	0.16847340779163197	9.591976772682271	9.527962662839707	7.914740559293798	2.88908054086485	0.1283245849111881	0.2844612113847802	0.04491832473197156	0.03076977452719657	1371.3488697701443
-3072.1714600748273	0.13394290132838546	0.006608458246778832	0.5459255772992171	1.8750603383898627	0.3469701190098515	0.20426796890609533	7.812848119175333	10.831307659894065	10.321473532840976	9.936619635394829	0.20514414256318422	0.01836150584629265	0.1308079894587152	0.02261555870765129	2437.5260387292255
-3371.9281720557683	0.09806646282835198	0.19132311940915622	1.4666591750472526	1.055267159820154	0.2883368579695215	0.17087109371472783	8.379177452759238	10.96545609439205	11.000000000000002	10.54800313510319	0.18970538954207347	0.001	0.10220589882693536	0.00766185749843104	2787.400388316976
-3582.150892302667	0.12633750782132577	1.6554558913743824	1.9346312968534587	0.6557184626995274	0.004146960371555055	0.07884971669905394	8.677958610551837	2.2806068307823755	3.610379580325646	0.9555791515290574	0.16667764298776597	0.10590698031424951	0.001	0.0029523158057939048	2217.385360497648
-3194.1361082665194	0.10047783369100478	3.1759854841386326	1.6168922745436074	1.5644330813247016	0.2836263966478781	0.1557539314207068	11.0	11.000000000000002	11.000000000000002	5.32765394353453	0.14344071284364227	0.14476742556509456	0.023903934599604815	0.01039832183578629	1998.8226552856206
-2875.9641728436245	0.11278066472333666	2.8529115495734234	1.0169063748997236	2.8690835520908404	0.21638648918391573	0.13169366374624136	10.76844591081063	11.0	10.788949584302415	8.863808453684356	0.24916211897736532	0.10421052745958456	0.01938110842754746	0.06603105587440947	2436.82526297749
-2998.5726907460257	0.10397621427616242	0.0029632207636159855	0.551789383467254	2.092344438868261	1.688633590826408	0.1779408086215073	10.996187341709463	10.991865728209989	11.0	7.997059064723092	0.020672184567784073	0.09199221227880379	0.1211880443118966	0.021609619756644688	2319.895893395219
-2897.946686719585	0.10737394221894164	0.742066212161373	0.8009684338696025	2.073789816493922	1.0423315889249305	0.17376699088394987	9.8929976942066	10.957400174822524	10.8796893354838	7.243058028567348	0.25322441034366105	0.026833901224434308	0.08903279341390467	0.06419566477419657	2603.3906278437144
-3082.464274910555	0.09817817952735666	0.001	1.7197942174155725	1.3499676031206274	0.2855855218864691	0.1842300287902655	10.443430327646471	11.0	11.0	10.841816329621755	0.10608940807643062	0.006678841342343989	0.11326515848723327	0.00924153801342542	2566.4532801770993
-3180.7899819258437	0.10117390321181116	1.0880853672202884	1.9851429556513058	2.4609205502028093	0.3283406608570499	0.2188142066275376	9.41906908964551	10.366064589716846	9.247998075925695	8.2925041882916	0.16257903165556684	0.0733576587959672	0.07173336015867492	0.01991587104153636	2209.909456608541
-3059.6841222323324	0.10437600771485826	3.4440895453269826	0.5239537855422883	0.9041040266982403	0.12177324149925675	0.08927664571802305	11.000000000000002	10.732403393629351	10.988670047604096	10.494587379338087	0.1349806838653763	0.21292610067806036	0.009990790414158991	0.03175005073110827	1842.416366730084
-3090.73743014388	0.10360600660167331	0.001	0.4041351777734983	2.106128658755618	0.847120381552332	0.17518307707146397	9.691604797827042	10.631812945070779	10.663702156491588	10.745530288962335	0.09601767059804722	0.02269867022977055	0.1143372713120419	0.00874834660046771	2466.2192045655765
-3253.9260671403244	0.11413189631511551	0.001	0.417916807141402	0.8435370318476779	0.23472403474192458	0.1909697356671423	10.946894251717362	10.239494794387308	10.335221953927007	9.592852853304779	0.15968606714402123	0.0024606971937783037	0.09020910476839794	0.0001000063812621671	2953.876079941308
-3014.6088967849987	0.09481038661045028	0.787568533739075	0.9767496219541651	1.3849966018151896	0.3987077107653972	0.15441518984514277	10.108378193530562	11.0	11.0	10.84552871031894	0.22566774028137165	0.001651155633765581	0.08016083560285009	0.04285378918177868	3210.087794811036
-3143.4135602854235	0.12519196606154992	0.30739809871100865	1.2729612682121618	2.173399698138786	0.001	0.36874958268599217	5.418666057466092	10.628666365358114	10.818987025832183	10.798798707907546	0.17491826460731577	0.001080524249621603	0.16639883288975	0.010045670271249928	2412.086469334986
-3322.348969660627	0.08446444521058148	0.5357425025492374	1.0497956110797226	1.3003346532486892	0.5355109188891761	0.20819819045745355	10.47753637729368	11.0	11.0	6.8914770831143235	0.13901067819730778	0.038175395688583046	0.08462120779915346	0.01042404123915148	2520.966039464014
-3011.1602515754867	0.09706503633560609	4.479189826449373	0.9230980253561396	5.561720560100673	0.19702195146401652	0.2032110752501583	9.383577779323385	10.993102761977282	10.85753984323207	3.781429178987969	0.08230063808291296	0.32672157779347333	0.022394545692062746	0.03063593961886675	1455.8274757142276
-3329.8414079731233	0.08036187413679936	0.7574375948408167	0.6270512250255487	1.8670161833966947	0.6918967975525713	0.21547991025424076	0.9445418449322194	11.0	11.0	8.117077641170388	0.11404766647892493	0.001	0.17286157371505342	0.010952308637238539	2146.7494258158285
-3124.7657608440804	0.10554793520025837	0.002598351414593583	1.4255987683334586	0.9674323851305564	1.066284891377499	0.16202387413806396	10.994851042042251	10.490876180921926	10.986075107541893	10.15826195282028	0.0020942350435536193	0.1142292724716272	0.10431073655433921	0.0032728908113025604	2541.1114131646386
-3001.6205465004196	0.09875446311135123	0.0020448362147441764	0.6047368727044186	1.8986649312760182	1.7085178803864605	0.16581431841464286	10.844920030503658	11.0	10.565904677211138	10.935610282673123	0.050943424589005026	0.054657237057941614	0.1224501146410725	0.02378532039944032	2350.3993276710953
-3040.302026024656	0.10513989477269906	0.6013908455383543	1.1397480581659833	1.4169167349372382	0.79489248434334	0.16695397792850847	5.757206948915901	10.742960832476614	10.90837724158283	10.761806181782084	0.24752075648748395	0.004845309369892832	0.1087869620313713	0.03784201572396868	2695.60495640478
-3128.560621086114	0.11218636945780065	1.0409487025046402	1.3057633911245818	1.5581023243129615	1.1426443302191385	0.1885571675334875	0.530960016448924	10.98611060908788	10.389132100193654	6.110679357551221	0.22824010757316912	0.006739601049102855	0.12335385048537895	0.025881011279034243	2350.667852610829
-3096.636201619671	0.10395174242034284	0.001	1.125555680196675	2.4204926540850864	1.171772193366782	0.21444429933913045	10.411201095816187	11.0	10.923133721094766	5.58495164412896	0.0011992586163448748	0.07568993723546301	0.12744405950078458	0.00039226882412337537	2036.2134023516082
-3344.4859434492087	0.0983572713889955	1.0737215982376405	1.7878306714279955	1.5208886164840922	1.0796033204464779	0.12582340906299236	8.075144945380806	11.0	10.80565921853641	10.308246475312986	0.18326891072881227	0.03920675555734842	0.057780174756352685	0.006724306851126838	2671.077475265779
-3287.9763174828076	0.09822403762081462	1.2808611851701688	1.5797479535966377	2.2176806124675137	0.4101140345639408	0.19826888357144068	8.108413675734017	10.995752902587496	10.104997947517168	5.989949570930213	0.1542518789721801	0.071405603886217	0.06201664702141382	0.009456687133907552	2254.2346385485007
-3031.6574228085246	0.10088095491550539	0.001	0.7362261363043874	2.446739979441463	0.7837604694312125	0.2494395868357032	8.914614410789975	10.948854850856767	10.95582815133932	5.911121118583589	0.07371871705374275	0.012037587077823797	0.14872764495498791	0.015791312900446216	2031.758996147849
-3427.0106895560652	0.10930365578412866	1.223057728588086	0.47337108394822003	0.7075095502475138	0.03314576843354038	0.18406552716424393	11.0	10.78627159160235	10.999999999999998	9.315828621003542	0.24407616967750886	0.06365772394065161	0.007132313997767453	0.006919513235952209	3324.932032168794
-2956.9134502212883	0.11236017446337113	0.008088272630353764	0.7836967022128475	1.6303629868661875	1.8955544991217073	0.1569469697915042	11.0	9.693340219179612	11.0	10.695360234398017	0.06666098059799173	0.10563722647155327	0.10742163192014956	0.03512694424325015	2560.538014440533
-3402.772446792566	0.08511120129364932	0.5149176985703589	0.9792501059859513	0.6591932733103989	1.243902858385964	0.1319481775596617	5.960077133052979	10.560679767101322	11.0	11.0	0.18289992829946555	0.005087130999705972	0.07084978717695795	0.00780782978056733	3328.6184862072078
-3436.4046826500153	0.08102058644814214	0.7279380559259376	0.5366620476418552	1.3323869189114494	0.5883189625580513	0.22852832375892584	8.247848538311995	10.903959315732854	10.836861234753602	6.532966545384791	0.11529224586212554	0.037992248685464254	0.10737890158523938	0.0049091668874928565	2305.2899546197305
-3025.9926144208653	0.10570251740082097	0.001	1.2991054533886648	0.849114343532648	0.19314226387428757	0.19437408427426472	0.8048274907507228	10.998486089657922	10.661798140816915	8.061828245460466	0.17786302481909297	0.0017057995573576388	0.09703046420865828	0.03041175592747594	3020.376109346923
-3028.572401392093	0.09819911099072473	0.3469299244875181	1.7934398399933837	3.1456473500269757	0.8470157571913258	0.19564225064645885	0.9658855615583246	11.0	11.0	7.405075133282659	0.18506437427727032	0.004153349538739373	0.11014350139086423	0.03714860738268948	2426.048071315449
-3206.9895346347657	0.08827306130936322	2.4473749862305945	1.5308812216309007	3.122249123141787	0.9060902826321477	0.13003713068260078	10.0933409689532	11.0	10.863478883048591	3.9548512436346477	0.0973616661163	0.19005726183931346	0.03384066646171651	0.00740353996682903	1777.7684324712839
-3161.3752959148537	0.08308019307171502	3.400788906003957	1.5311212571623103	2.3364061261035114	0.6526135940549539	0.11737551346540745	10.297057506926784	11.0	11.0	6.8992341491399305	0.06674886683266765	0.2929611223212414	0.029523837014570436	0.00799356474641172	1587.9977572178143
-2837.2405344314493	0.1319972691395013	1.6009624825460143	2.02116011659512	1.250902816560737	0.07389833695956205	0.16480251925435907	10.917819440883125	11.0	11.0	3.6628475205011597	0.44442550963627275	0.06971321727792831	0.010502206041776643	0.09820010952186325	3115.6397701086225
-2927.617484421525	0.09803703977606804	0.001985634219502398	1.6081578536236494	1.6557543289546337	1.388217438043467	0.19732649890146914	10.766944886699793	10.969793624788439	10.930031446608808	6.2234495051882455	0.06563018094857798	0.040598328856196804	0.13279671115104422	0.042939366526839835	2244.4331817553816
-3055.8413324056633	0.09053881050990671	1.2774741850290399	1.7359739404574406	1.6482535742048994	0.552327058980783	0.1272834854768531	6.1222173316158806	11.0	11.0	9.284790253277581	0.17935865490728237	0.07375623640047706	0.04134114190545961	0.03340143986301849	2641.0005961573574
-3367.197470820888	0.08817424635356458	0.7303080552310465	0.8863364532466895	1.2482329501542555	0.7320936432127657	0.153701569719161	10.555185020791505	11.0	9.262459060571354	9.411891630842701	0.17030394150594422	0.002111013658703939	0.09141561287089234	0.007878124120894024	2883.1094263858877
-3165.344650817191	0.09028420543138996	0.40154883966034993	0.42639852060479133	2.131377530125458	0.4632881642110546	0.1597792685105832	3.8119463621988383	10.998375639011932	10.126309204076238	10.997714549624511	0.19416171869913879	0.0028456434670313877	0.08150951204671948	0.023492176046283415	3094.796374967515
-2859.5727750360575	0.09934665438349803	0.681945618105945	2.977165774522501	1.051835209006996	0.5274110815143412	0.1673753969744161	11.0	10.99043976350394	10.997884965991506	9.69194297898841	0.2517767291426701	0.015128256964877181	0.08721993078432982	0.08336230116085604	2917.762786194729
-3045.522568975436	0.11873924723542818	1.8616818491968565	1.0691521981412322	0.7988558970928765	0.3197166483830848	0.05258233001278645	10.998603973322854	10.96125797083233	11.0	1.9305111639604355	0.2778642402247024	0.09831229142895247	0.00961168535762192	0.036540414130776785	2675.4026772852267
-3005.304130410662	0.09365880413339832	0.001	0.475336659359757	2.5577252938977413	1.213551558510447	0.16828088891401247	10.79459592402773	11.0	11.000000000000002	10.895739370552597	0.003764190214404791	0.08444030741013224	0.12225645227290304	0.024970030853287525	2304.372406296096
-3152.8493601194104	0.09157247032219051	3.806649776840242	1.2883482606792298	1.7843545727938592	0.4769902430258703	0.121949418784443	10.883298424201007	11.0	10.99481194702495	5.227036746280666	0.09022738194020269	0.27819486599480153	0.024838305993157363	0.009091553576687996	1635.925557594002
-3214.616557640393	0.08815533014214925	1.3731972560243508	1.288255280887215	1.439670338385884	0.13523799405906836	0.29458446610587746	10.981091449341443	10.763090640556912	10.857373070369063	8.05215424579057	0.15598966542257442	0.0533477348202102	0.07636122614706332	0.019500767296448174	2520.1120983910428
-2906.4458280683316	0.11445352233762136	1.5516958533108396	2.619682421595067	0.8999773753271846	0.14190580758080595	0.1342902373639829	11.0	10.938584975841513	11.0	9.70704621827601	0.2956152849720828	0.08803261599093473	0.01765735736879453	0.06358433093778486	2840.7593728989054
-3068.9785583369194	0.1063241426394981	0.001	0.5207449506197122	2.0123251485120006	0.8880381289834687	0.19414796602092918	11.0	11.0	11.0	8.322138176558218	0.059950777914192926	0.04692659878153473	0.12771849199876556	0.009605110626847685	2287.574606973149
-2886.469426512198	0.11115825074340446	2.8800964596595837	1.3534592915443882	2.0176074340038763	1.3539957854969957	0.11915196908243537	10.45457222149653	10.471458268580125	10.826772471445175	5.578318386624077	0.1991338155493483	0.14813468651378278	0.03693672397823515	0.061071579646223034	1983.4687498208966
-3391.134812397571	0.10403963845777077	0.0010655490751730432	0.9508594435257065	0.7217057600931097	0.3799528902323058	0.10631292234265007	0.09663867303386252	9.504128032637206	10.999494495066143	10.96738221313209	0.23213227430556307	0.0010022914167219267	0.04314308859230982	0.005172641777427094	4448.844531980635
-3325.731317274905	0.11318720413903961	1.0799844777991123	0.8983467264322572	1.0604497584041346	0.029558321823083288	1.174271088140453	4.01272791722491	11.0	10.294444630899084	9.152930624107931	0.2684177814216132	0.060987802012063434	0.024176268378889018	0.018264933596170343	3047.7490564727127
-3481.454500553731	0.10221314427381281	0.26844050839971517	0.9282492839882258	1.156636467050588	0.24637279984856375	0.21679925705261321	4.329084867327977	11.0	11.0	7.147396936229567	0.19737016248923803	0.0010939210108386888	0.07915230212826876	0.0025658350020137024	2922.725148052686
-3003.783778469834	0.10097587485069083	2.546308737584163	1.0291930730819216	2.329076845023172	0.49438310513636924	0.09978188537111456	10.885066321517446	11.0	10.949723155436175	8.720981224671213	0.17048557861374306	0.14390513104056876	0.023235575702803987	0.0355933439407633	2142.2664786796604
-3192.295456119505	0.10384449785798493	2.924048299121847	0.6497409240225824	1.11794227722045	0.2507771268435119	0.06176685681788346	10.938160744427426	10.936875954542353	11.0	8.737789531778699	0.13558803724555962	0.20140424877339377	0.010840775729571922	0.012717288164149507	1882.5848236724642
-3042.1764771308985	0.11198536363325606	3.2263045923033564	0.6218617716319089	1.5970450090997497	0.26396536595525333	0.10531745736605518	10.95475477386939	10.184405784672382	11.0	1.5076377025221308	0.1581562927774587	0.20962340668454832	0.013817656270655338	0.03137561886204567	1814.1372239868372
-3371.18213427832	0.08635150903679757	0.8978248294989373	1.6118630605172766	1.1608761477495608	0.4855625442400748	0.19673248014749747	4.209175474146749	11.0	10.976561631379404	8.140850834331994	0.13180492665793453	0.049880698215801836	0.08201313635022418	0.006719591573308884	2366.82800178201
-3245.6682878439624	0.1045797900678583	0.9223341007444373	1.0483574210086137	1.0501358972754458	1.0766035897422899	0.09288647258738411	11.0	9.199772099862896	10.888390120372398	9.71928103480307	0.2498991872624197	0.040535931025170856	0.03369243721604058	0.017055726069697002	3249.758473073176
-3193.6619168399975	0.1649118096843623	0.0010405246608172737	0.32127844204264655	0.6542734024987547	0.5697093857210416	0.1818676980867637	2.1223113072517217	10.993384071137054	5.911030079584459	10.860457635893436	0.47139328153598803	0.001	0.08575847232035358	0.03460409161528741	3163.444511557043
-3136.453440636257	0.09061509330503739	0.001	0.40393765674583	1.371158598542697	0.6737153482428622	0.201358266194096	6.562677442954758	10.985352499245538	10.890850029317154	7.331213454274142	0.0769338898153309	0.015496829971299655	0.10556297820504859	0.006371284438123181	2517.2973235396707
-3444.5248647424105	0.11049743770143254	1.5943473868402205	0.49081934436750957	0.46170997146259457	0.06083549480491177	0.06890304167861712	11.0	11.0	10.542821875837404	8.887394593430688	0.19154327111298822	0.0989350823916724	0.005754262765629746	0.0033122141452922456	2621.3325369204995
-3247.16832619903	0.09421818463282287	0.41488224012025393	1.5848959852963438	2.1745481937528424	0.6019808878053279	0.2481127125870114	7.808595419677287	10.868777520102268	9.22950512699	4.771915234861726	0.133502131529096	0.005350178628206239	0.14665097870829027	0.014588492904476337	2053.4239495781294
-3181.48804649045	0.0832210266050954	3.894460467780155	2.0924327363994384	2.763797803783275	0.09794483327170875	0.758549447500726	10.80945967755108	11.0	11.0	1.233279425589384	0.04178071294227735	0.4118272199246815	0.028366843539200985	0.005073297714160043	1443.2688017117164
-3370.850711380191	0.09972431349828685	1.6434884500410645	0.7367741570461853	1.1102706028176237	0.5576920020800947	0.14314305465809188	9.258861774162098	10.927120477062815	10.999636459200724	7.321069683733488	0.1770827690463594	0.07420944635519437	0.04105923144409779	0.00565855531626092	2530.609971672213
-2882.0075464208685	0.12935939578331732	0.024911999905545264	3.5473640648414366	2.1697635343323807	0.5792000066552505	0.18511312193294274	11.0	9.162566493311438	11.0	9.849795807020744	0.16386818246899196	0.12635492817415675	0.11258625495968748	0.06366205776795425	2469.5304172677697
-2826.135944318512	0.148599896734388	2.5119328303052133	3.322344705805247	1.3406377439078934	0.04828051291091128	0.3865445703797672	10.028694928795106	9.66790360785498	10.34322436623215	4.258252474077899	0.3701962563032276	0.13536999185243598	0.011844721011123717	0.09206533039589725	2162.635069899063
-3070.6085033179247	0.09373271596443901	4.313737561208728	2.272275179443573	3.1154472829440807	2.479346206089635	0.08918872292841	8.017388523313585	11.0	10.994189920753803	8.139791116555923	0.06394164408643549	0.4126638303745682	0.03376768196782519	0.015065541528263275	1323.1252710812046
-2862.27013384682	0.12588170521547098	0.0023880666987235832	0.2973142368347147	1.4849537390747587	0.1814211040511318	0.1894689284373424	10.83704532335092	10.37407437692865	10.989963329957606	11.0	0.4852008496132149	0.001	0.09104452749132182	0.10301993596486542	3408.574005000567
-3420.84319278984	0.09284458682884875	1.0252016146582947	0.971339700018594	0.9802379217040869	0.45051385219597945	0.11582580341628061	8.898660396619572	11.0	11.0	7.091577526951975	0.1454185638657161	0.08541757107279316	0.030188496230380498	0.004123957809791819	2564.7397193215274
-3141.119178851184	0.12027192189429128	0.001	0.32052273333987447	1.6918115451574238	0.7528588722222566	0.19639411533871887	5.278866036219349	10.99607643950728	8.336854445517826	9.73816843660896	0.1429140507527518	0.002476615453863544	0.11454274608198912	0.006721330532148302	2422.9787682906694
-3205.703442676323	0.09901048198084343	0.001	0.5273004224612264	0.9103885133038858	0.30505801217483164	0.17238869758258415	7.498662794593944	10.765515145656204	11.0	10.926225286943945	0.12820132910632462	0.0032315377186787494	0.09137243697428993	0.0004535821493220093	2963.755750854344
-3234.174963142161	0.08102540486000867	1.17688789794428	0.786857539237743	1.3812653178911178	0.853073630528809	0.14619711983203945	9.64781024565324	10.998977454355794	10.998931472353679	7.825552072035168	0.1303445965612861	0.08038514581736901	0.05194317506754903	0.015950660351499793	2475.8018272300915
-3076.28504642173	0.10702218451652706	0.001	0.5942187833931933	1.4641213186822901	1.1162303739524666	0.19533670730968458	11.0	10.888407656614802	10.012361791892587	8.246328164574141	0.0370849718138756	0.05984561444316027	0.12833912982989584	0.01065715914933384	2246.2548222555433
-3343.6419218496126	0.13023251706958486	1.6066360621684288	0.46893030478798636	0.4043417105522027	0.0045436700821688825	0.2791992868424719	10.717647839166926	4.186910030334069	7.510266348098711	8.269727226709065	0.2373862192239815	0.10682858617890859	0.0015251188573327404	0.012156059871014018	2491.054219931986
-3080.66294135029	0.09864282425307741	0.001	1.7928254919921927	1.1110395383810774	0.9112372398014266	0.2250242947858449	9.982693706813247	10.765362829832156	11.0	5.490339927664448	0.0770165932478199	0.012720945615958802	0.12671694828430707	0.009872362243056935	2216.974546643408
-3071.6358333259595	0.0937005591395685	3.154304554844276	1.5295040980460164	1.497493877049744	1.130531749940076	0.08482758697919254	10.835383819586044	11.0	11.0	7.8081821256370825	0.116494558042326	0.23471530407397181	0.02508409002207118	0.02245114428538763	1775.01179061232
-3117.793806446394	0.151363467378497	0.001	1.6784948673094189	1.2898841237160976	1.1922586240669308	0.18151122082830976	7.525172481865601	9.554304114478903	10.922583623046535	7.019529328563659	0.24178658921056953	0.0016475999259285433	0.11510447252013437	0.013237089110802692	2355.9408280562207
-3509.585245291853	0.03342394501011598	0.17832275240934212	0.7021976831463637	0.31821631929113936	0.4189214598932713	0.019040269264018247	1.3907005265546968	10.700398507193738	6.726401973099142	0.47265687094802206	0.17158319356045887	0.0010329325228064577	0.004616555365903123	0.01891378927677736	19195.962175151846
-3215.82216798761	0.09856509420218244	0.8827323762978287	0.8816683955248099	1.6451913341018332	0.38650603992151805	0.14861575807118443	9.155729014999133	10.83552119108617	11.0	10.314318339148771	0.22197948420210348	0.054175955537257105	0.04182158260973392	0.018049329286856694	2973.8953543729363
-3316.5529874118333	0.11878095936260467	2.701875529808169	1.0432753058451745	0.40916721212542423	0.2268096447638474	0.035910386812459984	11.0	11.0	11.0	0.02562113597906411	0.14479053020916996	0.24524485541576407	0.006134664424568807	0.0038796264200050942	1737.0029361200727
-3087.9193743331493	0.09851991055364905	1.2519652242447805	1.1984670538568587	4.932566944497984	0.7320297566334755	0.17010992841992736	0.2945848781078773	10.878108159956417	10.986528895272654	10.98176063350296	0.188210089824709	0.013528007990304125	0.10504011442453544	0.030174568869702968	2431.7584045093586
-3037.1880244935373	0.10699186161928442	2.077217426892746	1.2086594490186104	2.7464729065774076	0.8184773219032223	0.14876921010558705	8.084250934937037	10.392892401506312	10.919503322785625	7.947022067688543	0.20041829116793825	0.0911895671778189	0.04899612809217251	0.03168141894452114	2226.3958654810017
-3295.895688304867	0.09357081527617075	0.45782552262827275	0.7138803317674217	1.817586637708273	0.8979488765280135	0.20551218344422917	4.503792008880756	11.0	10.875400179701602	8.151294371570197	0.15438884238210365	0.001	0.12470733885216838	0.010642182992468942	2356.6701099249144
-3017.0916312837867	0.09220354244031144	0.001	1.9534179994531415	1.3304944722194219	0.6325295344293302	0.17432659805048964	10.917035469100485	11.0	10.98043384360337	10.748270440124655	0.07559415679654129	0.022233069238121555	0.11739073143303272	0.02167328305907979	2461.1876112443974
-2872.560497320775	0.1164749275401197	2.881040825292052	2.2145243156124965	1.8372711262185657	0.6046821942479941	0.10174953933995	10.346516330721474	11.0	11.0	10.930985664450283	0.2530736642086976	0.10913382614491558	0.0270364566563289	0.06520128705123661	2297.460800434462
-2833.4545435175014	0.14407628508059553	2.9436316728040333	1.9097934928816485	5.10919807997908	3.067024595316603	0.09699117975166169	7.596417742565256	7.8534467911735275	10.446055320217285	10.235880087199588	0.27390086546972653	0.15728144363995905	0.04240041878787988	0.08011684032358216	1725.1666469062416
-3034.2285053494797	0.090005793459381	0.001	1.9931305394149579	0.826939100118149	0.8181587718001327	0.1601308766555538	4.047838891925678	10.999809650644039	10.999978245881971	10.515724680376685	0.11355404868499687	0.002526581519658482	0.10124451672688785	0.022485179508639805	2773.7387391484644
-3057.17613411353	0.10035339865380975	0.001	1.1764603985074267	1.8562011374509766	1.5565815295673904	0.16543438123037324	10.998213107392356	11.0	10.991039156525543	10.857730598364405	0.06871091922952396	0.029075298663158246	0.12525985648176333	0.008906737001392767	2265.812177954938
-3035.632947544581	0.10772911904542185	4.426541710675797	1.1914841315338276	1.5853114957750658	0.18809383728170817	0.12389095856542516	10.888812997472373	11.0	10.959881526800501	7.578964966672388	0.1383027155628742	0.2318042034040104	0.016278972128300182	0.026618938000004644	1715.0517611635528
-3441.580125305465	0.050759302433271494	0.45077560552567103	0.3556137314440724	0.8562419721091841	0.40008126436788766	0.0386910233471782	0.0	5.579617976445451	11.0	5.035333838469231	0.21634275112778886	0.0033926289417880885	0.008373396653563785	0.021721793853505318	10975.22240618239
-3339.696628095284	0.09265327400566735	2.7291219051977222	0.821356708337803	0.5147717261498704	0.02557590671542084	0.5456339824300217	11.0	11.0	8.181440018799025	6.814935608870817	0.07623512016609447	0.27967632878509513	0.00836833746130175	0.002812044982167952	1686.0310212379934
-3010.31402429908	0.09902858701510768	5.55503995051446	4.182679524466752	1.8420214278087794	1.164599697179739	0.11568175625221416	7.829849066799724	11.0	11.0	6.544826462107745	0.0680129014137565	0.4292431428293932	0.0340318214161177	0.023107464924323376	1269.5945409803712
-3330.9751100776884	0.07752877274280687	1.6582461340105643	1.6319972296751586	0.90429794354362	0.4652823677358948	0.11845818887239179	10.9517381355264	11.0	11.0	5.9787782584010705	0.09554864208997604	0.17321038099150993	0.025639194346676688	0.0032974580924830495	2103.572088761191
-3120.2441936043997	0.11666762461481381	2.0163989173408634	1.5387633936554592	1.1344906742642018	0.6712415268161579	0.08140102025198077	10.999999999999998	10.440724268337954	11.0	3.963070059539539	0.20397149278254448	0.15725363537181264	0.018367627587485974	0.022906949269068153	2092.8344278735517
-3050.7617816992747	0.10135608401576648	0.001	1.0323379288937233	3.870118523654989	0.8929371101911854	0.2063370918081916	5.970054383091241	11.0	11.0	7.688552988596861	0.08178631162011561	0.017454008741624023	0.12888333490514983	0.010809323861016865	2140.50480014467
-3203.1120350032033	0.09456961354291389	0.8647383718757667	0.9764874390929089	1.0834360831268877	0.5082869063343965	0.1795383636118623	10.969661070259388	10.89622627875369	10.99481660549473	9.928641514891188	0.21017968020949876	0.002039738972553252	0.07886144256921479	0.02008727864022665	3117.9121381352375
-3276.819930431876	0.09655862024295864	1.4782266164598057	1.5381406106231181	1.696284020630873	0.3331035095123572	0.16868381124971626	11.0	10.999016728553386	11.0	5.534207899583068	0.16176651030485928	0.10973908191640208	0.03087815522161244	0.008571496766725242	2344.8943230657133
-3078.5071913455026	0.10397798834379801	0.001	1.7518985925314803	1.5730715438254912	0.53227835562143	0.19774906504371567	10.998936834596053	11.0	10.995552671734762	8.605747767881837	0.003872960136847339	0.09504363097376259	0.11911087109403988	0.005800159563169439	2328.943993345006
-3318.773280443532	0.09340470222081487	0.2828095266128884	1.1090518248073902	2.9824703859575363	0.4126464619075679	0.228697428057034	10.824439311106836	11.0	10.85324441240607	7.704638784109935	0.14395235000056097	0.001	0.1399255469888196	0.008397838906643411	2198.207042978315
-3106.28651535303	0.10686239536459932	0.004020273069636257	1.123487374753452	1.2286864455190682	0.7194681557808711	0.17615000002476708	10.907608436444503	10.741620020883067	10.960251340935502	8.90529048702413	0.09852652313291929	0.03929061106879732	0.09625078421017925	0.006958564341103356	2642.30778505868
-3373.7061421236745	0.14694625258879918	3.3781870259966538	0.582392476866331	0.27194962166708214	0.005579030246578748	0.3802692469377444	7.991720338549519	4.093110626398494	4.558004147200917	4.5133286019036	0.30563535188728463	0.05629734506247324	0.0019024965085431918	0.01527237649529319	2846.1952174188023
-3194.332593797066	0.10904488401665856	0.001	0.5328456470708933	0.6852697170662391	0.5627611133359067	0.15649504620932775	1.9282329786728079	11.0	9.980663801301661	10.97848076527527	0.16773678294231578	0.002075618341202614	0.09172605084466247	0.008072124384746047	3047.9381691821245
-2982.7290407222213	0.10901231277454664	0.6155728743979941	0.33030367182143633	3.1452585831146145	2.377393448922803	0.18475757122585906	0.16907335961098302	9.39013152124034	11.0	8.019376172775576	0.2404696313449847	0.001	0.11853230543360987	0.04443756999934386	2439.0900943497686
-2966.3095824567054	0.11508221270858335	2.8697865665705207	1.0112990283405685	1.007520071024093	0.57631831418315	0.06952431156139718	10.941318233390453	10.536961611459677	10.999451630635226	2.32094374487914	0.18442218624234594	0.21874945493108328	0.014420331693976683	0.047775332540342726	1858.6233073523308
-3232.2811676338956	0.10103275448631144	1.7924234329231492	1.2571997272484732	1.4446874505839167	0.42836402162282233	0.1271606895092212	10.9634688395418	10.999999999999998	10.999999999999998	0.9790781650721729	0.1567650958477377	0.13976324869898962	0.021253129767867997	0.011336796276073046	2161.707263602474
-3238.378745933595	0.10491314987232792	0.001	0.199612066899611	1.5116279754936484	0.3534147948393379	0.1498139664385899	2.9863873995067265	9.917345908842664	10.975994242821576	8.715891516027321	0.20670951797540946	0.0011695509036573311	0.055085955137797765	0.009335330308039408	3848.0602550974854
-3122.374352932986	0.09327373014037833	1.9946243968231812	2.609699759021721	1.4483306153137	1.6703151904112399	0.09541701531388014	9.547904498402673	11.0	10.998558614053437	7.855502022004843	0.15029873411438155	0.10636752293813406	0.03358872236370824	0.02037907404822181	2232.704554363808
-3329.6362278351266	0.08550327328115809	1.1401607516357224	0.9121949481865246	2.05256442027574	2.1177913960591517	0.2159054633437627	0.08078715955826343	11.0	10.923569608355425	5.352709942886949	0.11277969865336891	0.006502080157125552	0.15463416663772941	0.007590685384724396	2008.0601503642508
-3029.7918962874173	0.11278692043630009	0.001	1.251758339965474	2.700921253478663	1.9791818846308344	0.2096095183748627	10.88097074653196	10.583166090381606	10.068901418060548	7.817910064361634	0.06107721577770407	0.02855339057060724	0.16183561619678222	0.012771608115671903	1885.287120714928
-3146.473004184396	0.08467779960224604	1.468443022351179	2.3247094388937524	1.1738985128060853	0.6935628485609906	0.1509879508609175	0.08623297673305474	10.96161458487098	10.868728742835941	10.085920533293892	0.1764660704452173	0.01352551675088087	0.07098726728441307	0.024129973448074216	3034.42655505853
-3214.43726431936	0.1645896423750207	4.273608159179595	1.4612205519174097	0.7283130378959436	0.01873873878269814	0.9532785121665387	8.371839769657715	5.497569652283382	6.574374496537731	8.747460851242883	0.1230815788771281	0.337620167355858	0.0073798711471688965	0.015990450999853273	1236.9800846727326
-3230.794666514791	0.10672624654109905	0.001	0.7845470594510411	1.0661775386709202	0.4426776902813484	0.25801549360141207	2.7670917021523236	11.0	10.650778904196493	7.0599772956015405	0.0776490873441859	0.005292747503963983	0.20370683512155788	0.0077497174608500575	1974.750094450385
-3313.860048372259	0.08795899010340964	0.3729280097680961	1.0862804460997664	0.845987008442537	0.32172899701609337	0.17724310246658098	0.034061301027855484	11.0	10.908615936170072	8.348114830026029	0.18761719898693563	0.006977267693063832	0.06819954095544796	0.013039064338656378	3300.1318437007844
-3201.90426345994	0.129620560394519	3.657588805765972	0.4041284884378915	1.3393312833173983	1.3958087984322398	0.021584928390524113	11.000000000000002	9.15045090029272	10.983245644178819	7.768010061851441	0.16751119781508905	0.2541166303749764	0.007288458568983542	0.012190969451532864	1644.3954729140135
-3399.5695623240626	0.08969090943353158	0.626299116588173	1.2366147314319265	1.572462952104271	2.6225956948442164	0.208004470751443	7.16542315882774	11.0	10.963720822349257	5.879139692156782	0.12247128720045553	0.002298929554392019	0.14901844821197574	0.003165952202483632	2055.9005461784845
-3176.864126823103	0.11092533465505139	3.1420888700512	2.0588060548360088	1.6444057429347108	0.047935333250111366	0.3931611816152837	10.987735099664832	10.82242138590614	10.969207768579446	9.148515421455718	0.17561366659713096	0.1313846489857064	0.014793708289443418	0.014787903899856118	2124.283309232877
-2886.8519574286443	0.11011590875434302	2.0353682761190712	0.985926678353721	3.5374614670436273	0.9167018452962084	0.14407381131420555	4.906383953564284	10.978220801625291	11.0	7.655962128049044	0.22022298133196602	0.10276926091297872	0.04835944378876258	0.062171485302899586	2153.6744392313713
-3303.6258656607242	0.08559671584293234	2.3711246726281994	0.622188400523993	1.1338534903086064	0.28036896008971585	0.12296688934956575	10.958192699872859	10.921449601604733	10.966864025031274	9.323323598433756	0.13411943263172055	0.09936795309688563	0.025822726857640532	0.007459422617028701	2469.045106293015
-3043.650700193714	0.10061669281555569	0.001	1.925435085137549	2.150783346226355	1.1449057244558654	0.2275856542247256	8.93563205377453	11.0	10.991535612798895	5.466170631024267	0.0763964183604326	0.011658175306086333	0.13352151006397636	0.00948269476638997	2067.67775128797
-3235.7569167003608	0.08317068980028362	0.6331876427361135	0.5050464565634329	1.232641192530799	0.48542454086044173	0.14672554908897037	3.314045324635103	10.996132335037409	11.0	10.999161452100415	0.18621180496558712	0.010902012026155422	0.061717637444172385	0.018248135257298286	3455.639403905493
-3335.6284779163543	0.09237139190471094	0.432984564754174	0.6497550146833051	1.4410803162413108	0.361214366293534	0.17067983968701814	11.0	10.983541313456731	11.0	10.82501779204296	0.17612257239381973	0.008063439299032636	0.0850614373575314	0.009658475497827964	2891.379671237116
-3599.318472350847	0.08552335229962532	0.6418226445237522	0.4470543916654568	0.5774976525920226	0.18940154505822498	0.10957364871141557	4.5951946096499885	8.44608503616833	10.862259762230847	5.278733315770338	0.22136955247636553	0.022005555193694647	0.01567640249525549	0.004891469438984461	4773.577377061384
-3250.1357987537585	0.12218828822054768	1.1650421677179745	0.7209467914063138	1.9838053875993757	2.3616943976633036	0.16307343956254106	6.468336877146192	7.897397470212152	10.990670047951333	7.117297721157614	0.22715349663322054	0.028519215625112563	0.08550453930333342	0.014463328406285357	2295.410471018143
-3196.4249859661263	0.1222152479239247	0.001	0.4577071206006459	1.3788418707598238	0.6344252780958766	0.14726707963554508	0.4647119117858229	10.993003795313786	10.857962301975853	8.901629556241797	0.22592514551603038	0.0014080176752942592	0.06766994178318192	0.006309946228159568	3284.3335070090516
-2914.852719135988	0.09998443970006948	1.5338946182042956	2.3145410383261598	1.961104286705725	2.21469661079162	0.1888195314791192	5.713206034814451	10.843058656642867	10.975734989627261	5.347819602320334	0.18056277169711507	0.025828313070524165	0.1196188945982775	0.05900199926865545	2162.4068177720014
-2895.5195201284146	0.13269651043365002	1.251112612158386	1.330214694667078	3.311724268705189	0.9384909446031708	0.12269068722918958	10.390256721724857	6.9289982755401915	9.79618978713209	6.777140591760777	0.2959283081362229	0.10191098435752388	0.036160034071759474	0.06602656359828915	2287.674750319746
-3415.89377706862	0.09512071058749716	0.3513973828641682	0.45655703152853067	0.9264037447387448	0.18497819592982445	0.1795183779749818	1.1656771029244068	10.469806319436374	10.669881067836455	8.440952386944472	0.2183789482181152	0.016447137390664956	0.0509900215789421	0.009554671752732712	3586.9337775240106
-3049.714526797171	0.14005627638372956	0.36008147635162846	0.9923677038886252	2.0833169927138377	0.001	0.29867506170071334	1.1618918282517923	7.025764815711265	10.995838599902399	11.0	0.15751077198320956	0.02773542446273818	0.23400232497435366	0.023926326425030155	2167.996174355739
-3163.2158233531	0.10274080954506917	2.993716490355529	1.4041809691311178	1.0135334897660324	0.655422468629207	0.11267105334819898	10.895161979483705	11.0	11.0	10.272079987228755	0.13886295782508104	0.1848595621612718	0.023652949048346215	0.01481570655863136	1868.22461009381
-3146.262869586382	0.11986493413451686	3.3590377987375573	0.47947347182595257	2.5647404617512897	0.4208942007913269	0.06953013105018505	10.845222623079456	10.967748744213534	10.716277747713162	0.07723991959330644	0.14552240437042452	0.3343664442039352	0.01210420066200952	0.01763455828642941	1570.3651489998488
-3342.975062388855	0.08267045284655401	1.1307837191225447	2.3441653918018037	1.1259788108897204	0.4926081060139819	0.1628910095667995	11.0	11.0	11.0	7.710002921102023	0.13361229846771683	0.08595148407404303	0.042250820639473496	0.005545118801446795	2492.4462185860343
-2890.490716783145	0.1138946223614179	1.9341988938440131	1.4575163822452484	2.954199382261344	0.6664286206237814	0.1596282596423556	3.9687995199871713	10.627821223605098	11.0	6.742207232192562	0.23457299378279167	0.09393130395866434	0.04590908422325365	0.06152156740714678	2198.064810932973
-3086.138519019858	0.10774540016191834	0.001	0.4235486505825651	1.9793888534729909	0.4694135335889193	0.23024284038272366	10.946926057542091	10.965867114089214	11.0	8.549067877329561	0.0023247656084003526	0.08273874115617971	0.1311994008637246	0.010164961323474438	2187.353801181
-3281.604160153829	0.08076117651606217	0.7963620067511443	1.1484997257319118	1.2071326271315854	0.30290292239909794	0.1839592920131885	8.786953783765284	10.289508426451778	10.968720819984425	8.371454016722797	0.1450602164636166	0.04162256260666749	0.05922217515353536	0.01456858331523226	2837.5770970233934
-3193.017780446372	0.11451867946917177	0.6761919800308795	1.0164373780574123	2.0394178807210106	1.1715652567635844	0.15964943674486676	10.379727191367323	7.160980717700991	10.991886349134694	9.197249033382024	0.21550054783600314	0.054462093920802604	0.07083453915099738	0.020237799696902082	2360.8142355579553
-3216.626481094425	0.08613454526697903	1.9964144485454456	2.01968597478112	2.4361821909590042	1.7533363384305851	0.127088798376306	9.764168816833752	11.0	10.978872865584611	4.513726996556814	0.09267078726123047	0.1937303666324694	0.04283922210560994	0.007494914503260972	1765.8733380705712
-3325.8073207986163	0.09424960531194367	1.9832781796797538	1.0387970838380216	1.4298218323762606	0.475068703437822	0.1839969429777569	10.292809628549616	11.0	10.542823347107733	6.970596908378058	0.13900831573093128	0.10361510982027455	0.04974462427965437	0.005208737535320401	2172.3900036195337
-2810.7718427970667	0.13333997509662288	2.8449772201334707	2.2523048086368425	7.859261542635543	2.432057195091958	0.08968259598047697	7.644341675765578	7.947802214660276	11.0	9.610225507052185	0.2535476644474574	0.1474209041419748	0.03590406950019058	0.09570210562645044	1816.901985888671
-2923.915926506569	0.09803715964808297	3.558767163653402	1.1194432762934778	1.7930889998400947	1.1933254749922295	0.11746453750852305	8.851380661085855	11.000000000000002	11.0	8.553700057617949	0.16834517496301604	0.11803833549977234	0.040753680637534755	0.05133383468106768	2111.539365151608
-2907.1511670964856	0.11589659536767052	10.994290664422644	6.1066148942839815	2.7723154053198225	1.437267265911239	0.09348903976884418	5.78491635483436	10.995333399620177	11.0	10.952528643302147	0.05781829290399482	0.5583145070890202	0.03312337533648219	0.042656755183287	1000.0914892877001
-3147.8244076130104	0.09756784605558023	0.001	0.5122951959449623	1.2404802724905948	0.48491657327020177	0.1938464566125236	9.754642188073241	11.0	11.0	7.746783249832049	0.09484986548044146	0.013049710555682013	0.10695281388969052	0.0030853591572445665	2587.419701495115
-3187.038352722701	0.10138625489851685	2.4543542792882524	1.0280090694600654	1.314702745328613	0.21112652655544845	0.1437393179511631	11.0	11.0	11.0	9.213108912975937	0.17013595242444976	0.13309193387701942	0.02193703715155172	0.014449674083991974	2227.674139110227
-3131.2568777179213	0.1155023043499697	0.0016192100764926436	1.1752037766735068	1.355726557604076	0.8078258388078983	0.2233250681243427	8.670629099186813	10.158811725129159	10.621132091637858	4.823422322294065	0.11913977577837769	0.004989097075725558	0.11452905750990705	0.003563256378482983	2278.872338850151
-2974.4630504132374	0.1337608243181628	3.477532751868104	1.1950955526961609	2.6676054249331678	1.8628980585559662	0.05165513858833413	10.987908477027535	9.526842563108803	11.0	0.2254916868276871	0.22921102113431283	0.19810988414028083	0.015188172445442858	0.04088443710440209	1775.1718233145605
-3304.637639586548	0.09051728609655275	0.5299571726681136	1.7311896766258217	1.0930071733707263	0.4628343349840453	0.19114268616492117	0.07794106081354162	10.991542399054065	10.991135335791892	8.964224001081655	0.16525412362853822	0.013911753366982395	0.0899249016640454	0.011056955483644746	2694.9672560357676
-3357.2006400186237	0.09812693232377215	1.381648787535204	1.1925229448152412	1.1257267324158298	0.5075569165193	0.18291679318572956	4.243576074032	10.713892600857001	10.558321824178671	8.850802460329415	0.18132050223123533	0.01394224842217837	0.08788216091679248	0.007822674654142115	2664.4456341034265
-3184.759185619868	0.0858760808024896	4.102775479634195	1.7215659376001364	0.9116654175918063	0.1694778865151024	0.18180175373665092	10.26629186315575	11.0	11.0	2.9765364569676844	0.06354150650562874	0.3430974781655298	0.018644918597871242	0.005808955859082783	1530.3697533197198
-3378.7190083310743	0.1944158233675465	1.8625077836099901	0.5454842628107888	0.9239717114966524	0.01648516601031698	0.4264080802540095	10.01142430657585	5.088495120304978	5.690196147306377	3.9626581314626454	0.495158059705009	0.09493287110762688	0.004581889609826753	0.01256253508895018	2344.0645445602636
-3001.165206307717	0.10185488520577371	0.0023419645265920536	0.5068056453807314	1.739492234910183	0.559151434004924	0.18948212971254433	9.808060519941037	10.998337096662889	10.910296083468339	8.921337934675305	0.05987278031723976	0.06530243366847774	0.12280922156618217	0.027457552929113727	2472.4231989743007
-3208.354107958652	0.167868225820207	0.4445871614120885	0.7669138885068255	2.0568339029230533	0.001	0.3037137937034166	1.7303409066280324	7.274252642564349	10.107298161744078	9.768022200313004	0.20087121948941267	0.018526080427471333	0.21360058880396926	0.0041320133678418	2089.2891854395916
-3062.6298510129805	0.10589976312991617	0.002407526628462613	0.9582298266407575	1.0357328337686063	0.9627369097225895	0.17535532828550623	5.3521975816059895	10.864156613595068	9.147654144191216	11.0	0.04357422486697779	0.1758258616748757	0.09962005801594825	0.025963879441674095	2763.0917190165164
-3097.8210626033015	0.09996051683342337	1.5588082012948157	2.7588135271939773	3.174088208370102	0.8946876800311152	0.3121757854746047	8.280257798004415	11.0	10.035203131994102	2.8769481900933855	0.12643437503488195	0.08332343909847742	0.14515940366921878	0.027218097359022544	1663.4835815612855
-3096.4292049768355	0.12318165846954428	1.0243647052169025	1.1930663427768353	2.2869206879168376	1.6557969717028587	0.15712073012542915	0.23671825397422963	9.40114655999585	9.805900911384713	9.557986459502743	0.2709228848547614	0.015200597954238863	0.09147302537471234	0.02833002404429193	2457.4113634418813
-2926.6838795732538	0.09191350555068671	0.5332812883693726	2.1108385394407865	1.8298689273684514	1.9408623215501868	0.1389916195569265	0.0	11.0	10.97670436457625	10.512569056544624	0.1890985398510989	0.011210719792175092	0.10285925262495081	0.05737203114400078	2610.5940328150855
-3295.9243242116354	0.08499491030480587	1.0694440821139144	1.253097747125085	2.015560457898696	0.6696937114939738	0.35843430879654714	9.270477012662644	11.0	11.0	2.65047190357189	0.09476267650328361	0.055224334605400716	0.21726604685835013	0.014372282576647693	1671.1886130787884
-3074.741169980268	0.09884404179866002	0.5710777473020524	1.080662652348496	1.572401694851613	0.8506477462179726	0.16136170538749844	7.981928085276751	8.443055008624214	10.979122636426816	10.590892534701243	0.22056023554231988	0.015407479292897333	0.06655623141805737	0.03457014785270006	2990.6636024329273
-3408.346995543574	0.08572724678866628	0.5273648945179905	0.41314861775238126	1.1569825856974527	0.004663053282436322	0.28091555855178263	1.2090436966060114	10.999716303074724	10.999002668015356	10.170449951930351	0.15621337107993258	0.0012711346514093804	0.09020165667114372	0.0042152725188639405	3365.6406736014483
-3297.2997880592648	0.10075584868449167	0.9744939940411084	1.0579580108363469	1.3168626755057744	0.7724773046011357	0.1316931781295157	10.999216283002044	10.998568127872227	10.99402388275442	10.724015518389853	0.19729622310805234	0.06378347916879233	0.045290132759945805	0.010728025959189239	2688.555092393137
-3094.6166206788453	0.08825938263342155	4.340205680966777	1.2434486271406384	2.597012972784004	1.7027616551161608	0.07344775863972731	10.908997119289818	11.0	11.0	9.534158956360177	0.07511254137500896	0.3314907862768994	0.025677051911043122	0.013909993341760194	1552.8279178191738
-3099.1149361780035	0.13799785781197677	0.001	1.6825522932847745	0.9559403595797746	0.39198862175432103	0.26980413339669657	3.195007859940034	9.328893867439488	8.557545643271126	10.502756476940835	0.18891523057455925	0.0018170288773354628	0.11960251268740894	0.019366978675011262	2339.3667619781168
-2944.3022086916294	0.11195491809285786	0.9605307132902724	2.764868130020879	2.035053761285515	0.0012384764359514998	0.3271466662149773	1.6964865995824283	10.973139255647329	11.0	10.08962493368544	0.18726354119953018	0.0011601630272862376	0.18994162481439159	0.05275075199572465	2516.4689741084794
-2987.866128022916	0.10854380677866063	0.2674756807570518	1.6075100424452913	2.964382087261029	1.707904995545819	0.2517288075433829	2.3588363784599666	9.939179393637614	10.955077161981416	5.069687617115977	0.17895808765678622	0.001	0.18811538850423754	0.04430841331722494	1850.1441636306458
-3205.308660135403	0.09563962206324604	2.141788983878579	0.5853378975127479	1.4041992120086377	0.6368069114357194	0.11832050437872219	9.521086458968249	10.23434349473728	11.0	11.0	0.1893097091633887	0.0554407960796187	0.04260298142907791	0.01748628572849744	2794.502084901352
-2965.1998268839207	0.12606678182847497	0.0026432154324906878	1.025539513326915	4.07627911034385	0.481138917707162	0.27098376055171886	2.659556110215639	9.16070043964619	9.545723848564789	6.235823694567456	0.12567411147513974	0.008042908297769902	0.18259653571857642	0.034197224263248845	1845.9391561182774
-3668.307247652882	0.07618448804862658	0.10814014912261896	0.5399531000079353	0.48502712740257625	0.2845683364153209	0.15590956479626536	6.975052372821706	10.733702937277801	9.796459581666996	10.542490404875132	0.12452330595664057	0.02604999389380675	0.07835021374136619	0.0021973339358744366	3199.8933617697603
-2930.7145044365025	0.10274326342962102	3.391915008592265	4.50163198127197	1.8623210757954343	1.4972596307735502	0.1356600398033495	10.239162411809195	11.0	11.0	6.416349117537391	0.17038442972363832	0.1289119756611932	0.046172878929204374	0.04624886532012568	1960.1446845884025
-2941.255780646706	0.10447426563342418	0.683185477598061	1.9435837474682676	2.5028970086357467	0.7295364559813527	0.23950085673288124	5.630783414533752	11.000000000000002	10.981781485935848	5.753895217332169	0.21519666024910375	0.004105700057057228	0.12681004374683053	0.052809130182792256	2313.269870948881
-3092.6314075173136	0.10344556403393308	0.001	1.2679844552068944	2.128301865925664	0.9095794993225355	0.19056151586738015	11.0	11.0	10.998069084844262	8.563958374573224	0.038063762391791635	0.05246172153343112	0.12209564663203629	0.0016944122855765567	2200.418053404262
-2903.7199679426235	0.10536377472272161	3.621652481445295	1.3815746406745815	2.578146990529766	0.6769352782422302	0.10186260029734748	10.236348577618534	11.0	11.0	10.968210788736577	0.1594339537672189	0.22297590780109328	0.0279471956371446	0.05603598300928593	1781.3023741554798
-2861.9320471851365	0.11392369449849611	1.3607369242969116	0.41752213125854387	2.6418245766736623	1.3911041674941333	0.16594711451587998	10.533213021475328	10.950557818365999	10.967811224071564	8.78316177659896	0.2959978649974644	0.01615767404911211	0.09586355936270383	0.07699461195985349	2639.9131926358823
-3250.2549704853554	0.10722467292314222	0.0014216884121758323	0.874236573111759	0.5828526629677202	0.7499425885174055	0.1611797349217947	8.724176463264333	10.624000251256293	10.768732051472812	8.81736010672162	0.14979503511454553	0.003580429344434873	0.08973684782216818	0.00025995750891924085	2957.6967093173394
-2988.0196374992183	0.1060290620011882	0.002217649446188125	1.1565926483928672	1.8582519659485544	0.6018425760309637	0.23501295065003625	10.98671091417213	10.715913148307552	10.956242815288562	6.555935370719214	0.022317376562033694	0.08486491390501734	0.13260627112047985	0.025248926668855264	2213.3233847144274
-2919.7768043026235	0.10316061868526953	8.26865413561671	1.8527307591858628	4.3795888818024515	3.6683311469596345	0.1136794459524315	5.951105164111296	11.0	11.0	3.5692553150044755	0.013249883100268565	0.7474060880009094	0.0397309773677138	0.03902109813846379	968.2367091050759
-2975.665442011801	0.1025018637882927	3.17186442759835	1.4411489338170163	4.516457929758834	0.7671498112019999	0.14060206151663426	10.835110296365661	10.9926980011958	10.941000735846353	4.9075518989106754	0.15009494868910464	0.1923699789155414	0.037735503486850314	0.03671454058417162	1807.332473513897
-2994.70087911133	0.10586887122050233	0.002653401879504664	0.9720520464137433	2.744954785848044	1.585734923962969	0.19012811560173742	11.0	10.930836020727867	10.871995711908214	7.90817508534546	0.04071992158926662	0.06593571603091208	0.13103369240886703	0.01968200546399397	2159.782120962256
-3078.015498016627	0.09410033759646977	0.8467909957139566	0.7738091734389586	1.8192707949929203	0.37031876421967	0.13934899169750106	4.7109729103808275	10.973019731088955	11.0	10.972803945195786	0.22336965109029075	0.04544108421199734	0.0439525473546024	0.03303038351197898	3137.031845112598
-3198.893883609799	0.1606087524373537	0.001	0.6950373277097432	1.2951288182140623	0.33173108889119685	0.24733567068184717	3.957599874779823	7.36963272932556	7.247673295095113	9.126628038833212	0.15982166945874343	0.0038735428829963082	0.1647594399679748	0.007963479273736867	1976.5542550983741
-3134.7938850328665	0.09507516668912222	1.9727203052749205	1.7808183028039177	1.8088627382890903	1.6673233373898062	0.19843742740718134	11.0	11.0	11.0	5.808823725241242	0.126371406293783	0.10459506141489286	0.08894245824100425	0.020795499821885763	1878.9791065655008
-3078.4311650145246	0.10834884019001972	0.22758836741997038	0.5626752999100918	2.5376306627073033	0.8799931509588271	0.16267287384576126	11.0	11.0	11.0	10.498750598114077	0.24205912218705625	0.001	0.10368886877940867	0.031174555311279897	2676.8147679671047
-3137.6181674754384	0.12948804623925936	0.0016069657858927189	1.2830140814514257	1.6720631058610218	0.4539469225364292	0.2431256160656875	10.557968818582259	9.09417879720971	9.278912207394066	7.456561962186829	0.12961254493911786	0.005611965012385944	0.1323447398888894	0.0033923720707354442	2120.819329300993
-3910.8131266150344	0.028393884602777166	0.10111922427146815	0.21369207744748103	0.5034866050502512	0.008596030089818815	0.3373913258413489	6.4135553345854195	6.2146612389997795	9.243498548145968	0.7102039759064058	0.1208488165996807	0.001823663583604	0.002889956470734968	0.0008974493350692895	20649.196601073294
-2811.4192722427993	0.13378514056752555	2.3215756666424454	1.5465865102642864	1.6086082883730686	0.14064758442068012	0.14196080507070702	11.0	9.188851917018217	11.0	2.6346323053045464	0.32340044131549833	0.12982258172097527	0.01361572618065331	0.10436647792973824	2275.1902961127826
-2872.1306421427435	0.13931625599978656	0.001	2.0762793933595525	3.0011056048343194	2.538962296462188	0.2357555376375466	0.010060870367442623	10.84875463819981	8.760837594810377	5.050150990315798	0.20660592782112316	0.0011435996269408542	0.1669379864926017	0.06070754885344653	1899.482621627114
-3476.306244699267	0.08325224704754634	0.19739425053453125	1.2948775515084212	1.5296322457347407	0.3961421754038651	0.2657917283073954	8.611692897287144	11.0	10.977080261965211	4.795867859220482	0.10779249793891385	0.024756217084229676	0.12160152780596675	0.0015813138754598088	2196.598774882184
-3041.829174171701	0.09923899164151741	0.8395924366735726	1.2745855371798014	1.5560732365421914	0.47932553326734767	0.20375891476335728	6.767776043959443	11.0	10.999091348064628	7.185676315674216	0.2155288115757372	0.01875973144805542	0.08692516570589959	0.036335362570915866	2708.0537466657934
-3165.317603971368	0.08941260943660809	4.772223734118875	1.6846512943133323	1.6528559569451127	0.06507649589081936	0.7418968105251216	10.253315464061464	11.0	11.0	2.24049041496707	0.06100235268660147	0.36193426191257266	0.020510947239953548	0.006598064067471539	1457.1645730873388
-3123.2300123602	0.09681469338719437	2.630449987473796	0.8804862195268615	2.3172895120559542	1.0021042335151165	0.09475677927158208	10.52576070208743	11.0	10.834824663968982	10.978257284598676	0.137513853294238	0.16988380080410775	0.030582836648831543	0.01846163138172151	1957.2164230514754
-3097.145000053686	0.11038529019902275	0.001	1.369066505891605	1.185287968082046	0.6316202006549458	0.21114872869369405	4.448235565189856	10.99971698842759	10.632648448619921	7.163533879857722	0.1334487229791458	0.0024574747540221454	0.1109443561640943	0.0082146638585859	2457.660760700153
-3389.01725248544	0.102656856487763	0.307130481097384	1.192977268192732	1.2528191332681908	0.370942096712398	0.21606719309745434	10.708604458154952	10.449183196801316	10.989800395020541	9.509474655601855	0.19583574980633897	0.0035750590615542237	0.09128667533814747	0.006534697577482366	2709.9158862437257
-3216.7988983739237	0.08504118517078978	1.34453898335345	0.6725304884014978	1.8211612646089916	0.26902845799167696	0.2819423401966346	11.0	11.0	10.585715836598764	4.677587972052667	0.14742870725150178	0.06949430686000507	0.06157001235975419	0.018218770541898084	2476.840988644586
-3097.5741748932655	0.09460187453021536	1.3559984268252392	1.2064975823593385	1.5577376612932345	0.2885957353490943	0.16259609238483858	8.839495042577123	10.600722817828833	10.926100278074081	9.902468786828468	0.18869863087066607	0.07439556001232013	0.03743834851877784	0.02859608634245448	2690.9015253559846
-2796.2397410999365	0.14741813152096261	2.4357539153795282	2.600233337589955	2.1285212818519113	0.6743079307490317	0.12176120081721942	8.154793172550376	8.256317413616069	9.950202051775959	7.236029271352988	0.36753293117024144	0.11856565325665652	0.03046581134765035	0.1343390398364077	2080.511868591673
-3116.891742324041	0.10312439422707395	1.2375131237888037	2.244760036246507	2.0679843373385145	1.287090577497468	0.18507240854740228	10.97558143895461	10.769506963683197	10.410744008712259	5.338820548892847	0.1642852678713723	0.1026815793884184	0.07777152698221909	0.023134960222175184	2009.9594281773702
-3182.945529330297	0.10754975115257866	1.430731149557702	2.039182740285489	0.9964317646021295	0.001	0.28296992069765003	10.724375375339967	10.42562631118654	10.992660347219225	11.000000000000002	0.12934822347990874	0.001571582072036085	0.19314407727834815	0.006279442265138424	2535.188107857589
-3185.253295018825	0.1199571181802795	0.0064178010493505504	1.2379629571708786	0.887476403593581	0.25128780788489563	0.23294533359523034	4.01758045304778	10.60561501790796	10.299023164647714	9.548996271328505	0.16610578257202996	0.022847136305386928	0.09368963843241288	0.007624157017144435	2767.0941496522155
-3406.215778155439	0.11408929421057622	1.6069153032935053	0.5685827294474571	0.9393173692970821	0.3695861076062325	0.05274986675311469	10.909568752188099	10.892826563655426	10.918919053759092	4.476330615352436	0.1922542797914878	0.11548339827169238	0.010442371299929547	0.0036449686874968196	2398.6685949416506
-3026.197187637333	0.1049570875403954	0.001	1.0869377943535827	2.037332072515049	1.2505320435430902	0.17641951509829623	1.1409245772851884	11.0	10.519687759107974	8.100987456995165	0.18581071114998193	0.001	0.11991652498621463	0.025414050555504025	2572.311787378569
-3406.2170411577986	0.08839291910040963	0.16097526365561862	1.0897046508592638	0.7624775244671411	1.0800307233411965	0.12230222930216472	10.62128448522382	10.88361551055119	11.0	11.0	0.18639143034866024	0.001	0.06783608449932654	0.006561885025820652	3376.8363617387395
-3085.572935743419	0.10721356285312389	0.001	0.9192908914834402	1.2473203206616794	0.6544772486555248	0.19577100145111515	6.695574339406718	9.641959005632549	10.91406969520328	8.872009052299452	0.12430352965329945	0.0026985425280227535	0.11550915924159388	0.011609087974314465	2452.7768298061774
-2928.7052754252927	0.11525676335777353	3.3828865933423424	1.8535432590983236	1.583149406072469	0.4994251996999667	0.08361625606781078	10.964126010798699	11.0	10.993267857092988	5.288284602854839	0.17406873437707437	0.2643482955338195	0.016480475060077066	0.051175981219413566	1711.854061566145
-2829.923566255462	0.11775117683310206	7.570508447281481	1.1900613344356856	3.788616111198549	1.0601996252353882	0.12319601841735063	6.875248651224024	10.8699004195083	11.0	8.545015224922752	0.18338065601133038	0.19230783399461487	0.040196422035677415	0.07611941849260946	1607.7705895940746
-3132.570623588689	0.08935444935535256	3.483028831951096	1.9887009528251327	1.5806954983522312	0.22239137615625357	0.14152775499428888	10.995613629281232	11.0	10.474483011055616	10.934174053384028	0.08955360399351095	0.3270508843207167	0.022761597135201768	0.01507354301131816	1664.1484663374426
-3320.775215068093	0.10338123118453378	1.675793426024669	1.165088103123256	0.4855943602816	0.02375065597021363	0.7659457269267118	11.0	11.0	10.92219838155742	3.6505524573724917	0.17974790529261908	0.11589292150928111	0.008615931539861307	0.008853509533981058	2502.657200286652
-3284.206266131174	0.08762191968821093	0.8885295447974328	0.6178073986103344	1.2670268057151437	0.743494418789489	0.22850870554675728	10.180948867127873	10.975988252138498	11.0	5.833446249460046	0.14858801476332598	0.020691370875750216	0.09477674197899691	0.014188050404309321	2520.0210375088054
-3332.8624400440726	0.10765000569786183	0.005322905179050453	0.8888796295036663	0.8270070313482624	0.04048426446520871	0.34455285871548974	5.244767125168041	9.265598991655652	10.921498225620457	10.979333543458868	0.16467723858460354	0.009467000815888797	0.060456500189459604	0.0038648120976401776	3411.0505024644326
-3143.608976993896	0.10157508462354123	0.001	0.614797406557386	1.1357618145673272	0.23486411513479366	0.3036816158037023	3.7874599893366714	10.309065174714478	9.853523535014482	5.576676108963114	0.08164385255750124	0.008288119433615891	0.13468844689502743	0.011684812161370394	2236.0052635215743
-2999.6773303250457	0.15334056194933593	1.8260800735854574	0.7184248471106573	0.3634313985409488	0.010039765795210672	0.2197235495534037	11.0	10.883825290707849	6.231450646983184	0.7154747074318595	0.5111940074032415	0.07899838693353324	0.00251965358210948	0.053636309807811	2932.9243763968343
-3473.5254523584927	0.07396161073000751	0.3551268922802257	0.43061328453872394	0.8657044824084806	0.4819190640458103	0.16661568179795952	4.338083362334623	10.994602168288376	11.0	9.969676484445959	0.12901015440757352	0.001	0.09521217280526406	0.004891588306470548	3006.6454729521806
-3020.4026984269103	0.11634848107055833	0.007323058782560779	1.1283753061993098	1.7316156797387927	0.5196718596505266	0.240619504756429	10.778938003786578	10.716191270085591	10.062356554466731	5.7339045152057	0.09378645887185917	0.06721157884148404	0.10722822167700306	0.02189016956126786	2439.589255550234
-3232.099939930232	0.10929396516705955	1.530672231575821	2.182151195116053	1.002803929195233	0.43295535127096685	0.13402237453863655	10.164826776662311	11.0	10.84396436145783	0.1386298451976341	0.20926631062513423	0.08769809737149134	0.021307519295686198	0.014694610987691379	2526.779172005502
-3261.9909664227466	0.09797687394009708	2.1053489079057672	0.8977126826710816	1.1836594854557232	0.11791696375666555	0.21412140660295598	10.992697950378728	10.981700664768503	11.0	4.643774279951459	0.14961785510825285	0.14059951802593015	0.019091925100431274	0.009021588896854274	2199.9523337120263
-3464.772203513996	0.2593805068543586	0.0016407023139052809	0.5009839503863716	1.1194865611908242	0.26952709085804866	0.4985487838590728	0.06473380889009497	6.298988210763545	4.335294962788643	9.211832416747617	0.10742746947005516	0.002959824929093416	0.12798320415366496	0.011388189514781731	1536.106119874225
-3308.870730515542	0.08563360545865474	0.7125757214759698	1.0880194821615428	1.4126538729952516	1.341444438044957	0.14415464090480476	9.812568180862444	10.867365946924053	10.657467638561542	9.240161606779484	0.1477967202228806	0.03219960767432155	0.07391638319325151	0.009817808613018926	2635.7269830895552
-3176.4619393599605	0.10844555011142314	0.0019179000736290449	0.6081023788589505	1.1506346629368749	0.4485366856423842	0.19157448549840037	9.940358288744903	11.0	10.174576428336223	6.817996283868925	0.13446337035046937	0.005254608143473562	0.09449408618695511	0.0020843346134436893	2713.523122728238
-3066.3613740306396	0.11364834661061941	0.408065388764832	0.5891052122828745	2.273739064916281	0.0017804124601028591	0.3025062953367306	9.319095452095997	10.889767385628641	11.0	10.877906374192513	0.2059485695655774	0.001	0.14325927686053352	0.028869540793505587	2770.8425037634856
-2991.106141846775	0.15299790470600105	0.7340811419183086	1.5455476221253877	3.163508865145102	0.001	0.27782185811696464	9.795226420599661	5.803229058840527	11.0	11.0	0.16509586047160152	0.012941236898954621	0.2639731762447091	0.033236234155215635	2025.9414351075663
-3026.1086282095876	0.1077093498770368	0.0067719147072292235	1.0614439176907284	1.2616054504614407	0.6282799094234309	0.18396632869283877	11.0	10.996159746378863	10.992261411583828	8.28323653792334	0.06404262804933473	0.09178255434862323	0.09884183426107195	0.021378530354868922	2674.129058824573
-2892.889014974555	0.13526617461201107	1.601517490336749	0.7319146782637741	2.405214513517329	1.90868770711975	0.16281637310207484	11.0	9.074080304832101	8.277186934989047	7.2601384511320255	0.3386190959417406	0.001	0.0947706540811697	0.07004029280866252	2557.1980031097296
-2856.1016759564427	0.12406119885709814	2.2623712114355348	2.0461117752464775	2.057508773620913	0.6774011367268571	0.0984379737637833	11.0	9.451379611065157	10.974184328762405	0.8044218587651422	0.24950849583053492	0.1394762380640691	0.019692249672502948	0.0747448780298572	2117.083535335074
-3368.3472505396194	0.12197123108871842	0.4187483988504834	0.6883754452186946	0.8238934306103276	0.001	0.35319973506139907	1.6625663370669004	10.78681223842245	10.194274226859951	11.0	0.18027745227723083	0.032075107943308825	0.15524965013533293	0.0004866592487664859	2664.7607989313587
-3397.5787949717374	0.10097014182725396	0.8424704876632069	1.037800288306158	0.4867332464309592	0.6227699523312988	0.08181469627214892	8.635452836929971	10.464417860532265	10.185855284117695	3.3561762749587554	0.22910699918545346	0.049419531459608756	0.017183408043541414	0.011377211748020394	3464.3939766113117
-3275.846546200275	0.09650727327249076	0.43409933015542745	0.8975318280707753	1.6332758154100382	0.6899951330753292	0.18701254600567474	4.586293834044518	10.418556244371526	10.248795292650003	8.823188364119968	0.17803684774647285	0.001	0.11266798258557156	0.012574586677358661	2535.865916552873
-3273.0344166913	0.08986449153056758	1.086296112377048	0.8782349267477578	1.5285109444736642	0.5221096857666044	0.14193368710892973	4.506402863003246	11.0	10.572361935339911	10.961073045212387	0.18083006140772556	0.019889179993541492	0.06473669295039061	0.013234532110311573	3015.618918318303
-3168.760818332929	0.1005861800729858	2.7064711364312304	2.4877688151084056	0.936996763769611	0.4901042385850826	0.11195395450529044	10.807396386760887	11.0	10.956893035520196	10.541202746472768	0.15455291634998505	0.13421232645916162	0.02716040829348215	0.014468594004168951	2107.9864402217177
-3206.4367981590476	0.09930821394403459	0.9670631017869511	3.441504993428764	1.3547699052374824	1.04528003115307	0.1846244473485759	1.6813065563609373	11.0	10.884845953608643	7.309178037012342	0.182825314264205	0.01272053014522547	0.09947480995919812	0.01621798637446523	2454.1356133944764
-3527.752975926739	0.08233881347869815	0.001288074332039549	0.3447578385327602	0.35902330998316606	0.7129452487079363	0.11228293060099283	8.24838262785876	7.3702152536272	10.998068714132687	9.294302541370298	0.14547126207462993	0.0018858419569985952	0.06056930525271507	0.0026552098429794163	4143.004854273501
-3169.1298430183747	0.10216074298465029	0.8060287463206155	0.6618294913041355	1.9472805039798722	0.001	0.2861442128842692	1.3819082572191275	10.89532936482464	11.0	10.22978711693757	0.10230273813292806	0.001	0.20779253502103529	0.0049890404518940605	2373.461140742035
-3224.6168315462082	0.097971853224951	0.001	0.5090791491742772	0.4281031340189409	0.19741295967238956	0.18981961131449968	10.12169232014896	10.95190718583131	9.77943329831172	9.52160444688861	0.20068197879369432	0.001464925021001623	0.07374553437495007	0.021952159670409855	3826.3012898999477
-3239.492623232338	0.10521932215987756	0.001	0.4335706057468705	0.8345190732289696	0.2876185612994554	0.18700658478697288	4.897521845919655	11.0	10.99616787941066	8.96792517623845	0.12346138283421365	0.02010319228513462	0.09693994874709105	0.0011215408592012914	2887.049769434197
-3360.632679063221	0.0997976727531067	0.6956801117363824	0.7724039182352561	2.2172034437697694	0.15245264286630844	0.307144724282988	0.6627492796210087	10.891133735802827	10.847135171998481	5.625730512131998	0.16915194228709227	0.001205140161674165	0.11531278136167371	0.0072783954500625385	2413.285562374039
-3156.469144206959	0.12476331172221995	0.001	0.9724567321172493	1.2890745943685809	0.42337738858079027	0.23387229846451915	10.85198171176494	10.984789373284304	10.850202411854015	6.788582741283339	0.17677688481588213	0.0019753042171450504	0.09378178737569977	0.004722746422209334	2622.3323512537495
-3224.575129519377	0.11857500582577951	1.3495373633750787	1.962217820276383	0.6508429424087162	0.14116086088473595	0.3586943484261347	6.00434950817905	10.811475343830653	8.652769151144879	3.602646162258492	0.260675978221692	0.06329735387664093	0.032399134907420996	0.022210749142231655	2702.9787294914404
-3006.041863831411	0.10393913690180906	0.004185228164637948	1.3839351311963464	1.122903349790246	1.003469564180872	0.19647390238593365	10.843143433262044	10.979937537737824	9.994347481969903	7.75825775629708	0.06627803278156978	0.06192172617479395	0.11747666583172259	0.025836297069685717	2432.7332758332504
-3298.341090931628	0.08682679978275976	0.6470193838740379	0.5787849268419171	2.463172161549266	1.4940135481119903	0.19691897116488546	9.555098972780739	11.0	10.964463275568647	7.909890395154418	0.1284215275303821	0.002319598378228977	0.13949111424751606	0.009972570454201128	2193.7649585756894
-2966.744022618626	0.1123877073812678	4.747444266793088	1.258517965187631	2.515176548989702	0.6690438013471005	0.12312079067922814	7.4074908221107885	10.986324599138177	11.0	6.641511113220413	0.11647001438359769	0.42650319214328103	0.027783660284982553	0.038986819438971844	1318.708185422064
-2953.586289954009	0.09876233985745692	0.001	1.0888183247679033	1.9784746691041133	0.18058320888362842	0.2223435524953555	0.6307670649149498	10.836176790037301	10.956183585276165	9.823751445090961	0.11893890855320913	0.0030395514458794607	0.13231128723362046	0.040293630485874775	2465.6158527256334
-3075.452854028941	0.13573365394542966	0.014706463185611914	1.1193808580436273	1.8892267239788272	0.4234030158747248	0.18055810244937306	10.930905532527134	7.795547135447844	10.860024194665067	7.338085584915197	0.19319553403355536	0.04529606877842626	0.07700190212088202	0.023895191222595837	2796.0090391921376
-3234.999512052621	0.08487387266442671	0.8146507620539434	0.9121503963459489	1.291996201104732	0.5474708203893434	0.1469721962893652	7.254178004948085	11.0	11.0	11.0	0.15805326203895964	0.03969766138724521	0.05592648700621988	0.017199281506284247	2886.329819055808
-3093.719730476072	0.10242319508447909	1.5022373154305255	1.8550320189711427	2.5693186156745265	0.7968816820700264	0.12183719784567727	7.410808901626297	10.313499786167421	10.924754742337301	7.29931408460443	0.16609301840780988	0.1335128409876943	0.03360738492651016	0.026410790825245837	2093.9962447462153
-3116.532599091754	0.10061515487975245	1.0043963457456317	1.3873420528654157	2.541771727373367	0.9773762613167838	0.15959772613929796	8.985689915367598	11.0	11.0	9.45720849096931	0.18967163717177005	0.035269874378131075	0.08390613132324877	0.02464424040674044	2438.5591917661864
-3258.0219178856487	0.1067028544777679	0.001	0.6569074981544514	0.7566203098393696	0.5889911137760794	0.12474072694080601	2.6621004192760434	10.776879515339607	10.986391604523355	8.105193705292592	0.18206216325569988	0.0016194383656231443	0.06984471317742535	0.0014994968970565604	3422.496904796296
-3568.759413100526	0.08098077526990638	0.3391605562296159	0.654011663582528	0.7351650672714655	0.611481131118898	0.1940498370495879	8.847235305071004	11.0	10.282346487747597	5.905849823090846	0.11975221881390104	0.025986976933137843	0.09145202132577473	0.001745514111335269	2600.5896108408438
-2920.5100253084606	0.11463159014921127	4.81404906050594	5.058839017545119	3.9502469703343754	3.686616230265791	0.10981665841997457	7.014187245093896	11.0	11.0	5.198174127649193	0.11752892317833553	0.3101371727859269	0.04356688946125376	0.04343662647909236	1308.8728004282507
-3194.70920016766	0.10631158015872551	0.001	0.41046145479690815	0.9141011233050922	0.5330935899390017	0.2152215314191787	4.330783374395916	9.318735086472948	9.080107522544964	8.886911598591977	0.11036833227450961	0.004225107777074264	0.11640910696870402	0.00733723459296974	2495.93830057227
-3529.7788460359748	0.06484973099596994	0.30613479691043605	0.6031819329557288	0.5621453176140061	0.26136104123150206	0.060073580160175194	6.528095155081999	9.395456947027805	9.046808439982847	5.435054113712513	0.22107563359498003	0.008289640224098309	0.011485859905557188	0.011841019225685092	7621.178587805782
-2846.375484982658	0.12778529451596415	0.0031767437209642333	1.1497961583083134	4.921120994502186	0.9582858632786092	0.2814734871107076	0.05426784592008162	10.9935817105909	9.764911874141509	3.975548569822366	0.19367825076269268	0.003294625651842831	0.16884938729745896	0.07942424089011534	1935.6462808660522
-3185.48318246708	0.08889276817771893	0.8447636231746076	1.9794766158703774	1.107118228860908	0.376842577848701	0.1406122862716751	7.8884331307416655	9.700202419492923	10.983907309564726	8.80949171929183	0.1808566697308529	0.04805520788096316	0.043002402629126975	0.021986275981134396	2995.5960549509864
-3351.72232751715	0.09325075514711953	1.7402115434380603	0.5862617626370933	2.0886899656797597	0.20219813292825278	0.2715519897421061	7.897869341521531	10.99040501302647	10.995863407677612	6.560100608942751	0.15698985914228125	0.06894043320308223	0.047857572224832404	0.006651256463150958	2472.1013632138215
-3085.1044886438967	0.10972650247733207	2.079522915859453	1.49695546510263	2.444191450575376	2.908989454284375	0.20611264978062988	4.003263050563378	10.938158628201895	9.65800460396515	6.014799211888068	0.18147609403094814	0.02489539260493099	0.12780677028493073	0.02729259542955292	1992.080960252553
-2905.5662683113756	0.1408243372873671	0.0018543626428402754	1.7199749752280677	2.0580796358407145	0.34857991326671783	0.3443915203737308	10.616181872769229	8.77102912185129	7.926968379498343	4.588286091528706	0.16272506011656884	0.003310667702722116	0.172840472807822	0.05470941143799679	1863.6628529478062
-3215.5765003220613	0.09542934932125816	2.762480524358494	2.8200702614866686	0.8723673178442348	1.9929690138933929	0.06003512816661503	10.963983566600914	10.997483485117344	11.0	10.979950849275689	0.11732451426636807	0.22100335749026487	0.022509998705845607	0.006916224823377796	1817.1021768238506
