# /groups/rgutenk/lnt/software/anaconda3/envs/donni/bin/dadi-cli InferDM --fs input_fs/fs_014 --model out_of_africa --model-file /xdisk/rgutenk/lnt/software/donni/donni/custom_models.py --grids 40 50 60 --lbounds 1e-3 1e-3 1e-3 1e-3 1e-3 1e-3 0 0 0 0 1e-3 1e-3 1e-3 1e-5 --ubounds 1.1e2 1.1e2 1.1e2 1.1e2 1.1e2 1.1e2 11 11 11 11 2.1 2.1 2.1 1 --output-prefix inference/fs_014 --optimizations 100000 --cpus 50 --check-convergence --delta-ll .0005
# Log(likelihood)	nuAf	nuB	nuEu0	nuEu	nuAs0	nuAs	mAfB	mAfEu	mAfAs	mEuAs	TAf	TB	TEuAs	misid	theta
-5211.000621858103	0.29932417955910945	1.573319161601652	0.30786424808699314	0.27153088492336924	0.4189699209790618	0.0016818464112760695	4.156812429634908	2.861758659276484	8.71492778168399	9.077805567913973	0.01552067870017077	0.05513765562053211	0.001	0.01018374037202147	1478.3320539850304
-4728.831048611989	0.1653196404654974	1.089936637752164	0.6340552928891982	0.4126831466422787	0.16443100660510673	0.006873584289207796	9.964391372820085	9.799615737174923	2.885665597085744	4.512446382403052	0.18549821309272813	0.14150369309462502	0.002720527872871359	0.003213717586588702	2493.298469543383
-4821.853710520285	0.09873588057323972	0.4609103050802237	0.8770340560960194	0.43509615351109604	0.004240311550506022	1.9269183490462987	9.921886337911182	10.992557812613637	10.315356499891989	5.301614119254718	0.19566424650194794	0.02926562612596266	0.003908668779445523	0.005225046087708661	5514.988249919072
-4444.416337097262	0.15274304102602676	0.7500413955503485	1.1783892701033551	0.6039813316364311	0.008266436485798537	0.93172035510679	8.566303278739204	10.788154852495307	5.528572164908497	6.4188822213344015	0.27202995456861584	0.06562054233151562	0.0057923810818831705	0.021882365835906553	3580.9170958253662
-4844.429389781292	0.10529284239226322	0.5549579705546974	0.4176264291589037	0.4114160744993109	0.3073123799358257	0.00803367969826861	8.351452118562214	10.125685461610436	9.062278623273219	2.7244590711687087	0.2346211019532929	0.02148983043818413	0.003507545003516107	0.004853692579378846	6051.051596759198
-4771.852333167074	0.10852198108534934	0.5475604684207886	0.6803876005050721	0.42612562501464374	0.3834334513872727	0.023966648136003493	11.0	10.992719406584184	11.0	7.263041578129378	0.16611008510058506	0.07763641700699007	0.009736634843513411	0.004081464034211985	3779.2306312248597
-4706.664439395062	0.12994913256992527	0.6970798663995332	0.7064938855649295	1.1045142631594504	0.2722397139151311	0.03286097491791153	10.81600836026187	11.0	7.691989554407072	6.405231788634704	0.20748811370152792	0.0570535995237	0.011057600312663025	0.005942428511513299	3652.128200027648
-4155.023303757738	0.1837048163883383	0.8178570968478573	0.8599021233898911	0.8875171509143457	0.034908269140941396	0.3566650140064824	7.855915725212285	10.994317367465483	2.287963519845233	10.041746157655933	0.3171888321348096	0.0893705114358541	0.018303702753370406	0.042192225938903684	2923.4908791113703
-3925.119947591731	0.19164473007405108	1.7049422683835984	0.9462518970080637	1.0599689345410268	0.15920988854471976	0.03389591096181763	9.747999142660916	11.0	5.923494284474837	11.0	0.261934039819094	0.2311532129207982	0.009377885750587721	0.06745703181971398	2077.7999312669403
-4322.147479421105	0.5275052022968626	1.7276698499263534	2.293093472768307	1.613855000319484	0.07770041767299908	0.8556659220280857	0.0	10.790892995001263	0.8614211858637322	0.0	0.0018423771573563112	0.11727040132778009	0.022510658463555214	0.04594060970161483	1135.1439890966649
-4400.419481503311	0.13265628145442412	1.7323764052377877	1.7848437256565963	1.3290085099010374	0.7663857505416444	0.04190651226931946	11.0	10.994145716784086	4.822399040299131	10.515157400770931	0.11710963086338608	0.2326112249437265	0.02169746523945985	0.015015979213144865	2068.0362678811907
-4450.647582277143	0.12309325574183759	1.564388576780014	0.8573839559440725	0.9846735354819884	1.3840058212899347	0.01965157546169893	10.169613266048206	10.998976382188024	9.85534196983206	5.830635758097316	0.1205228541217406	0.18362174047888247	0.011744104032091406	0.014471540897295123	2292.7657631144416
-4683.603393097206	0.1446383601103385	0.6713999225428762	0.5232838798215632	0.4942299689749523	0.157523159187819	0.006327798318063728	9.343356913459646	4.821531783255047	7.8630808457912815	10.999986293118134	0.17647562972874478	0.15574033700097636	0.0024961339430810657	0.012863513120839573	2852.7945526351978
-4570.041936216565	0.11154435024235337	2.2871686362151995	0.5051719084588371	2.0534400736292384	0.3657437838462683	0.04055894190547877	10.910576351457102	11.0	10.624915366114816	10.631386005468869	0.09594496151250487	0.22521168335984826	0.018099095874609835	0.002556810036837262	2142.8612442100466
-4499.8073762592885	0.11516734079459341	3.128974405405024	0.6517044943127291	0.7411593907476267	1.0051855957864173	0.03647317913081912	11.0	11.0	9.91749228911675	10.216093306080062	0.08685394026077645	0.2682258315048827	0.020638679318752833	0.00515181713930675	1975.9688034716285
-4301.299240890839	0.18703017651750892	2.793834027055571	1.5670563089456735	0.6249556402582339	0.10043627566960152	0.13502107952728873	6.968202198917789	10.977687861042508	4.7783160899517165	10.436871536228479	0.2668758209582882	0.09404195483630037	0.02964267701196831	0.02674038474442347	2434.178696779803
-4572.537183861267	0.1290934425263676	0.7567080964864608	0.7112857422106716	1.4713018056233578	2.1897076314670803	0.027163435758830148	10.519784634550698	10.830804188853831	6.959405197239353	10.988662350996956	0.15868841783629362	0.126066627581127	0.01792385203005399	0.010032382537779517	2797.586645097045
-4247.750607627527	0.1259788292137916	2.445343945074848	0.6510353192530606	2.3002654622428205	0.5106661914547495	0.057700578047493276	10.989140568049082	11.0	7.304739579627429	9.279732837972366	0.09939133694728103	0.2655502605711947	0.026059703625545272	0.02630377788528324	1951.5131368055554
-4767.459359518308	0.11909256850083288	0.48427750568435834	0.39234852118320496	0.9755924029093799	0.1811049909703243	0.048360218704318926	10.972874966474013	10.998341928674096	8.519439948046053	10.68150560939812	0.19327035146893942	0.055847947569174786	0.015257660709085345	0.004034619563091278	3913.3188475841944
-4415.473854082682	0.12486137100989136	1.5133322154558984	0.4287817019242555	1.8387016191875716	0.567925007071893	0.05812782705936987	10.94444240343006	11.0	7.036369735710396	10.910875316644397	0.12506277999898602	0.16900448263912116	0.03159775624227633	0.015689264910851826	2326.45958886214
-4630.9944333776775	0.11114852066297383	1.129289482493668	0.5006004364800866	1.2311344662828585	0.6651134544519267	0.025017701910086423	11.0	11.0	8.6365041560636	7.8861023468541935	0.09908787424291239	0.21971367012050846	0.012750825568578934	0.003661107530679561	2396.418568761554
-4408.493702638725	0.11107003996401582	1.9552903870071228	1.0107330319897465	1.1625743936607238	0.1343940816806128	0.07398030929085735	11.0	11.0	7.141282191397309	11.0	0.06398284005879501	0.3462882581863235	0.01972820402655402	0.013671317204934627	1967.8780381121487
-4131.631680044847	0.17996917946388832	2.7486400932724844	2.6941486793028653	1.0448792828427695	0.15018249125647892	0.13650833781297372	10.074532095958928	11.0	2.135457463677528	10.044482092857107	0.18750590382080015	0.1841731161499027	0.034926528195708545	0.035949841380623467	1937.586366269028
-4607.054881778526	0.16939792093838757	1.1201208724727756	0.6680403675840124	0.3141493029958655	0.014413216347507248	0.2144154244643263	10.990057521101178	11.0	4.339817676895562	9.865089435177785	0.26716952038918196	0.08528372040744203	0.006804550070698594	0.00949295372762781	3053.434571151675
-3972.4698296902675	0.19682665011189368	1.6109770962986436	2.018472436827155	1.011647062979024	0.09008983955434863	0.20208742314848688	10.613883354332062	11.0	2.2280400822518103	11.0	0.299911556212504	0.12885490817212017	0.03836824586025867	0.05683062595278913	2307.910269208891
-4777.1598150718255	0.13993977817524828	0.8111974056898344	0.5176081977608885	0.4710210001803966	0.002919381766399453	0.03436805508441862	10.362600793506754	5.223146095609751	4.592283417391917	7.374818823231465	0.17657736767193896	0.08260084447444545	0.001	0.004323983833617542	3160.6491030808975
-4389.43020126903	0.20344043044545326	1.1679671009333146	1.5510443191100263	1.1681404618895501	0.04529614511904637	0.11458501974081367	10.966240689198306	10.551666053509729	0.05704487663001688	3.0214768820482854	0.30022473257736515	0.1300037823513655	0.009001405334407223	0.020814732233603785	2458.092954749861
-3702.216806132212	0.31174134065990344	1.999231328418774	0.8455476756917059	3.9213760052281756	1.5421499397698029	0.10839660535772183	7.753765144842228	6.594428524580125	2.1162244627567963	10.45904545433096	0.3539277550422719	0.20004166733045342	0.07840459852578512	0.11132007971384973	1505.693178510685
-4311.519818710566	0.13197148341777945	1.4455180691489256	1.0553596001600185	1.067876460049738	1.1526742021958243	0.01806919066841703	10.269092931890771	10.999999999999998	10.74942594553088	9.132647365361345	0.13866808009441442	0.19682161987545582	0.010521279241354674	0.024561833883883596	2297.726570770341
-4683.5653605203115	0.1195169983091579	0.8256733021643128	0.4053085289655473	0.8028446688307116	1.5346534854787457	0.08822803532402529	0.8472593708100807	11.0	6.026929636048149	11.0	0.14862069650088558	0.001	0.13076336768830246	0.007468250242092137	2808.7003862226547
-4235.605713036219	0.2473257963322887	0.010689324344132145	1.2587614606992241	0.7725199493556868	0.8297271277435349	0.12268575638465075	11.0	9.611360090764604	3.9714271854433725	11.0	0.12782609372793718	0.07644022843407099	0.12154568588907633	0.004593300564194133	2438.349234543115
-3918.0107677228725	0.23208715929633977	1.6739169853843723	0.736051475929542	1.4657212574120093	0.11966108289293745	0.21250052458905838	9.849997521287898	10.829467788593423	1.99296503592035	10.618024365291463	0.41630014567675644	0.1879441833376537	0.05770508026939069	0.06897367940092876	2061.814475787067
-4345.6122718341085	0.12822723502521546	0.001	0.5222671106826912	0.46620740921788406	0.7749256494375133	0.08814740683876161	5.2702783732432446	10.99952953389566	10.570732691942512	8.20429718145439	0.11013908838789714	0.005621419320334718	0.09125276456839865	0.0033676311068717526	3294.305280591539
-4636.348908008917	0.1096088520613216	0.9856477282867938	0.7924311398213864	1.2714696720398257	2.3291472299356912	0.07482107623261819	10.705951647974842	11.0	6.684171111595773	11.0	0.08533588234736854	0.18928560344563786	0.07937552476632341	0.005346342268750259	2164.9409290584836
-3981.9326853517978	0.19004823634986495	0.0010192730086678336	1.6650676303365848	0.8499759647562207	4.869975097534259	0.08998415159077362	9.932967552512393	10.97669822692115	5.123888518377016	11.0	0.19497990673689547	0.0019410529863966603	0.11884100716085988	0.03630913215292476	2591.0491825116283
-4598.749351419086	0.14926497012320408	1.172483503578542	1.5431563692300516	1.9842634598626328	0.1901066077883344	0.12697368685637717	3.043411514930633	11.0	5.192415300159704	10.990922380934014	0.18165338657053673	0.044835592681034	0.07188187188320165	0.009749114214289183	2558.655935648816
-4369.489904666936	0.11934965540539456	1.6995461870139765	0.8633486218722336	1.20895210676464	0.8735182539808487	0.033127016274419205	11.0	11.0	9.608257597912983	11.0	0.11172531379059622	0.24273747595666417	0.01842142034103629	0.01729362701639761	2183.9463804959382
-3633.8745099507832	0.19108371425874948	2.4205899273389115	0.8580063434362499	1.2647071743267764	1.0906841680978816	0.12582784958806947	9.842653289667044	11.0	2.599372590312773	11.0	0.35164743879274646	0.03876738919193542	0.12741835848491354	0.14418916559353312	2364.6081830395037
-3971.089311492519	0.19819369948824667	0.7200878566578074	0.8330571949405157	1.2501643704670669	0.5773545618618852	0.13765101538406987	10.871514675972696	9.741297750364968	3.280588123517939	9.902174100821451	0.3359553786938862	0.05408317496360232	0.11246895405859705	0.060789994440693995	2365.3405222339456
-4184.369112242458	0.2656009086508199	3.560985473768477	0.9737690113359535	1.5255144863105676	1.6278577478479275	0.09535683010970508	10.576445731299408	11.0	3.2407079943510766	11.0	0.299957825604654	0.09340716466731304	0.08543404309064133	0.03959636201334258	1821.0487802561165
-4107.700146471008	0.1501648195552587	0.001	0.4377369708733561	1.1630424849430567	1.0665485955956238	0.09432250794501627	0.0	11.0	8.063548316641057	11.0	0.13224398286839975	0.003183530520385742	0.11501146918451065	0.01654606844833451	2827.7736183796796
-4133.4282440698735	0.15117425904950108	0.001	0.5499230210711071	1.2624241277543342	0.9379792930624079	0.10126869422653345	11.0	10.99791484553457	6.883074165960698	10.992407753599462	0.06781891392483813	0.024011119002340674	0.12318246757255803	0.006023942631822122	2578.1485923098303
-4285.134646381825	0.1461305431062113	1.2347679623511016	1.4627419621308801	1.0321797393249759	2.1265773387134623	0.07750914389464074	7.3807581545586265	11.0	5.453081560989202	7.805641215476277	0.1454317835155305	0.18610857872816697	0.05265666604914554	0.028396520585551175	2047.0377203083538
-4575.612856098405	0.10633194893994373	1.8618649019636868	0.9017311136333608	0.5171676927654746	0.29481832670356856	0.07331768877926809	9.333780657948223	11.0	9.608248516351656	10.950241008878322	0.11662626361625728	0.12031303543140716	0.03684530984794597	0.009601764838915998	2620.494061712874
-4585.534441747966	0.14239661429250547	1.4887174063316493	0.5804796101445132	0.8701492973215703	0.0063896550318222846	0.5449142676057803	11.0	10.810521885931477	0.13370202697441763	1.654198795209009	0.12496141369085374	0.17376967228359141	0.0038030192095616848	0.008103630546037377	2232.272004407104
-4046.1516781368446	0.21694148680263087	1.107836371820635	1.1469037086550777	2.564415490521827	6.06652906638692	0.11499613249401415	0.19212975229305732	10.99646169805477	0.3330532589820671	10.947958147064748	0.22817239748333906	0.02221984884512953	0.14632063916895596	0.05523259134464711	1854.5213827924863
-4109.255602677938	0.15865331852687728	0.001	0.7898233345770709	1.067758315340032	0.2336706409068052	0.12915593144925472	11.0	11.0	5.83138056949548	11.0	0.06076547995936291	0.027150813122954785	0.12969685671284617	0.007660206617001503	2559.847274457451
-5018.621210880943	0.13603434243615958	0.8444417310261652	0.5000476301413449	0.4142762738552682	1.0959631119865911	0.002180984414322811	8.779959007783496	2.8292299480178764	9.104537366441107	3.4871840747232477	0.09044440936796652	0.1177864589413264	0.0015333338137477844	0.0032465422477463038	2400.8926683908535
-3750.977835005529	0.7032228256839023	2.1812222569908912	4.293401875354913	3.339122761078085	4.681286346297371	0.3006096342995284	4.360282061846342	3.527862194937946	0.767416046638045	4.601739912590979	0.006585794862373521	0.1084980774224189	0.2916135494258351	0.10381293244016765	793.5596486467412
-4073.4305714128077	0.14720336449383697	0.001	0.6129436193980289	1.0233949875699584	0.29234237437931965	0.12338516113287158	10.708294048896851	11.0	6.159335155644069	10.973837573297942	0.058808085835912106	0.0218900824920027	0.12170526689583692	0.015198221420570923	2613.090887674151
-3888.0260333613605	0.2212682889329037	0.973281331489394	1.0867671241161203	0.9587987167871562	0.02656403292751437	0.10453248186461313	9.96371207190353	10.543714573314444	1.1231836150016081	3.7699170352584908	0.5884967178423939	0.1102762676247276	0.006216081351721636	0.07580151777501419	2926.0721887901586
-4033.9622214057713	0.14535235965986837	0.001	1.2017920393749804	0.9250348472018247	1.0007708717641146	0.09790690341954407	11.0	11.0	7.885787001269485	11.0	0.004697823768009223	0.05954219807124511	0.1267611810571526	0.01882345043706719	2524.9863029398653
-4526.252804084822	0.10483761227843232	1.3568472122137238	0.7391500133830201	0.5715112303957743	0.7949208829585344	0.026880565100979168	11.000000000000002	10.877715767857815	10.997686954151932	10.999333087884805	0.09425373322917306	0.2319575609778674	0.01462231732818503	0.008401929433400675	2367.0733679856507
-4764.609287682253	0.12791905858292185	1.2747588646142876	0.9224054136094986	0.5328544389860493	0.13550562322938448	0.01426643791404178	10.32028468473519	7.346313485887902	10.20287894797963	10.989475663275876	0.26407507236891375	0.026407546692546666	0.004660744289604981	0.007958685784416504	4862.335744573745
-5272.327812535494	0.4004301753798381	1.2667358770548642	0.5968036565278849	0.2814548876118267	0.006534718955920575	0.012179389636098829	2.880303264318946	7.257860999009769	9.712019255554937	7.565841236587831	0.049564174090874075	0.06152220694373409	0.0010110334511747865	0.008236226606911442	1528.782431074791
-3959.9164653076914	0.22597389561345285	0.6462878112551064	1.4992083421619635	1.7434838903798735	1.9309756637448023	0.18786095575695053	4.754296990715138	10.943734696062027	1.5817532312134124	7.683006471712474	0.25951719880056756	0.05895437168822045	0.18400052869498523	0.06303478646270193	1720.5849591488306
-3724.6416448271793	0.22363122602134913	0.9209565169664152	1.4169541717981902	3.6021750258608853	0.9360537927185184	0.16024520967600006	10.396135649819433	9.508916787080423	2.3489426102434696	10.419484651469071	0.264592955833888	0.14834360378460673	0.15951680220640477	0.11240779426611164	1684.3871368742175
-3920.8983408812064	0.18386346952290936	0.001	0.6717016984087173	1.0898181149235815	1.0951486876623049	0.13267006110180937	10.934201607345448	11.0	3.860932212023149	10.994532258525217	0.0739711442589164	0.019266098759543028	0.1833987250813208	0.03768110213703578	2188.9038319794445
-4597.250677671168	0.15542744910052106	1.40271534687994	0.4819260302386802	1.0982646823691329	1.364126225898788	0.009799894024466698	11.0	10.847829408050972	1.2526043669725915	9.517110058391289	0.1456811154963735	0.20861185028377185	0.006091776227245817	0.00655039333378058	2172.416280634651
-4949.121932024644	0.06345236480232894	0.2734692732169541	0.46766306850908407	0.6817746162521099	0.25735959239140116	0.009787800407773679	5.048941425921275	10.681737796842965	10.862805449815815	3.6600719943829	0.17554781942849393	0.007090617773613322	0.0040707024639611905	0.0019762871829548862	10498.658230223577
-4157.1562679300605	0.1393279152409051	0.001	0.7487211886007387	1.0476715471372222	0.33549925033307243	0.09844431796326877	10.987112933907627	11.0	10.117339200638943	11.0	0.050862876743967944	0.03424603523683505	0.10800283067581694	0.0068924028310038375	2798.723384774056
-4103.214245827416	0.17470246459152272	0.001	0.4952780997883581	1.0685191163475551	0.37222132307746647	0.12407659925494229	9.03727628026902	10.801190935130686	5.320461213409842	11.0	0.04649997684529829	0.04818838072282637	0.12923135397001181	0.010310267647208743	2513.4381074921484
-4449.743634742479	0.13386149450250984	0.8452698915071933	0.7722043389073009	0.7836400707900925	0.43641169749747766	0.019426800413609974	10.988379733677887	10.879343546076603	10.910470787315932	5.903344358976332	0.1972891233283778	0.12083617200269671	0.008557402612446625	0.018360349765239193	3037.305464150006
-4040.533085147174	0.15751108701730498	1.4246087044983353	0.6318721862826557	2.6684035113793327	0.19765617234123364	0.09730407817597535	11.0	11.0	4.343328312719865	11.0	0.2230469453619686	0.13990801219572951	0.02890561175152386	0.04869196517919287	2451.429391323273
-4107.569446454287	0.18535157144947464	0.001	0.7709252228293113	0.9920272702684996	0.37639080398740127	0.12019386429745277	0.0	10.909617363082456	5.9101083111660175	10.935720517760393	0.15583601070191933	0.003536629643980135	0.1331316903429077	0.01613549064365637	2595.8359677676794
-4190.38242702936	0.13117070619483892	0.001	0.2384732285797404	1.2676296525156805	0.5678771879395056	0.08956512390815427	10.985652999980275	11.0	10.829995690831954	11.0	0.05906964653645222	0.032704597294144856	0.10617607832912906	0.005753421348874756	2957.959779698894
-4497.460330095537	0.11314873808799439	1.6850114395710054	0.6535017539442031	1.1374487779913578	2.0920456002050463	0.026455210323701753	10.980123083246053	11.0	10.963160758620258	11.0	0.12019916416296782	0.15809967126896407	0.01900698840715423	0.010030627482181418	2438.132864561403
-4056.6806458681212	0.1752115262161212	0.0016851423217660603	0.3583473207385033	0.8452559733882806	1.3116787952001256	0.13142241623040526	10.972762857571324	10.984133478265852	2.6722959416445513	10.83057479286158	0.23078459949847346	0.0032865784942951474	0.13833071251581855	0.03513396895830229	2825.2392201792754
-4133.902743498382	0.15135543864089468	0.001	0.7483458472887349	1.6378521621416362	0.5643730124296285	0.10928245707423377	11.0	11.0	7.453174276874525	10.672337675946956	0.01824525775508286	0.047979503106450605	0.1303630846976309	0.004480116155089719	2434.3692216507948
-3966.6722545500047	0.18366934802197632	0.001	0.6911227027797159	2.2892141902317276	0.17765901031891998	0.1461299084958781	10.545169330158606	10.839885348526195	4.650950041814317	10.999633611867706	0.0016149477999602864	0.05154037381198797	0.16146217255241957	0.026615805752830315	2183.6739481315053
-4432.125747949669	0.12675286611225978	1.2944657580235686	0.4196563086372158	1.7293095383611536	0.3310428552490651	0.09024847673057182	8.634904987181557	11.0	7.916865785469682	10.623417725156395	0.13714647329423513	0.227639451093918	0.03962111697469025	0.01781219421982697	2259.249766824078
-5295.378865541393	0.23577390257236472	0.9059680935419424	0.3735930336524855	0.30286294807209974	0.6557573111154441	0.001552145024146422	7.205168087155359	8.71579265582144	9.578909232196107	5.722770685687806	0.057651608824832556	0.08862749308690866	0.0010152392255656606	0.004216057578719898	1798.754973797653
-4197.103745667808	0.16269601613012552	2.9875256182223335	0.6644484814198901	2.8468107550847286	0.06391323490586225	0.1533300569201446	10.00969518385547	10.970422384624195	3.1293453597621745	10.974036233462146	0.11036968514528556	0.36108312113936436	0.02235517099670324	0.0293263748666297	1682.1208165451478
-4677.304251857462	0.13504312352692618	0.8840031743539416	1.2807300738283824	0.8092394101242723	1.361514191335386	0.05059227218990958	10.746326102066849	11.0	6.301869088327497	10.979033427684437	0.16901544576388325	0.08160433599263615	0.033508298756543216	0.005004542408005009	2781.6426510048523
-3868.670705764994	0.17455312844100315	0.001	0.5351732251757855	1.2058661558620938	0.20920061311522783	0.14973170627285384	8.811225944646669	10.98073288747229	4.497204668460742	10.649340077413461	0.028307389543248334	0.05927379351588174	0.16870167731838306	0.04899064215968266	2388.3429083690753
-3982.0048499482814	0.19032951154818442	0.0016534478214197664	0.6505060641838021	3.536994231943152	1.3747264883795525	0.1287276224025	11.0	11.0	3.0097022099497117	11.0	0.0031443720171868165	0.04402913263535793	0.1869598539094785	0.02584444935613013	1915.9096276390444
-3977.5042432306095	0.16266397196996574	1.591566700544153	0.9374594776441755	1.3290387399591432	1.9824970919942135	0.09367468803240485	10.817328598259516	10.98169517661931	2.9387724024232322	10.21638477858067	0.1790677067472425	0.16271240218399532	0.06889745113608597	0.05909161906533181	2026.384817186936
-4552.634859993387	0.18468436250620412	0.7971423653145234	1.4029284670756015	0.8166414107753233	0.31934646542930695	0.12372247698537332	5.303686945065829	10.825561737126343	3.388165535899616	11.0	0.274946439358592	0.049417159310195094	0.0795291449951396	0.012952850909720766	2576.156466780452
-4350.625329029181	0.1396661190760546	2.1440959425051727	2.571859034893704	1.3280225645549448	0.5077564449789063	0.06277945053298246	10.890144844957362	11.000000000000002	6.569343360791323	10.86382275446644	0.12239922578628191	0.23247306867894835	0.028883259508805305	0.017522692844953048	1967.6030443927318
-4092.0035809167794	0.1669426844395716	0.001	0.7891976586699215	1.5574999332262545	1.6911122901327655	0.11032195407043842	11.0	11.0	4.964172244664392	11.0	0.0063078549109744355	0.047752297881645034	0.15646497594300174	0.007327910338074744	2173.9718156366957
-4319.35597077858	0.115744493857687	0.6854270559428607	0.4027012143816486	1.6058321543789091	2.0820554649176812	0.08531467433964166	2.288370605072361	11.0	10.99661218492041	11.0	0.16556089317439845	0.0017649711431042896	0.13027870935520902	0.03388840989687802	2830.634097414346
-4034.1226825974404	0.19181029359090804	0.0022502548400200866	0.8689395639664567	1.2986060370227055	0.47208322783529666	0.13600797200526613	10.974930816848993	9.99459251329223	3.9818963627449464	11.0	0.03429246376944333	0.047772720239189145	0.15713841512117382	0.017093024489959478	2234.0203216887603
-4522.316907338531	0.1492717746623824	0.37171326897353585	0.7520506276105996	2.176594641102536	0.0017038748961625706	0.2890900448319006	9.138123201862413	10.774050933661277	5.344124357074809	10.314894022537155	0.10595679767575819	0.11050931471046016	0.13001853393680754	0.005676005440537829	2416.208059233781
-4152.140740660434	0.24000728115980355	0.001	0.37090879617668265	1.3844721113711735	1.272825945481144	0.13592539878121646	0.33579339211630155	10.665633327761466	2.6565122222986606	10.835449769418581	0.19391406250536342	0.0031375779992292682	0.17665437249988078	0.01590451846451598	2156.9194190055123
-4188.028945046073	0.15792897988598723	2.281992780179862	0.8009887435793019	0.8153870499048109	1.534068906004852	0.03672901012255897	10.878798177019831	10.626142009304639	5.299242423688287	10.929352112587447	0.14564931506423642	0.2605284556618358	0.022302480074807285	0.03356995915337038	1922.8677263995312
-4514.7903940586075	0.13694993342994513	1.4741698455149446	1.014919375695561	2.2673103528766245	0.1965178901814558	0.09307113978669937	10.988988181719085	11.0	6.126223863778474	10.99172061958297	0.13285349048338718	0.20866525912734582	0.03206796334199758	0.008812517815962212	2165.205214937621
-4321.768993210799	0.18824569721199133	0.5282912388634061	0.001	1.7088357365931954	0.5291804863927374	0.1437905107514913	2.985005266759416	11.0	2.8265842421857656	10.916859478086087	0.15146907706559867	0.006363014178657944	0.17005446951841394	0.009772802976393394	2682.245273827342
-4249.525942673373	0.3047383423170162	0.0017909317363449036	0.2210094702685261	1.2733396767525154	0.2807868801096488	0.18572490391691754	0.4592576340816912	8.896346444765374	3.008379381836206	8.941735131081987	0.3668972055404061	0.004265859350929142	0.16593738454913073	0.019493122086749914	2250.058898291056
-4406.712422919324	0.15422203282180907	0.5877319287199981	0.5739270080773963	1.6450845119177935	0.001	0.22805269702197506	4.634021103913754	10.925724906227677	7.562423221005949	11.0	0.13779978844902796	0.028379381743885185	0.14364456158528818	0.004875105896821848	2685.1563379165964
-3809.9995079495147	0.2758899200148484	1.4051306618587436	0.001	2.12597374019414	4.452749193971455	0.15329280778814597	0.010247498089244002	10.101269153910216	1.3157016511170123	9.977567993187293	0.37942277246642214	0.029007252042208626	0.22207870564421078	0.06826120497805714	2301.638334660382
-3958.7490039685363	0.18203234566669407	0.001	2.2154546612352055	1.5025909916970515	0.9519274883149462	0.1296500694986516	10.558295459119211	10.959931516177143	4.321518381583767	11.0	0.001	0.05568369274729571	0.1955729533644777	0.02695563233107898	2037.9110332344712
-4562.247965118839	0.17949782505865577	0.89990256170481	0.49715745364833275	1.7528259244512678	0.018039468047916438	1.7183880128342885	4.445127149888409	11.0	5.208079661750245	4.344714614760085	0.27519800718172865	0.0602200971952428	0.014193769196908542	0.016503138626058362	3013.726569280378
-4028.0820249155586	0.2002021327674028	0.5205653301770659	2.0436186722078262	1.1783392171480778	1.1067187472881292	0.14172380516821687	1.4067760626661614	10.348473361383316	2.6845611432300127	11.0	0.27785357430598345	0.001	0.18872263252477164	0.05216222198413083	2092.6921711837695
-4187.346006335833	0.14963227590182046	2.467841966487829	1.6776852253266006	1.991143833703189	0.46384927815051824	0.09271949933929002	11.0	11.0	4.190266457935309	11.0	0.15151694437682087	0.2476419069406676	0.040672373015603336	0.031160212739175464	1918.96393665388
-3719.502338605021	0.23666726991454795	1.7311353817956119	1.5679758458085011	1.495025881391058	1.1128721908817967	0.10514371291451727	7.436029437195675	9.474639779482612	1.7961350034235137	11.0	0.36075315159802473	0.15545219122137394	0.06478372732811957	0.10350072314453167	1894.2375094114975
-4474.616953169823	0.15537137189916636	0.5401435778026307	0.22240225315501475	1.3567530715265557	2.1028478748940618	0.10522899052933009	10.085363499492127	11.0	3.757326748058741	10.957312798623233	0.19688977874798902	0.004963867245476418	0.130278631842783	0.016276419469949517	2520.3803390739877
-3818.7649313808097	0.22169694214337143	1.2726606138455223	1.081634481408381	1.4934302430194115	0.07072803453780781	0.19099633318460593	9.121058428081064	10.976297386663438	1.3357379764833228	10.5587726920464	0.4277690616311038	0.1520059386622777	0.022443540882372957	0.0809089999845732	2345.516544201305
-4559.747315123164	0.11284936615775058	1.3345271740532267	1.5975784439662708	0.9874962706979123	0.9034396464030141	0.09405948798293091	11.0	11.0	7.137925810544268	9.818403032407932	0.08922812961981591	0.18024351391678117	0.07800237214880142	0.0087410518055358	2122.917296531594
-4830.865699145959	0.14833122196474546	0.7182934161261125	0.4700644807998099	0.6902315208434159	0.008243666134110181	0.46094405169954134	7.899502243042874	9.827339859256744	7.663556827074916	4.291925414692734	0.24567615506295118	0.046856105461249214	0.0049289094216352185	0.0031653253577259574	3817.7268622767288
-4631.909341660151	0.19816426366695136	1.3775372629567564	1.0425615893879507	0.38530820826491347	0.006049357340242009	0.17573618585122266	9.998174004004694	10.501538519310984	5.7173626220766005	6.188179525173694	0.30252666872703204	0.09315985209194776	0.002874777023385096	0.009161792929582746	2732.2199894616874
-4126.488037768425	0.1629898240985069	1.5766536392517	0.8466304703360856	1.110940733825601	0.25700627807244436	0.1054110381496246	9.699981743322306	11.0	3.5512776489126052	11.0	0.21410534832950298	0.1575038439434369	0.038667510156178496	0.03907745046524228	2287.971693180447
-3637.841558877905	0.22245360513914603	2.8001476182413456	1.0959633812980216	1.7701833623326704	0.5106691919529588	0.13302024680073288	9.872543986787086	11.0	1.42267317509532	11.0	0.3242786060682339	0.20808948665091445	0.07092380627004642	0.13453030618919723	1813.0854387713548
-4176.979397141713	0.14329980341405033	0.001	0.9323094553786816	1.7532031061499398	0.36405206102209653	0.10055655189160356	10.134308779019216	11.0	10.251290829855998	11.0	0.03510139372143309	0.04261540080062716	0.11626425223936615	0.004811680659377345	2594.8885786001674
-3792.741039225564	0.19851556197934395	1.487776861077651	2.0660569910613646	1.2671629755876448	1.4260913570713778	0.10927141258168062	5.26647872309099	11.0	2.356229720019418	11.0	0.24048315993917924	0.20022786892663566	0.08578929607482964	0.08813781358085584	1800.030475706978
-3736.538060601546	0.26123432098207644	13.287650895856945	3.1288902607203317	7.85404102751089	5.481526695584294	0.11542226324783902	7.441513968315238	10.396445483606229	1.417448009668309	10.994552115638673	0.16431535366771519	0.3541932680212366	0.12315666780698656	0.10793924686977212	1127.0199294332313
-4539.393031159789	0.1317613746781509	0.6586858057472242	0.3409231769258666	1.148045571567197	0.6950077803615665	0.05416459271164793	8.32477010276702	10.99839824811968	8.02446734339803	11.0	0.2031199826930042	0.08542673678592015	0.030450661110274765	0.014695367514156114	3159.791980037531
-4389.425584246034	0.10349140228981615	3.938026440874004	0.6715191206953758	1.0809223051438235	1.241005138487568	0.03440985915105351	10.97986692761849	11.000000000000002	10.321427429871736	11.000000000000002	0.05399783644769549	0.30551474905776754	0.022200473078900905	0.009998481022190194	1841.250979854477
-4367.607378641916	0.19990921386011865	0.402579928098983	1.2217814318393392	0.9471331735162056	0.001	0.23121309851189156	3.795113070174765	10.556390493760354	6.600810540583447	11.0	0.28139068240726245	0.001	0.15571678252222326	0.013132879515607113	2856.124988815312
-4259.09113369334	0.13684113682228383	1.8503951784336552	1.4824606841387862	1.736218387643035	0.3385488921732595	0.0330336062616918	9.991656107604422	11.0	9.808927106453803	10.162402185524519	0.11539377807290034	0.31734876113491434	0.013150649420798166	0.027796235251206242	1939.967145449392
-4476.865688784105	0.12602630675583723	1.0630480545732373	0.9926051634647154	1.614710249943064	0.47809623479944163	0.025891416212846147	10.998379621705048	10.709487914196975	10.338784431850836	8.813462073498712	0.14072154142327895	0.19388066408765084	0.011761639032850319	0.01377435177059209	2496.457327619883
-3694.5265434795037	0.38658875009929244	5.0711074536837835	1.449404430646183	5.0603767664001	3.5121897658824692	0.16283242854172214	2.3466795539316307	6.568360458037294	1.1473764680872507	8.422329629207047	0.2776100399355228	0.2548541017892074	0.16029577779486753	0.11379452644319243	1041.6985299629234
-4521.33110253047	0.12901218359947908	1.7586087640968868	0.986407415329304	0.4503973909770085	0.042132528185089745	0.1339914905553536	11.0	11.0	5.890496411901799	11.0	0.13138653385994048	0.17110932281319133	0.015834368715843507	0.008722629851815236	2379.560778528733
-4598.959593643761	0.12559835372772546	1.486978006533226	0.5779134288427791	0.6923702935644805	1.516062557310909	0.015715629229899858	10.988310776899347	11.0	10.451159848084385	10.265395290110902	0.13246096349953335	0.16552044665089588	0.01034097771321387	0.004987914652534655	2436.6478144356597
-4294.917556047582	0.2393995463664442	0.01319891365988385	0.5310625929322126	0.9796986130458127	0.4824096692453242	0.10835512923153895	10.805889223277498	10.618444430279364	5.62327737168546	10.996702049564876	0.12890038001991738	0.11445616528531252	0.10109801802421213	0.0033018046708024502	2786.487208784194
-3649.157599219457	0.2914103532156004	0.8911051656556019	0.5763774122624229	2.347587561359591	1.6790332116815296	0.15603635434876686	4.968392944938913	7.336163439878226	2.0227179463006717	10.712176844628283	0.4865420943072873	0.0016536245737168844	0.21291861044091792	0.13227495212919876	1780.3055932436935
-4328.348887328149	0.1850257819937473	1.44108602933824	1.7658243110654555	1.3900883179169208	0.906195561268729	0.12929218395896133	0.030822549932827896	10.922254916009852	2.913946101962757	10.98498052871261	0.2168264411358463	0.03398877281028226	0.14125679559840404	0.024515174148682605	2091.6285394188494
-3905.6852235565793	0.18693973377892953	0.001	0.6951476670910881	1.5918092087971536	0.5417582183725228	0.13493858606712622	10.621875724631153	11.0	4.216591964789209	11.0	0.031199036055859383	0.040352386493099586	0.1743972380562081	0.03750088972698973	2157.805671354607
-3943.6536748411286	0.20161120639050442	0.001	1.6161654875196445	1.3829550785324867	2.496193943478812	0.11643547872148517	7.393506213631759	10.981574428280457	3.053103630934672	10.956150208164617	0.15961605451458566	0.002095032401751847	0.15008807549663644	0.03719284604405894	2216.4745471008605
-4297.115198449473	0.1867513388196523	0.8997796536708695	2.045197466606345	0.8676142098441701	0.001	0.18260900910694142	5.4665621318362705	9.947583443187522	7.4071247468148105	11.0	0.1529380367395988	0.052589041348632105	0.21271760359893607	0.007852115708684347	2545.254069934644
-4097.170024637257	0.17055967494285082	0.001	1.898140361849644	1.2014033230772811	0.3918688300422485	0.126306447210625	11.0	10.999102931987878	4.971602206585999	11.0	0.04109171850326893	0.037306310543026314	0.1437261578611987	0.006126682821439435	2336.002306759699
-4557.943789114299	0.13178809581881668	1.6606187890015869	0.4211439756227738	1.0344529285296418	0.06034478808006837	0.12291956926951467	11.0	10.996873680957316	6.11782768517256	10.818025432627346	0.15892165934567867	0.11034934123116912	0.019689676530060197	0.0087144659557032	2689.2559020059507
-4687.754588091627	0.13443965891499576	1.4497435442466087	0.9470664911217815	0.5415183499816419	0.40963559228415947	0.01122114249222792	10.014661333485405	8.298738628624166	5.444082086218076	1.257111893577011	0.09948751212073796	0.16955923659488623	0.005072646904459485	0.006350906639680709	2164.8144306961726
-3915.363205329449	0.17272591942964557	0.002073314035873715	0.5283035228169051	1.2513016477748486	0.8207111145504224	0.11611352796497995	11.000000000000002	10.952007298159742	5.486786411566203	11.000000000000002	0.029452000817897457	0.05278866888458599	0.14433093246859038	0.037934698049153996	2386.0713337713796
-4400.185525292789	0.14564703371832233	1.4879225495011617	0.4555669349467076	1.7888910212064297	2.4934760486019347	0.028280141880486227	11.0	11.0	3.3229163436913964	11.0	0.1459033103116007	0.1778631822120366	0.01840655457863389	0.01760789241772558	2225.316456338649
-4130.037869572085	0.16743841145731667	0.001	0.7194354092642514	1.4363902759328402	0.013448965887573426	0.18741017303544233	6.093009287529186	11.0	6.085405707291482	11.0	0.06552244708850967	0.015029384929191812	0.14146514387804363	0.008780955190970873	2536.4063095552424
-4022.4562166202218	0.1546489077873871	0.001	1.299819872677383	1.4759074467562896	0.21265201868901612	0.12121368352947941	8.823795963971781	11.0	7.823124525955036	11.0	0.04582780986392402	0.04543926661949809	0.13714405925265444	0.022909069193355065	2527.0987821987096
-4625.677097465758	0.14725715095798597	0.6049687878496803	1.5910853374244753	1.256501028304138	0.001987631423318645	0.2679402019276447	10.921994708585176	8.228529083689262	5.847760838421779	11.0	0.0664658334383521	0.1152329283707997	0.11143134944661263	0.002976797039367833	2209.7264339351505
-3907.653067872466	0.1691552035541238	0.006132690549742909	0.23907798217379403	1.8924050490351991	1.056693062967762	0.09465610262932991	11.0	10.945186463286275	6.981460512840528	10.99350625946748	0.009454458853220209	0.09030663937291163	0.11956242596613496	0.04549827315869196	2584.366485645396
-3925.841051186245	0.17749387879575723	0.001	0.45569104764306356	1.7088211311028338	0.27453105473355444	0.1475236735410468	10.126953027286856	11.0	3.9876257679633413	10.55378805904231	0.047499197593706376	0.04042942046379744	0.16959463199408661	0.035570901065784755	2305.025540046215
-5577.154637825953	0.24217397538519156	0.736486295858012	0.3141635855431435	0.30509852865966564	0.9008890720997913	0.0027739884675471982	3.1567915039235874	3.3473700213568685	8.470369436166505	3.2330524742937174	0.09584776977742614	0.03860097194643875	0.0016690888915583426	0.0018831383264056977	2148.5165088465474
-4393.71672200805	0.12678706026451217	1.8153132438920263	1.4029098270542706	0.9482827495609254	0.45969168387180703	0.022225348153852572	10.998335044700946	11.0	7.936466171106769	5.19929886886657	0.07976848362557355	0.3664606750897162	0.009633297201520818	0.01688703947140617	1908.8850794599082
-4299.297518534664	0.14763459955049313	1.592305963563551	1.2021162071812452	1.0736146536016553	0.001	0.18074874160109633	1.4799994779476164	11.0	8.692861464781576	11.0	0.10050040440480032	0.050001503186365794	0.19604011287603867	0.005766126142044607	2610.7698244402277
-3948.503059567469	0.1777080860982617	2.0237451472040724	1.590406916243131	1.412384633482341	2.2253088551223392	0.08058655805260923	10.426901768229742	10.852466342481256	3.4227523259084656	10.931474531129583	0.2045463391748966	0.15492028942473973	0.0627960139458402	0.060044363877453696	1971.5233373088329
-4169.287657154946	0.16655339629484442	0.001	0.9174795896806901	0.6076226292809889	0.38513754467173394	0.1382540495171586	5.025504127572222	11.0	4.678452104879145	9.75085223259916	0.09294222275053697	0.008460943882323367	0.13672919752439097	0.01066100087834996	2519.459140382551
-4458.13352297876	0.1575672578072972	1.0871393085252241	1.007778693606051	0.6316606157761362	0.24123527149876267	0.010548791144974286	10.334681464802255	10.999409498060938	9.437832371800544	3.806767220757878	0.24161018897151731	0.11115227411111776	0.004101452433352567	0.01737975894661034	2895.6715817078657
-3989.830120460563	0.17642333245743855	0.001	1.2186698446630113	1.4633785340951286	0.032217834837403675	0.15287799801445723	10.962942094548113	10.546740754385038	7.0000387137608815	10.999022258120027	0.013603066790784196	0.05195420299486988	0.15131719399707075	0.024398380455664892	2482.531856212036
-4139.73109427977	0.18240377988842826	2.60691175549035	1.4473882918638867	1.4526446122609071	5.182287506482444	0.07756617972646442	9.453048529433289	11.0	2.493979131245459	11.0	0.16606882894280822	0.1776769869070472	0.07590031694174258	0.03687942886299018	1751.3683995019062
-4360.218035381067	0.1954360569036445	0.25185428898590534	1.7878214238049273	1.8266683729298043	1.3531408127727198	0.11521576228515636	5.571972460562768	10.21473842670062	1.9290430403399985	9.50872569908111	0.2513125117992696	0.059459229656797244	0.07496969377348138	0.02629039645815204	2414.891081498854
-3938.9473968678694	0.23956993613456184	1.8169289764666663	3.0153685600867974	1.0889818640612454	0.36659756652732867	0.13543426183490126	4.48886262289027	9.519113829279554	2.2813099375061032	11.0	0.31321184679784947	0.1524861596442472	0.06261079196646592	0.06091199977750668	1848.094293873838
-4118.302920696512	0.1606677590366143	0.001	0.678794422755272	1.0214816951853685	0.008347120633008092	0.15742865587613303	10.999999999999998	10.911831866698648	10.228669201288236	10.999999999999998	0.005672981590794417	0.06261693464724562	0.1239774336346825	0.010891015686937476	2913.420803130639
-4617.114471725176	0.13058025574733134	1.0027290041123595	0.4222195616416226	0.9232242338824012	0.9590355317199071	0.013905736248313602	10.872225661475692	11.0	9.394566336353178	9.325447566548933	0.1690174396157355	0.11175921524520033	0.007956493517675554	0.00745464310920028	2914.2508874274154
-5243.4830287384275	0.35845014582807017	1.6797996114990925	0.24732973100375594	0.8354202126231306	0.33761252964612265	0.006663122374752657	3.919370520004902	9.093984593534609	5.148817286538649	8.950372954834055	0.022590958215379556	0.10669847251303857	0.0031047014157591685	0.0031747948689898452	1357.4559562593286
-4728.532251216338	0.1176185337152447	0.6940201054489358	0.30633347617851847	1.0111582402728052	0.43014331441224907	0.02186664735432434	5.25234893769173	9.863028134442427	8.89614199581944	9.971707825948142	0.24886835875227975	0.022662444852230294	0.009712651377956393	0.009987354268559161	5154.657986672892
-3964.179564314888	0.18060414815721665	0.001	1.163864949210454	1.5512255067831666	0.1350663245268508	0.15653918510591697	11.0	11.0	4.059869886392279	11.0	0.050733963812190926	0.02978990044488045	0.16330087207472602	0.026357197195899996	2277.7697631754927
-3638.244909557462	0.3591484280677856	3.340522226931423	1.734251330508036	4.769521564019475	0.7554485945734558	0.20945269567858332	1.3159286010683282	6.490243035208291	1.4110578511886673	8.686834876929451	0.44330488649697264	0.09701562288383803	0.21408416786311074	0.14644236857077328	1325.9253983544695
-4089.445123989291	0.16329404242895118	4.039766373450954	0.5246726294978574	2.555417825062539	0.13657603957442996	0.09690902351367654	8.704286834874974	11.0	4.748313745238467	11.0	0.13078978429092428	0.33158324995345634	0.024281009272545062	0.03964640879189042	1661.0359818318132
-4656.188115900781	0.14654332088792713	1.0198664268979591	0.4313680319728079	1.1869513697848122	0.010137743092361031	0.07480491492841836	11.0	10.00908563743204	8.781760952411483	9.834284123121208	0.17509804077115493	0.1440137209898502	0.0033280533925495108	0.005159238440393959	2662.6409743387308
-4752.916021776671	0.1525122164027647	0.810158801045965	0.3887248101513093	0.8436903766069674	0.002273752951316518	0.41261043773931305	10.425453181951777	5.951453351697925	3.6795007196825	7.949278766080947	0.19841617744889406	0.10443550094812674	0.0015854587164113854	0.003721395652392198	2978.43512569965
-4371.7461569120205	0.17240099117268684	0.5624278513635289	1.0028299945719121	0.9769689199901179	0.001	0.16113622523795298	6.444911385402291	10.721703223906642	8.665406991811661	11.0	0.14569167382349316	0.020691146837473987	0.2050453738965947	0.0009134080984101871	2724.647331050905
-3605.010191940427	0.31478835760543616	2.7056872556501967	0.8021576400005074	4.8287711849322275	7.161470289331212	0.1028502297918205	2.8452185709457196	8.324428864493239	1.45952808832868	11.0	0.33209152381572943	0.29193657744657425	0.10044127035247953	0.1593072151038528	1241.4901198903324
-4188.080119446125	0.13421584553660054	0.0022540501972404987	0.6073338214637807	0.7187226667941126	0.5859700669887217	0.09409879370239427	5.053895539349607	11.0	9.69060171623914	9.749142208391154	0.1288240804746488	0.007418291314026942	0.09105492896979725	0.014283494939234625	3240.8576979838576
-4271.367835324036	0.13428011374015822	0.6558159304627312	0.9176957497166417	0.9433829407393655	0.36656393164258266	0.09757047725714543	10.986299042748144	11.0	6.1505880745224015	10.979487675955882	0.20937839944870587	0.07765265002414846	0.05298040425241599	0.031394849727268234	2964.477868719628
-4067.658653562357	0.17605921437158273	0.001	1.0023643185012654	1.0823319300868053	0.030872129713170073	0.17395802673179375	9.944055069742545	11.0	5.578470897834897	11.0	0.008726341994761156	0.06436005654253672	0.13183680504295764	0.010944425363256783	2569.7571933192226
-4440.787784635507	0.1644485456799458	1.3141338712573678	2.1476245978228854	0.5000879979637162	0.034074007727645766	0.2116519067708037	10.994955562672198	11.0	1.6568298300962552	7.418831614134228	0.18072073294595145	0.14994043254767928	0.012102298672505934	0.015258098650196025	2341.71698629898
-3831.2004515892622	0.19580643984117058	1.8719616428628663	1.6036685513222888	1.8067568571474686	1.2315827508706765	0.09510496571957569	9.980616606828006	9.888816159673171	3.1490334379572587	11.0	0.2461858229405744	0.16724515888774563	0.06636873290232559	0.07927347228347828	1920.2233994330415
-3901.21485379983	0.2391728208235813	3.123264203114561	1.2883160921618853	1.2834021152789556	0.02339133697084814	1.0490296942222004	10.562833967478976	10.695530157427804	0.008484913585739044	8.68605446487583	0.29896955338412656	0.252293816247701	0.017263295412810954	0.06633169213868989	1723.287338185607
-3785.934795147169	0.2508575358796215	0.7667108167215334	0.9325638393703788	1.4570954580649005	4.045678157742012	0.1430389007422784	7.306112411468647	7.7147965013337325	2.5683379527672177	11.0	0.342867612443827	0.12239628400177528	0.1745409212149932	0.09368387025989532	1688.2445067107312
-4313.618592663238	0.1618490283455818	0.2957343801860881	0.6790741986600314	1.1581273337027274	0.001	0.23064403227815727	10.625870073368006	10.792784697890315	6.512795175993489	10.647735625887083	0.1450693181773907	0.0011357035518727145	0.18620253853521126	0.00836457409154823	2673.942333576099
-4488.142359473791	0.13083172724082848	0.6520339871086159	0.5813952741690047	1.3249391721390509	2.5520667944542224	0.09408110465953812	11.0	10.995670678187276	6.6682532069903395	11.0	0.18821920307914933	0.024649454288644297	0.11034964498927269	0.016700854689751413	2684.2257589146684
-4120.314198418986	0.18020846742181806	0.001	1.9636321151930984	0.667427740443448	0.03529066573261096	0.1606774664218677	11.0	11.0	5.544155112415934	11.0	0.03535940830270424	0.06905963849024793	0.1296465900494023	0.005731743786838476	2801.914212245568
-4128.738393856238	0.1694414590614729	0.001	0.7070454069871837	0.9981257068594125	0.0800331685155073	0.13758715752045253	10.939713225629513	10.803140555992712	5.495042976758273	11.0	0.02606614665191903	0.05665171434429225	0.12616385030271948	0.004275908495367342	2667.69507156687
-4333.363318341272	0.13293391310151592	1.8755163292220525	1.0735494521163351	1.2058180599431763	0.001	0.2634797036086063	8.924286265763737	10.517339899037689	8.397831191341353	10.067159949741082	0.12108489814915373	0.12997895673051335	0.13903294760629842	0.01788748927999252	2616.6894840256805
-4590.912294497951	0.16924961583111722	1.2148286278388831	1.713235687481869	0.6889720352431342	0.01078100082649003	0.8136058421750367	10.99919569887705	10.973980790438665	0.38720266550967475	5.83990241466307	0.20767479717079532	0.13053240014344838	0.006908155446196541	0.0076795413261996695	2500.9954934887924
-3708.844727770619	0.6158715376312923	0.42589172464365793	0.845820829324377	6.2325442473386845	3.1310087997422187	0.35387714647354634	2.76744732997369	3.4983932359714145	0.8749940666137032	4.636506735889732	0.30963318866104117	0.006086983800546082	0.4499107283578157	0.11460569123999872	851.5784987466143
-4951.191569159186	0.10077183874766915	0.34523679296258425	0.5877603777751871	0.22820296034853882	0.003462290364251686	0.10949129893117025	10.681342543258712	4.017660591223263	9.007708819691114	5.043891253552462	0.20999249177396082	0.03074030301290784	0.0015794941652757112	0.002934120262162053	5950.0821707308005
-4036.020709807939	0.1701783940724557	0.001	1.1892238253857947	1.2719695240273667	0.1811296700586372	0.13971030744102964	10.955196721529648	11.0	4.887449870843481	11.0	0.0024002953025730393	0.059304836807470694	0.14714613770768864	0.01349759725767625	2372.3667425688955
-4568.368410165671	0.11152880069419255	1.8298748775935965	0.5763712689297156	0.8178822815850555	0.6192655730791639	0.01998776982513829	11.0	10.795093835878625	10.849529647925687	9.45117246477232	0.09655350825362981	0.24316944481617786	0.010431052791731081	0.003855877918979936	2199.8828031965913
-4394.046553335093	0.12879183558721408	2.323551716555055	0.2688996519735398	2.9063215390564823	1.8071147836630144	0.08280659893284273	11.0	11.0	6.4542825752467365	11.0	0.12563186758731945	0.17426532022808802	0.07453134659833302	0.01728158804481092	2096.122210945447
-3615.9014097546024	0.36561947297946995	3.1347663599667603	1.7832683335247572	1.5494911472661959	1.9015964141212405	0.1258890594252549	0.6036236392582143	6.701800298581869	1.7460589861205167	10.902204123532554	0.5623082497285744	0.21170146019659367	0.10196596185287678	0.14492063097238425	1336.5394524441406
-4511.059817276841	0.12394189168465808	1.7183740162435706	0.6860724791558194	1.2264789450725557	0.6269577902371536	0.046988558021415314	10.692388794260422	10.734095923091788	10.905035219674511	8.1760246752523	0.14725263486201667	0.13156708247686694	0.023510019096756155	0.012851779613243788	2513.9986153346094
-4443.488501241198	0.1788497791340138	1.7110342670987972	0.8319046076041106	1.1949541820580107	3.2258871782466887	0.06640756970946594	4.517900583288212	11.0	4.444851179310864	10.42163571279682	0.22624504981961868	0.0633528043149314	0.05379450091897767	0.018377582848542327	2382.9342630172273
-3926.269001701681	0.15649392806224124	1.4611469231354637	0.8728359607966119	0.9388849348296422	0.28576065281890367	0.049723311561292505	11.0	11.0	10.858061005947834	11.0	0.30082482841223634	0.17352828540009485	0.024833808196019054	0.08132128361105119	2628.437977136797
-4535.516630371597	0.11630045223996624	1.7393392289540759	0.5807431408732029	1.015435207101546	0.0936085850613694	0.027349617160396304	11.0	11.0	10.702259889315389	5.655483203905984	0.08081938426171652	0.3037297049850594	0.006699556991551316	0.006999338995929953	2051.3720519539593
-4341.856836017463	0.1395263922898519	1.4400575496452537	0.6175849313458004	0.9158173061505663	0.001	0.19362545028719202	6.14913957162772	11.0	7.169553647603675	11.0	0.06753427134780647	0.024923117852368275	0.2051955893144093	0.006042268237593852	2564.247599469566
-4312.312410051483	0.1777356602871781	1.3969948507022412	0.6483140855866458	1.753116162297733	0.7475430021968298	0.13384184458956974	2.140351208183024	11.0	2.457378636189766	10.78778600880177	0.23751342252618757	0.011486600910089502	0.12466436350304377	0.02627635549008294	2363.619411962827
-3843.189387256063	0.18184997862228738	1.7270771652294157	0.9942388707785069	1.5084893976458777	0.44854432559832863	0.1495888466409373	4.216934204139564	11.0	2.7852352558507927	11.0	0.2695046139273124	0.045806837136871593	0.14300097723812616	0.08092167049259526	2229.861613297448
-4178.325158757063	0.15809465299506317	0.001	0.5909714812191961	1.1378510049784578	0.004894310807167964	0.16255507200462255	10.487728904208042	10.995545556136266	10.890634869430684	11.0	0.04998239272123473	0.03166358863565491	0.117163129078157	0.004867875963496995	2958.104421022247
-4110.859397791948	0.1750380224905369	0.001	0.9718782574903004	1.0362524448143655	0.03188174977834863	0.16281602572938308	9.757095961579463	11.0	6.0628824931372	11.0	0.001	0.08649596665403123	0.1279493604782945	0.005960138634166052	2721.8932465766015
-4550.125000343068	0.1400236843843155	1.5599288834638225	0.41198727926101114	2.256512664245567	0.7915334669574097	0.03980276269917359	10.75957374049343	10.999499193499185	6.877109704560336	11.0	0.16605903426085789	0.12759467630464125	0.02154773860751663	0.008692196670945148	2479.819377133949
-4090.988342677948	0.1513062885803899	0.001	0.459839222821014	1.4918840416351502	0.43961283915550187	0.11143910654609145	5.990781226484362	11.0	6.615098368974086	11.0	0.08593947150436815	0.007947524423048509	0.12709401436003112	0.014580040920781948	2552.3319750874493
-4325.810587052972	0.19630965518603669	0.3245628624104198	0.6705175873497136	2.0259614708332587	0.001	0.16665157986338625	1.90204383710012	8.7679161535727	7.793157144225841	11.0	0.09341157622108329	0.09037910964005962	0.2391134007669206	0.0025541933190344197	2305.107293184529
-4335.84492144352	0.14392251266456255	1.676065143792588	2.4780065398827906	1.3272451070495488	1.7695479092628201	0.09834235130542059	8.129436213951044	11.0	4.1330558777384665	10.751392184983924	0.12301038043150825	0.2249814929864596	0.08665657620335264	0.021291427875042575	1823.7807562901253
-4233.137483461735	0.15518935521130442	0.002018388327631844	0.3879351152636623	1.2463594844596102	0.677349875452458	0.11844476846056566	10.98938404338212	8.977900130965155	6.825670863133934	8.744370364610612	0.03509703078364195	0.03399907871239426	0.10931865095662265	0.003656974889427915	2478.3391991072567
-4478.481383790682	0.11089802981518547	0.9789235376904823	0.3599589503147362	1.5493952718040696	1.5175412815115032	0.08439829658717	10.976725159560658	11.0	8.055125074025632	10.9931268881991	0.10085547064459537	0.17240864826462615	0.08448264702957702	0.017136376408225008	2288.8555800287254
-3913.2210114340455	0.21314962971210485	10.929237739254962	4.774504559787315	2.0402094669456923	0.19386818604100098	0.1816183543412045	7.801051859211912	10.849719729801258	1.472043772324881	10.275321443269874	0.1296153565544989	0.6875797054004379	0.06605707091541756	0.06548393023864753	1223.0732849209817
-4105.913764414434	0.2087222455234986	0.006874145352816591	0.6825981372282873	1.2376626040546548	0.4629212719139326	0.12400393495488395	7.668491951632875	10.913497908474032	4.237510322676125	10.999999999999998	0.21265324983285355	0.0181273419547123	0.11192146713202177	0.022941045637892996	2660.2197166305696
-3622.6394309546017	0.2210290550423938	1.5552616045890268	1.826072349236459	2.0736674535187753	1.5003838916748682	0.12407877203183862	8.082734571358996	11.0	1.72698178528615	11.0	0.27892648331945585	0.22727474556241686	0.1055676913397639	0.1516241595589918	1677.8418241379677
-4377.695033919353	0.22863009013451174	1.5270775403338641	2.17609336677412	0.9692597077660368	0.6982411563961587	0.025121425406344662	7.168948845355714	10.941849054132573	3.6826021414323566	8.767148302216366	0.3085859597191633	0.15448395903826925	0.011350347101288875	0.02233257877240631	2102.8456953384866
-3586.4617518630853	0.2892576372248677	4.0807513836981135	1.7979031537796066	1.9020040068951685	1.8122424012044098	0.14861746532851206	5.9358622326172386	8.974276136809264	1.3497077093888443	11.0	0.5207159029266933	0.07591163755961636	0.16724334071296537	0.17230529990470958	1678.9861756847683
-4107.261861874685	0.16733528524123872	0.001	0.8153248975608073	0.9983177178704401	0.4602175813938756	0.12298300069125709	11.0	11.0	4.974390831525483	11.0	0.04011980852387079	0.039278977500293306	0.13771033029073582	0.006713815745452448	2441.4877903472166
-4185.391562829232	0.16155746883247504	0.001	0.5179249261191593	0.8151012444897723	0.7388881678889103	0.11430265026549705	4.8156485398285005	10.999885456993848	5.271785910587568	10.945452703805776	0.09070074008696058	0.009246483460772288	0.13339286626582725	0.005037833064295514	2534.097537487625
-4805.792490220504	0.14154588257670908	0.7794683788451696	0.7702411805556549	0.31941395000013356	0.008897032120993815	0.26319215098895044	10.488494077284894	11.0	3.652256240880501	5.101713829530532	0.18867531271832494	0.0850267691291497	0.00436110635189654	0.000999413921921576	3177.6751041011016
-4537.371968021418	0.12785525479917378	0.7308593316780191	0.9407976313916299	0.25474351049257876	0.018486377013111628	0.027823133858003887	9.905060194815736	10.952078056188434	9.559187781504832	3.5993447698903136	0.22866940606011443	0.054678124221165025	0.002729657155303618	0.018269248924691624	4091.4853997129053
-4087.4123757995594	0.14537916103480816	0.001	0.696821844463545	1.0487831198578947	0.7950867236586189	0.10154598272385323	11.0	11.0	7.937917455698865	11.0	0.0067380741887918556	0.057727630362710836	0.12516245967599218	0.010995522586201975	2550.0300560162264
-4251.21221454431	0.17727989655805623	1.3266002434887998	0.722016048421169	1.9715329870700626	0.001	0.1779893244055764	5.4309883535014825	10.166551150149596	7.1877072047154025	11.0	0.10340697089783034	0.001	0.23921349940589004	0.007303314594643825	2398.185969646244
-4170.53531864628	0.18412864842667567	0.17058494100279575	0.9233824205977231	0.90672620514346	0.001	0.18451372343684183	1.3760482553281304	9.039834326060044	6.941730714398179	11.0	0.14228105583537773	0.03629560275355157	0.2269436245037332	0.022886904991500458	2622.5537838294663
-3938.9379277748812	0.18441030101782302	0.0020632957758311057	1.4649766573205474	0.9153522822952234	0.6423138313292351	0.123552984750761	8.541934665212231	11.0	4.6742856442077	11.0	0.1594212021390944	0.006200971196866705	0.14068242056743124	0.03820367700123172	2512.7045817324524
-4061.849005377648	0.19046922415497114	2.597941834908695	0.7616384380052705	1.5304912944521363	0.06297173199767177	0.2002534334059069	9.210553216479326	9.860923493214205	3.4206271377272794	8.437113021878684	0.20508469674639498	0.20923350991980533	0.022220656007035617	0.04567290166640257	1903.380081199551
-3913.4296636105532	0.1698457595074723	0.002228099822341381	1.0932246405879087	1.8322847078531244	1.6566138905926773	0.11667775873800963	10.593828048832473	11.0	4.6273537670401055	10.952886254351116	0.010710316625281826	0.05497805722853637	0.16336745217464974	0.03523921021827029	2136.42096516002
-3974.147045569732	0.1755634494205002	0.7236871212987394	0.6638631007389906	1.4807108494800187	0.4187551874038783	0.00934935296509335	10.643598827075444	10.93715117956753	10.911753000648257	10.853837850755642	0.5556736549159781	0.07277920545147609	0.004367327194368917	0.06770998653985082	3947.31835707513
-5312.783891688137	0.127669741301643	0.6710015345194473	0.25244159154788604	0.26562836061019673	0.22566905292995496	0.0030071615602864	7.122831213237849	4.0054075229194055	8.286955895149164	5.3725730451692915	0.07659469734396654	0.10467591737592565	0.0014850749657463833	0.002892537346422984	2475.9955147847745
-4038.2039940450445	0.17138948385995395	0.001	0.4236095654583493	1.216767503084941	0.6045959023021095	0.1211642927653475	10.959977938471686	11.0	4.9292311933289295	10.997952209064067	0.001	0.06378055074977679	0.14566345138550008	0.015926916736414398	2397.45386963919
-4167.088345746518	0.1873818171301165	0.001	0.9365522675298791	0.6789644343872882	0.039857091348575575	0.14038009795558593	2.058025409616484	11.0	7.7871841982770675	10.999332765303693	0.23080424944171024	0.0039350371395494976	0.11710917969041652	0.019251190806243695	3178.2758996170764
-4404.055168812989	0.15545486922987034	2.2883290326820203	1.3495749801562045	0.5408748487895132	0.02362507462894054	0.3199889372581521	11.0	11.0	3.559635066378928	9.540743683362754	0.15347655095257315	0.18681463221475117	0.013135458562887352	0.014837607912437692	2118.109172894387
-4561.843971443529	0.14610131903411608	0.95099223541692	0.4361324866970462	1.196916707806277	0.6338037812145527	0.0043115582292318645	10.998282207757931	5.6433722501775625	10.580284843455809	10.7176071012712	0.164898482681669	0.16283977858534823	0.0025704114688035636	0.011878346558521083	2591.7347253352473
-4084.3519269923263	0.17005184401737186	1.5803262577628518	0.5766430817715602	2.0848780883134492	0.24459708707710645	0.10922060227742857	0.0026763090915857173	10.756688588306138	9.361424390144968	10.830089446478324	0.3364606411265003	0.11861124179627962	0.035953411729707764	0.05827431931393861	2490.836291537118
-4307.794440098963	0.15261762527614084	3.514575496361398	2.799588286657407	1.0617507436110425	0.12648933320688344	0.11815771159825976	10.10997383245952	10.907874399380942	5.0182390180098615	10.150500582634427	0.13973637313624235	0.22440540324168562	0.031321193203599274	0.01979329172990264	1894.118888050888
-4081.4778645540914	0.15977459461253118	0.001	1.3282996036772732	0.9219251749428251	0.714677428908922	0.11091692914681654	10.912586427231492	11.0	5.907852667419678	11.0	0.001	0.06021490970938524	0.13443218028362142	0.008339279011671372	2415.5324273408137
-4005.3209205476387	0.17716349409531953	0.001	0.4780292192014792	1.2793940724567259	0.46397112715406036	0.13233276181650364	10.96378958662975	11.0	4.353616198649544	11.0	0.0418138766306234	0.04018464392484953	0.15435629085405692	0.02143475681129532	2351.237797647029
-4138.435386515707	0.1621968991032841	1.0436878493956927	0.9089834838676617	0.7256286609159822	0.44108142869590794	0.01878724545858951	9.780377018429695	10.356901759671066	5.130406703783624	4.81307613867069	0.3069570735820497	0.0789076906047253	0.0075602208953214145	0.04591311465419461	3275.037530695815
-4179.836372734457	0.13941110106178953	0.001	0.7102619319102513	0.8382777817786136	0.7703364544083154	0.09933431015491259	2.6841239708744453	10.99630085905621	8.351741421167324	10.036097576037896	0.1049907522131989	0.004150589453072641	0.11369513592061437	0.007636548243750801	2822.612908656005
-3912.413814992519	0.18293747118478773	0.0014619882960918466	0.6395230508525918	1.2054113448827946	0.1860971333666075	0.14345451728723244	9.914092750444315	11.0	4.495133072707325	10.992190113428622	0.001	0.08562851429845517	0.16296254305389055	0.03763046348537049	2447.4639421547704
-3872.6469019398364	0.1914348278485426	2.590833323483676	0.25971269799705926	2.145035453815715	3.9141550110474235	0.11665091588688362	8.52973554913388	9.447424483291362	3.142096983430551	8.966915905044921	0.22494307090265367	0.08551907355626985	0.12375180844387058	0.07738822224729514	1948.774691668016
-4166.836801710979	0.19771955722912554	0.001	0.9662725968398457	0.7457529432047161	0.031943888468099285	0.17426337702334077	6.828693967217854	10.365243647892452	5.275713694481294	11.0	0.031124197890711813	0.07859558951557719	0.14265592951357337	0.0055346040027633835	2580.4272205645298
-4564.662992074114	0.139545484387546	0.5090565484349429	0.7563653424406723	0.8131613600232789	0.22372792386138637	0.029118430077602633	7.683830970304799	9.204952733709359	10.194166936705416	6.301483764391798	0.3131276692523554	0.0376408009241934	0.009351338600648242	0.018001695474034757	4598.650799525486
-4025.540765817627	0.1895809364545901	0.009180544385160982	0.3403356093121991	1.6867497705781573	0.29637007568303575	0.11859725380562806	8.177519729296751	11.0	6.478787371438933	11.0	0.15806502812507814	0.05642694534905475	0.11646525585019281	0.03220098136411093	2799.3243826258417
-4068.788888838354	0.1339199261923341	0.5720259142809194	0.725280209100241	0.8604604131019736	0.8670350482123953	0.07951224461271485	0.15089885463450267	10.995790759768607	10.921727092039996	10.998021039834555	0.2896208517703131	0.031996770866228014	0.07658917036594928	0.0621420024925022	3400.328903780219
-4512.1186940528005	0.15040948948295912	0.8118796231277174	0.4631627136139975	1.073473149259497	0.57457355268552	0.03199158631993976	9.30456128478931	10.982209266930848	7.022905089021621	5.048417667283297	0.22367800714312708	0.10599725252421222	0.013440895656990134	0.015839632920054143	2955.755476400193
-4264.267074668182	0.14309281208927835	2.201566154469792	0.8612978606819927	1.8614368789787392	0.26731695014972967	0.08070557821842811	11.0	11.0	4.051552821357492	10.576853858296168	0.12036296340150456	0.29534661524939465	0.028800206905597956	0.024438481038768105	1911.4239332795862
-4730.708951166103	0.1272010063474412	0.9466710897212476	0.43683165481148734	0.8828734370974431	0.5530856828970074	0.008950379277462736	10.77481203149015	8.882475441568813	8.846137617004615	1.5870251751775617	0.1266889376146452	0.16449442631398709	0.004651574721422607	0.0026000437586516656	2578.2450471283564
-4956.796933124921	0.08514253747424919	0.5371785161800069	0.5643232604290245	0.3907360894315123	0.2376302280090627	0.0027068239014616884	10.421845047009066	3.9924758088107355	8.211436047491524	4.488519873343258	0.15243791856096386	0.027858868212833742	0.0013548596816035916	0.004895816774669922	5596.845641081491
-4052.021681700616	0.15054837610253746	0.0018961773218642546	0.61026275060557	0.9634435264406217	0.7632889584109568	0.10187614955591709	11.0	10.995390369862879	7.335231200802254	11.0	0.001	0.07720922696382353	0.12105944797437851	0.01637877929161647	2669.4374360670527
-4595.751528399451	0.14118550919531328	1.1511384133251303	0.5862569445338809	3.335152694362484	1.0406475164241442	0.09853244874266463	8.471174100907978	11.0	4.2057568487343024	10.943662050913074	0.1247300597940866	0.14782703021412866	0.08422408007699776	0.007801080211286568	2022.0265953040016
