# /groups/rgutenk/lnt/software/anaconda3/envs/donni/bin/dadi-cli InferDM --fs input_fs/fs_017 --model out_of_africa --model-file /xdisk/rgutenk/lnt/software/donni/donni/custom_models.py --grids 40 50 60 --lbounds 1e-3 1e-3 1e-3 1e-3 1e-3 1e-3 0 0 0 0 1e-3 1e-3 1e-3 1e-5 --ubounds 1.1e2 1.1e2 1.1e2 1.1e2 1.1e2 1.1e2 11 11 11 11 2.1 2.1 2.1 1 --output-prefix inference/fs_017 --optimizations 100000 --cpus 50 --check-convergence --delta-ll .0005
# Log(likelihood)	nuAf	nuB	nuEu0	nuEu	nuAs0	nuAs	mAfB	mAfEu	mAfAs	mEuAs	TAf	TB	TEuAs	misid	theta
-4314.891735303739	0.12887808539944756	1.265467997798183	0.003968001791127815	0.41927945929437105	0.38791109548124814	0.6442386753292549	7.0603760994915215	4.811310538909557	8.424547517474164	1.612776772188957	0.19285698392459888	0.0670946113478819	0.007940729342045197	0.002696405748053293	2635.9698462840424
-4413.82855413762	0.1040107283681825	0.7292795359960343	0.22745493679446566	0.014830858224201271	0.4277949931667726	0.6012113778175254	9.441275943780598	7.347148078396992	5.2004636968878195	4.138572805431185	0.20904728180984034	0.021560437744874136	0.01838031327780541	0.001631897098038786	3960.019060346035
-3679.544429059968	0.7419028812329553	2.5835136912260426	0.027322454465159022	0.7456945535497904	2.71580213435779	1.2205008248004423	1.7359391988044242	0.9666021419712378	7.281510313663812	0.0	0.001	0.1374707488088409	0.034595270624775326	0.05416246106490586	806.8094697618382
-4387.015907685514	0.07607341038650661	0.3521308917247949	0.26879975646766563	0.02044100241460747	0.7197976280292181	0.3687032851881504	5.225900593954887	9.568980086262393	9.918218735866095	5.18398762795211	0.14843020992509182	0.024266171859351128	0.029807415603048334	0.0013795631559515638	4125.5934689524365
-4360.087655800873	0.12371598322707697	0.34290574434319554	0.32017127598758666	0.013130736166008341	0.7622167025534143	0.7803770036756615	9.121178069516588	10.556089125326809	7.21868350386432	10.280088655928083	0.2506386577742509	0.06258859867776681	0.019605571101758947	0.002905435175234422	3351.231341844439
-4225.043757051333	0.09942912939040689	0.6746394587070783	0.38278369815964386	0.030352609656287492	0.5580141057858455	1.120929403002335	4.158281292057656	8.596337629460871	8.104545245742605	5.752129524775844	0.14949507424350353	0.04308540426300569	0.05352975845483169	0.0026125304246555035	2700.0247613631486
-4141.816242766885	0.11359438978092047	0.909240100485706	0.37285303329372893	0.019206685968086883	0.7888155505566297	0.6026596094455839	7.122838272669083	10.449220459819173	11.0	4.874671469069542	0.20181112592700123	0.06866462909356295	0.028360854224120973	0.0026981893064711914	2819.8200821830633
-4126.986842632358	0.1020756256290784	0.28120362548717764	0.3842913543303252	0.030569765898630277	0.5850982585775865	0.6983066899790774	3.27982276239313	10.000026232277008	9.962289695230972	4.049065947591437	0.200672908784451	0.0042435358069069775	0.059179458206833346	0.004448078299082352	3443.639607310929
-3706.440675885466	0.09956964331620193	2.7466551514734414	0.5228387777914847	0.026007021615944405	1.646586424936501	2.1067108235168877	10.880372253743596	11.0	10.610961681591029	3.5376985165737818	0.11393351590660895	0.1643576723211535	0.04298462306714485	0.00768935554508472	1865.265753455277
-3940.103043322735	0.10111827551336601	0.5773382757492466	0.38519630157980556	0.031308228743303704	0.6533042883312677	1.4961685238712763	1.0674833468034248	11.0	10.717067675895892	2.7464128093844473	0.1979598834270695	0.015338583087011469	0.04935078229609247	0.007159624480620266	3273.8241237463303
-3901.940136226824	0.0953161392004069	0.8742549559557798	0.17170942902112077	0.029740116487294865	0.3133995043522445	1.367715817187803	9.889383039941334	10.969947055195018	10.997811468848369	4.850270001584335	0.18903071686743186	0.053531605588313005	0.03916464773937793	0.011384942841205049	3180.2621100172014
-3371.472761520743	0.12442818744316102	0.5253761596665891	0.2407344433261826	0.039068529021029974	0.9878132777853535	1.4760967048581908	0.15117908126312876	10.97482773760563	10.790209340719722	4.010187365838115	0.4012665212078155	0.006867782145977618	0.068797198699932	0.03379594314317613	3376.5176104943957
-3292.908059170515	0.13617228670212939	0.43624459096696383	0.8170580550870894	0.027655508960860498	1.4684152098251568	1.586691058853023	3.294232806136798	8.544056394600572	10.98841356900986	10.82269363566953	0.4546717512406492	0.003943250481994702	0.06959829554579014	0.04110820760262866	3319.3069415507434
-3980.1836056111906	0.07921970504981202	0.36722082821292457	0.21436990378175505	0.0315444881105929	1.1430916626471272	0.4834119030445312	6.74610375921472	10.940335568388234	10.991731678084232	1.8093852027949542	0.1555664490613928	0.045857647139006336	0.04039501018841102	0.01594252305326606	3525.343825323041
-3673.984400038223	0.09524191527023806	1.5193679829476763	0.3306139246568958	0.02018630464688341	1.324491791927609	0.856753148601457	10.235842549170373	11.000000000000002	11.000000000000002	5.209109142853741	0.16219336799563067	0.12032518825187392	0.026606333324472514	0.017971088519527407	2477.8555082237676
-4675.0882258871625	0.055200619452562244	0.8605199474113394	0.32110009555143487	0.013947670070888112	0.3447676544103656	0.859700575124951	10.47859851487018	8.218135365481047	8.133206659034496	8.391855017288592	0.05532549513612984	0.08712862447316463	0.02078655487452508	0.0033476494592566608	2625.3704890479225
-3816.45367912045	0.10804499609090051	0.40198255349292905	1.2169514380503699	0.0229061190017784	0.6697680252454105	0.8082987254723282	6.835569999670361	10.994660121464555	11.0	8.534530730558009	0.2798196751773048	0.0023096383537515278	0.059187002308018204	0.014089996226516294	3770.6523396765324
-4061.6968464793304	0.0858865460342741	0.6496926913187692	0.002162640064729167	0.08741539520221396	0.8672603337019105	0.9430422067945264	7.786208030530565	9.10777302291221	11.0	5.054253354530236	0.11704399615050645	0.018626828274972793	0.09630190856696783	0.002913014749707459	2803.261992784112
-3584.5075599275897	0.0913157586501923	1.8341112745937977	2.8756645086193076	0.013633006673440855	0.95990201761939	1.15915150621111	11.0	11.0	11.0	10.14652377907971	0.14335855003952896	0.12443241426701976	0.032101145831313974	0.02286316325663197	2364.1079630620034
-4046.1280154476335	0.10335437545647683	0.8958798909839423	1.0824437635951625	0.024783703236361275	0.7263687534398168	0.8554796319658879	0.006895835641268875	7.654330379583458	10.324545900163457	4.7463697134228635	0.1798583936418341	0.029283023266490127	0.0495638356163248	0.006944173049835926	2950.2759028603227
-3266.717275950812	0.1364847820422994	0.001	2.102387141800732	0.026942327510607142	0.6015787092879447	1.2178039996487153	4.168829595350154	10.109193952906693	11.0	9.550218480435266	0.17673744205393405	0.0056316060348004	0.0851204723485374	0.008846654645198099	2830.5455408746598
-3687.704826697582	0.09299593592479422	0.4104384836701004	0.3030270633739141	0.038226779784969	0.6689828042413295	2.066259349279483	5.698125264019007	8.55344690265882	11.0	6.062464431604113	0.17868145931000104	0.001	0.08586115603895704	0.018477247265780476	3033.3342989877374
-3783.6097327243942	0.12867588390786722	0.8773317161326178	0.09879477035495517	0.040697990219235126	0.3827782051839725	1.850563499918813	0.06437983048787577	10.949365793800501	11.0	5.674564899876475	0.334756238014323	0.006120332170374586	0.06428265095113059	0.013312715019198644	3357.5462466589106
-3759.987036209316	0.1068588045639638	0.09839043165040956	0.9297199301474778	0.023546079050876533	0.38724243785207935	1.4469535991459865	9.840815361889566	10.494398346459079	10.951104682490328	10.785177395424226	0.2612228370025104	0.0016465449786083695	0.07504876688184575	0.015590642550529927	3482.387829416139
-3517.3784851698856	0.12726356387520418	2.3356953883306506	1.2610929419798091	0.01595587751598322	0.8486619511203216	2.013464315459935	7.169581318899536	11.000000000000002	10.991894848939936	9.50338055696942	0.24123579458663394	0.11446319428462767	0.032919806055185685	0.02217824056863702	2211.6249917807063
-4070.9381269646196	0.10844338740889016	0.3857781749121832	0.917645154062283	0.02479486731012765	0.6831274130461485	1.3408527073500263	11.0	10.323900389181857	11.0	9.26483588668517	0.20506479797061045	0.001	0.06794772357116298	0.001659812211146952	3153.077548051238
-4201.536530226008	0.1293455611168944	0.5755131877897939	0.3716654582644849	0.04298372770311768	0.9503835649099722	0.8342195728250459	5.099620811259003	6.446882336217044	9.000425257526855	9.962286959358025	0.20685595820127847	0.058437198891362785	0.08174565769352742	0.005282853401218823	2377.6082729879377
-2990.753378478016	0.2002996304416862	0.001	0.6587970616123683	0.046725792055008104	0.3525309468650765	3.8393627908778023	6.52794098540496	10.395880309851904	11.0	1.519314204795141	0.31210603429509953	0.029116845044030944	0.09710514138939279	0.03130556955738968	2434.38581304952
-3796.3995288832493	0.10603127963005012	1.0312583225530205	0.6110190998941992	0.015688794955591296	0.9566707253472554	0.735505835872895	10.933326993742835	10.98618668707404	11.0	4.511876248538401	0.23813522227448913	0.052220112438701914	0.025174123803284928	0.014247075282833444	3303.9536712256045
-3902.2499186662144	0.09483856272374337	0.5706913959253216	1.3052611132786407	0.028241585148909964	2.675221737675476	1.0735133022866838	7.026477264319988	10.996931496480801	11.0	5.646407275059018	0.16714226314974828	0.01356942273328434	0.07024948755042794	0.006968683108792583	2903.1190911053154
-3226.6190226784056	0.20579312283523643	0.001	0.3033927536941325	0.042072241346739155	0.6310783801174639	1.1923086739820912	10.179866410869348	11.0	11.0	4.010867738870666	0.14421021736003592	0.07692746014210819	0.08487711005402673	0.0011717457061945619	2529.2739401289
-3119.6578928609147	0.20589508320049682	0.001	0.5311091470274415	0.043892167420762164	0.23270749540416868	1.6309297489066281	11.0	9.527683478035092	10.997009409200471	3.0265658091168275	0.18482719107805579	0.08139470217979072	0.08874005770269877	0.016594100315125863	2649.232790211774
-4027.5917455023164	0.1150075186497211	0.7143013922517238	0.2470260703021532	0.030501282352224483	1.3497263146900056	0.895412665989534	10.357373776693281	10.938920757882972	11.0	7.956368723257251	0.23670618398710605	0.012378301575495763	0.054353295754020745	0.0038008958160149864	3260.655427160729
-4044.7174257846727	0.12275750162850238	0.41554781822534836	0.29432864283942056	0.027337595506210528	0.7874945764086783	1.2909529011001208	7.950625091143559	10.249050578603196	10.993450945236914	6.75106837175342	0.2805776313253069	0.0025470479550514995	0.04806078101912447	0.003477108957618999	3568.379381718835
-3261.9497958795637	0.18453779318308197	0.001	0.33544519963930663	0.041318584469722246	1.4476920695669888	1.6913008552686628	1.2551515370890245	10.513528320776027	9.966013234820817	4.709490350421276	0.23984079107962747	0.004284876245719215	0.09023260728404256	0.003266328130356157	2445.8027767275535
-3174.4409814718483	0.7446264700219337	0.0070890847124169395	0.18116224509081214	0.1309427447911128	1.76069327394617	2.9035916415376	5.20935378011989	4.683797445940445	5.838708042626485	1.3706016063407287	0.013068152109990997	0.052112599453821074	0.15416761245251195	0.04417425122969589	1056.2144309929056
-3824.654882044516	0.10969298447138659	0.5439808314816158	0.372040053703733	0.04926893372720776	0.9783095242405507	2.808222244281496	7.114344929930753	10.547022089971971	11.0	4.1519864676613665	0.16233010296914308	0.001	0.13895672682571833	0.008412744956666832	2211.680448475855
-3613.2634296653255	0.10659978684414516	0.8307957223782181	1.2440105997624133	0.026842283132121253	0.9144443331876501	1.706301198474854	11.0	10.984180560387578	11.0	5.170122590964326	0.22257680725482532	0.0379761696185659	0.06311253205410683	0.019221588715824498	2838.372114068858
-3610.0582589322967	0.12094878251896443	3.5339623489809084	0.421210291219446	0.04097747286561235	2.321945669900657	1.959554154461601	6.033260268812733	10.78247688405286	11.0	1.624877565203907	0.19116815717295854	0.07762664894133298	0.0607124402052609	0.015112843919230533	2077.3501341673664
-3193.6658485257085	0.23475794685276202	0.0033727929251960577	1.3850578157581452	0.03774026181263374	0.5760233707863035	1.5061310775633907	10.868650794481034	8.528902429570751	8.96087695650416	3.8716473840908634	0.09614010515811341	0.11116842984571378	0.0866053574289858	0.00247480288418532	2321.581923728165
-3116.342821873401	0.19658280324811564	0.001	1.2118960236181318	0.032083570608263216	0.8634664685405176	1.7581931625989184	10.99943390947789	10.823198356946605	10.992231958228539	6.7308912224982524	0.11031557615526061	0.0848576665204313	0.08872542443957473	0.004474127830238507	2452.736122032988
-4044.9611687977776	0.11342864306736072	0.8126912332731983	0.868524796745235	0.033109954576874615	0.5784584582431979	1.3035346183020662	10.128697328794505	10.969712657642837	10.150100771021156	4.469945893095311	0.1799897290599882	0.05212631101343254	0.07651047316763734	0.004031238373686923	2425.397260485951
-3389.1707898941504	0.14000867532596434	0.63498977621126	0.826208453800336	0.041244489491473385	1.2831459808767915	4.7147008543774165	10.859394360723249	8.657080682491797	10.860159694632644	4.195413311332422	0.28845579056028126	0.008739205509335617	0.1053614325855662	0.027227454922485947	2341.7917726794894
-4132.462058923549	0.09327365692411545	0.5240270079006624	0.5624770115713018	0.024740118312710817	0.8094758031225949	0.6781695670808857	5.04509014252303	10.79245775486608	11.0	4.196952539332127	0.1822556485756719	0.01222591076332483	0.045756409895713154	0.002582977700292426	3584.960703045837
-4052.1095714885146	0.10058146087885314	0.36215949065875663	0.865781896416821	0.037986296141832306	0.8032248964298538	1.582132559669011	10.001125109697483	9.791500297929312	11.0	5.9691648946615485	0.1440840974831522	0.0010673155570555246	0.10844145515069906	0.0019284786114960397	2457.919528893994
-3954.4154939033874	0.09994063151839933	0.9448753391486313	0.37145855042144577	0.014304328830105047	0.8755844781755533	0.7245431437760826	6.48233072030281	9.930692903341306	11.0	7.76034406823109	0.2534423970610242	0.025381131063117533	0.021830804361222433	0.009558060794981914	4173.758678569316
-3888.519433042722	0.10453530796139135	1.403551979698922	0.19252794774190504	0.04017397158718818	1.2065239642775247	1.341041684680898	10.577107258023702	9.606728435989414	10.998486617759578	5.684209386835666	0.17110016434633446	0.04439112874725256	0.06813767747668267	0.007666921139534158	2574.187230208877
-3000.9911012595367	0.2174467232687186	0.0017344917978490272	0.611808862766581	0.04212644244995115	1.0687340556210194	2.4463482810848975	11.0	10.314057518496233	11.0	4.04898406687962	0.1090050473078022	0.09396679612734436	0.09641909728884525	0.015147500546398273	2258.531585630752
-3852.221553410769	0.1187390944760906	1.4875117574138954	1.8134213447471665	0.015986341936295098	2.9170403823226247	0.975493907436719	9.287835531468005	10.995127955173075	10.998841835167195	7.305839855324725	0.2096545012119951	0.08273444354301483	0.0344451229561251	0.006434339207189652	2438.7654533939276
-3014.8043300472036	0.24734267819000058	0.001	0.4253452946357732	0.06260047529133012	2.8767604739999766	1.7170385467590643	10.998804912333622	5.502712536972593	10.999136997338356	4.538169794677957	0.05612919920270805	0.09412067416251285	0.14266237134082957	0.021030922080562422	1830.1674835726778
-2855.2898379468097	0.14278980724319365	3.753397736355826	2.8810432004293003	0.04070246598015575	2.6705442228477967	3.0847496780754042	0.9217860190801231	9.746384940670064	10.964919960356916	3.3520804474193664	0.3937675494936657	0.018748307400843787	0.11001071348162778	0.07690309636263443	2304.5311527191866
-3294.236410545007	0.15175168645566595	0.001	1.0137222156473071	0.05821482813400392	0.7240751561147971	1.808919686919254	6.232284664394674	7.60330370734418	10.714905845501825	2.8082801364434364	0.17325056983159226	0.06307495605625671	0.10228346359446913	0.007924280783659072	2512.9202973142824
-3091.3170611684563	0.26498677833578377	0.001	0.09702968885044157	0.05818766195172744	0.5921364532427161	1.6996078079868966	9.222612672504434	8.798645341455533	10.620371562908131	4.236751620564114	0.11940753578822766	0.13589811980574848	0.09831320032625471	0.01576030401280373	2321.287612669524
-3088.0654359704426	0.2540174966204613	0.0034012096113858136	0.5216558458218116	0.03999180009014485	0.727876718881579	1.7903719692022266	11.0	11.0	10.695781185097127	3.471046766566683	0.08976804562309036	0.1351030408003603	0.08301425837676968	0.008215140576788738	2383.9071870766047
-4815.231155624453	0.358016799150177	1.2016957594712065	0.31111555835157567	0.06909531237822951	0.6722648781997181	1.1939729187795853	2.1218307936406604	6.064340943307727	5.079446966739504	1.3677167359358173	0.0011521913744359437	0.008285717348087538	0.07348195696987943	0.007652212695360202	1035.4353956664002
-3229.0030226762624	0.1428078602153465	1.0831135244591874	1.0617572838523612	0.062134726849815095	1.1037310508498985	4.5483296867107645	2.4315177414920472	7.984137001976508	10.843259332590218	2.074430729865425	0.23403604181605955	0.00741866440646736	0.1853096112961589	0.04187820731970948	1794.508954038034
-4025.6684116570186	0.09948831518862072	0.7418557413781286	0.2717037204167613	0.025072394637012888	1.432784925990665	0.7441585579359932	5.172322742200484	10.996405458229809	9.473295465289734	2.6591452895793872	0.2337393501322705	0.006452237951935786	0.034320702212511406	0.006363412199127248	4145.251740591104
-4861.225043531698	0.2528544897674539	1.118775723130215	0.7303817685443232	0.03150925908418416	0.9214541108611799	1.0386487427867073	8.6171639598022	5.21997547822561	4.9398082165217065	3.9146297159647228	0.0486257938369057	0.056798903979385106	0.045011011750548835	0.003465839891794225	1256.5057771253325
-3034.7442949124825	0.22473609033957886	0.0033825425618537073	0.8007739469649443	0.03596200828091237	1.6087315020975403	1.7406477308814785	10.753978157501509	10.991905727131124	10.998794613056996	3.9394212381942757	0.02246320840564347	0.14160410575097282	0.0784166567910312	0.011408094091891119	2345.6849094084905
-3570.765777235958	0.11911602030920712	0.7481172007074118	1.8776900483215715	0.023484210533003223	0.8516607107347585	2.265785380597831	9.760753217462534	11.0	10.696712113859018	4.208686043602355	0.2392029195977989	0.06698244447691962	0.05143417893524205	0.021570743391031884	2585.4609392839475
-3817.5375721939567	0.11292083442309676	0.338864002901722	0.14805471566239561	0.05043215680822749	1.5110185911448892	2.700855750883897	4.53127978314347	10.328033729047828	10.97157900365801	5.263300165150456	0.15667793952446	0.001620756609215229	0.15541031455812246	0.007379956800432937	2152.2809174272816
-2886.0619797036293	0.1786314943113113	0.001	0.8275307751367891	0.04288142588776956	0.9267410003947881	4.367122404541426	11.0	10.045566182237579	11.0	2.6357688729194426	0.0028040707410751996	0.12796991030485302	0.10406380275086244	0.029347168126172336	2207.064967111404
-4700.621314245481	0.04557662780623055	0.256949512313789	0.001213068694674083	0.26099106425960417	0.15024447335420751	0.3049101898071336	5.708245074090407	3.780341013653812	7.484815428143356	1.2516173459058577	0.13309790068047075	0.010173448560199869	0.002467284678060187	0.0015470220074221693	9795.514313610098
-3653.006969597337	0.09280942812178487	1.2878735608489587	0.4325542227701717	0.020393913965531082	0.8931552639098413	1.1368981498351325	7.964460276463313	10.995984403462451	10.999999999999998	6.564097080103539	0.19233533822183183	0.04784704801982718	0.033476612275010996	0.020671227278011566	3219.078476080242
-3090.3051430554615	0.2698947238860484	0.0026472530501835795	0.3896372561622055	0.05434340663587574	1.3088005700159966	2.350038839693263	11.0	8.057639732382572	11.0	3.3634987649287442	0.058451567111632956	0.13204335433318812	0.09241404919769662	0.0029045537454866393	2121.9751936189155
-4127.914873078717	0.1066361730677842	1.1764822763357263	0.5708317555910385	0.019627584960077465	0.7060153900000519	0.6086259188674846	7.790376493983796	7.923956742396299	10.99315847462186	4.502227510421532	0.1991361653276707	0.041151180752821655	0.0323274767380877	0.003657991596618943	3130.1023533982698
-3080.0948604933465	0.2878649655909443	0.006144990870299959	3.5418064809559384	0.028079841672269665	1.3808157269095012	1.2546913696428716	10.667144470182476	10.646488081164716	10.805289837854817	6.56054201034731	0.1691585673941436	0.190912279719254	0.08425188618516943	0.018013236812341148	2507.735334326636
-3444.1271396360844	0.12780460153655146	0.001	0.06400576535396289	0.0713655318503365	0.6716670516552146	1.0572595034498737	7.356608236806807	6.969116179563918	10.535329546679966	3.049330142641719	0.15729804372244788	0.005303444820747183	0.06969253081387926	0.005117987417507924	2944.7093397494264
-3114.816575423709	0.2565077469112176	0.0046747427459226006	0.8842995983786466	0.03745024626545771	1.5164498361156564	1.6698024837216248	10.995180169350187	10.961133283626666	9.20039625982455	3.04138899423372	0.009595448548682977	0.15852646145036453	0.08042025221081657	0.0020942902429739603	2265.85465899881
-3670.8038504364886	0.10048775284399723	0.9235085825725083	1.6840402886788872	0.030519516770371163	0.8006965996238552	1.7432460365735778	9.507204575930578	10.586660684544913	11.0	3.1655602132390688	0.17650656079892627	0.04449392366131722	0.07524989722462308	0.0177279965393697	2546.564135116218
-3601.516493856162	0.14487467773336551	1.4741883866836516	1.260875500861089	0.06689687121158339	2.105310175938088	3.145531753278389	10.821458642815008	6.990771545496519	11.0	1.3220328806674744	0.21944590315573612	0.0012967288470678421	0.16002538415996015	0.015610126896435799	1823.4023231295662
-3569.7361678565658	0.1451476350297924	1.5625331952377581	0.5883309359760583	0.041771956716584666	1.2234841677801138	3.526090508334374	2.760017294136248	10.722699492221407	10.601351434039142	4.397294010785395	0.31721736025247893	0.001	0.1056702452965584	0.018103492992606475	2439.249223764777
-3379.4012438610357	0.1309436931810238	1.9434089065647027	2.7029937241094317	0.0444960615718173	1.22794238029595	3.965306250493741	8.580105602271368	11.0	10.792829980971044	1.078584693004872	0.26817757533467834	0.011568161456386623	0.11299993742187411	0.028178889913287618	2233.99584626714
-3988.0305502671026	0.16627115411483026	0.001	0.19651985503846253	0.07901654670275927	1.2513660514746328	0.6141491370203581	6.010315013002437	4.759945414575191	5.860756601339539	1.8721977787456845	0.03189366535834683	0.006763246294731318	0.10274768890039189	0.0017962012903864387	1753.5389430219225
-4067.0701148083226	0.10077516284931547	0.4401940224738071	1.0647412134726564	0.02523070813258565	1.5896936721464625	0.8571483457883023	8.36255069091977	10.915855215223296	11.0	6.603796173109749	0.1709881572824681	0.033162226808821776	0.05968633469908035	0.0027583635284459283	2857.5963015926677
-3853.5398915268806	0.10953143595089997	0.671014201798606	0.702614580318837	0.022510647161426707	1.2607266188262019	1.956782020092007	11.0	11.0	11.0	11.0	0.2331988285705069	0.013138415617041729	0.05535126991208569	0.008419835644027674	3258.031373011259
-4161.634620126979	0.1074882640966465	1.414076381585748	0.29138236051333716	0.018267947591182977	0.566072900745174	0.6093225546766332	5.1255024239131455	10.599261014665352	10.137160520945187	10.885820914967862	0.22143351781902265	0.026692008202324004	0.029296612225792197	0.0028968923012510687	3583.275003329011
-4063.2380674866777	0.11428738248575245	0.837777543816859	0.7077187624894267	0.02750613094456362	0.7243562213245266	0.8410192663975752	9.311015372355653	10.94394143921952	11.0	4.612228008928587	0.20170528730868414	0.06001778779518786	0.05450111855259245	0.004172915360350809	2655.036830520484
-3308.45324093825	0.18984038018474594	0.5738533773112426	0.001	0.049067085692880576	0.7725409496806327	2.8693286025516778	0.7438898805807052	11.0	10.520998601764632	11.0	0.3239093586171348	0.0446242170785675	0.1416568718562642	0.017560807501136574	2439.6733544746744
-3658.771336062742	0.11968361270015815	1.641328105803532	2.3804947360029525	0.04688648468832964	1.9241359799175621	1.4049059479766315	11.0	7.819213961722859	10.641380593926074	3.1538247695835353	0.1661356742216336	0.11131443161269432	0.16025802180471416	0.023533797420806888	1762.2016880457672
-3059.336524868269	0.26723922012165335	0.001	0.0029636420803565667	0.059912370169393804	1.281499643473724	1.534705941166428	10.99566575443698	10.45193619846861	10.349803653123377	7.937038242013199	0.016374552353184024	0.12452929557192492	0.09970861478744951	0.0032475336631815174	2397.173030694386
-2833.2307301909077	0.25374005096540597	0.001	0.3275357763436815	0.0946213479644382	4.705929049638435	2.5561139109852746	10.882653174694097	5.8125634725216635	10.44476734725453	1.707768042102418	0.010314886056353894	0.11729746815606495	0.20168554274757047	0.04637688702714823	1554.965754271761
-3627.789833608891	0.10633307105753748	1.6331134027991714	0.6885042645305227	0.022310803882143078	1.5449203283360902	1.7635659983464562	6.478296816674554	11.0	11.0	3.452800178620707	0.1558884455279765	0.16422484385781574	0.037277641249515325	0.017445875348693827	1978.9447885427169
-3368.481533326083	0.1388397309835979	0.001	0.18883699410878466	0.03892278007254835	0.6694695041051674	0.9108362599485076	6.581356465910666	10.4799651765111	11.0	4.567045363038089	0.1646242121206502	0.019692154635512507	0.07137812358219281	0.002660903109948553	2994.8598715279704
-4253.133181329929	0.09771600949082707	0.2818548917406224	0.1989631504774432	0.019296116244313856	0.814010142562063	0.47392689141813577	7.241470585490657	10.554285555266125	9.718807160509876	9.989504208126304	0.2509230508181156	0.001	0.029492327742077558	0.0015219494892652872	4972.221991573395
-3196.3101794190616	0.2322851771658749	0.001	0.3041334930567957	0.03597750517358107	0.44185865407753283	1.4344147693126421	10.990734866890863	9.133917763621163	11.0	8.315781199436657	0.12470950115926617	0.1070024976927817	0.08822907734664079	0.004567684776362353	2567.3316140621
-3185.266381755648	0.11555796766543958	0.6258230549541849	1.3311012741737331	0.02565139339987683	1.197657580745274	0.8064406150662276	9.236868852523772	10.781498486849662	11.0	8.557517120256923	0.40885622034089436	0.01606326748531453	0.06452418331129765	0.05492126591147672	3559.8682878329396
-3052.9041052052303	0.2000056270192264	0.001	0.7864809487054532	0.040158954243144265	0.6949110121787877	1.2702183808756036	11.0	8.203270016115189	10.950012916635087	5.843716494640407	0.0976401220990177	0.10043995545089857	0.09832640893653574	0.022461851477861373	2456.9575520080757
-3690.3781560025254	0.11871947453560992	0.886056555849659	0.001	0.05695130215919075	0.9208573404502741	1.0256668024731752	3.637745940026596	9.133955236976945	11.0	10.837411712556618	0.18718630279201837	0.04065513600524531	0.10208295006340738	0.008834215378215347	2885.1085516003272
-3996.3485720044655	0.1290461777588135	0.6534433845121744	0.5071425013667645	0.06148234263547162	1.9678782440858589	1.3574045996504625	7.983416716676698	5.246323546690909	11.0	2.8037712065317884	0.18648524096742927	0.001	0.12278123549145609	0.003373376438636724	2144.922910547601
-3770.067323929248	0.07640909662245662	1.486435075323698	0.39820237957243154	0.021047000332480286	0.9829266004235553	1.1533652385207505	9.61894040311584	11.0	11.0	6.290970904761537	0.09376040731966956	0.17333284370291777	0.03414429079329557	0.016151944196471382	2192.4352358754745
-3605.122504062685	0.11774359428482636	1.1572757677873657	0.001	0.04483870598136279	0.9775940860906946	1.1855186379272658	10.99952709750733	10.997870984420814	11.0	11.0	0.1048770198390972	0.09387541902763526	0.14251627497954508	0.003418287161670248	2419.872131352778
-4410.118346867239	0.09163976219103147	0.7392287727055042	0.2920474279523888	0.019988988984407565	0.34146010080541456	0.6754682319317065	3.9843386682990714	9.51884495322428	6.812591833158693	5.468813263868026	0.15393681250303026	0.042547295471088015	0.02842078347150962	0.0026433625452217265	3256.096066416879
-3834.590024050584	0.0865766743733342	0.8369310092993365	0.4392113597214957	0.029517266865561366	0.6531585313196994	1.4690631717632048	11.0	10.911922397756431	11.0	7.905611458868642	0.12909717821778327	0.10510195620846506	0.06247341278580168	0.01547623805718585	2481.8208744921285
-3154.310136854989	0.22951714594240252	0.002572897712133214	0.5318635850357437	0.04650996503701668	0.671363390642484	1.1712088558332776	10.995040187007433	9.168250806897499	9.97488987360035	2.245878183956372	0.04900241415766959	0.1382580158564518	0.08739874403403011	0.009578159488590332	2413.916758474177
-4265.612468478261	0.04069883299398621	0.40583970940727737	0.014617653957550417	0.013481095971977016	0.27900197395012205	0.552452355222858	4.503336533765669	8.153175250104539	10.63629531329457	5.988284316819454	0.15564825131854582	0.001	0.005874696293894466	0.00439549039748467	14187.010104312307
-3819.9119433984642	0.13081674483723363	1.3915908727929227	0.6086892894219285	0.05154277941035885	1.3696355109673317	2.555880431264044	8.074505415847282	8.747430727677035	11.0	2.3808232876772197	0.18788455901393125	0.06713936326752484	0.10984480602613746	0.0076568132353618075	1899.655097843981
-2971.6497037695576	0.27680018505946297	0.001	0.0015351661977308566	0.05674295239998843	1.1573667652270891	2.254055975465578	9.13003215737769	11.0	7.939223222776433	8.566171244851528	0.07465733021384903	0.10869154160405405	0.12043622723950517	0.011876137809104566	2306.53664773655
-4756.328063775651	0.14430884335968397	1.22079624179039	0.502077688393619	0.011995033204392585	0.3202431563379413	0.7730292784144185	4.58836938649166	9.676415787945572	4.682593536778374	3.9014139226985143	0.0806673576084932	0.1255205363852808	0.017567942351986658	0.0024012137002621093	1625.6105345627016
-4023.8622143484463	0.09375153075156056	1.4175030116525509	0.27772091247636904	0.018975609292726424	0.9228421280393148	0.9651371851250127	11.0	11.0	9.16189083233662	8.984014552689716	0.1259228637843404	0.13644852928446982	0.027957076355461786	0.002394618746686491	2298.879274871643
-3171.8312896576695	0.1868037780695999	0.001	0.3855731976419361	0.03462226474943844	1.3308266448436188	1.1788326631164305	11.0	10.981471822731265	11.0	7.791937015058767	0.08798753430645696	0.07640077101750417	0.08584815142152952	0.0024459089241553682	2482.9713695781197
-3440.771784445258	0.13898300250063628	3.306945669794793	0.22893360405146726	0.048706122490836154	1.1061716872172762	3.9398469730962784	10.415847697424041	10.394864042665489	11.0	0.3390168427191776	0.2274362179631814	0.15740855783237626	0.049247339784515606	0.02297493082767977	1808.3702866161248
-3426.3203380879195	0.1709765185639048	0.5448063623209368	0.003143645525670915	0.1326155891591951	2.622347034109958	3.8583814617275873	10.999586161314316	6.297758756656812	11.0	3.029785107099813	0.24788446117101412	0.03400445160607522	0.17368879558759986	0.02190823191315366	1813.0863467704335
-4389.443369471725	0.08576453383611998	0.5208863862246699	0.42441579317400097	0.022472350028581015	0.3564856092371904	0.4211179211661717	7.0139107814300985	8.626113514941867	9.625543013288063	10.132691261484013	0.1590873725188782	0.026440109285040456	0.049379500259572454	0.0026953509910244773	3618.361089196179
-3468.857873580486	0.10601301567864045	0.8801144377268197	2.098838310092175	0.032868587481997995	1.0518388463277806	2.2935506552373193	4.31005729053197	10.787575240497917	11.0	5.3527918579815825	0.2182063827709693	0.004044230432049861	0.09751206957928818	0.025993553476639134	2729.3650119710937
-3999.6409480983198	0.10582426694315823	0.778632670620723	1.709283071162483	0.02420995923234291	1.1140304191295938	1.150366686676238	1.9812286382507531	9.196032635407569	11.0	8.96789722402897	0.1937321508887447	0.004528564677673189	0.06765544898080966	0.004315800851046983	3046.3599335556905
-3744.3206442223354	0.13501570014508318	0.5847630506347503	0.001	0.0511188025547572	0.4372807795599567	0.9470532995368498	2.670628690068327	11.000000000000002	11.000000000000002	9.215689770744282	0.16874242383096236	0.03439442291812467	0.13647555438899173	0.001144799065222057	2653.6256769519573
-3901.3342961157614	0.08452577593824831	1.744464130157427	0.06339124467632262	0.024296810691131956	0.6243940990875166	0.5145388992988247	6.329217952835295	9.085196662019351	10.814814107838242	10.19798883645037	0.11779970985893841	0.11877293331868491	0.021397665158028926	0.023050549485490162	2457.634938968369
-3374.384848319034	0.11777223705352466	1.2758979688356054	0.8719475768185718	0.03902749954734523	1.9776139462966182	4.321591669579476	9.753012183643492	10.851347704183237	10.996889305126718	1.037869227082427	0.16838294480310698	0.2064574862894103	0.06462336548854446	0.03267854013806107	1779.9048320936865
-3521.1780582846022	0.10091560643989486	0.27639417181383225	0.28651765438696575	0.03910362234607648	0.580251986532748	1.5790463087888424	10.935762787107766	10.975361533711744	10.967647873482832	3.8574943969767426	0.24489030457092784	0.0018593987678342037	0.0779120186406326	0.026426110855394765	3342.1716468213726
-3599.0242776483337	0.1177573210679624	0.13792843311036965	0.8453476074838275	0.034404442510606134	0.9012598375870983	1.172157979309613	2.0087487018920602	10.998735560608967	10.602649482461798	6.208846982467814	0.2702564239153613	0.001	0.1016560321354992	0.022993357721969903	2891.807422235369
-3618.886997931396	0.1102975863504231	1.5800397579868488	0.5472942215656069	0.031225773118345804	1.117521405275141	2.952334534710735	10.967887241645188	10.977224766353007	10.968752669129335	0.7861481548353457	0.17349958295434503	0.11249761605272526	0.04519714626451785	0.015555066628580952	2159.5617787484593
-3018.695329035645	0.28408431623972147	0.001	0.0017085881802261773	0.0642140253023269	1.5972386830885756	1.2866067440534836	10.070275581476354	10.993583125316752	7.626380120879824	6.537305702553139	0.028466479622009554	0.11560434043635122	0.13555802838999617	0.01571994939490618	2237.7877237848656
-3472.2214095757654	0.1371659482024085	1.6026903310464293	0.2183343420560701	0.04133377400489242	2.5195385854538332	1.3987234652625118	2.3882931049996827	8.46050094220933	10.659536015552925	1.4012876254115898	0.3067781213470394	0.057907543742564335	0.04489948087518574	0.02585182544587853	2514.3038197115884
-3742.268071162078	0.1245042032772346	1.912470732505402	0.5738888720678983	0.030816056508981976	0.687952522373919	2.2067184733086647	6.845033785999444	9.926439268737036	11.0	4.3712230016618525	0.19610066464375311	0.08907370097061028	0.05384115512488477	0.011667924627736446	2160.689563029145
-3635.160793656136	0.09515315019759753	1.980406082206489	0.5490542303410105	0.020680241863350747	1.638369745250391	2.499632638844342	10.957983389138366	10.997654704207587	10.997697775164893	2.708376296245343	0.10686584876366712	0.2323120603726948	0.030272026904209836	0.012154771551917886	1843.9207190760742
-3176.6881439637627	0.2338285952348998	0.0018780422051568007	0.6769852768043891	0.03811568177322266	0.3537332676004361	2.117247319802979	10.435820031986186	10.398239005590533	10.814613957379391	4.55841079846749	0.15979600407531544	0.08558147235032376	0.08872633754127907	0.0020603072655952103	2373.226528164277
-3927.515741193798	0.08853540688864528	0.7587820461459325	0.09735499261009231	0.0345900221672879	0.6878007906344902	0.6243093325384819	0.15054742705896387	7.35438481264481	10.830149085242194	2.383665364910361	0.2305681720833137	0.009521729587226718	0.03037369527359005	0.014343882920455634	4665.278402003653
-4935.55684966008	0.49451780434114484	1.199123806367043	0.0018705663387377208	0.08860384019748667	0.6293364149782001	0.38618793164329696	8.386304097971776	10.105672393986076	3.278172390481959	5.658304533300936	0.03271226855758771	0.06494286905880933	0.0028193432890295583	0.01016422155377695	1107.8165296386278
-3144.3374326276607	0.2579951342613385	0.004136860595738067	1.5762781595616484	0.029096753682878188	0.7299671625375621	1.6592927825875867	11.0	10.984186482794751	8.945464359225022	7.533985818069415	0.001037313610710336	0.17339812895573428	0.08136832378411958	0.003664985428501473	2396.2096842410047
-3069.671415128141	0.22342719895922336	0.0024327001336284714	0.6280696533713215	0.04301944983618648	0.9554857748129809	2.2917028633888106	11.0	10.103248999991743	10.97049025995176	3.0267238416807887	0.06677979591880208	0.1154523574375771	0.08843294795532201	0.0054841433367585814	2271.2496417188504
-3574.4834713726827	0.08991779861126828	0.9913013842452038	0.6614206000144983	0.021535826272028318	1.4931127816058154	0.822697177671572	9.50763339638783	11.0	9.065824642262248	8.89826340983098	0.21617734026086488	0.02562672428059654	0.044557527865825855	0.02877262403473657	3656.381183396163
-3603.451759601453	0.12203326176286604	0.6542385903403296	0.783735430499765	0.03314856540997446	1.394923873779421	1.165224380444771	5.56361912718726	8.88604634695803	11.0	4.0058264817199225	0.30265795195556483	0.0013393330503740396	0.06756784837314087	0.020592166373664164	3234.9296443152716
-4093.630477065123	0.09753368748849492	0.6962037446817065	0.2779211618317975	0.05183845597483426	0.6698392277641937	1.4161916151166714	5.69742649114846	8.651428792655784	11.0	2.872432048176076	0.11524060789375629	0.07869507098755656	0.10156073592595259	0.00474747142169556	2109.428884362154
-4031.006931069074	0.0894274314341124	1.5844452247527063	0.1063270528263046	0.02608534240391064	1.0250662549823957	0.90807015373451	9.690949124386163	9.953755650455998	9.841353812934665	8.256458406073147	0.10219801052706712	0.16676450800003562	0.02764082717309353	0.0019211146622694676	2114.937168755008
-4044.4817750395605	0.11899167331600304	0.593894413747679	0.20216077662785745	0.0363064892331176	1.745330417827014	0.8007487243585072	2.535668596128294	8.704596304541743	11.0	6.020938216783426	0.23338097008092748	0.011039840455318925	0.05665023823330757	0.003559695937476032	3123.395574627013
-3123.907083299867	0.13784355694650688	3.877221698718066	1.1952312345770815	0.06207672601533942	1.9401198068326801	4.0647242095445195	7.921276475976545	9.826108929628367	10.99637914478819	1.3834242097666392	0.2392004986048557	0.10519371963353312	0.15700925172908964	0.05328855468379225	1633.0806081539663
-4224.179197751198	0.08710538000859969	1.1370302964709758	0.72755245442941	0.03307391360159421	0.8200726475349331	1.091531809838815	8.502932506855014	6.898785196769019	6.5324789997393795	4.286381207518593	0.10713761143495547	0.06854874816805821	0.05910449966638684	0.008959032196692715	2293.5096551352976
-3460.0208591064893	0.09966833153115827	1.6870102942025988	1.0644883690247238	0.023596110124774656	1.5514858311782171	1.4385314179788773	10.838745675215518	11.0	10.993472326625932	8.280582619631321	0.161023304453299	0.14033184981957078	0.04892463896766141	0.030486335021929375	2203.579537147141
-3837.5561691873745	0.07688344618200565	1.072309588720654	0.9092059923264516	0.028072716765068575	1.3659698640947275	1.4198036782184391	10.585526945932402	10.967612373141941	11.0	7.352336710056912	0.13095321959406908	0.020100010709812138	0.06845507501239499	0.012882929167014763	2988.8449130954805
-3785.3053734020123	0.11135928630763396	1.008915942206427	0.09422164964781783	0.039609155141914494	0.7700500236753114	1.2506898162531292	11.0	10.830298829452751	11.0	5.180015224950213	0.24992371852022918	0.009339275502165328	0.05736254493482801	0.013288874007957087	3405.506230718404
-3218.277176646818	0.11726561329775308	0.3020820902239033	0.8694698014019798	0.02984555809965509	0.5873411413173526	3.0279019401156395	4.9484873215556595	10.933434087464825	11.0	1.4550746842798212	0.3903700902183248	0.018188585720689522	0.05156593735113853	0.044482535394757494	3548.3642261428217
-3343.2597015942333	0.164189392312793	0.001	0.3868627821548946	0.04131537018612667	0.574766040142819	1.0131382510018265	3.619120659720938	9.991347532827694	10.599857561796389	4.32319374008048	0.21764857194969012	0.0053502478142483136	0.08871792074774226	0.005081740179043756	2684.4725902147693
-4124.904979177452	0.10386960123125233	0.9954933284550053	0.4156533915648064	0.013616925206882489	0.5173729092758341	0.6108069470975224	10.203492621402791	10.375758952060668	10.471069799199157	6.146801893457166	0.18437381551350002	0.0816734560722537	0.020488968741532797	0.003781813226899636	2895.3584757452995
-3125.5205308277327	0.2744931215654917	0.001	0.001	0.04766427718301787	0.6662845426706996	2.079845710459511	3.5458266472326105	11.0	6.76887882678467	10.967040459377738	0.23652572228889274	0.006620976288777204	0.1432516091370525	0.00703970065680719	2283.580624306247
-3764.99053097801	0.11185699920581116	1.2143016900674741	0.24802927197999114	0.056975571585098576	1.7109068000761791	1.7450646946289423	9.495275884013184	8.177000809426092	10.88421313296651	1.3077738021460257	0.12793011023000284	0.2692489276103524	0.06164565203286609	0.014343997482819221	1743.4633737833972
-5248.370046005031	0.1297010025923837	0.5347298758716534	0.8650549390175207	0.021252409888520292	0.3039172906638657	0.40465666357015095	7.751482834571922	4.626138266892377	7.494612723478152	4.982463144673586	0.05105546248245141	0.08171991363503153	0.03680564835231753	0.0021671295499074475	1752.2433428927166
-3130.598955183739	0.23258857500971267	0.8880068161203134	0.001	0.06400858110600201	4.280537115726248	2.163116174850376	10.836696574415358	10.526199931702795	10.824897004596183	5.513979820516321	0.08239937837215035	0.38235947790087255	0.3475035633953043	0.03401447676782118	1569.2622121049476
-4135.115082591408	0.07653237342177718	0.7566904851877982	1.0722509148831938	0.019331777392831616	0.29491925340913105	0.71107172162963	8.117615797642799	11.0	10.993863131535965	7.43836718400877	0.15272438774830718	0.018945039412970276	0.04478137181576215	0.005518390534337735	3858.7382050523643
-5558.3191591520235	0.30419313533953807	0.3759065543732064	0.659436587088295	0.023047749715491245	0.2583637970487415	0.6106707929157453	5.009967797502576	4.747786313184021	4.531281557451636	7.1674780849036415	0.027698585063182114	0.018696602787862223	0.03448942058439018	0.0034699455283666537	1290.6004591940805
-5425.132383994603	0.23176585361065732	0.605419511566072	0.7695726776984207	0.013874149222772384	0.7626792395330686	0.34284831201729365	10.731708237660463	10.025309924038025	4.242396410127913	3.1403638902452613	0.018491724482871858	0.039872621656331216	0.023545014937255342	0.0034688427733073944	1292.5589958857283
-3598.3307633226104	0.08970122002110228	0.4394985981310314	0.36384195565714383	0.03903062020337504	2.1164727790585243	0.8700061928248329	7.233484825963098	9.518989335084369	11.0	4.614595492884977	0.18347545013601416	0.012450754260904869	0.07987342495113	0.026629768071216964	3115.76285003367
-3718.114008020485	0.08752877805137264	0.8935118882687587	0.9578888495714178	0.03209145338853931	0.8877536758334974	1.9758976207850256	10.494076749586664	11.0	11.0	8.056066241616323	0.15051166534663374	0.010192714073662042	0.10000241081417076	0.01739961136843317	2733.046363143229
-3229.780659615766	0.18578228653815673	0.001	0.8320641873023001	0.03418184101513453	1.4468999804422047	0.8130298412704711	10.978935991451417	10.82583634356714	8.986456307435443	5.794798768568009	0.1525729527835833	0.05380421710576446	0.08684954150041056	0.00635365480718811	2564.1017976426333
-3042.875675075821	0.21512432920547142	0.001	0.07607825226394871	0.04864441307765218	1.2755968382324334	1.43164209550581	11.0	11.0	11.0	5.4164802684501545	0.0036601192067393087	0.12001678358509864	0.10455832679620254	0.016406375854712874	2278.7266789808896
-3462.670173342501	0.12907836441949097	0.3182552373012788	0.5506777465842237	0.08828157830703194	0.7933268938875428	5.191692390030792	9.478970512764674	10.863920517554327	11.0	0.18071302248959786	0.16869806952171332	0.0013557042382324948	0.2454834270981002	0.030245851137680087	1599.1997688605425
-3986.9033442417185	0.10654983810099622	0.7331305393416956	0.3578627267305792	0.03557971283425149	0.4961307791694555	2.11660350332035	8.674655847551506	8.668069144024754	10.988292840781956	4.954400553792702	0.16039535842518562	0.07330578007569176	0.054488673824569206	0.00558183551890575	2446.1364726597426
-3738.0945993658024	0.10035976796989254	2.3530489160941004	2.1545128847562682	0.012290211558153217	1.597455154488928	1.0240077392527736	9.847646390988245	11.0	11.0	8.83100664313049	0.128814725940659	0.17735624355373242	0.0267213500506321	0.007922675149687579	1961.1792791967562
-3194.5190388669753	0.17142686239905036	0.001	0.6907722694171663	0.035109341499880084	1.0399846457598134	1.0162843656740088	9.648526464569507	9.960936090445061	9.873742699512974	5.840149857274348	0.1184309533977014	0.06787115035389997	0.08112156033448703	0.0096245673129623	2614.6475851242917
-4028.195252695116	0.09971743285358385	1.4964650767286654	0.9201783141049715	0.011577344052033318	1.2650159185450913	0.3924453915649741	9.835722644623345	8.754926170615239	10.999861272390765	2.6977161450002725	0.12263326950365742	0.1934849771625415	0.01963683871161618	0.004146770066709661	2071.7463430163393
-3574.599642848423	0.16342717578403554	0.001	0.33623861319453613	0.0408799414617979	0.40667986460044786	0.7977932940110305	0.614735453350509	8.444216625202039	9.070636576157776	8.461897066542045	0.14215720088240977	0.006011879823379307	0.11734121037399048	0.0030239595514236625	2376.73973066336
-3846.8359762928944	0.09711475894252863	0.7191530841017953	0.5725728847860545	0.026091770904230573	0.6147052019307935	1.3718951349053623	9.03945932763771	10.791707076477525	11.0	10.559929205552868	0.19174665713906777	0.01643156956566996	0.067770831243948	0.011705031653228433	3176.9759384831136
-3288.4500628249984	0.11744500741522904	1.0296920909711123	0.807145289987608	0.051849798391048904	1.547256537207421	2.242601026940932	0.2142280584729371	8.443897448744886	9.617642675201356	1.9788430685971066	0.22024989839647255	0.038467083710344546	0.10368430678723452	0.043034219106824353	2215.7429262111573
-3509.6632614675636	0.1237096637003509	0.8616907704124245	0.7708259451040846	0.03304044696537524	2.4758412839665307	1.504789953787114	10.998130066299915	9.693407551929084	10.988661784110377	2.5487328267078757	0.2740612286693748	0.042547979025964515	0.058324925487248984	0.022979690986551594	2684.169910100146
-4117.56645607721	0.11522071104056077	0.8614767158728609	1.035892255531571	0.01729562202147197	1.5391614510305693	0.6663763776081797	9.707992901506467	8.514334430757938	7.662337026961348	9.316255333427065	0.23408087626875315	0.023237009562778247	0.03436134522441973	0.004650783655164007	3351.494611662392
-3586.063397336412	0.10907288885927492	1.8903939248318553	0.21231439347423842	0.028546898684643135	0.8741057554247923	2.0246616510960367	10.842300927303402	10.420635958317547	11.0	5.4776669848492645	0.20388363060523446	0.09352321554815951	0.03688833149306005	0.01884805317189776	2497.8636249893657
-3067.6748154168954	0.21404459242908042	0.001	0.3856319262849274	0.03545434169597931	1.232797910756326	1.301220383708474	11.0	11.0	10.987554692910903	7.7082597487062445	0.07510751363206751	0.12064919650150316	0.08843379245665244	0.01385231138815246	2544.247666994198
-3138.3270650272375	0.23668263092087158	0.002904857234580613	0.45913960866011694	0.040857226664518194	1.2873446016463388	1.2028297318020693	11.0	10.614807458595267	9.470746907593698	3.828957184195475	0.05461695879857303	0.12611290853811347	0.08458143052583306	0.005080336248274769	2345.847669236102
-3645.9141497613587	0.15120799553461908	2.274201803854983	0.2754189646739662	0.015418581782506725	0.9173695412466781	2.543571613237486	9.957969947406404	10.926115716866912	9.277608168090909	10.995196370393385	0.24964043648196932	0.11410685918710424	0.020992575020874194	0.016119490851447343	2105.8223250697574
-3446.5336295178427	0.12777883544107752	1.1419538748964249	1.5721522327676238	0.016427267586508275	1.2610634393105378	2.9343718276013266	5.8244637260309196	10.616063610797276	11.0	10.524197067044023	0.3739874600072799	0.04011493432496625	0.03705281036771945	0.027291852636220623	3171.85063479287
-3865.448418405689	0.09471303501243244	0.9280132006191988	0.36213310491451833	0.0391558088776646	0.9808413244885261	1.3409597199255017	10.519773904723696	10.629640203881154	11.0	3.0019328409312633	0.15702952113794563	0.039435747449693824	0.06364279996078973	0.009893536995565137	2689.1134773039626
-3403.7437784166623	0.20599577087555004	0.001	0.001	0.04924367591965436	0.6088368573659316	0.7324555527613338	3.591729674780763	10.999108654923866	9.699627810678653	10.981253755172453	0.2687949657650432	0.006526680971135578	0.10293849908761304	0.000310719438398015	2955.8064859573265
-3561.874683261725	0.15941303354769776	0.6683007962460205	1.5522673432169818	0.03806203935436991	1.0352128167680028	2.087915772147639	10.918680805472402	8.755167170589983	10.976278097675625	4.590527344000995	0.4233400277481666	0.0016907616984547862	0.10120622924442274	0.020661843498687372	2526.0246521383565
-4397.612531846553	0.09273936330260278	1.1779013133191625	0.7824677094124101	0.016989023100306786	0.6166198191521621	0.7097126986505965	9.861831114752182	5.515372424910799	9.187948823101179	4.6407578618795995	0.10275338415024653	0.07017035257982382	0.02901661360985558	0.0008492943028858841	2401.6176951816733
-4067.7901041193486	0.10595005706370404	0.6153636135866601	0.33476548844392223	0.021445782324125758	0.832548332475215	0.8468294942648896	9.566030293790789	10.90837713287045	8.306390968413622	5.288123573035568	0.21042554772273417	0.035508447016914475	0.032205196493483475	0.006033008429776945	3334.4896414627747
-2918.7743341805	0.3577061880948239	0.001	0.001	0.05546566325945641	0.6619528585576246	3.183841592750866	11.0	10.357057346658737	6.6468774414074785	9.198224355465847	0.005947202365484498	0.08462074033773781	0.1612475633180011	0.020556228689870636	2008.1272858044733
-4058.400719043969	0.11902197719371063	1.0005843539325783	0.2855179637641219	0.01982954073676093	0.6555894201173554	0.757273368278759	10.996265521115756	9.781807980475076	10.987167602453063	5.076402009042498	0.23023606377688025	0.058129710052943054	0.02681421282986391	0.0043995350292952646	2974.097520287775
-4066.645907257811	0.1074658149090979	0.22628658021424425	0.17679487648081105	0.03990443899026094	0.5049819092682301	1.0522346006412402	6.638333558927552	10.075562070927164	9.708841661152762	6.443393254959645	0.18745086810691197	0.001	0.09212636430010572	0.004960838503052906	2903.760334976934
-3559.492684043339	0.11255795833370612	1.274837987324101	2.6408389328683333	0.027695868115426826	2.109897729288227	1.977164468479036	10.999694355848222	9.102613525445316	10.96418964124479	0.03785990693759988	0.18878524799684474	0.07904390758882263	0.05294836775500322	0.020544745178021954	2265.891295368547
-3615.255321446608	0.14865759282126337	2.227314881458921	0.8236788021042771	0.04693121584147947	1.068692911328584	2.841500985325486	4.388123154632227	7.84189018926325	11.0	0.9414506921028333	0.25144514764730963	0.05686074478960371	0.0770271535229906	0.016184064503287736	2022.579384580298
-3765.823527853564	0.12035867822049942	0.3339177890637636	0.19841681422954657	0.04101268946240521	1.0182247784612108	1.8080792285295162	10.558477168084108	10.5420496683417	11.0	4.643068358349276	0.2753851829114896	0.001	0.07080213634783873	0.011625355333373184	3143.263007122943
-3323.6989253745737	0.13575200826071923	1.4104546437696437	0.6596911001987524	0.031154656641803995	0.8995409066307499	3.670533959392045	10.86580933487815	10.566530165911905	11.0	7.352765534400287	0.413141150915581	0.001	0.08432410239474396	0.033182665282799846	3011.3115317482193
-3199.879536174468	0.15477664591077817	0.001	0.009567368962895418	0.0614055059962398	0.7449110357030316	1.2064298504643414	0.06849854271909071	10.961440142229069	10.24382910966049	4.2048023456092425	0.13403413248862733	0.004670591343229372	0.14354618857060053	0.03094284208945519	2359.402717983218
-3961.835311747491	0.11541160011064988	0.7382839929668122	0.5567102402452664	0.030166279749533252	0.2957753967006493	2.2648987546343102	4.960945951752679	11.0	11.0	5.699233765792618	0.21658712052899715	0.018647938805064875	0.06510258891878953	0.005321402267726226	2901.449938752015
-3823.6765256148597	0.09571059116374847	0.7091111418014067	0.09906736663026004	0.031222894589809855	2.30974363435825	1.0693025689739966	0.0	11.0	10.902854486461619	9.878522171127369	0.21333437037483952	0.012523416346481004	0.05078906061853413	0.011459111877177512	3662.728667297701
-3203.16505833399	0.1947107182820073	0.001	1.314292511959563	0.027982502947584736	0.5097729427716844	1.2068332104622042	10.992404844271586	9.956429043413602	11.0	9.804287574907665	0.20215519604782686	0.07243375715936964	0.08292533875853557	0.007919475060783637	2823.597985440417
-3755.9976094106496	0.10629958359742275	0.7598811801365921	0.3285391941788257	0.025963030682283224	0.48729275048632487	0.8439597256217537	0.8870318499689377	9.464999433456482	10.977518635901612	7.452961667953265	0.3129463101424218	0.004325781978649375	0.04756722822625561	0.018260146201091888	4232.493783007312
-3851.8725384501286	0.10052016578770784	1.2639769735572453	0.6297375801812638	0.017816102941092232	0.7671161311571377	0.7757276406802032	4.841135260972765	10.996479639935085	10.984356478814501	6.095854453641199	0.24871198196143818	0.021188930148651575	0.03136940732179006	0.012440977126960098	3939.176861022977
-3881.580912458927	0.10607349441105761	0.43029881150552063	0.5230990225787264	0.02788900275800368	0.6504213366196373	1.4541632582765096	8.535232783510226	10.217229010148916	10.983995211086787	5.024196032422512	0.23372674201926646	0.003222316875059407	0.0532923243436071	0.008736201632428012	3546.112713552344
-4034.516606089838	0.09427697339157115	1.7055834902602616	0.8507356913492602	0.03286723820266352	0.5961932550016923	3.2586611533779326	2.5095207450682726	9.676025896331053	11.0	9.800574795130718	0.11458596169359105	0.050009151722479245	0.11941712726413006	0.003270299015477454	2105.1421001196245
-3070.774264760089	0.3858059051553248	0.001	0.001	0.0500849718693022	0.6039537900020796	1.481541756388134	6.280133817781424	10.98135734410122	8.596653250974631	9.699349271995949	0.002186215679100516	0.15852570977490224	0.16523774960677165	0.019489989784846635	2140.5905299274477
-4257.955918986588	0.07848213503660127	0.859944616026407	0.7288316655648678	0.03685122557092179	0.910792322490119	1.504263077020199	1.3312125159874797	10.342148037648657	11.0	6.330290248383253	0.05998627978727952	0.08044982278640311	0.11584772290163743	0.005712708126632379	1868.0453911488169
-3988.541403139896	0.10805525601642206	0.3690747460249178	0.4560806401409422	0.02987875311194165	0.6175527230210224	0.9569820795756029	10.118464468424134	10.91037757806898	10.247253025025849	5.50728787165991	0.20050742070787828	0.09304621722476995	0.05670465059968458	0.012383879792948723	2770.5332870625357
-3089.187038171375	0.22241111082426354	0.001	0.001	0.06434830198704983	0.6946623638748768	1.3115124643535612	11.0	11.0	9.556879840839109	8.674131329289965	0.04994363875325204	0.08432242005196156	0.11135620796116644	0.009448987559560862	2495.2448911366405
-3393.2054580277095	0.12386283296218818	1.3553332947384966	0.5772082427818371	0.041598899643892615	1.6195097512461218	4.434630664102752	7.079715683059216	10.768707445895656	11.0	4.179388931864857	0.27178900833588804	0.0016301221187697	0.09911742150651934	0.027072822567732992	2594.577179078858
-3926.9181829724544	0.1464258900641913	0.2367735528080654	0.5037530078201581	0.04174641164900713	1.9733666818209037	1.765525862940488	9.463768750698714	10.161318528469401	11.0	5.136287735781573	0.2527748590275122	0.001	0.1039813472031094	0.004411531904316145	2338.876806844001
-4299.592652220641	0.07044591938506098	0.24524801968627563	0.5710388697370494	0.021422468958452737	0.606665943368859	0.8318460972170907	4.056545095951096	10.997950013766427	10.862590673340089	10.480972788456198	0.11256600292840144	0.028238521726182294	0.050269819302016974	0.000995899640221182	3407.2843159537065
-3531.2718169261025	0.09702667271561229	1.4361646263657954	1.0465926838057402	0.017572239240180372	1.1801961198007676	0.9847787679992971	0.016135417741277747	10.99215797805078	10.966361427754933	10.576877395380048	0.2669148640330428	0.01962381202629607	0.03908829477325991	0.026908175072231613	3945.234339192927
-3075.293602429342	0.21921064191173933	0.001	0.8838737455573825	0.04615475284499973	0.8361656872236616	2.068820593243407	11.0	8.559411078463496	11.0	3.1186971171433733	0.055890380201668914	0.09573686605328136	0.09849926608040939	0.007699382196271732	2119.4194733898626
-3920.3978573623613	0.09644264501840094	1.0996615358431792	0.23920897694224796	0.028066212136826686	1.3963192753981009	0.9896482975948401	8.611918443065647	11.0	11.0	7.293714389905492	0.15851824582336005	0.07659409074277057	0.04503920652804701	0.007175114564427054	2627.47240416086
-3076.0123725381814	0.2572109662645588	0.0036260907560969943	0.4549073688314181	0.03445164860043598	0.7316066208745836	1.3028264539727137	11.0	11.0	9.143175299786993	7.463179713855048	0.10594802043962503	0.14723066963098022	0.08844898224945583	0.019388796802338536	2522.3165476566924
-3430.1842427949105	0.17148051964740513	0.001	0.4250599660453001	0.06375049440079417	0.7395884240063277	1.599150761601173	5.158208031100511	6.334741891963577	10.997657705545581	3.8836159443066265	0.0839122165727703	0.010903359533077634	0.14565217641162523	0.002555940542713792	1805.507765404384
-3101.4194453239825	0.2143053506417718	0.001	0.7865221807578991	0.0448285921324481	0.5850551194902698	2.2999509570793846	11.0	10.877301404914009	10.993704306025231	1.7580888673433859	0.23896784966172133	0.04184154422284011	0.09650522915391416	0.013126816328904892	2327.566752483522
-3890.5362098095925	0.0973266946006227	0.5941525118275014	0.2609353239522231	0.027464568085008103	0.40865509293279184	0.7911035912807429	9.56710027084064	9.365163565867073	10.997121798153731	6.305840676847284	0.24284397077426298	0.0013809291558961152	0.0471908037257377	0.01328970203368172	4236.543498928277
-4387.063048803182	0.12104862946184701	0.7683769065669511	0.7542082560532035	0.018085105386867792	0.47530648994523506	0.7096102201236066	5.889745548358002	4.386704414945647	7.033287201597183	6.844980517896698	0.17012307694267703	0.06175323489208917	0.030013998098525858	0.006273801141299567	2580.885305833853
-3639.8306604784366	0.12705128305319757	1.4162842463692291	0.9983584128005986	0.025176988427404373	2.2473391682520694	2.7334563226675934	10.519087497791636	10.556180047592918	11.0	5.025604437181974	0.239089553845714	0.06668103780113865	0.050970175046689485	0.013582930014789375	2376.57233637206
-3846.0957591159367	0.08694078297192812	1.3648573540180364	0.3464764176113659	0.020939058160051316	0.9844594879942774	0.8001403290607081	7.872103448577196	10.99557530864421	11.0	6.2685261517541955	0.11880834105502325	0.14814356176765173	0.03135446125964378	0.013574314011468752	2265.8554532174285
-4026.4726154316622	0.115350333188598	1.167415325558866	0.18272885181360551	0.030822493548492622	0.6070317077220079	0.9449413165522841	10.995017986228161	9.241450225921483	10.907982593923945	4.420406384637731	0.2221630515818269	0.0480058006376634	0.03889321370985356	0.004718782447530867	2947.121706239275
-3432.5724101029473	0.12960451063311415	0.31909738889948575	1.224858682657721	0.03565964174646646	0.5565724791401977	3.0260299258299432	10.849763229970934	10.636410578073477	10.502524028897355	3.496149953145105	0.3150773979852183	0.0011390610794669378	0.08532769436639076	0.026842852826877237	2835.6691282305574
-3034.7514483690834	0.3101965970492312	0.001	0.001	0.05423065261813888	1.3539256939653341	1.4993632696987547	10.180011549171386	11.0	8.298924811293714	9.5304198809406	0.06109025334889153	0.1117542311825231	0.12376032159030487	0.005450222612959831	2349.9134368726554
-3787.475020001657	0.10681907158778935	1.9512379379398597	0.6906753758846697	0.06225740243898286	2.04836331727226	3.0553930430026943	7.542004702201034	8.327813283160738	11.0	1.657752329911619	0.10071127929858352	0.13289581712758688	0.13455277965170184	0.00881311621075184	1570.2889036604397
-3146.9914192506794	0.2740848305360175	0.001	0.001	0.08589089634710502	0.7322103136513088	1.5813651784853444	10.852030806140133	9.575805899098805	9.66302072148225	5.585812857405556	0.07268959382770726	0.07283999585799496	0.13170181356169286	0.0026912064276439856	2112.3387511934848
-5230.237642425703	0.31714810201674326	0.807949073632612	0.21940060895825916	0.006356681734149116	0.40166213547610174	0.3446348320281698	7.4851910225633205	2.0127029000608494	4.924693322021945	3.94661957393851	0.03083018042607549	0.08414988186618762	0.007085440703336901	0.007911775887711558	1222.3985921240894
-4089.1369306059814	0.09924183988129064	0.8374010861474961	0.23908061534206285	0.02656059062992304	0.7654217695544242	0.6223079702121178	7.158403687717816	10.523770698490253	10.874112989719615	4.8967533265587155	0.17640806427063768	0.050864384663364376	0.038221126044152676	0.005070307846514585	3028.712682143194
-3160.6015953605183	0.21360011646161428	0.002131460045052755	0.5462323214773802	0.036841830637996995	0.5423848130655379	1.2425978785294858	11.0	10.933105858727656	11.0	4.022987810191222	0.07073304716940566	0.13473696147512756	0.07733560214762189	0.0058919640942174225	2660.8464371827035
-3001.6992947302815	0.3269141351589098	0.001	0.001	0.05514383440040807	1.4660089891324375	2.1133619622729665	10.874254189743416	11.0	8.281675586849868	9.08157466554283	0.05387283771566671	0.05500931350592623	0.1446465645643833	0.006688311535498874	1990.8529637504166
-5003.58809400809	0.37950838978275153	1.1305845036883633	0.3477406429260327	0.001	0.2782998114562816	0.42667730088000894	10.570307106299312	9.300861642461616	9.563355093913747	10.017542543972432	0.03411879191943735	0.08735493424805761	0.0016592774088457353	0.006850314954937364	1146.1975113258052
-3374.6949095425443	0.17752819026029917	0.4449258419239995	0.001	0.0406485348424726	1.456818975342073	1.5977398302035222	3.506895986262236	10.999976114130646	9.283907472124175	10.998323104671702	0.07105354860992495	0.05503196091762199	0.22550048869749273	0.002013308171357022	2005.3583162737905
-3171.7188721148427	0.11443923529771172	0.001	0.297305701967891	0.03848816477177745	1.303503396513217	1.4230026384421968	6.128307509272835	10.960787348487747	10.946758426481075	4.407615207748004	0.1341002994401493	0.0052007786359872295	0.07656214138613153	0.01624574655619949	2880.5578246658324
-4188.7639466089295	0.08101081295340833	0.46371114855244105	0.496262980707439	0.023590169408728837	0.6900848299233885	0.7772372199936117	3.725368785404326	10.847135393595273	10.329789206243852	7.90542309296462	0.14474137452614144	0.016311959603417206	0.049477299758791934	0.0018917023187201207	3494.6142949618165
-4634.076429011699	0.083722547225442	0.5569679574954889	0.5050233681673616	0.0016265133085608839	0.2958260828031201	0.35464168400427293	10.186852734396671	6.23088120240034	5.239587928633682	5.413283448854426	0.14900099033953246	0.056432489730073684	0.0029586494730256263	0.0018534921817378524	3805.3045589237236
-3771.231675652903	0.125655597308331	1.5141979482422496	0.24634203034599855	0.0473101252050071	1.270190886281401	1.7687056367910072	10.80331155309911	10.945034229677585	10.996410554625143	2.430571210386009	0.20969039936021994	0.07230526589406365	0.07190650528355305	0.010791464756884105	2209.8442961794576
-3573.4710677497096	0.11508220448452691	0.8934484628146213	1.3419570930088633	0.02915533542608266	0.9037373223772843	1.7128963889426316	4.412980702912088	11.0	10.992988344264738	7.898431622248413	0.2614578811562624	0.019946918926265118	0.08329918969438273	0.02156141575608419	2830.755515876163
-3317.4332089706404	0.14071594515127542	1.9548615191102232	0.9777265461966608	0.05116395118548896	1.7897453837206467	3.9786283265713163	1.961364738032301	10.83419776617024	11.0	2.844501832720956	0.2826645241797718	0.01159402041911035	0.11877182794620952	0.03204795234554611	2163.04874762559
-3347.3611869807114	0.13054485966585846	0.001	0.2692677334945877	0.05135112731124671	1.7334519406013373	0.882535369143513	8.017732439556822	7.629520575270895	11.0	3.606146667519269	0.11494780747368066	0.012854048306227732	0.0871233845411079	0.005273183942576614	2515.3940763496557
-4138.444871422726	0.131342284068102	0.2831148004105671	1.4080999876786353	0.043940271025055946	1.6686652473553611	1.5243170024284516	8.809514327546283	8.875317631125267	11.0	6.238369883969824	0.13460528494318136	0.001	0.21273502350763127	0.0008000290279622822	1756.1630035948908
-3143.9348092471273	0.2077596687643848	0.0018327519464680392	0.48151888272825255	0.035804196646421683	0.6954313213741382	0.8371709277244644	10.942678709457233	10.690270881711093	11.0	5.364186926704856	0.10404613608126807	0.13324641646250696	0.08035678222492726	0.016603737648835007	2826.7695012040786
-3791.8625651535053	0.11009238568671359	2.21989972859758	0.31450085626568425	0.01596406764414479	0.7197897824043054	1.7875322528941517	10.946965105792225	10.300178815555894	11.0	9.013772562943792	0.1436029714671953	0.19056365163429365	0.022140716750103647	0.006388690638642916	1965.7815317305203
-4119.129198923358	0.08775399202979778	1.1651885580259187	0.1328556058307641	0.014852946927067191	0.7590907804782655	0.5129583426330322	11.0	7.758592631510161	11.0	10.40189285972856	0.11589591657802283	0.13874105527697023	0.019421207470945882	0.0047488274197366905	2477.6223545696016
-2980.0713606986346	0.2902344846588617	0.001	0.0035149087697483486	0.07338988044959623	1.1489726166120895	1.6723664808020495	10.860994463988002	9.483221615851525	9.444209017423741	5.767497771918883	0.03163327402834209	0.1247391387259012	0.12166290486228469	0.02068288045593608	2206.7627531527587
-3135.7922237348776	0.23880614385522025	0.001	0.4090938605199144	0.04920195416310292	1.2033615416045957	1.839657310021994	11.0	8.836337492066935	9.398397594803704	4.155729947959745	0.062061780509728104	0.0887839491672691	0.1070342638689848	0.001636697071122682	2027.4344549442635
-2973.8259596079142	0.24895017103296843	0.001	0.0013825847048936604	0.05323759060235795	0.6851878799696594	1.9604660249967472	11.0	11.0	10.83940265527878	9.765683498501945	0.08462654358807668	0.09566525276267078	0.11082634183265742	0.01727418353546549	2538.4418917366816
-4035.60372679391	0.08828510235198729	0.38207942666791606	0.12390508384129986	0.025196571083434514	0.4893464808554803	0.9888724728864761	5.007885881048181	10.409473152631007	10.03515716284568	9.939559927868421	0.21559793161344362	0.0016435077476656922	0.038787378172549146	0.0068100316972142605	4609.33424761484
-3241.870957364555	0.21892052228268138	0.001	0.8377887411036513	0.03135362037588693	0.7969836369215139	1.4334366342466562	7.887337300803843	10.980583619238477	9.641149122099351	8.877094813061351	0.1631217410772503	0.07694554555656988	0.09600947498318758	0.0029671162733929993	2355.2174699904876
-3491.915257164776	0.11438824749319118	0.5655742551985649	0.5579678762167227	0.047388643390596535	2.42542361593191	1.3814511851562061	2.9445461818055123	10.918194603553951	10.630410422659368	4.100289509835162	0.21739006931324764	0.06142126226165976	0.10105592811323408	0.030809887759736896	2299.1850422302023
-4098.588753942813	0.20418030560256528	0.14670325684744714	0.001	0.1025192136007087	0.630352855830691	0.9985600834403039	10.938806001404604	6.724846619741828	6.412007259809598	6.539018943234871	0.0763600195964224	0.04875844687200644	0.1395020422802685	0.010574895588619746	1684.3938831394187
-3694.422773789499	0.1109783747526284	0.13376256453432842	0.4504985589139849	0.02245418484887421	0.49578170614033357	0.8808686663680791	2.488733155312056	11.0	11.0	9.374237684766124	0.3363793265112792	0.0013086994913238527	0.03913046595233814	0.02186454770873243	4533.387876642333
-3683.380258300618	0.09698214628286755	3.0700638750923295	0.8002496866795233	0.016651338527040413	1.1087241786956585	2.430487233336019	11.0	11.0	11.0	2.9807551706777398	0.1092153193331214	0.17181758209839793	0.028203424247735847	0.007231323548855368	1874.4168186890258
-3932.065605031658	0.10943751299519718	0.6968735216965722	0.8023357738111111	0.03153590211252763	0.8388254257859825	1.4511670898818805	7.2001702637271725	10.377619285698152	11.0	5.1582074831769775	0.17235401741433926	0.0552105790946379	0.06631626910339594	0.006973377541452969	2460.1839586514175
-3093.221753833501	0.21555302980753283	0.0017318091279403158	1.6332144007811489	0.0339161293002067	0.5583441123641095	1.1730830727186254	9.25414557287111	10.945523494904469	10.959728658718541	4.531133651624922	0.12667129184029674	0.14528663497961541	0.08596688183723372	0.020323296596261357	2649.7427868107743
-3082.3842433543705	0.2106654355425784	0.001	0.5336633328004716	0.03967170534483713	2.4896699828525906	1.5895465150299841	10.559539424652362	10.48994545316309	10.992101998685031	4.734570391454968	0.10329885451266792	0.08736141639437879	0.09017874608378901	0.00562140004043438	2303.4941482793483
-3882.464113991795	0.09530114035642281	0.7743872007319389	0.20120122952830274	0.055951124492625	0.720446143216345	3.3824566853253946	0.07809702746838337	7.724840468347253	11.0	4.681409670539611	0.12046021577661974	0.01030356299164973	0.13616745739159938	0.00853648330428319	2166.0798254926394
-5037.730901205746	0.2119054038634979	0.9521781267609999	0.5104676109645953	0.0015287329755996363	0.24847721301304132	0.5362955424163903	7.0019334897556575	5.519183144420157	4.439257272121187	5.7604153592760845	0.043924896850712866	0.1293312479456162	0.0027015377853275317	0.005580702689458913	1338.7169081599234
-3279.4510487159973	0.13646546026673967	2.2400995638280086	0.2050337190787529	0.028537365624927268	1.1486248644785377	2.374210166708577	9.900549506150492	10.669414057723406	9.626041673405036	7.094345564521473	0.35499777939559063	0.07263915099679155	0.034445008053944154	0.037776465518302806	2651.4395801484984
-3101.862745814474	0.38099512962627785	0.001	0.0030978408356849324	0.07424881849822704	0.6989982210047522	2.392579876132709	10.411736827726926	9.60842712945445	9.257744110377425	5.264880960078827	0.029190759524211286	0.1282241601874131	0.13657770903721325	0.0011283403723014258	1985.7334113721358
-4140.990158765787	0.07877337743131922	0.9173225294918611	0.606554616881873	0.035439480122900005	0.8830026730149807	1.026182412000076	10.146600944838493	8.904460175752478	11.0	6.346336617946331	0.08452162668281406	0.10503012890980479	0.08690570757870854	0.004071664762355113	2183.4734039228388
-3930.1740401756147	0.10682572466568382	0.7349270068689452	0.569302915251802	0.027135332188016663	0.7559967469367816	1.1726054940942172	2.16347847350159	10.544207819884392	10.998642245155274	10.375742604646284	0.22244073925651126	0.0027233291421748227	0.07141909838911698	0.007637381997878722	3268.98880963777
-3125.5225535015347	0.17985719985440307	0.001	2.093264935771954	0.03094176648220818	0.4259298404890405	1.5569725194370283	10.994842282187605	11.0	10.297942025783843	5.529608723408285	0.12958226848317736	0.060131295177238454	0.08754750945465573	0.011529252573621755	2511.1368073458434
-4018.4159767518568	0.11731826651251669	0.45784819064570154	1.1352858652644555	0.024551803309301328	0.4130144722838836	0.8553377716456411	10.368833279277936	9.799750051083523	10.298585988998687	3.6039984754080834	0.2238137446725088	0.08710235903084367	0.047288762326125895	0.012359868510963545	2773.666454698491
-3088.151093951401	0.22167324539491248	0.002432517850286787	1.441773763050409	0.03463684099173143	0.7866714513777358	1.5907914357724182	11.0	11.0	11.0	4.229592461762582	0.08765184807159658	0.11416827744167404	0.08467384801260333	0.008124538078639441	2400.46750327594
-4918.834658377889	0.42059964301946967	1.0977246803657437	0.28158182024780487	0.02716570675252366	0.4124274433313475	0.9685986371280193	5.443323510054486	3.38203850089111	5.055230131481226	4.148978608813283	0.027988414426845933	0.056038425910126394	0.02543000462786171	0.013199941625477002	1113.9673931020443
-3867.081086290857	0.11840549313837055	1.459971534276639	0.8316141766360863	0.03418997050703064	1.0000371512446415	2.571487720435203	9.930558243803482	10.994640625264736	11.0	3.962804739551203	0.1791194525850989	0.047291374687559805	0.07653827434023383	0.005533497798181055	2239.794970044777
-4869.83553545338	0.2762516635995226	1.2912975010357814	0.189929613117553	0.0030016388628412004	0.48695398906252846	0.32695746897503075	6.405472087724254	4.324643072258016	3.984524952490518	2.1982668704049844	0.04880160344514439	0.13093511967478616	0.0038163696380322967	0.006473157301918307	1205.1385818300148
-3002.461714210029	0.33371229006676795	0.001	0.0017410266239471252	0.056166195628904916	0.975215315370736	1.9013684973277665	9.888636751181119	11.0	9.742825124838749	8.521447830315099	0.07596148586476377	0.12834566165739733	0.11579527813105783	0.010936882627479522	2312.340739189834
-3791.1988464208234	0.11600249306948124	0.8548970910102588	0.5861840688073838	0.02717763254650629	2.58268074527177	1.1949702130198188	10.905074386725605	11.0	10.987285376542816	2.771128856131452	0.22374703146027836	0.0503850131748984	0.04479060294620864	0.010173618212197911	2732.367057683157
-3430.5772080682764	0.12372359740637985	0.30234033401860805	0.7187237887443537	0.043582266120856694	0.9238011970948617	1.729179983822462	9.656837820979922	9.212087937719463	10.999943718331885	3.016946802386369	0.2808086933531752	0.010883803183047828	0.0917681455200479	0.02963147566720676	2717.826100159579
-3385.7695892296024	0.1668838444757584	0.001	1.0164322615791552	0.030148898800157815	0.1558573044169108	1.3641105520711725	2.5542958009058414	9.33249048857768	10.181486153293772	10.749142906622327	0.2447083673976821	0.0057635157586305	0.09582843248994365	0.008472957393896923	2811.046839665236
-4036.8010034702525	0.08444315275259527	0.7284707327797205	0.31223107923166593	0.03021433154235247	1.4584108658625845	0.6910977896371323	2.7362019525797465	10.95021802981219	11.0	4.7739235273716885	0.1450045477939237	0.033700990552054326	0.05128377329151774	0.00639559800702072	3077.8156592886776
-3526.520564852124	0.11306428393219484	0.001	0.10364371506958558	0.056398019097216846	0.8089604776034814	0.8352767106339894	8.957409148505633	7.749298656606565	11.0	1.6283911650734348	0.15399810912372047	0.003100555101215732	0.05646649552216896	0.002955259974625123	3323.4683925597674
-3262.4382780809983	0.18410462296750219	0.25761365771884065	0.001	0.04355305674946533	0.9750978945365918	1.82414026094871	0.0	11.0	10.862033229746972	11.0	0.24751918446492638	0.001	0.1786240125537175	0.01414348506911537	2451.799888565014
-4134.297188013184	0.11296252582296315	0.5321043867382911	0.09475260114492057	0.03609117239158821	0.896250946998085	0.6449168675156304	9.045962472868947	8.767561821847675	11.0	1.0185993078783244	0.24896886750688027	0.02343448761530757	0.028678487546671922	0.0038917279917438058	3677.1560128956644
-3768.3611430433775	0.12810391407962643	0.6649121332539485	0.4599711832359151	0.048893466302630216	1.1168696864072079	2.1260749534150767	10.688381330334991	8.729580925654506	10.272588751235103	3.169335042567004	0.22873896504126298	0.001958851966604609	0.10412198313850216	0.010874285554651707	2415.831155050179
-3911.551464528411	0.10954556607987725	0.7518280054543233	0.14970848068985673	0.08719708966307568	0.5479020810373105	1.5921265974877337	8.550358821748482	7.9898003157231425	10.999999999999998	1.1207242755327689	0.1436920433956907	0.04385169915451518	0.1281117243854205	0.01223857742927514	2075.7085753220153
-2965.0615146862065	0.3293444356783373	0.001	0.001	0.05674255917347448	1.1017955358004818	2.174240080998992	7.730497378400809	10.384912267552723	6.666668377329689	9.067115112569576	0.1013981749576536	0.14321495686880667	0.13181341410212172	0.019097745868646623	2276.429777386716
-3827.8250476145713	0.10685398192306514	1.202714736781696	0.8171884867861996	0.018973512179231655	1.5372407524666116	1.020940801912232	9.406514227504886	10.448210777165633	11.0	3.4226227309597412	0.17350020746587025	0.08764270317294152	0.03188761350795662	0.00966960524532047	2481.139648577597
-3604.186746254975	0.1397911495691088	0.4113779014174383	1.5864887108977008	0.04347311672231416	2.3506168007568475	1.984531293337292	3.6319285061967657	10.180688810410356	11.0	2.0608500996453607	0.2790470834239982	0.001	0.1094902364235891	0.016683732178525725	2335.252610417205
-3207.5609189766474	0.1300917164012237	1.7282850690913827	0.24840129294590374	0.026929104708713503	0.7895406361057834	1.548458135500373	4.875460837944355	10.952456605560135	11.0	3.1215633467673136	0.34089966082368794	0.09435947304666235	0.03201896077739796	0.048808844584610524	2550.838326880748
