# /groups/rgutenk/lnt/software/anaconda3/envs/donni/bin/dadi-cli InferDM --fs input_fs/fs_024 --model out_of_africa --model-file /xdisk/rgutenk/lnt/software/donni/donni/custom_models.py --grids 40 50 60 --lbounds 1e-3 1e-3 1e-3 1e-3 1e-3 1e-3 0 0 0 0 1e-3 1e-3 1e-3 1e-5 --ubounds 1.1e2 1.1e2 1.1e2 1.1e2 1.1e2 1.1e2 11 11 11 11 2.1 2.1 2.1 1 --output-prefix inference/fs_024 --optimizations 100000 --cpus 50 --check-convergence --delta-ll .0005
# Log(likelihood)	nuAf	nuB	nuEu0	nuEu	nuAs0	nuAs	mAfB	mAfEu	mAfAs	mEuAs	TAf	TB	TEuAs	misid	theta
-5690.17696822992	0.7803595781902593	0.12449703321338987	0.15863704659983796	0.3889793458045651	0.01719570713558486	0.02254108607758454	4.8235641676161	5.50096451695091	4.700934966825119	2.922727928332572	0.025790509575833037	0.04006923151971201	0.03714798959266139	0.0018917443464195709	2179.55295729001
-6134.253152222068	0.44982275639125363	0.17505796615760982	0.3150561964298135	0.09258309814700341	0.40733512230753394	0.005747690360726378	5.958318154391303	6.4949644690646595	4.087953472594015	8.668906313165447	0.031956594757246846	0.04046537085296173	0.03352623343496453	0.0065244984897081595	2439.1806826545107
-5355.586000400042	0.6373819832127653	0.040044730808192826	0.43968975750106876	0.11639430955183398	0.4938507763583722	0.0083748053154294	10.497341622561613	7.861339497621971	6.3952897558372115	5.79574037151607	0.04167611451357648	0.0726895068009511	0.053403977754323456	0.002115214672532638	2714.6540507282575
-5330.0181224629505	0.9073373038624032	0.07188597871254725	0.25071418106428256	0.16258180295760702	0.12900418893889873	0.010992628377953928	8.213179839224408	6.693094436949637	5.964077245483586	5.997067505185822	0.06725864234897089	0.05358504315577921	0.05782568560852895	0.004751407487306033	2330.1183798416437
-5592.612200882583	0.7680361696882685	0.08048103877525802	0.23019886628705197	0.17622919276337012	0.4987242103250844	0.005428315571212135	3.2784525093043957	8.660197030604596	9.573225623733917	3.890993782752362	0.06423290599042554	0.04854712250392729	0.032567970369952334	0.002247846041236208	2365.437973087867
-5784.97222424328	0.5782860993604857	0.08028091806754108	0.48365949818451387	0.1918996408144102	0.3341822023977642	0.006618231590864325	5.411303748927805	7.972268527303008	5.974051082030244	8.424654226828903	0.024913851857137678	0.061073343465393226	0.03980125027446051	0.002361295047308122	2436.051319036173
-5191.943524947975	1.0902078708783132	0.04985130990404631	0.1730199556252841	0.2428792055277606	0.14613049145798188	0.01382585937086519	6.88236982002499	5.4920896577546285	6.56543654062598	4.2254567275121495	0.06091744173974122	0.055675195854763396	0.08861032226930322	0.003459865491839466	2302.9214131246963
-5377.821317019989	0.8343488663911854	0.055391070220851206	0.3228031106619738	0.13732232900939498	0.3012709360607823	0.007027949742927285	6.877288617189802	8.061043320101842	10.903764741119938	2.654112569423868	0.06586808243354139	0.04773282134769234	0.04078975158068486	0.004656962464567526	2439.4824436882445
-5152.485066067947	0.9090287354883876	0.024881879344342005	0.40868090599891554	0.11769143327448357	0.3467705412489289	0.013410924379973158	7.503989850697381	10.194260024134469	5.190478635408713	3.5700899035441727	0.050778179722971224	0.039024329600663696	0.0787900530773755	0.004211227532463205	2480.6796293553534
-5466.293639276423	0.6790330137172642	0.1518826450972654	0.3933887044445219	0.12361160838911578	0.102644575986281	0.009663412029952165	4.300387359079561	7.677988022626819	8.907846678601608	5.076789552858575	0.028000154154960273	0.09370258406975372	0.05486569409853977	0.0017562850908784252	2379.6793970873086
-5345.562114238266	0.6890404988957286	0.05123386451088258	0.148988039927244	0.16003146409707675	0.4981798922994388	0.008500834288268132	2.5615003228927145	7.5019307465876865	9.842549675373208	4.214999690895355	0.08538615979920101	0.065463484308146	0.06763473052378866	0.0012399472461644921	2636.4155752676006
-5136.887718485614	0.6448560009096651	0.05501716969740114	0.12964466039982353	0.14172061863993787	0.005744988697657695	0.012482829622375189	5.648277874773962	9.379577728792537	9.295792003049105	10.374529168906783	0.09878071687227107	0.10364606023903497	0.05765320424242277	0.0027302830434879372	2951.1402184292147
-5161.377312583967	0.7207866700458545	0.03399646503986773	0.5025020561194594	0.11115593933315558	0.13648349270045682	0.010510209489762473	8.095850266755022	8.743718853275654	9.589429032533753	3.820057549944252	0.03195975751256944	0.05900355912393868	0.06695964321566245	0.0034225000997130696	2698.6338397388377
-5262.554019207217	0.46431545903397614	0.014244747426778474	0.14886931968835299	0.12023049107972236	0.4134425466301964	0.008483237910129168	10.802687390676313	9.001911190217314	9.16231358105785	7.313880309331287	0.039999429463165814	0.030176094319235954	0.0765720043617904	0.0013678708506416708	3110.939068417696
-5770.40290665549	0.5775651800465148	0.5188521122622338	0.30421615716944617	0.15445037593156238	0.16854890052576652	0.01310044414950587	5.663876290571727	5.799896710042217	6.814190115200322	3.941747889059987	0.06720696382765727	0.04118249986317805	0.09379429891976966	0.007259311801401106	2304.9665531000737
-5810.321677449567	0.5750452659246452	0.06917246172193241	0.17125892735439938	0.3339314362596752	0.08427244696300559	0.011428084376370178	2.610305722336999	5.937132256466841	5.722077758488525	2.9025243410944146	0.05209011261323785	0.027304731021192245	0.04006282578986112	0.0034121635220760744	2404.5000043062264
-5144.408523237896	0.8751438465541869	0.04333361781865576	0.40399069141129074	0.1618896576406256	0.14512668823144928	0.009288604958439176	8.646661408304213	5.788608746675226	10.91993817881106	4.647603378565919	0.03370292592666522	0.06955052761598796	0.07132265802929594	0.0022792120875086324	2576.314036725751
-5223.119336976359	0.6231256476377367	0.047320944592545	0.09385637785927238	0.3230165538148319	0.07414227485114068	0.009287055167743372	8.699891976643233	4.62788039351855	10.055921159317679	7.45072737638783	0.04112552627716488	0.09447178452745403	0.07766886759573431	0.0010107921142641673	2850.9586832523014
-5047.193629144629	0.6497938062866091	0.033330984678712636	0.34680942065281756	0.09175906290400315	0.5137327564448722	0.007034652749080814	9.511206327875906	10.006367325994628	10.429745264527867	8.390664865565705	0.033504840298648156	0.09828820874068633	0.06750683745486245	0.001359383578351132	3045.133914953672
-5056.014388512406	0.8605702241770568	0.02069749508808457	0.23884884789697694	0.13965700895551036	0.3210845677651042	0.008095338552432024	5.675369413544245	8.044238899308047	10.998365411775971	6.686899773913961	0.08913085219590473	0.027027892905364427	0.08176301416693481	0.0032217055406894455	2645.6277216538438
-5547.19799348623	0.933355664392552	0.09112256670106451	0.1372255985787505	0.3599551798893899	0.5359973146264234	0.007556645202809206	6.53681138161503	5.137004910661127	6.990707252532018	4.079634008604397	0.06579041408012061	0.06364109726099657	0.04657242986121037	0.0026183306101880298	2230.235291875205
-5756.864735256782	0.42219418933782293	0.10404557237390855	0.45193004365830125	0.10053415724441143	0.1829383156228242	0.009080395749982772	9.887533500509324	9.025947019900894	10.010813375158042	2.81949521965595	0.09590688810135933	0.05730778741003807	0.05246468745080573	0.002444005702399274	2873.527222478811
-4915.093478919827	1.5070378259177732	0.025932806082720375	0.16867252533087065	0.11934135378751845	0.5251976420657629	0.011992366583380704	5.431079314991519	9.762019535961882	6.124050354104351	7.1524426383547555	0.038733064449705264	0.0472275985923396	0.15036984437515435	0.000712014856078839	2520.30012140406
-5207.313461871376	0.8496681991433742	0.06839986034213952	0.5363019688522179	0.1300587928051517	0.006635931851226808	0.013943977414428661	3.614838442531993	6.617714076257986	9.547912290885659	6.006055944862308	0.1035934942253188	0.04036631228224654	0.05548198669728962	0.00129568699196608	2440.1207213042217
-5096.447650996648	1.0896148294449468	0.032400437810716484	0.23557196193536867	0.12495261999223962	0.46845130780500793	0.009095157142009359	4.865506721747531	9.794034070298673	9.62319421365662	4.007880830734196	0.027944701778713298	0.0426136710086255	0.07496536452320023	0.005301913227292454	2482.6072069664774
-5028.745879228623	0.904632529914078	0.056911835776788794	0.29691328856502675	0.13072116028507594	0.5826678777464679	0.012196757420785373	5.055286992995982	7.722638777309415	7.325652752512923	5.038112698567291	0.07769071171289102	0.1607675813239485	0.12452455496954455	0.0064544203682270545	2649.0357950968155
-5573.619945887074	0.6261387383495401	0.41354170476028346	0.6208663577521487	0.11695505722710835	0.22384725288670018	0.010570624590943264	4.049051569985703	6.364230368261462	8.26739394630528	6.197089227101343	0.059505363471527906	0.09284022566483015	0.12293027685552041	0.0029672207226220586	2324.833550100836
-5081.9310249883365	0.6549324067069258	0.02752696610571269	0.1829528818602767	0.12091117051678864	0.47482553897409313	0.00889130383659327	5.160686368021487	9.20061881190921	9.502076148179441	6.583323400419562	0.10615773793871607	0.0571861548167884	0.09186253554179837	0.002416195630832348	2947.511283579769
-5608.614582385468	0.6153506125801844	0.09799411805261558	0.6330667308746586	0.10570126933098141	0.9089177776970527	0.0064835864722987465	9.988312948787364	5.812021565170776	6.977679241289036	5.745100168072636	0.1912132217479004	0.04627263431375132	0.046869460749788754	0.0051177157602936	2592.726346359913
-5454.545525996349	1.0793855376562351	0.22826631654800092	0.4165788209227605	0.09154873110418552	0.4590382197481955	0.009840813043446306	7.469249968871199	10.499385093541994	7.705764596393878	5.324880399544914	0.01774665980936832	0.06678273309518007	0.08951800520573347	0.001841866397053996	2180.077812169367
-5186.893662359981	0.7040881565748648	0.027039159182699946	0.5575068285503929	0.12779338347971816	0.4616234800536636	0.009376487676173162	6.907534223969682	6.389427051151474	10.752250196037398	4.818255115515168	0.016108351547145242	0.04503229621956487	0.09434949494438853	0.0030038391627370377	2687.3940845629586
-5491.857201469227	0.8506926846443665	0.06292254253456617	0.16983761427529037	0.18099181301116665	0.21975852114936603	0.006532115249246504	4.383822500581874	8.683341148233257	9.409821823761664	5.24842953562905	0.05698748187210826	0.038688331015422774	0.0345798040427451	0.0021524606328631826	2355.395760289565
-5610.4284618158845	0.8018285029490151	0.30607435031420355	0.5321041405153107	0.1141560330429883	0.3937700433644369	0.007399220644453216	5.261618170754706	4.883690134487812	7.42320028500268	6.152059761642526	0.06417187064044938	0.08534084203770366	0.051614324901015744	0.008027587191976295	2131.4421228774513
-6705.157712719331	0.3194121463548629	0.3733576286756093	0.3302722756727431	0.03088565233051359	0.23134945876280558	0.0022160403408907603	7.205269184619135	3.8936446466605763	3.6879115349838827	7.102404834745668	0.05958962150987092	0.031110465130319596	0.011242002244527267	0.0018841917212721745	2732.1576553866303
-5225.444000979138	0.527601940968212	0.023314063990434866	0.3096146369298515	0.11383218676466345	0.5228840651273188	0.013031170190330713	7.860656775976712	9.776821761215821	6.465829598407694	3.7119715735638934	0.07144407153729317	0.08701021775189573	0.1244051601903793	0.0016337007257953458	3235.928514757505
-4988.5433509500135	0.9456255936077553	0.0638412622014374	0.15118889974758085	0.20001468899206498	0.011269946950819084	0.009638170327927477	9.37686658025212	4.520352708845005	10.55448040665378	10.800498926704622	0.06908335027621114	0.09093377957739626	0.08232575397705275	0.002723098182612455	2703.5230599088914
-5114.141949385163	0.721584912517444	0.018544147391939762	0.15467240307345795	0.16442701488940653	0.4273562325207793	0.01243648528915299	0.9134141775914046	6.530400323220919	6.884752018390861	5.463807438769398	0.032089679250669335	0.034982086131380985	0.1498636286637805	0.003005994586194348	2724.4891568857247
-5248.481718074645	0.7458932731158493	0.4485904903746916	0.27893450609371234	0.13841064721603688	0.2582695813164763	0.011159449136268922	5.412195305813147	6.951489374640062	7.678061761034293	7.165415604981939	0.04631175308815873	0.0861189933330947	0.19266028899334514	0.013268527961811345	2366.140863465828
-5561.716397342882	0.5724357752589744	0.0719638729331533	0.2812112361088022	0.21654586512654223	0.19255496662468932	0.008451673198094796	7.323920018330441	6.437545650987617	7.816307816386305	4.4135427161048835	0.021514708296035367	0.09352150225980813	0.044533091089923586	0.001933755547022026	2582.5465338203803
-5227.683063697093	0.851755239221861	0.03209745352045875	0.3420551394371666	0.16003360883383363	0.28172014579336246	0.012721420331390348	4.575620766037257	6.187891097832333	5.9413773372186895	4.827031533743288	0.12925411362181574	0.041146548017199594	0.09408961972828712	0.004628580805591928	2457.9191831896314
-4966.175209641855	0.8918588823103739	0.054511351978999305	0.2513259933847616	0.17166327444158966	0.05981206170155382	0.011432719613713694	7.215582276636564	5.016902006870704	8.067353247750583	8.020126875499418	0.04096239120987615	0.14049566853736933	0.12512124085237883	0.0028198583186562196	2788.1436268761654
-5365.717972452006	0.9157075951622494	0.07170403966582639	0.41057383399819125	0.12641530655297883	0.016226132525028702	0.020453323140070395	4.964622533947413	8.921672634614488	5.727180526191801	3.835275009999111	0.02304397417317585	0.05074128127618607	0.04348678282247737	0.0027817611471865123	2293.9537789671504
-5293.57485289747	0.6371521582786821	0.029149690653111838	0.4338329177121853	0.16064608130105873	0.16380235957134756	0.009859521609992506	7.428088681260928	5.548263569986545	10.207938951572723	4.6757982205185655	0.07767826266683178	0.03204597570563032	0.07280319825990009	0.005181504464111444	2678.062672995861
-4900.070272677503	1.1945753833159	0.05371826093270013	1.0040882616271063	0.11508830054449078	0.02341463442888288	0.013871239589431539	4.385202798104658	7.093241303200165	7.540610038520926	6.677739174673705	0.022968804967621232	0.08764730588754614	0.14503526736672562	0.002512483781214063	2578.053839200475
-5133.557020056671	1.1868817333922579	0.02679714645965049	0.5750617462543453	0.08724106111210729	0.0759595079212447	0.01034970872700909	8.414674448033526	9.283644309340895	6.9064643376809265	9.35963668659921	0.06435364972802342	0.02975226305039854	0.06294560064243486	0.0015502538274619194	2408.79855775252
-5728.059452483121	0.929211234160572	0.1216654109701651	0.2787757327726278	0.1942063100881563	0.3379134479685385	0.009703490145211638	8.801456198522228	5.1321863950776985	3.4888282418161616	2.432933559915141	0.05805482049345691	0.05190542752493721	0.040390254860929946	0.002069583631496894	2151.7808398783122
-4770.993727069215	1.129060136475653	0.03654426440695471	0.13470586322592637	0.10722070764369834	0.016722056499860055	0.011998950897752903	4.391319903828659	10.900356422464128	9.003073006252901	7.960276491892613	0.030160117489991506	0.09660615872476548	0.16284702368143228	0.0012531901996917967	3289.788344488856
-4967.784945509352	0.8175056124965028	0.024676165029382954	0.302668923893743	0.11304931362957454	0.012214858813221936	0.010103430404494388	7.244137053127517	9.809726830005168	10.789550859954513	9.549985017493967	0.060118478165959915	0.030499918628291225	0.06971075398388164	0.002369234482159403	2775.590884364396
-5834.100571646011	0.5664474974203972	0.0703627417329465	0.43639071707206256	0.32229892842505736	1.3083122754320595	0.00451351833479145	5.1306159273296	3.762164566781764	9.220428711436815	5.942125719072595	0.0275622075566794	0.02686066499556538	0.03432067930948863	0.005209421178383779	2349.9445115345334
-5716.298939675193	0.5474467644515694	0.39122584052138226	0.588647575658273	0.09554876261110529	0.08929474657991228	0.013184080938092618	5.5126526445374235	8.771052461716893	7.630978653307808	3.936284092120983	0.08522336454190518	0.03860239268479617	0.09182224711798369	0.0024706809338387752	2462.3900101565455
-5433.778886861761	0.48042643027682064	0.03791336665430906	0.6688035159884624	0.10191101256067946	0.40879713242253	0.012982082186925824	4.02257762876375	7.9512891380359765	4.02454004375144	7.683894893032433	0.025031376875844176	0.09783486853714653	0.11335867824687366	0.0020674076906001225	2925.318375305727
-5000.23404989355	0.7498487909528397	0.03564097355947538	0.4913763384732015	0.10296798321436394	0.017324711563099667	0.014117776844405546	8.264390697575369	9.499904477710546	9.050620641014078	4.652672671520544	0.05474888066502698	0.07033392133938776	0.08406912049443618	0.008259051179745127	2869.7672234080005
-4922.921562829962	0.9351829844878173	0.02955572337365414	0.31418523002733334	0.14946941880704248	0.015678568459586203	0.012450658759465444	1.6016497056675056	6.597500314084781	9.606435289395653	6.413591445882644	0.02743304262703741	0.035342572776011306	0.12342894774858551	0.006266541169255713	2741.14818374904
-4846.804094649167	0.8534225397659746	0.03788075303300014	0.14466100146967875	0.11825649090058538	0.008687068716600655	0.011321840204974332	6.214726300614033	9.468365471613444	10.46902537882009	7.8913551483772695	0.03289124535517916	0.06765599957794255	0.1033915407529002	0.005953601734899375	3065.3601895915913
-5589.616034903922	0.816990677397764	0.05776147631875866	0.08798189915047537	0.4631108896022841	0.3625310378013535	0.006839376559358441	6.215792604774029	5.221491475649579	8.996268552855826	4.212633806791534	0.08282248929727799	0.025196888274809676	0.04186197351496459	0.0020205828084203376	2319.1415378311845
-5161.121779308945	0.5135511879914009	0.029160719874526425	0.19762490813688527	0.1457197415707583	0.004090563454289542	0.0125493218820847	5.7928354236868325	7.786594390278928	9.845944727984879	8.120845371258989	0.13073241847968528	0.03403103980336799	0.07218645293337139	0.003328267724425214	3167.2594409014364
-5193.061526046456	0.6536914010866625	0.03796847971992119	0.13573587506766677	0.16321542038643774	0.19119467561619177	0.011227257420343377	5.574076177799583	8.191314139124302	8.804096731774182	3.8358711551448454	0.0299773040026556	0.06565720058697479	0.08618033610925876	0.00507232071679861	2767.47466414267
-4747.76801242377	1.278799077899085	0.008134737360860523	0.154728219583814	0.10175789495305528	0.09581571167540172	0.010091077884335678	0.0	11.0	9.45107744916094	9.419744506946857	0.02745037595245932	0.048955229422918106	0.20129981826048896	0.0016241887121741768	3290.2082514908298
-5656.401027664042	0.9495821046527435	0.19491595590629204	0.40075512688923615	0.13192459012386115	0.25863117149582615	0.00803277352503857	10.873813689184454	3.838233329696657	6.427160378922109	5.843791950163277	0.03717957545596748	0.034835162246512216	0.04801229616220316	0.002224695362755139	2109.7534062055097
-5152.53861749441	0.6989994586469659	0.01407538645391243	0.28099975300183205	0.14225724560146846	0.2963864017337856	0.013843526185767879	5.482019288541231	7.214135720740815	7.018399082532508	3.909812290750007	0.023773915676714587	0.02763739749408855	0.1443715354097763	0.0042512484925296655	2757.369585570064
-5853.084977459044	0.5483179231333751	0.3853132895281243	0.0973944984447304	0.1483666152792638	0.17587425345615293	0.010528039343900512	3.454004436793174	8.907581827120582	6.600994129325645	3.5663937392958083	0.039400333348899926	0.02641420996687039	0.06325052258886417	0.0055004659895779694	2379.690477895945
-5156.772082222077	0.9740092714920862	0.09028952740289051	0.5786020558551959	0.16111404263260007	0.004259399791724317	0.012909771936585894	7.66748018073523	4.018548228705095	9.599565692709321	8.633669335916725	0.062223459386983926	0.06163841149406235	0.05505619312084278	0.006565894436081719	2359.4699925301106
-5094.700687685771	0.4495802025668163	0.015201653169893711	0.030743353716289123	0.11287641389216317	2.4446443327108325	0.007523595391261544	5.818305681559604	11.0	8.186043171360112	10.71801158174032	0.0700274975537934	0.08191954842257422	0.1168449345555459	0.006603331538424632	3845.1076881508843
-5414.251893569798	0.8743301380372432	0.03554176237471269	0.42552787235473244	0.23767030785508544	0.285296388571109	0.00833890311544714	10.260505277528875	5.238056214489267	10.977266122488194	2.341904406582134	0.05433274667705043	0.027034126608760253	0.05368580088004539	0.0011544586228714444	2372.2044396785923
-5131.011386043647	0.7248592126026158	0.036292718464940615	0.31178993565920965	0.1505272425917128	0.27471127175417426	0.010152965094025463	8.912535662156959	5.902529105081721	8.566229228590952	5.851159442937153	0.07625359372924878	0.07548228955824253	0.09215842701510157	0.0028354643647144195	2763.7501288351505
-4942.677433666344	1.3199187301773059	0.019513391209624784	0.6172920849895605	0.09315503243496777	0.35251276255976144	0.013866677015215708	10.550888790888747	10.239260982940975	6.705196639560916	5.731876685464956	0.08757782630070574	0.034986277591006754	0.14981576335792374	0.0024495545584541168	2537.7439190857813
-5551.946655723168	0.569965089610982	0.06683294040606926	0.2622184904846491	0.32681614542381354	0.11538447410549266	0.008738819837878936	10.715423018498917	4.692266042519563	9.23230957571119	3.1540493383474577	0.02913062380480349	0.08462100597391983	0.0407803216433096	0.0034163814663943307	2609.585281709396
-5172.443540003563	0.9647028860466148	0.05510525334517368	0.5006421027812177	0.1144642960289996	0.322969081136171	0.007143457351865171	5.359538369780584	6.243273489095079	9.772928625881743	10.008425415643426	0.03852309761875749	0.06710687520075752	0.06502735270508948	0.0025535823181251404	2444.2104747099597
-5282.613784588189	0.8694495253724097	0.037535643574542386	0.4003673415375559	0.10355544804823553	0.27074507886171595	0.01112398343258921	9.2999416481575	10.267598346741957	4.712451803592737	4.093054000291094	0.0363412155470954	0.05001885425407062	0.05164407321520521	0.005399693791561392	2462.6126362790196
-5007.1749149671605	0.5413682015240714	0.022465471895264655	0.12497000691937314	0.11769817867956922	0.00876732269299356	0.009896627809025971	4.226071761900043	8.842394168281723	10.985760078072953	9.595948505071982	0.08948097382658733	0.0378848688205568	0.08775023321295873	0.002555440787078401	3357.0576479769175
-4763.652372244045	1.263071295539316	0.06010138378940126	0.2669642410977116	0.10911740578869346	0.04182159797955131	0.00951123403219789	10.773615717344425	9.02216085304224	10.27610747620688	10.584551461943688	0.012221760124700307	0.14960051596961674	0.19326594987939433	0.0056018325557224136	3289.5324700837814
-5278.826882785758	0.4840594030368048	0.02022536386401816	0.16812184990437049	0.11303887052168542	0.577622432130916	0.012465211520684106	4.3660704532717185	9.488313069748934	6.355653243104404	4.322147874107728	0.11572750419682452	0.05632823887696822	0.1148329491834537	0.0008539403653901148	3274.725851939282
-4872.650378822806	1.2553375774221305	0.051761851291777385	0.22756883255587756	0.17446182523055126	0.025837811389004036	0.012365901611472888	6.979974442204394	5.851008954922491	8.81152578440715	7.037720322307064	0.0331392913130396	0.08752351663181472	0.1302091888102818	0.0035540239110742537	2630.043141776115
-5172.07054625582	1.1519009622435377	0.03234336147971347	0.1847965184532522	0.19780043754896415	0.10172779395140642	0.021737857048464454	10.491059974513869	7.218765928333168	3.695948393797091	3.243397961574138	0.044351325272700214	0.04475194401185085	0.08574619945121431	0.008657436248283324	2299.0542903391333
-5029.378518738083	0.7790811166836064	0.025847922267961784	0.4380196931349318	0.10977671111931599	0.5939094300130098	0.010128482296828334	8.129745599466933	8.830703908131037	6.5681632189550365	7.6165418100277416	0.1056412193562052	0.053584455470869014	0.11095692285192439	0.006717589521922052	2746.568125036919
-5108.738376492328	1.206531552904358	0.05934595016237722	0.631660704872858	0.14194645656626173	0.006918923599844969	0.018603049032389667	6.818162279618622	6.856393611792408	7.466324949487177	4.815226402616535	0.05552696203301529	0.0673730474901628	0.06544689722245624	0.0017112120698446706	2321.148177824211
-4814.93471099426	1.2064774882898182	0.028628399465732306	0.7760478605082024	0.10282345773160878	0.10587428626369011	0.010583289030659257	9.880377380261672	8.117294920829675	9.650855795062016	7.802934033499508	0.0856677169163293	0.06890541927181701	0.15746884496837768	0.0060583820555061944	2849.5709233727143
-6606.955275831605	0.2799840899935619	0.1144545103747115	0.2002114920669383	0.1592936209069477	0.18579020332941643	0.005669637129748248	6.41982691318618	4.587707441350231	6.6930622040123895	5.527127646906919	0.045442847629445164	0.05185092993653809	0.027619349903662396	0.0045025871868073445	2926.896253892996
-4949.9554582170085	1.1035551909809793	0.0530891910187404	0.45430038059679345	0.10720865762951752	0.012690730396043591	0.01871277070488883	4.3623482449486755	9.448742384853421	5.994643886264079	5.34855271201521	0.05087132006711606	0.09907574202306857	0.09999607094276242	0.006499488883304394	2521.004683718854
-4883.9227566109375	1.313859853475341	0.04689460008600033	0.49509021518182417	0.12396858843936823	0.017115781483428818	0.01802314186947601	8.732414382784883	7.791240952295498	6.246521156350845	4.93648414029333	0.09226393534376665	0.08503190729382298	0.1575544992082691	0.007699631404229727	2575.72593938996
-5350.911053414116	0.35224079638117234	0.01783631517054753	0.3765746875222043	0.11648091788518827	0.007558532734766947	0.01248891348336823	10.218157751905336	6.194956582431315	10.24196958886338	6.922306256455625	0.030399537796120178	0.06350029309996004	0.1129496046747947	0.0026086537808666013	3971.8567011268815
-4767.675058698669	1.2833372232868383	0.022603075760011606	0.07931989048012375	0.147821592433469	0.053125706601405066	0.009832739942553305	3.3731269896068463	7.249623638272074	11.0	8.694232818748592	0.026206539341772854	0.03304628540872914	0.16520083481403242	0.0066649029710152945	3038.0054065369873
-5363.94320697238	0.7710918115913922	0.050039732266272674	0.19364430827520226	0.3659806818694897	0.006042186097470868	0.016326290417897137	3.462029825300966	4.3202093172602725	9.271340848532583	4.53319581171041	0.018950279640254978	0.02411543730779186	0.05650918743515377	0.003131658931623575	2355.379173504044
-5214.6472243677335	0.9677017060582946	0.03459491436974222	0.4666840578565034	0.1266415684582664	0.12674170845712904	0.015533373783465124	5.333710873817409	9.453941582448055	5.043128690039156	3.584139641558652	0.07452960976898952	0.05451601618648332	0.07029821953339452	0.0018333226446699252	2402.9371299452578
-5070.006699816785	1.2067783308988544	0.14668984193636836	0.3862497354926762	0.1011049247007182	0.001660153906996084	0.01246748642323414	5.620049159412749	9.456859277240712	9.01163930548673	9.849169606182238	0.08451806429369756	0.028326028943253635	0.07079035751607043	0.0034731977452027276	2337.866521394258
-4992.073730419916	1.008410890384156	0.05596394557048739	0.3158249839928832	0.1599903501832641	0.007056603182575808	0.012044709163670144	5.855620151056122	5.249673224238622	10.000581818793925	7.661589882448844	0.05734843706674396	0.056082403247752974	0.08784599777939868	0.001334408364492819	2566.5832650140583
-5350.959152059009	0.513582755435471	0.02927516034008049	0.2507592946344778	0.13088198007727905	0.5585862591626493	0.010807780749029869	7.903555651091074	8.512684201310122	5.711533257146192	5.250067487755276	0.022283393710389433	0.05937742772067432	0.07638119683978603	0.007121993196969361	2837.5069033740165
-5715.018067452743	0.796763604037471	0.3151213737452063	0.15631919718624104	0.17820477867496992	0.16050066934516222	0.007792666688938879	9.389031034875613	3.895750639782117	5.808364629385159	10.67908678474939	0.03182669121270416	0.04827832210949213	0.05537504596671339	0.003240947787168406	2156.7322702509678
-5179.205585129972	0.837559366995577	0.1590855335225641	0.037525565558781046	0.3374109500925675	0.001994765485892587	0.01685062229162842	5.375887911161001	7.2327013362046975	8.66109918174995	5.953449826476099	0.06842529530481611	0.09059500720888765	0.06992815439729454	0.002086003312333245	2503.07534518221
-4869.305838351496	1.1334321262247566	0.038954484077743066	0.08267382108170207	0.1381390322030398	0.0053153552308314025	0.018121367827083117	8.595246213780191	8.89776352023768	6.413363032756826	5.647519814393816	0.02825190789026491	0.06157036626231814	0.12781320436414037	0.006347353520098971	2812.719010350934
-5720.710044935685	0.7324210221155627	0.09845824418461867	0.34820648207897875	0.6512927132762535	0.16972785829675596	0.006440539678586414	5.583734043255629	2.6856251134560916	9.111809852589849	4.796997253766951	0.012016890977890044	0.03936872652168367	0.033789437530154676	0.003753563104940232	2206.7094145301126
-5656.868213276778	0.542188793881411	0.09584786428734891	0.48543255503469673	0.13681486154181874	0.0068179416836368035	0.0242701201795702	6.361356099471794	6.318367525510667	6.6424323602241016	4.297665781660179	0.1533583971912608	0.03696056979357266	0.032003138008955836	0.004582099206698643	2655.1233138147018
-5863.065533844145	0.5048394135246776	0.5098110398449608	0.5803892261482183	0.08382942065778973	0.20486762538478923	0.011612553434154307	8.060956214818255	10.03423439194033	4.779013469492256	4.5595776640342125	0.11963790459728	0.03770863069328001	0.06747079108011944	0.004838864749225634	2487.903089368938
-5468.766057073074	0.5828277278004977	0.6834919391818103	0.23209060384267838	0.10322073055352085	0.006026024852229116	0.010045187141680116	5.461663117992101	5.992331933932907	10.43738103457474	10.513445402299695	0.02454450090654353	0.02776698743907577	0.05396798398088527	0.0022196333329024278	2439.7641583329114
-4951.114860899859	0.8354255556306953	0.021237654703832404	0.06068838512819884	0.130034378794851	0.007717764208903065	0.01662641726323482	3.4083364803280567	9.700797212201703	7.890320081610489	5.410505162250361	0.042679780299622105	0.02854666588815734	0.1074454297327559	0.004033190657165296	2940.928461833899
-4869.890372418903	0.9729978965559075	0.046916842297582736	0.010581591501068733	0.20946012289037974	0.02702955871231303	0.013183307992167388	9.689919834103707	8.937107824189129	8.161894594493344	6.526170386598767	0.02921536450277552	0.025378080216672726	0.17730486930338243	0.006488270238780165	3176.9529486809593
-5163.659145466733	0.6229658477929971	0.016576256998617447	0.5418718485501518	0.11419791395583105	0.5825717054328451	0.008262547373817307	4.540749598934403	6.5211145002800945	8.590792999848816	10.946558187475333	0.06419711325713358	0.02313142787104532	0.10558284417220815	0.0018908130306651517	2790.510800353032
-5437.8804259757	0.8843639776700662	0.07116500441928045	0.43404456050018403	0.3941660711204612	0.19483171247257655	0.01194682401670128	7.417514502902287	4.839232053695828	7.3711958439570875	2.5585735772492186	0.051702651863977996	0.09463389296515512	0.06319071591440838	0.004588153304834547	2294.408803937485
-5744.716152570429	0.5262390574719414	0.0332144390572745	0.07881256301777786	0.321163923964831	0.8179891444111088	0.006964049629377277	8.171082718452878	8.861239537658687	5.643794007034746	5.205166637647258	0.037774854428175075	0.024423182181672734	0.04457203691233083	0.0041513404244652875	2566.458913082082
-5175.644424051314	0.6180024772581525	0.03148335908925767	0.1430605661470103	0.1362559773292694	0.10008892919614203	0.016182668717941145	2.0380754373666865	10.234426305618364	5.577900659854158	3.9053923564060695	0.0628965138040253	0.06135666664640911	0.10312011085065496	0.0017814183099065844	2840.5564535005824
-5971.5296861875	0.5217587436705835	0.0889564605764828	0.4248090822922622	0.1972475398166976	0.16470147129946067	0.009457066530888548	10.436364599018331	3.895285117473389	4.243914016812223	4.269861398554184	0.02174549261578067	0.06332510237864346	0.03824879101885246	0.0026868803303254462	2455.867775544113
-4860.19177355799	0.9808439126255516	0.04104590666163515	0.05817768760985798	0.15871960209578206	0.005105553750784184	0.011998532188993306	7.292423746273822	8.493260306770711	10.90122638068499	7.206449826442146	0.06764118903385812	0.05628090360678156	0.09781989938158192	0.008068034598196917	2969.065225646809
-5369.812941515111	1.1032591136610215	0.05342954765217592	0.3842364318439277	0.1644422940323259	0.619734421129296	0.010869548614589171	7.0356196181757005	5.586977932180413	5.073317943223228	4.8937000989058665	0.028956366613699984	0.04158662467114345	0.07433523511000739	0.002713384010237709	2208.2726687060353
-5568.988923248917	0.48267791396682785	0.05941110533670571	0.2926890307012182	0.09001812086311964	0.006651560516772891	0.013683242491138508	7.347545578651605	9.407400542210782	6.573155340957981	10.127194480982293	0.08612785793967642	0.03575519688682674	0.04292147765106119	0.005517035876491868	2843.038494060107
-5429.694726115271	1.0630489443126179	0.1870714359059578	0.28118960953098876	0.15838795484174417	0.15530091305737492	0.007533097809954417	5.818643758231068	3.156936172610287	9.559405088994769	9.538162435204667	0.03135098717631086	0.04901780238622259	0.05872378818339806	0.0019985724610258326	2148.0598004861504
-4913.055234701156	0.9158529555465303	0.1536423138273551	0.08828424098367549	0.12889783941480099	0.001	0.012365859388398164	4.912372406040685	9.847612192248489	10.872952514735077	7.083667818705598	0.03812575697441148	0.07541742958598768	0.11326599920427408	0.004692006799487602	2919.75356904787
-4888.753785040341	0.6200131465688181	0.015265007054991151	0.14505298390390364	0.13140737766882146	0.03290694047952054	0.009192320609800408	3.494090379588792	7.331955298740537	10.927405470600418	10.655485794408957	0.016430036501011012	0.03807662721889331	0.151480506081034	0.002524604012534545	3509.3842179999083
-4853.932361790143	0.9880668779381634	0.032369474441287203	0.199219400574474	0.09738443785662121	0.08412157339056481	0.010971514086725568	10.010839374068306	10.998364249025908	9.159093752020825	6.865766020898351	0.03671177478410798	0.0886430969351278	0.10277903903963752	0.0033888766506855405	3003.0284872573743
-4868.10161513928	1.0387184743392184	0.02867120815861509	0.7468626790965932	0.09725243092798104	0.027482394427501788	0.011001266269603335	6.2200694473005935	8.41452206365311	10.57140363017714	7.138407626636504	0.037269746171508404	0.048661675703477986	0.12669058647442966	0.0016050732871873267	2879.154638387055
-5000.706712245746	0.6116958036046669	0.023730279081748764	0.06636422927380257	0.16422877460281105	0.0661079951616741	0.012505222209177673	10.449006260802216	7.861306141710267	6.81943665860012	7.784087871940393	0.04838150776782019	0.08858619555013005	0.1328978869378056	0.0018759797335830015	3424.15112242203
-5754.7330476595	0.5872036566823055	0.32049956307923044	0.2243224225413719	0.10866502153835762	0.12206223044636258	0.010855910301150786	9.458542134642373	8.81568506400526	5.546102287416593	6.223093130853129	0.025453404350192207	0.02035114494698861	0.060331998812384255	0.005619252641458673	2300.5073954647255
-5272.095478428843	0.5731382605910081	0.02927009445824777	0.3202548340737453	0.11618005242087905	0.6518839448651365	0.008150159329801543	4.8678191827013055	7.339178311816283	10.916326381250107	5.260270670913749	0.019666670589308138	0.04529938664900939	0.08059178617753332	0.004075283392620882	2788.869032339873
-5896.792841820737	0.6224021560825388	0.15498294070006902	0.21025753470312716	0.27772788908020285	0.4699993633814817	0.006218722054244092	4.839107852410719	5.263508292641621	6.4190675753822175	3.0745881063243607	0.029389492912839175	0.05008003204500227	0.03452723977305095	0.002722025998773278	2256.8170291131696
-5926.260348065305	0.6095647522792135	0.08302104793709898	0.25336951665781876	0.395324554720245	0.9651992798321677	0.006129922920266401	10.112680945954889	4.860713979982927	4.161539858033995	2.010487043675558	0.04196418940480293	0.043004659425147584	0.03369413934546028	0.005468018726942738	2350.6187903724162
-5138.245758258179	1.402380183000484	0.5578910446059854	0.23029434277150876	0.1336495812301189	0.530727268252579	0.01044446267518161	8.941761203245889	8.507396663198964	8.163165211016828	8.124540787379766	0.023810169630992428	0.014391006736891284	0.17570325993852273	0.010875462469401942	2147.731420158815
-4914.96478989456	0.5859220744759854	0.04436191394116368	0.2400400405036677	0.10177277572259603	0.0048961815277581535	0.011219240998903807	7.873992374027435	9.661466401830578	10.564282669124909	8.533487205800599	0.041340232611119646	0.14175942459206992	0.09715985659292085	0.003956119874876654	3601.2450048533137
-5317.485672551714	0.6597657127777157	0.03208977488952077	0.2639080210085331	0.1497969530599101	0.38382240238276144	0.007498912165458679	9.971415261256327	7.5835220691337755	9.958505885159543	5.043235016995874	0.04936423855873367	0.04127741342826019	0.05406775567897051	0.0019425496496029986	2658.4230851419734
-5015.213080178412	0.7957602661374751	0.026548065515013305	0.29609389686935483	0.13314906890926848	0.01179015493137065	0.013122158353509689	10.139419326657183	8.70528201007176	10.10333610254583	5.167307344571436	0.04364292546394433	0.036698673774378	0.07517617117255099	0.0060517417289571865	2753.140984197674
-4863.980165861629	0.776174134202049	0.033018900050292704	0.1832756806375173	0.10766893471573531	0.016668986394829693	0.011495086493199125	10.14616827791977	10.100395973123861	10.203715807065779	7.0944004138602414	0.01996614332590195	0.09936491330055645	0.10242733645282451	0.00019190186740406098	3312.951318835368
-5122.848015385002	0.9097916357029295	0.04530976121481564	0.37121218573587544	0.14851408794023963	0.4200271627421966	0.009442979314540915	9.925171228312458	6.8884184575578065	7.3154782664760525	5.71763448003352	0.03521575859534297	0.08736957933182594	0.07080181345409421	0.005206058538693076	2541.029926130427
-5148.542295125915	0.5610582536111781	0.041931917499894944	0.31225260053696896	0.13738334416840461	0.06817087713785155	0.013329213651624	8.0097235269807	8.083176248463916	7.696610727481841	4.6100820618938405	0.01928757230880641	0.11769920212386684	0.08034579086408838	0.008258289664113998	3006.258269900525
-5345.746367727308	0.5059672028995312	0.02366081297737417	0.3612108763328111	0.11479291066533523	0.8290746501607615	0.008166395162089586	3.7440548029565153	7.152684032929803	7.167467510156104	9.632298720317314	0.04696222231856174	0.037264608384187395	0.0881854849485066	0.009253496461396978	2858.6548539701016
-5261.717281376366	0.5468908332411171	0.024015524921815443	0.4375446025320572	0.09578020085952152	0.22651849949752825	0.014309758082923535	9.09087030337537	10.781050495181509	4.988652587769011	3.665392308655198	0.050926863380688955	0.05226842427417398	0.07412013387463232	0.004864360775543498	2890.564710876279
-5465.094666594433	0.7783074708458061	0.07810644069691122	0.22202607283763345	0.13763562267227547	0.31727036203576786	0.00561593253359453	8.706569777348856	6.925207088508569	8.123152809317803	9.605714014338627	0.02704953438705993	0.09365888839966713	0.03510723684875317	0.002690972801635394	2478.0146338959266
-5261.099269122621	0.5543637397138366	0.019024162025850912	0.06718032571003178	0.2851864553137205	0.29627474267440274	0.011016222853611844	10.469780510990896	6.569983233736453	7.4429971065838805	6.196813669488199	0.045550212059704734	0.04022369765323293	0.10799611936075335	0.005429200859117903	2919.8306496025425
-5509.148113999674	0.8159561276579915	0.25876963048789403	1.6477110612692945	0.08338826887911242	0.7674340256127936	0.0059074505255210085	4.6316386969629715	4.588716045474373	10.950848792492344	10.83303749786294	0.08484879566760864	0.05439287760388602	0.06425438460401031	0.005485724890887814	2200.534863744748
-5205.394936133427	0.5833287434864731	0.003273560587302045	0.13455711695497638	0.1353340825335493	0.04294383644698359	0.018168284125581125	9.984081367079362	10.166980323329193	6.7871151011208335	2.80916277788695	0.1588197016627305	0.004490343419329538	0.08674519908981457	0.006311561688200783	3011.713402860139
-5653.035627974939	0.749785936046905	0.4179807898332377	0.1930494380963543	0.1941080591009298	0.4635345646594548	0.009769573765843385	8.6737272590993	4.394838331331003	7.642382460594244	5.171090830414937	0.03229829493632203	0.02734994864197601	0.08192302869643152	0.008201965295211529	2137.909742769443
-4818.442427008925	0.8405642584557387	0.01961533468108409	0.13107000815778724	0.11320276232728768	0.016736021994251605	0.011821181965495023	9.67028084038861	9.87311878362531	8.66666284352448	8.453715944723662	0.05707008859227102	0.048182230910563645	0.13473883435632714	0.003729307726610459	3300.8692091133394
-5269.389627924255	0.6270552396360121	0.04159525767974705	0.3029448461896519	0.12455037287746001	0.7327402108303944	0.01020678605422852	5.0227443493854524	9.280837656212814	8.798498277978686	2.205506008413325	0.056966841963075415	0.10572323950781996	0.08252121332185819	0.009331479327260552	2844.256414563429
-5282.5009181187515	1.0051247665285874	0.04499077224659215	0.6397300676811816	0.10386867833379093	0.3145055538851373	0.008646429300876807	3.042992711151828	8.108141765868355	7.86365783823663	5.380163874935927	0.06622571418338173	0.041369864226455125	0.056412963236084655	0.0028522833016851623	2343.706615536881
-5161.677504176334	0.711390845484923	0.07320098227341999	0.3159514536122837	0.15101807970907097	0.006153805158826192	0.015406424791595779	3.6241910532047714	7.335640667872549	9.729695686212857	5.3059294127705705	0.0896080676154057	0.087295823983707	0.06150550041363041	0.007056860730199038	2642.1606784959918
-4895.944850137585	1.2655107629465352	0.04224911935203315	0.3799998663175016	0.10735878525871888	0.020291854441514108	0.014997089929881125	10.659978267449333	9.367766403002001	7.7174159027299885	5.27348067808013	0.058468373238355714	0.09681517260652282	0.08375450593190659	0.0037841941171071116	2648.8752246889817
-4882.318021559944	1.2843762296496752	0.030784987177912938	0.21429280254511368	0.1600992503686473	0.36731885523828534	0.008319400482881482	8.661591384400994	5.920314312058372	10.9395301012348	9.107254649866054	0.08536296865939193	0.05644130871381034	0.11741723130526559	0.0033336813917417647	2577.840780674018
-5054.0544631286375	1.6651406370433153	0.21410328794105	0.15622662474907167	0.12201111279033668	0.001018727769659311	0.012685747044597717	4.485900585028607	7.589621932603983	9.143699392747498	10.561961836595614	0.029900893858849465	0.0011557732513797364	0.07318278248302336	0.0017003488733942803	2316.3953815015248
-4958.653975699836	0.7442306415392864	0.048493548229536686	0.31314311451638205	0.12868634393026818	0.016288341721606543	0.009610157591094364	3.6428225398550658	5.5837858752842005	10.249515883341246	10.351407796814883	0.09150601617039517	0.045241459122781734	0.12704920024963648	0.0022291228686723515	2966.7004940252177
-5064.14990732803	0.6998258073567019	0.03702650663060711	0.2607377389859556	0.14117535126382996	0.01316366772009947	0.01575468516979753	4.792874621812181	9.300900430324601	8.08684763445676	4.401167486714492	0.05610385041956151	0.06313113189110872	0.09511086367049444	0.0025465917027302884	2830.794358990905
-4985.7048585890725	1.1535629872250512	0.04939139214959203	0.8267761529980413	0.1254294060500018	0.013886560218416414	0.016378135435067793	6.787345599695369	6.742947007237839	7.78083282953509	4.909409176978217	0.046404224171814716	0.06389354108804025	0.0984821717864155	0.0048310118866156295	2451.162285065802
-5387.219413897602	0.7855241542999656	0.05023325842129117	0.13547886899428657	0.2568563981110954	0.0588955526581664	0.009781687955684954	5.960269069744045	4.902854118704647	6.971404794519314	9.568095758583404	0.021592527800480564	0.05219189417229836	0.07399556597838405	0.002193658410006983	2468.797992230719
-5321.427547358926	0.9177768432544151	0.034000191917981426	0.4613630527376549	0.17915025112412944	0.44563729563837134	0.011327332323362624	5.938592804947059	4.556973156619783	9.40532909745755	4.089538837941941	0.07206045616626185	0.03032771650128667	0.078321688508452	0.005461848220344352	2363.2807097311697
-5163.952694789382	0.7975552594177369	0.03905098046513825	0.3338360952459025	0.11306536862876823	0.02200545009659712	0.022022343979597653	5.87919312810461	9.205067437911426	5.452119667628837	3.3333017700091783	0.030504000050642358	0.06370310139368741	0.07797671276333522	0.002049868190637117	2578.3368218013775
-5324.175761679367	1.3581122834527664	0.2111349454899878	0.17236854728492343	0.23532550636704191	0.1070197694999919	0.01191537111176548	2.7088768074513014	3.906088235672096	7.991915386748449	4.9717639109694876	0.10610379146082644	0.05332802203925341	0.08638235395809732	0.004498017649044631	2018.707442489401
-5492.1057311927225	1.1381322273598427	0.30149267595408713	0.4779870960008389	0.10556130828242971	0.09238862220153206	0.013765023914337106	2.5805567027837846	7.3095627367268134	4.7276483576057355	5.307494801985587	0.0998237764384429	0.0290403900330962	0.06826185370902112	0.005644118633068015	2031.6140542022968
-5268.342504824958	0.6193015107891839	0.012939664509971532	0.49802226234680963	0.11588014312846545	0.17897042866144816	0.016375779081634994	5.431274122469824	9.88451742389316	5.916383488473493	2.175521402415132	0.11385687806572037	0.018762657835137718	0.08850954541458764	0.004549011500403737	2757.057108259365
-5584.073083705493	0.4321207311363262	0.04120516301702075	0.2436385862679452	0.1454023035063396	0.3786719954515816	0.008631652408954341	4.057133202461879	7.280266095683831	7.06191597472023	7.838327064066534	0.13989390734686993	0.04059832210604492	0.0640474911312664	0.0019118680914621464	3073.509891005956
-5420.819129586355	0.7724232546045665	0.08300477365929113	0.2644640710553343	0.12641320222660868	0.08813209403243526	0.013311823251961202	3.77590332187347	6.4000062737156735	6.904476410813023	3.8983210066266296	0.03450882379632532	0.06106963996330255	0.06607265448690933	0.003318710294307741	2403.620473582234
-5023.108563436998	0.9137907268615237	0.04853600601688745	0.38320972692237126	0.16387261015173843	0.1864640213472643	0.010963115219809704	5.66527272899729	5.767214608446083	9.524634560226067	5.087877593942259	0.035557885619761836	0.10210203684296844	0.11510751052783924	0.009635085141439117	2618.510508255971
-6311.456570444943	0.43191940641485094	0.15684905692801618	0.34918458048584516	0.3253169780842771	0.8074018649160137	0.002547213235213339	3.2711210385338947	5.440985785843981	9.16264774054245	4.247683254103302	0.06940726943306594	0.050614936567813226	0.016177053723521868	0.0024782332940208184	2557.6154953835994
-5618.437590042484	0.4949523784266614	0.033019984280770305	0.39850585043768944	0.2689855810910998	0.7193895350933266	0.009611974710843987	8.809350406049868	5.766816688432161	8.557068244199987	2.742252965180383	0.023239485555430626	0.055288500693165994	0.07319412532547254	0.0020220191525917005	2692.2982716693614
-5824.007891476378	0.6114495396632585	0.4098586556976943	0.28751807863802936	0.09916296217854495	0.45219043189506847	0.007213228704298139	2.650398978233537	7.325148205197361	5.8338312965031225	7.114749058710361	0.04363872884630956	0.04310146424967964	0.05006127831268798	0.006384153329627113	2247.0312970218342
-5051.544438947958	0.6687936114267566	0.026832470709219295	0.18259979774199517	0.13587623387549225	0.1495918343519909	0.012486647144109195	10.753295182719611	7.838941237762925	6.214172359508582	7.462322769461525	0.02259731246074038	0.07342641685955592	0.10759356977946025	0.005707567063914789	2958.0976817141845
-5168.958815898101	1.6547913961295615	0.04699886972012855	0.15156169589180968	0.2863739530240832	0.008639309714377319	0.016017659575444813	4.124245737468974	6.399500321504718	9.675510234785909	3.820959223651398	0.03701871865578561	0.02472013601881246	0.05412826890357695	0.004744244500885908	2195.8974568528256
-5211.286207893661	1.0507778238348597	0.060711486583186376	0.1289300154458878	0.2371473255893925	0.3574763582002352	0.009841719233589992	6.363073583486154	7.24792121549109	8.087042327240182	3.0851766193914014	0.06665367795520108	0.13452402449457657	0.06549398549339629	0.003926682867982268	2442.6303514814017
-5161.4389248963225	0.5738931074585201	0.019421882710450273	0.4748926683031509	0.09970237844664422	0.48131891718469527	0.009970070259199852	9.09160046265553	9.41412759808186	7.488190596616015	5.871908037224577	0.09625369795611202	0.04171925934397367	0.09005243386482782	0.0026886650952657855	2990.4615404030546
-5345.938854176467	1.017534754862419	0.14247356409826492	0.6560975661481229	0.09353645088270453	0.009002915402001167	0.015363825317699278	3.655809900466678	10.10104046485015	6.062892574800756	8.365629622054218	0.028357682160209306	0.05545185318217328	0.04396545133467554	0.005205581614600198	2209.216694810915
-5004.9202243863065	0.5705000990080549	0.015126152321212123	0.07569779588780891	0.11840535228390855	0.19379583754286914	0.010133513177735913	10.348000483560577	10.927996450989827	8.443206357990272	7.619926569559133	0.06239381495120862	0.04151860372925643	0.10208255100608886	0.0036994257930705386	3317.5747523382756
-5364.055951378438	1.059135321466139	0.06327542526011339	0.193284157970095	0.19264491142115275	0.36757103249204903	0.00918527229398511	7.932873943248551	8.512926642241975	5.744767952597602	2.7112888894273994	0.0575372366280995	0.05799244555471396	0.04341160477716506	0.009260350227553827	2268.999103662553
-4872.2969826636345	0.7826666097771984	0.022682470438470756	0.07876617732067179	0.11979764939298042	0.011168822905346614	0.015182521410187362	2.8323345755968807	10.99553627976384	6.958329378898379	6.459617715648652	0.01635934832793716	0.05053851594147395	0.1374826379118403	0.0004204969003049806	3181.695432464624
-4941.330272179006	1.0217021934084334	0.03572970977102656	0.4456037679730229	0.09945537762429285	0.3981889277636549	0.010214013532540263	10.93174127126637	9.674333496386977	6.826723875720027	6.959596820615421	0.050433918235013975	0.08473450379590099	0.09335705415006991	0.008016478371486908	2673.9629984102194
-5047.674341477318	0.6108555997382396	0.025505829715735256	0.16827239787592446	0.10570527241982619	0.10458281793950341	0.010934895115738313	9.031717687919695	10.522743052222065	7.464607740180326	7.905346193159405	0.1126168884688168	0.06450356898781714	0.07736382093027663	0.007833243226077374	3128.2455997166344
-4950.798265062347	0.7819327458588806	0.031210655340823713	0.23218989209758473	0.10337827005331891	0.22309389351627384	0.011503861995348535	3.795125626363486	10.96610758011184	8.35329164837816	5.748189267457647	0.17918449542139847	0.08518166953120396	0.13310837124887745	0.0036637547795985	3038.277078294533
-5208.497414183378	0.5950522410504067	0.02786135030626979	0.3543163914159536	0.1432998106284715	0.15541328490678807	0.013044193076233253	10.332484250800114	6.939464416480798	6.171728533763751	4.88919831480137	0.06002678080910423	0.06674581155162909	0.09579537359960248	0.004297376692290228	2898.639991734643
-5102.522719341911	0.5841376737737282	0.037416950291756707	0.10556210771350535	0.16179633467462462	0.25748334897222364	0.009918324538393333	4.784075052002169	6.933586516276329	8.93083982890439	6.785309195749319	0.11427757976945173	0.11756113808915762	0.10716895279643508	0.006208582085030364	3177.435129856109
-5736.997171988194	0.6827337990184238	0.04815448279860945	0.18568389336517468	0.3472941477562445	0.6721502654231153	0.008413443211987356	8.044531884795024	7.1947913526786635	4.0533168077671515	5.102110428913687	0.042706876408264906	0.03216048461836515	0.04951413874453394	0.004839948881182791	2353.2434378795906
-5083.17378740247	0.4378159294864524	0.020833572785523887	0.4421984154021839	0.08169800392914217	0.630664104660334	0.007293532002754908	5.18792556978826	10.521565842823449	10.835674512604536	10.73243863390829	0.0651707059713823	0.08384956300938483	0.10830913218306497	0.004948011583979091	3603.1364777936524
-4935.384079026644	0.6965320460719046	0.31536013855114015	0.02128492707880635	0.18145280529028257	0.001	0.01160938886740917	6.861851963991391	8.266519265618092	10.066365556519594	9.786156196695792	0.08331021022186305	0.09275444600727002	0.12141276823019047	0.00429305860752729	3209.1566415287984
-5289.421640529565	1.0160724015722553	0.09774278315889708	0.5822168139927122	0.23849240227021137	0.012461957976262504	0.01780794810938463	4.850925618698396	4.526359076141758	8.835655269911427	2.7135644728715627	0.08072869279583618	0.0710932923958674	0.05557667085894634	0.00823511011758124	2215.682330832715
-5502.743878764352	0.5935163586156114	0.019642005611528575	0.3403592303847479	0.13564962747225953	1.1465482896240937	0.011810040981236605	4.5018330667080715	7.439647408780611	5.632270488972989	1.9583763826634233	0.07059956852374676	0.01983010119276734	0.07796568061197358	0.005231116660516702	2609.7950790262553
-4878.802527093359	1.0459353611826212	0.027645164904622564	0.42571224415023384	0.09310290007807669	0.02269996851120759	0.012403108408151346	6.086996560879558	11.000000000000002	7.827490724370122	7.403896963370682	0.04619419534696879	0.054362389344378086	0.1062304147512398	0.0007395577214674284	2784.2129575356284
-5772.886556306472	0.7066624155648087	0.46525145249767363	0.19557809943906568	0.08327741339644448	0.2391065307143361	0.006496957498775416	8.998017106457924	9.985803948794773	5.3239302403387585	7.675523063734794	0.05086047502798219	0.06431067908187817	0.03581176751251133	0.005384153416875604	2191.1009119623786
-5218.682641025725	1.171218186344644	0.057296155142058165	0.11730478611846033	0.3139944570265754	0.9056967049212036	0.00867073024976458	10.749436132493138	6.273248552386029	7.000768444567679	4.526660848258125	0.05929315083639422	0.12178613057421095	0.06013073335197129	0.002663992523898304	2410.096247968761
-5767.2031804270755	0.7435948523742854	0.37798741881362874	0.21611019530313696	0.17651404575464852	0.2749023124373869	0.007867905190762883	9.083814261556183	3.3720081436529936	5.258313617992514	6.26356201421737	0.09685065758649634	0.03992611522873632	0.04425648836517395	0.009667730474449418	2163.746267107292
-5241.412878183492	1.2841498091087098	0.5368812756227653	0.08723655150966708	0.30184256596620124	0.04802176400977088	0.010458118985469275	2.929141872749702	4.366246897343029	9.215414435748952	7.661517566166182	0.017435512239491798	0.09061053788357523	0.08339922285934125	0.004272858262694748	2061.2606076027296
-5717.512606019245	1.0121997504070361	0.1278556811311022	0.29070481039267215	0.5161940496447986	0.07397997958083431	0.0132362602654153	4.584785670735657	3.9693066274597606	4.144365726644905	4.389331794188601	0.05582643885486887	0.03722108690865998	0.04332913224550512	0.004065405119615108	2040.3526746957266
-5744.300853388295	0.8976340749997037	0.3893384805472789	0.24742120105078577	0.19688983091568443	0.593414373904733	0.006764458266226791	3.9856794074846875	3.647451567388348	7.474402708107595	4.482485425781606	0.10784639384737835	0.0567045969542532	0.045244249373713796	0.004660688239130776	2041.1433708910556
-5283.508820004113	1.1496342451806938	0.08316591909147833	0.0851780112645329	0.3629288106148334	0.008078894217823068	0.020987110626727506	4.033683204183212	6.13559721296559	7.020098159276177	4.230652658661454	0.033041385862054906	0.02679322416654306	0.05603947033407757	0.004246930709226776	2191.8893003755124
-5647.225283333147	0.7055169057248528	0.28653058735768566	0.30094028583491816	0.13105599640297427	0.10776486979749651	0.011633260248880012	8.478638130172527	5.914367715558959	5.0678942445127	6.048847765735718	0.07155398053049357	0.08653435276870801	0.06295039324828777	0.004986719518469116	2242.740675963767
-4916.54695162668	0.6395812824883987	0.013594586664414968	1.165754090638492	0.09060757985257772	0.02366580337757619	0.009076222065736207	4.5426177358232565	7.955839259701457	11.0	11.0	0.045359374494806516	0.02466285678645565	0.1271414066027882	0.0006759048580673279	3253.13956302971
-6117.4070837970485	0.6032643603608652	0.15935368006588152	0.5227838015486035	0.5697777026375471	0.3613107237415866	0.004938974530386649	7.155615276920925	3.1600764519211144	4.7407740788838275	3.576504982809946	0.07825938340354549	0.08624284294828335	0.024265570189631044	0.0026356975330444725	2325.774723511762
-5044.207341871699	0.8133174891890287	0.024769599604399707	0.32879368406245657	0.12397167263088539	0.06306763878894099	0.011011981906442939	10.767906570053286	8.305404536467114	7.375393006664602	8.571387746470478	0.041709094637992314	0.04373823071591045	0.08163014969832558	0.0020927869222246744	2707.856151339802
-4823.679929884429	0.8157816022174705	0.03205116321126169	0.15678430823555006	0.12265462287855948	0.04203826410187171	0.00898720189417333	7.605894037884277	7.620883761493406	10.711154986083406	10.999725630766019	0.1025298818021003	0.08394737822610786	0.13472199150142347	0.0018970551114934192	3326.656897476261
-4981.124279876047	0.9523458651202226	0.025071267401459645	0.40652719929949055	0.09673207077758876	0.6699409600937172	0.011900425588088865	3.5746362186752703	10.690310691587918	6.044888433934807	6.7966934462544035	0.11968453966983848	0.057710054870537694	0.1531733616589535	0.0010724000196095562	2694.8220878107913
-5373.609279450268	0.7061570703850045	0.23651687352253836	0.06608974928327432	0.1849397249613329	0.045434895006465324	0.008856528124857899	5.346530562200268	6.338801326772119	8.883444790319864	10.720592048565145	0.08872538039049799	0.030782981356277727	0.06490869316727312	0.008905948271102826	2456.7913046864696
-4998.945699216203	1.5741623084101724	0.03690041722437767	0.2164798462200063	0.1631931616122398	0.013899562996276125	0.019336030793584855	5.282877345605485	7.572807622173944	7.316577662238538	3.500497259934749	0.12219848575220275	0.04402664982488729	0.11647285440961407	0.005296149371440819	2353.063937081494
-5011.502143484067	1.0183734715723836	0.026129978316603773	0.3974454969518451	0.13534005302107724	0.01738500099674614	0.014229433519134525	4.373151761901971	7.657453630215855	8.879248666111419	4.925088927353804	0.02579107162575541	0.025411445841326673	0.08100479732789796	0.00783819960128359	2499.018736839124
-6070.039663401939	0.40617430959638295	0.09495797364058399	0.24642955006328376	0.15437465639638062	0.8100794311760031	0.006486072874308635	3.5656037396072313	6.170245451057513	5.0984552640257	8.247467481349414	0.07646246958676292	0.045801832986317084	0.04671714692296518	0.005083063056486532	2744.8874593519995
-4777.904109152516	1.185799268151346	0.0351264866656388	0.11180473358444527	0.13691239352874746	0.06246160801115427	0.010473848368152731	1.979174760347597	8.016962802824057	9.916768885956293	7.948392485651404	0.0670578668848267	0.08662787615586533	0.18342885206761872	0.004707668209369957	3079.5728334486193
-5886.825728063835	0.740052913537329	0.27280950961603084	0.14369007367440362	0.18341989885128646	0.5157794069743836	0.007216939103169444	3.5453019098240532	8.628527952640795	3.5173352976226866	3.0231587984023864	0.02720763081788992	0.06638319517777978	0.03622981389448651	0.004298698885223303	2139.929575427668
-5248.490982406947	0.7668191302972118	0.055326928411935095	0.29984895877621076	0.17204573658140293	0.15585297605575496	0.011530299178915127	7.665591816186915	7.041163771990205	7.025456169685103	3.583568101041772	0.05619263214679482	0.10949670931405067	0.05963169474654923	0.0054174773109300755	2590.213566011146
-5096.071184512718	0.5419821463371474	0.026874577259989957	0.6140875574613532	0.0992844778716606	0.20222516007019503	0.009457826496746351	10.067924852730101	8.005373592457094	9.147851816369961	7.28047110423277	0.08041125526433136	0.07802205856834248	0.0917777851448507	0.0041386370535747095	3228.5786708813266
-5940.267996221166	0.6377779607601931	0.035636869723841405	0.48977940816623267	0.5633169592427251	0.6434234314577082	0.006520460265707933	6.11238323116403	9.217980867884684	10.733262883394506	7.531845086346204	0.08852879839091506	0.050693632546993404	0.05866735395661443	0.0018199061017564332	2552.88313109438
-4773.742940663825	1.3788739318214416	0.004965416276429977	0.08057962506309141	0.11860921344467493	0.018094744423776354	0.012855600381261241	5.870834947728558	10.866579357800692	7.378175423313212	8.402392157247645	0.09014902932699301	0.005962730821051163	0.14726180715796827	0.010269077537527021	2897.13441047923
-5593.776046054499	0.7920975154353843	0.13589051188386828	0.8163252806508903	0.10371744854772227	0.15868432301248897	0.011752356752510231	9.036856870783733	4.423529938511688	5.302759911956615	6.760323494787519	0.03660188144819113	0.029209105321790017	0.07997136942857108	0.005719077579798711	2218.789620498886
-5431.316819043254	0.850227695784158	0.08456150369466903	0.3303121469885626	0.1885309672895556	0.24832259489230568	0.010855683602002923	5.80121924205705	7.982822956943726	5.726053948046904	2.3290817608948218	0.027433072441311355	0.10882148507801827	0.04900148344577369	0.0028578285748002254	2334.794908966206
-5806.590140430398	0.8023196235705314	0.16128174306167634	0.39999638580149605	0.3908343604642508	0.14625715432596562	0.007293804842041022	2.9694057699944256	3.7713573402199287	6.515517846176767	5.761188802028391	0.02274082719318301	0.04567906925060292	0.034852713708768426	0.0034909889182836674	2114.810459571109
-4849.209226912135	0.9486975377366852	0.03159288094369884	0.5623962877040765	0.09756301063554035	0.016686384222166395	0.010382433080328452	10.772079025071987	8.463626106510873	9.83689263750173	9.602115757856707	0.07724583110716106	0.06109888425677899	0.10361842999149085	0.0023168489369705535	2944.545556921986
-5508.381161196729	0.9280880142571412	0.03371957601465054	0.4625086174163157	0.13767744651011254	0.4544365624774924	0.009201720912677113	7.795824415331482	8.929979433212901	4.388311683803114	3.8469964628143956	0.0324219036853245	0.029624332971200654	0.044320649953801944	0.005016521899930334	2316.1147937632104
-5044.569543434436	0.8809967043675248	0.6248849855780784	0.12517376716970405	0.1558717953932089	0.001	0.014020902455831406	4.108670773455829	7.904687837610286	8.527840980356505	9.575828525389806	0.09568498463534335	0.11441182459705693	0.10664764337944953	0.0017067524574744361	2512.225716791095
-5032.751434825366	1.0996764739596812	0.4229140325476735	0.010670073083820555	0.2041190402246439	0.3160733119256575	0.009097905836948156	10.608389763539124	5.079908041416745	9.530298191079224	10.69278221772965	0.050284333068817376	0.03580505730812143	0.18302091027264794	0.0021097212525396573	2598.5182281483217
-4896.457556139369	0.8383642974548775	0.03891020929471465	0.48766181231012723	0.11439355658339397	0.0636777584799663	0.012101420501426645	6.157522677833851	8.014646309526906	8.96445204395564	6.374173580861897	0.029921133495886702	0.12037089254004794	0.1551285760064566	0.004842300446819592	3061.080021274976
-5226.19914775429	0.7858355610255366	0.0456875119840776	0.13917512064556292	0.3016217218364219	0.0027922296439381908	0.013010332136737896	3.6850174078822393	5.6371382782296875	10.877532228598666	7.852695481118555	0.07862418905225763	0.023608960687937802	0.05200737817486036	0.0023948870220995323	2496.5188905018435
-5242.492210148923	1.3647587124445575	0.07764387464055257	0.14461122829258102	0.3082730333652119	0.005350889711503871	0.01875365958764432	3.1864774577033304	4.87259008660584	8.12653705797082	4.97844652698692	0.040466665901072486	0.02701383453813092	0.05518367188840712	0.0022087263135686912	2155.2327293842964
-4965.773702860857	0.869899087600533	0.02504121510183625	0.22479661955543606	0.1326079426212864	0.007961761762198417	0.016190414764544803	6.721224093816093	8.171711848723485	7.553275142436211	5.497211655940911	0.03484424309114984	0.036662238202002685	0.11118649811551859	9.160664088756119e-05	2776.815014327098
-5458.320881405415	0.5501092728774084	0.03841290199405671	0.14874793705833556	0.11541553392290052	1.0954410543769166	0.007031096457036782	9.536420166821264	10.608359659238905	5.532991259073353	6.287072773939867	0.0456211880510479	0.06119472932424302	0.04696075132548323	0.004791422264900575	2806.926215961865
-5710.485947671486	0.6793748223926189	0.0993045507215433	0.23451006710261876	0.21712069752355287	0.7469631663699454	0.00501192478524691	3.1574750553133946	2.3506994087683686	10.429127071617941	10.821061296581755	0.04908094966117719	0.026479562664180497	0.044812227333335945	0.001206023718416622	2314.56113560709
-4925.845008418226	1.162725727211141	0.041342249447445904	0.43551610873056984	0.12535044894658046	0.010898030461657614	0.015920363782203645	6.138986643544182	7.793324282593841	7.3603902542263295	5.389084607784615	0.04982763974037882	0.06314036014864009	0.11096948694306293	0.005449380290606149	2564.4988956922466
-5446.204869054769	1.1151812198036126	0.13778440183063106	0.2602892488299908	0.16896682600675095	0.09371171132436867	0.006467389026541326	7.485015508741115	3.8466527043736245	8.84494119475299	10.401995921022815	0.03763600376392453	0.10702210699913794	0.035010511560965664	0.0017366025257175657	2188.276938782548
-5051.623061676083	1.2647381029157785	0.05364761339590483	0.526572873824792	0.1522728237516458	0.002073191331463756	0.013401173600100352	5.699474626821695	4.5059674759670685	8.779421302112029	8.276746749742687	0.029268718358622298	0.021882142702825264	0.0871608507884208	0.0016469046146489156	2361.076051157035
-4859.818796615844	1.2514181706128291	0.03177111068055001	0.07750295200524529	0.12441182955830367	0.5724298838089736	0.01058741029422392	10.826382882014034	10.24887828027008	7.343967055280714	7.523910223437774	0.030384550623338554	0.09219017907286642	0.13689183194622376	0.0017975337358358077	2889.898068589477
-5849.152248190305	0.4892225728667342	0.052561028349831014	0.41119691841812184	0.26914565666442336	0.10727408339478443	0.012035405889989798	3.934437294181744	5.962731940876521	5.761842781911804	2.3496801688291233	0.08813133053695889	0.02516042610557115	0.044029026970322314	0.005632246385731742	2590.5653306924
-5459.598067621639	0.7734019561313058	0.02443201056352261	0.1560960473847376	0.1445382416117647	0.8439339602435822	0.010959908658815444	5.551217445182065	10.181221596863645	4.990149536766898	1.6739724884346743	0.037950796022924484	0.030835328070790882	0.05551790263219423	0.0020836395482057846	2480.9724671561207
-5557.095461970952	0.4744298958392626	0.029781310332593916	0.5751840309992766	0.1824037758240283	0.35125692220609545	0.00769946391193992	9.472793838633207	7.914319616191085	10.038870673730102	4.346252821864338	0.1017837721987512	0.03646193002007488	0.04827264890761277	0.0014756233720355824	2902.979115335676
-5273.531208238051	0.9237230420494782	0.3178560239796106	0.47289834381405105	0.12557459860282333	0.03469055032532106	0.01124937270820028	5.3307722006279015	5.4109420755008415	8.501882492752323	7.722985311194469	0.0505516697361873	0.015306430259726373	0.10303975580171637	0.002447219687792879	2277.563167102089
-5976.471922408237	0.5837110805089435	0.28639953724658246	0.15201430600269772	0.11748826717857946	0.6541018904007737	0.008196263555878587	3.294298334974899	10.914659383752369	5.59956607103055	1.7552060154768252	0.06755682659011387	0.045829620969672955	0.049098458555887375	0.0015262044781171192	2361.585721425682
-5527.570862940207	0.47990683441330984	0.08128973384254355	0.2925458717896481	0.1074746546274048	0.11995999272080199	0.008762230521409698	6.018536178931303	7.788204950757086	8.572982580476783	9.1521977315557	0.10628185241160684	0.030590741988516287	0.06961802169758068	0.003667361964235446	2824.4282166762164
-4911.877079389515	1.0972049099421821	0.03261509497401048	0.3091933880095573	0.10320276831240553	0.012549240176840578	0.011820731063260747	7.8593240470241	9.214439336550777	10.584953290617278	6.187002950848319	0.07415272660930512	0.04825349781965045	0.08398490398594037	0.004089450264477445	2723.661441508787
-5037.630933676554	0.7440600567691468	0.023967054700851666	0.2887179252946318	0.094599179682907	0.8032591589497965	0.01013006697571376	7.752833811581406	10.665561489729846	6.502140471993093	7.21484945799756	0.02917793392615951	0.05699472978277429	0.10599770348469043	0.003960222204962094	2827.2687961589513
-4905.665739146062	0.811058838158642	0.018083134847894297	0.20905449277641505	0.12044818242259518	0.008778698529630653	0.011706043798629714	2.857644193526265	8.545214588626754	10.24376690103661	7.38606224094555	0.0463011099386217	0.02250539636918857	0.10226846619463568	0.0056069657868343635	2930.5690335643562
-6142.020903084653	0.5394700615633096	0.40319128333363036	0.14099129500625793	0.4052657102307037	0.16200728577827958	0.007008269597569361	7.902041735665084	5.095030471367324	7.375322891684151	3.5438997125121317	0.07847184382778935	0.03008879595753077	0.0334805217173106	0.004626570305135177	2301.5684852708964
-5117.39144665561	0.6253303602379833	0.033061647138779175	0.1105003724832484	0.2644640536430273	0.0020159903457285786	0.013485068096976532	9.094256041791107	5.6569589770488715	9.490646861264368	6.952861940479165	0.014876019569049541	0.04089404770336172	0.09531589873312662	0.003460197371216071	2890.605825689472
-4911.579732450801	1.3822402250244095	0.05894552000397589	0.32931265691543543	0.13865931435634135	0.01987575175673597	0.011895707014049796	6.9593589767249355	6.635009804285728	10.104862705163733	6.172379099472396	0.02854172328769841	0.08556011411623057	0.08522028622777873	0.006158228557338019	2494.8991620045035
-4874.602653591748	0.9145508974996309	0.030487367011789668	0.2513781429267279	0.13168229817040708	0.02036289997414363	0.010502846369973498	6.079111108295324	8.20158633270947	9.790058897039762	9.752588459993579	0.0056584794874604575	0.0403999401452165	0.1094387760056182	0.003072055675862546	2828.4669109175775
-5389.973104018711	0.56786855369644	0.04556744790957748	0.18586051907175913	0.20755543583206856	0.01014792575035419	0.016605610395804812	5.590377274788718	5.914786759853983	8.380705301298587	4.008555044997534	0.10710937521785004	0.042832615231764154	0.06283260853783118	0.004607636722768239	2772.1205701548265
-5371.253845089045	0.8575416881456499	0.08991387550242452	0.2862348217859434	0.12341686296826086	0.007293696681017874	0.02481112898953355	5.591181722024026	8.352656115096496	4.978450189953694	4.938560445620414	0.11023727398186575	0.07361044252393617	0.049605760145580796	0.0021466411011755357	2374.30482733841
-5113.465546353475	0.7562096364133153	0.03588285357049242	0.21997772719544914	0.09788881930528114	0.5235038467591523	0.009452126229975362	4.734847881625574	10.997097515591264	6.25034324647697	7.343639117819008	0.07579575996800997	0.07085187049456283	0.07495002607982534	0.007060611502235373	2710.6212611936276
-4915.494020911722	0.8898740766660251	0.032169174328241866	0.2971687014474678	0.1066492961852635	0.007598803348817225	0.014127551432137017	4.672608383865112	10.40148728008243	9.136838406746572	6.2415831628499525	0.040459504731767015	0.054566275893832325	0.09492911052142994	0.004696562545832197	2840.2860085725933
-4921.351360319907	0.8387260697154346	0.04981599331536067	0.19649062777771062	0.137378343301621	0.007044663329495058	0.013586220236955403	7.349890143572048	8.095013677079827	8.73846180541322	7.514287121079036	0.04166494612507552	0.1486786957720979	0.08590021483129616	0.0019502246295169739	2989.8743115835814
-4931.112084494148	0.9578904979430874	0.019442764442360958	0.26664027551703623	0.12354667824449571	0.10808232536754914	0.008810083235601038	8.471882566021195	7.063116661424802	10.485123537366144	8.725456647338481	0.04092838492982372	0.028704529000421287	0.09430127298967174	0.0046772570032649775	2706.5014034804904
-5393.544626601266	0.6047668962965271	0.0022383032110171873	0.18563049073986343	0.3844859508419468	0.0058563089841375034	0.01835385319272598	4.377983438088707	5.152993829872563	7.294321611177893	4.958476530906827	0.03355822424307901	0.0013825439126234724	0.0785339574797836	0.005380512640985998	2519.936544930197
-5863.049936837152	0.44331839259504674	0.23327776890191	0.147121678980167	0.1300539145199756	0.4581579002932666	0.005994151961994621	6.764976088906505	5.63221500038834	9.285866861882642	9.747628396853203	0.05885102503588417	0.0887087227026967	0.04979253373755386	0.004440462684533516	2591.6749269473466
-5027.975473588472	0.9031915720150107	0.025315377764848688	0.19942258715584932	0.20819609693315602	0.0045870228168480584	0.01187474546850823	1.4299564322868321	5.611349904397293	11.0	7.505482915714243	0.04121476972440132	0.016705431428541907	0.07977646005899132	0.0031538785283116767	2582.652872874727
-5006.654852379003	0.6014167710071286	0.016685232696254694	0.17950961894760384	0.16001048787174715	0.02305389782857423	0.010086187320725656	9.884346995308146	5.674615697757687	11.0	8.44932438284571	0.02284950405616341	0.032226135890438636	0.1172188499712724	0.002042223033925116	3196.48949113515
-5106.250249110268	0.8831818500738275	0.03767516960924015	0.10153082891917149	0.1732219497467174	0.2608088659748696	0.014096285256715399	9.51887160130709	9.73451879196708	4.532876229130143	5.368510303049664	0.05120021105254831	0.09445000172122041	0.08082650089495728	0.002804223648677331	2664.058841058874
-5160.925111003925	0.7963809415637023	0.06148496442016145	0.12276962189330441	0.13529806043909948	0.007463614749181186	0.017387637114655352	6.394061391366758	10.346067622647974	7.148354402642041	6.051162229849302	0.01777040974479841	0.08016771268834381	0.05391549183748034	0.001437341176634814	2587.4994303348435
-5599.029121732721	0.7999409634977566	0.08342083725935458	0.3794847467873166	0.28058331816307996	0.46240877126842794	0.006034251993385847	6.837817808076257	3.4769616916832757	9.274320263020938	6.009788353206858	0.044762038600339504	0.04604780719289667	0.04095945070101677	0.0018644586450533636	2279.7301390921116
-5113.6849385969035	0.8817261941064916	0.0482886844397717	0.1507030668593366	0.12959384768423668	0.2839249518279027	0.010685858906473139	6.118988342189037	9.382379405427674	5.23355166399419	7.939611108838434	0.04875049380026533	0.10460144112232558	0.07842861545543725	0.004268688934843688	2602.5404709085756
-4815.7433085515295	1.174142511059275	0.6782246767776374	0.03385511328204881	0.17695363962312285	0.003514735499519175	0.010834917271224534	9.353610042153866	7.218064522924178	10.933954475758629	9.000734356133513	0.04764330830428301	0.026322437048108938	0.1509906550867037	0.005419300219448347	2981.926955126694
-5317.23517897766	0.7925632084948917	0.05976388757450295	0.12068992930641619	0.47785747262197303	0.09213134305235054	0.012159256443619553	10.733669273175053	5.327680535825854	7.712356696065376	2.7042525804321818	0.05739386957669217	0.1421264437637747	0.054492663521841074	0.0011152665601533891	2643.7000331330105
-6237.692893513222	0.46950100733812133	0.36233470467124	0.46717340920675876	0.05855875725740509	0.1700337223301497	0.004387109720190824	3.6481796829519655	3.4173506894220997	5.874395280027441	10.795464398009408	0.04129245740526751	0.025485652811733435	0.022764276535840577	0.002250236365923783	2375.860409955198
-5804.797297589277	0.4869083603704301	0.07733520886782766	0.5309673151811306	0.21273689843769875	0.13122075346600875	0.011755428323784371	6.071147455036836	6.410776432111587	5.662392816488708	2.329887262160852	0.022204671841527718	0.08744995663468078	0.045590205864576086	0.0051241274016661995	2568.0575573337487
-5196.181740622951	0.8627928675763026	0.04528905607576704	0.2955484676993148	0.10276688398162039	0.45562316886915527	0.01162139880209102	4.578856918338751	10.107353692810086	5.889876128694188	4.534589148827224	0.053801330387761935	0.08658158334247364	0.0656732597392941	0.006920813282014643	2525.1982485117737
-5107.910063811569	0.6307859633484002	0.028679148135262372	0.07467497580889167	0.20060731455931988	0.20027951652697998	0.008340727409912504	8.55543760946125	5.641064297460074	10.663753492077033	8.574868157741792	0.06469816023343848	0.05696362792702062	0.09287778556791776	0.0018464634559833026	2982.9252286079663
-5209.027889305422	0.613188995017029	0.023682050127004348	0.7926850497243706	0.11259341570830633	0.0051866628721853325	0.01606322490508608	8.331226151466495	7.0085206909514834	7.525125047640651	7.034955838090753	0.06435962369575139	0.02107867360270339	0.07639871096746284	0.0023440962178590467	2735.2781261212926
-4903.576749984749	1.020168813496646	0.04155554743644227	0.45926678105463437	0.09445280647589757	0.0645129141050382	0.013817813819854636	4.856110733476706	11.0	6.592734596748808	6.496021850793193	0.03852374681882528	0.11194398619413093	0.11958949862028118	0.0014389831520606178	2743.3780871744866
-5126.001689170896	0.4804505343500917	0.03276554346088757	0.5954812445984082	0.08785695773203306	0.008455160422089018	0.012335342287409326	9.946662557735147	8.184497499922273	8.36141852111969	8.51615821211629	0.10499579539971908	0.08093843945418008	0.08229941379707169	0.0019576090819760457	3483.986462000551
-5176.053443027322	0.837917325762524	0.056239086729758456	0.1901660680930119	0.29115249828318973	0.004573145136227169	0.011599051604771095	9.294652343861546	3.314858880284033	9.666690563798484	9.623229127716913	0.03472902663504309	0.02941260397323329	0.07218109988714969	0.0069352911955265955	2466.4072495104897
-5202.729073157367	0.6765170183052021	0.02867785233190009	0.517151680932701	0.09782095973271479	0.6069424031861617	0.01301387606769863	10.217367304019652	10.662437012640055	4.827783223257942	2.8101097988039516	0.0092584005905622	0.07915147316534683	0.07759906208510817	0.0018544023804191543	2780.4847773214733
-4965.248635404751	0.5992893822452495	0.022802402697877047	0.30594517589748227	0.09397334591303211	0.006897959475662274	0.013407564274621335	10.928449567819179	10.983952913372757	9.160427874673124	6.803662175384158	0.044849640971462115	0.05855203000388912	0.08667348989686254	0.0039742030833782045	3283.3750977217423
-5189.103399077005	1.3434731678808394	0.062026284912418524	0.3314707695653745	0.18315469716566138	0.15638994607946358	0.011510371089937185	10.064430295526844	5.698866751930482	6.5519777385778335	4.307911195266742	0.028672003788333598	0.08172523177751295	0.05670041282267448	0.006409703752021766	2261.090345573189
-5286.495672344476	1.3702113049343436	0.38498291971464277	0.20241442747904848	0.1181285936748614	0.21200454073639302	0.012204941405594581	4.786614116737463	9.643525854785786	6.001679275716594	6.876426338173459	0.01936790895451986	0.05839079172693847	0.12134231270994975	0.004644334205906012	2117.014530678525
-4817.427889643385	0.8539050445567528	0.3571085249539859	0.01697263342101943	0.13803230493787025	0.0019514190919166909	0.0107596626044698	8.175555288841396	10.647807664376023	11.0	9.538994709734126	0.11414494360060166	0.007061856826705582	0.15190707914852958	0.0036278344369410575	3626.393840724239
-5012.735652775988	1.0923678635137204	0.06609085962320223	0.17274417137651035	0.2662997898882934	0.012072687293659736	0.011950780195400709	6.197854524398316	4.568584084403469	9.042389280896865	8.189319155123803	0.04531758792957802	0.07201528080236498	0.09295365481362783	0.005295779052468215	2460.372450765372
-5132.510547264944	0.7941996805278801	0.04390395093704177	0.2711183779376647	0.1177767147932871	0.04308938830734386	0.013291005972953483	9.954118463984809	8.259343573587868	9.020620943841807	3.2362446364964392	0.037870346672362006	0.09386324140905325	0.060601484203776285	0.001796326653459581	2761.485830422275
-5563.7181943894475	0.5505235432826514	0.03700722089698406	0.35496430406675056	0.18053724773582222	0.34136890112334783	0.006861663508670675	5.326720902124578	6.648306616756039	8.38369915726118	9.270889225300982	0.08358952961085916	0.03220260385274803	0.05167428434413162	0.002375444240616843	2678.6189826074474
-5139.980506310323	0.8153653529566905	0.056301198371662364	0.42921701015139263	0.14602564735366516	0.45418800208325527	0.009719514979757845	5.510013517372665	5.999837983359134	7.934774181462575	6.1420014220247845	0.10349244784783278	0.12668882338959178	0.08658751349523462	0.005722332272276572	2597.501059524467
-5414.063417681726	0.7427342452964942	0.04783332524451515	0.18486141476845294	0.4135792975434345	0.5712291188065305	0.00907507381763172	8.497300672732313	4.724502133171876	9.542832784023549	3.637452844710825	0.022133605568859075	0.07519705491324143	0.07610514877518411	0.002509101669347189	2483.70527535394
-5704.215425786096	0.6869598804624137	0.07163891694238007	0.4194452586903305	0.18128518829024323	0.24029928240826073	0.008515794547149035	7.742336756704524	5.054335493664242	5.986968429399992	4.0698057125350715	0.02951334902642339	0.032006243424350614	0.041585718157530656	0.0021514007203962304	2312.56769402327
-4822.137202923881	0.7022282368403953	0.8968567798336071	0.0257967479419978	0.12136956840354057	0.0017751609467104442	0.010595129357972964	9.949348215493181	10.97014640506318	10.816607785891922	9.259434995200166	0.10515333099624365	0.017009618334537062	0.1887268761314123	0.010729538487143702	4059.3933322992384
-4994.597311950935	0.9899440751151098	0.3785274313091846	0.3923769344748561	0.14441732025690288	0.0013907996122303349	0.012452661641647381	10.261263621990157	4.89600298018513	9.586668354862091	8.844961004266406	0.042521047515404475	0.023176718053661158	0.13424429020852077	0.0023543393033320383	2574.113973337959
-6054.105552567139	0.6534895168192546	0.3603728789286388	0.3018583007699465	0.24305411786477737	0.22028782349742507	0.007880688107904361	9.058036773288244	2.6236753935432593	4.450306012711568	8.782637932290056	0.06758770098296198	0.021855621651253033	0.04729018033843061	0.004259846281747046	2175.669905884235
-5015.691690705108	0.7132639245872301	0.034593494756531645	0.2045963070758384	0.11281782556644096	0.02100199785193767	0.017733519910667857	10.635536613225662	10.4942780388373	7.164325183899785	3.5253453668054613	0.07246400016877914	0.11454978242272865	0.09311021211242287	0.0025723357594434047	3185.612020539203
-5277.5390268678275	0.9746382936837791	0.027269957683445013	0.23102037412104254	0.14376448323731925	1.5950439690213714	0.007566668600326541	4.235587159231235	7.718136858441184	7.827893174955779	5.358583094898702	0.05723399459710486	0.025128525312762582	0.06451742462859753	0.004478476099909198	2378.054497131373
-5435.321169818996	0.7576421187032185	0.06480563330021484	0.2244803518972794	0.1928326952979499	0.1730932686161475	0.011525157025629545	10.697652196485604	6.5521458375179025	4.2299077400943705	3.6874796911588517	0.02536553679938866	0.1082627876635723	0.04709968739896259	0.00349252870179035	2523.454516973341
-5459.9768123316535	0.5776965174947162	0.03558132418599454	0.3300319066486614	0.19071593221352848	0.37782875762677015	0.007967394461844702	3.7016787573836276	6.614633318997269	10.927552956934484	3.185404540955847	0.09081535375080954	0.028870067738135573	0.05601128978199751	0.0076805103897246655	2659.2482930869323
-5937.517622833	0.41674812265035577	0.05358632931307526	0.34124532630394255	0.3570949013200999	0.18913951245682786	0.006624189737012938	9.210980459416222	9.011839702917078	8.805022744589982	4.563390617398248	0.024888702692034588	0.03581209303496981	0.03345545298533952	0.0033186444746250293	2593.9369626593098
-5355.529116421968	0.5337704350714674	0.034572322958805336	0.19239551957814643	0.18253995414930474	0.006254384832363958	0.018496136471750826	9.293228539745128	8.10347788804169	7.080371295823953	5.516048510377078	0.11017469212333135	0.04320187586828442	0.05565738194061457	0.002348738581920941	2903.252861269937
-6203.798056494115	0.40488275234936383	0.25502083055406605	0.30955879620576915	0.12418390235221305	0.13893682109987335	0.006256499318051622	9.783284976366033	5.9512056378714995	4.877100610147521	8.969133145335968	0.09434446615833189	0.03503638243014514	0.03188634378629575	0.002872569191278314	2654.6259470752298
-4786.489182798009	1.0605879456941745	0.005872724070029832	0.15547063207611497	0.10741196569384256	0.1161085501526264	0.011046616936220338	2.7946361347907835	10.95421565228069	7.784129809526086	9.003285677858635	0.07952134236234258	0.02213083171727496	0.1807828934188598	0.005766878988131938	3151.295558955709
-4908.335079921664	0.8142782541096345	0.03325902937162202	0.5121849612700713	0.11092673092008772	0.016971179357764682	0.012754119539781568	7.525934842389427	7.9283122729714135	8.096602543859829	7.78448450060437	0.11393832842049072	0.06155776413236909	0.12133083573167028	0.004056932768492608	2935.1343428140685
-6157.937906184336	0.4058707958715726	0.07633245724089405	0.14789403673182366	0.4360997504646449	0.24078226696333763	0.0048613536272554365	10.369118612484872	5.051408172497444	6.571899895591937	4.217616529164156	0.03265619665002709	0.031104934722476375	0.022963763816417494	0.002437957966191887	2556.694049277892
-4898.642503468425	1.007281822025316	0.0647401181946808	0.17694828200228008	0.11369405981470407	0.008141414421751281	0.012600674632594991	5.878046348486189	9.753478875801285	8.794715610425339	7.633664750672857	0.04337497154553166	0.1291760990575839	0.07254314830841284	0.008603504055150644	2705.0022393245067
-5223.736761227155	0.6107431048716881	0.02657291913601952	0.15933912465869302	0.17763708318578209	0.11948354031616519	0.01214690252677655	6.152444246675864	7.75426080159928	7.878211070151712	4.387303073920381	0.06386483677816267	0.045237865294846934	0.08343471778246456	0.004167610654436674	2804.435468583667
-5386.435621160554	0.4487988623382431	0.033150787071110265	0.17757273841229382	0.1600176815282684	0.207835481567857	0.010034542509093957	6.233538487630615	7.796653981483173	9.230201010952495	4.180663899028309	0.03521662727794003	0.066683980519378	0.07463507227329123	0.006817821099585881	3029.9525045681758
-4988.818637057686	0.744726881341766	0.019960573425861147	0.4732664460503735	0.10608813657655967	0.19588454495213256	0.010903904872625632	4.051836374999969	9.253878465611296	7.395779491396922	7.783365303797481	0.0702270681180449	0.0347367582355918	0.12304230718850773	0.003654816473398331	2806.7324455981293
-4892.434472990741	1.017158658642497	0.02538252879729251	0.39569194587456513	0.12279388228090167	0.013399595537450137	0.013861384022610166	4.716537643451253	7.564605215074103	8.21610234221586	6.253803810193053	0.024670968315770793	0.03310675387489392	0.14048908593637593	0.0031654503144019877	2773.1773862292666
-5140.749854101617	0.4234414767896732	0.02285545600073199	0.4422153113029223	0.09025518149943776	0.053546892044968555	0.012654494508089574	10.360595774624366	10.163972521863226	5.991656932156026	8.527769168679963	0.0219958322087603	0.11823733845816979	0.11673472309827009	0.002781399067460597	3862.5005552854714
-4863.235482327478	1.3999292072886453	0.04854118998182963	0.1616821014692189	0.10840188264258681	0.24314525092066963	0.009374344397294657	10.998326824402104	9.744229228714993	6.991472538353558	9.446687580211504	0.012077613251346278	0.16872500435763269	0.08632248930435857	0.007115811952625294	2809.690363509402
-4733.410020039797	1.5065550992484855	0.03604331302372074	0.1497181365681622	0.10331271903442722	0.039865235976296556	0.009806334705692874	5.627619317264531	10.540409651903984	9.899303440641019	10.373128290129776	0.07026731614127636	0.07234736567596688	0.16151122544879096	0.005590019545931392	3085.8762291406124
-5349.706967105907	0.8228463364039481	0.05742489714977224	0.2632968285990701	0.137527188929338	0.2923612020721156	0.006423452818048035	4.044539588607479	7.470459612731727	9.497630761999316	10.46424664169766	0.06160447267670532	0.04647429889819395	0.04955052436838438	0.002639388064952803	2440.1494885455854
-5093.058102791603	0.8886321839208641	0.32740402387974044	0.03477806291438804	0.43062218807880936	0.0017492921640171592	0.013455771723663986	4.566774051744643	4.412075721649846	8.982472741000167	8.499493782704965	0.06973680475315897	0.07299549002045949	0.1064466333682081	0.005183292178910535	2524.2638331770663
-5051.139360109473	0.6460898526094576	0.021527074842705572	0.1664935662255803	0.11165102669413955	0.19679170357691408	0.00924526084454176	4.241744861408166	9.657620259892479	7.393151944864241	9.938294048379358	0.04301980403851059	0.039943773508676096	0.09990620317713966	0.006120585076531888	2917.086721914432
-5289.37397064136	0.5166320347156554	0.029911966599598407	0.19927902531909605	0.0978524364246313	0.4036543932185996	0.007984051746508377	7.944569369703666	10.206324246707272	5.960436644733903	10.760827551508608	0.08275649776931165	0.06803130679705595	0.06693376128316464	0.006448269953670466	3096.515501638249
-5544.525151669717	0.4606798610456868	0.0278730923748716	0.16592614049798418	0.180802470928175	0.7246826737846783	0.00912035015807018	5.977792018594279	7.6803328878484045	7.911059280542584	3.955449636807764	0.06687250101709248	0.034590792613857946	0.06607127734559512	0.002231767534204061	2870.257401183247
-5450.836121982918	0.7308125271244925	0.033970132365758965	0.374552799321825	0.153298855199459	1.983418253350096	0.007136988447365331	4.921799815166264	6.271547943998494	8.216174115531897	5.521162911153416	0.05317456450369086	0.02705222403038756	0.059761393680847555	0.0025689409475578664	2441.2676328255975
-5028.206943716551	0.5514419265179374	0.01569986384023821	0.14020795906927697	0.12555209050060365	0.10918027538297377	0.009735362509884068	6.912149905055818	8.666757828575992	9.422210987946512	8.10887126160171	0.05037380219411433	0.04027841569887131	0.10711576264305407	0.002560260054186472	3240.4384995194564
-4929.362943915906	0.8646709535023573	0.039320021507071985	0.16454751876164536	0.115919839788495	0.16232922380730663	0.009581481977300703	1.8708436487832072	9.363531797770904	7.841689864849054	10.194917836141952	0.03169257943705614	0.06820550334072346	0.11684902678269184	0.00661212020540446	2764.7188205265406
-5227.223007622117	0.6828532222777786	0.050383545741025555	0.1642592071021693	0.1988645943662297	0.12223116847920923	0.009555697864194551	6.540580620668008	6.071361481220703	9.767024919242408	5.407499205747492	0.10655821545254092	0.09132279438481838	0.06806993414116334	0.002390078861580266	2765.571807679601
-4885.500064445119	1.3156963155926842	0.047839657415116164	0.02741551284303582	0.19188093564401687	0.28248226480403166	0.011379413854756784	4.565550491373545	8.616809975112421	7.9061855526818015	6.036140876405033	0.06391567896179266	0.1331011966843086	0.1469400126954106	0.0037668189277904602	2778.239984328534
-4971.37200400271	1.2523597837703833	0.12005347238629403	0.22673496396022727	0.13818710177842275	0.0033351074504041262	0.014762552985828705	3.584904723652563	7.768508247881429	9.035199714833531	6.619354907001161	0.01549602281972035	0.07596490859742007	0.07690921596996005	0.008245154993759964	2374.1084895399877
-5381.753264310832	0.7641019941826115	0.05374196718747596	0.3767408678919599	0.1271423168669047	0.6819402269999545	0.007967227424076484	4.6472680419828825	7.654958718290492	6.194384396597317	6.9523870772619665	0.08095211981356965	0.0451544690702798	0.060100114946247625	0.00595158882296588	2441.1100208705657
-5123.20293321536	0.8084813312164859	0.02151313268153267	0.3046996934757119	0.2288875642286262	0.095087314427092	0.010018542416171177	7.191770040246775	4.411661661637648	9.516950597702424	7.254101085740818	0.01407335514471643	0.02027152643223489	0.09419266976471188	0.007399582696294092	2506.340969962852
-6621.912622466375	0.34421166706738804	0.24671591383918734	0.2495351398205729	0.24079170791948418	0.34274756008823376	0.005219730757934832	10.085548419936789	9.073672433397995	4.789168028877938	8.079149524754458	0.04867754668480119	0.026081068619151368	0.030496295704635242	0.00583183410615419	2533.354740247317
-5866.19130323569	0.469795148406457	0.07674292972403363	0.31069431668853303	0.14340903203046687	0.27183984334411365	0.006820340899350557	4.101866616222298	6.720919047003757	6.698648878874282	9.483183291742305	0.04284599763949306	0.07325406220557358	0.04333682693599346	0.0019797502659827312	2682.5830916241907
-5359.512376213717	0.683733763867798	0.04340040958769274	0.41793489208665907	0.18683284648661658	0.20901539224636	0.011047155216347594	9.04094347913209	4.987593238296045	5.928476742449003	6.553291404111988	0.06040479232040244	0.08020152080340721	0.07869615285501959	0.0029235314380260577	2624.266209734327
-4754.641020218717	1.7137827675642179	0.03548818063757514	0.32716376663464863	0.0927060018405413	0.12507262291809892	0.009873536059980443	1.7774704304467683	10.971535457386057	9.4562990194907	9.69658360860869	0.0027320724555726	0.08760650126214346	0.17490184959868554	0.003321418919477776	2877.5091133201945
-5149.823265190376	1.2256051656118994	0.06506071313777807	0.11996954742535546	0.21792859049452384	0.06864743475508807	0.01275490382533244	8.473977797367198	7.6906997292985615	7.395337574463791	3.333070426584219	0.03369807440807127	0.10955428369982051	0.05216600160778113	0.005375173633883738	2374.2098672887314
-4872.910248931825	0.8418411099738969	0.7659999278545728	0.038267299754666834	0.1231051578959098	0.001	0.01219651631001423	5.749391445808821	9.62063145290442	9.532224885156754	9.152132015900504	0.1947792336592116	0.08185388909922188	0.14144386002023182	0.003317844904655706	3171.0735209105087
-5790.980874190728	0.6313615931242001	0.029028187697488054	0.40111930022245657	0.311015917210881	0.1804583980867921	0.008272284286256391	10.141640442719321	9.760072164205807	5.827190179786744	9.237257265877894	0.057019898521476625	0.027133742051101327	0.04722801830471142	0.0018959126256804875	2503.1818769547012
-5236.669300881793	0.6554428162947658	0.05431441741791882	0.30236809554680943	0.2365232874144237	0.14713881105892937	0.007429236165120903	10.614654329480953	4.298754264160649	10.521950704382883	9.109940866518487	0.01992239552956133	0.14597052730555574	0.053638403296127006	0.002163925512712205	2873.830792842402
-4794.587766070002	0.9228261779315318	0.03498454984643859	0.08760518064448464	0.10963720349869087	0.024105124344103265	0.010978179918576655	6.432862369058846	10.839758040077411	8.621913164670277	9.522198583774593	0.10813926175572208	0.10641163944522176	0.1288674554367783	0.001523131525007082	3328.882605631516
-5979.0402741651105	0.36875934091469637	0.07297257623067302	0.5296647612366928	0.11345321801738935	0.19297438314155957	0.007517504760108739	7.226566965165924	5.877699936175324	5.645647240196442	10.282606818956973	0.04519235301809678	0.1112178996814825	0.04652636292524047	0.003585224119599199	3049.5657794329372
-5238.102889735257	1.1326055390990593	0.09220316467407368	0.17029701773184935	0.17839058978750735	0.007305080026359093	0.018081967699361753	7.833736011865776	6.64706932204691	8.124964018557256	4.881165306007369	0.10209577366269164	0.10470385390428025	0.03776399058716416	0.00322050074471226	2292.722511861763
-5425.220662157912	0.8900426528063289	0.10372658980940107	0.5304708114409394	0.2625838070200024	0.11202068678616686	0.012341792775906116	2.3165277613173636	3.388891557904521	7.906504857860304	4.452232516468638	0.0440593691781791	0.06396260781542408	0.08483241232679191	0.0011528909595376676	2207.157702205056
-5180.037299207026	0.9450883371136964	0.03836675911685644	0.42230005656006364	0.15382788235811207	0.4156125694314806	0.012360399261175308	6.482869223285619	6.430843761583748	6.112904749575085	4.572746446938792	0.059226312476260874	0.052739903780263914	0.09651117715172747	0.003033373660630728	2394.999368997325
-5601.4163077066205	0.6040606776685914	0.43632813503843093	0.15554260444268384	0.12613207514264413	0.4261232102793798	0.013632851157870465	1.5590578714405212	8.904765442847689	4.755552367504184	6.343449421228371	0.03392653338380387	0.05477153389084008	0.16186369363312486	0.0053888089762677074	2397.696387861223
