# /groups/rgutenk/lnt/software/anaconda3/envs/donni/bin/dadi-cli InferDM --fs input_fs/fs_020 --model out_of_africa --model-file /xdisk/rgutenk/lnt/software/donni/donni/custom_models.py --grids 40 50 60 --lbounds 1e-3 1e-3 1e-3 1e-3 1e-3 1e-3 0 0 0 0 1e-3 1e-3 1e-3 1e-5 --ubounds 1.1e2 1.1e2 1.1e2 1.1e2 1.1e2 1.1e2 11 11 11 11 2.1 2.1 2.1 1 --output-prefix inference/fs_020 --optimizations 100000 --cpus 50 --check-convergence --delta-ll .0005
# Log(likelihood)	nuAf	nuB	nuEu0	nuEu	nuAs0	nuAs	mAfB	mAfEu	mAfAs	mEuAs	TAf	TB	TEuAs	misid	theta
-3249.9466908016907	0.6461643048843531	0.07141897837172449	0.4087420733823895	0.42503300779218445	0.12269688749947216	0.011382061250619515	7.94222356055397	4.093651919144239	6.174220248191833	2.746084299074868	0.02891228156584598	0.05108613436778985	0.042323718338088095	0.0036317272752818363	817.759577575366
-3283.544230300372	0.3708229510649219	0.10137826605005322	0.1299288156202381	0.16446638355145263	0.4259298749483081	0.005786849245106186	5.155151160934216	6.423761286462338	4.265943559278842	5.29330899935218	0.05621657670700591	0.026481558685681306	0.028345973692852806	0.005702140923021657	942.5582884839935
-3255.362169444018	0.37574664040106054	0.14026444681328928	0.08059469199979641	0.2493137432252169	0.021557943932122143	0.01977037980544513	6.044702896794196	6.224352859554183	4.228341758120267	4.117513889773757	0.05174846257929599	0.07659092224697314	0.03459485374378642	0.0021297515582524244	958.0127007779926
-3227.9473904696074	0.48142771614556024	0.1457336018486765	0.35035899818293986	0.18384425384057196	0.23524782590069246	0.011086879294840831	2.779513225919974	4.331621180969374	5.334247605700848	2.8081391956429584	0.10668813910911319	0.04824780927042099	0.05008991083884777	0.00698248008263788	893.8618211342699
-3264.488923959643	0.4227877348811727	0.11869352386319156	0.1248937412071804	0.3414627353673849	0.8621538151784319	0.008238245720054958	3.075532774407666	5.917002001822793	4.840818823174172	2.4223702805173657	0.03787065668940959	0.06920290303155682	0.04420034886249422	0.0047177037015186385	890.2795039765771
-3168.8813924611345	0.46162788341126665	0.0553288567298307	0.09781195843372421	0.25617457999282717	0.20190530217472155	0.013168767570313756	8.017177192391605	7.1144904933321165	5.491332928448208	3.0777126869827227	0.05241210587427457	0.08825952802071438	0.058387513970100995	0.0024476877311354135	1003.6621085334453
-3160.7634425578544	0.39233416000118065	0.04533375007608258	0.29736759882685787	0.14651033535536398	0.08091416880994862	0.012034661525973968	6.87889588053379	6.937145230318016	6.6081567040130285	5.844427340247245	0.10864569600008303	0.04510634129594041	0.053050551934001995	0.0017934553707545902	1082.7327888126574
-3266.4989642281694	0.5225475383180888	0.3030041512016346	0.1543929781877983	0.22300824760722723	0.80699078121129	0.007006297932428462	3.9241953554346423	3.447479998185215	5.6271605845930734	4.980289737047752	0.11039420740752684	0.05260899987045937	0.04358214029249054	0.006022251928102647	843.444210231129
-3310.5947703349916	0.4875984201330269	0.16380756004360789	0.19999224062628984	0.1456645907808832	0.4894969887241187	0.006159736493013812	10.576504194566338	3.919627349642374	3.329160694069623	8.87083955563985	0.03816556939136814	0.03957876965972765	0.034398850639684585	0.003516030283983653	840.3590231104023
-3246.874111657388	0.469851744600014	0.12203823522445499	0.182466480287915	0.20097357169565305	0.5675233032980646	0.0060001662658209515	6.138755674465639	5.38571147829408	6.611770037823574	5.909699380273208	0.06965703236858553	0.058675230953179516	0.034531186554945886	0.0023788907710830857	906.4569433613906
-3283.479942631701	0.3717975404264556	0.12426235012641958	0.23656341008611165	0.11370288033643709	0.14973864439624338	0.011099762763906828	7.03716282627376	6.633722970760875	3.1164725208431627	5.868347161246313	0.04460959017874681	0.05208892593841625	0.04365389898504979	0.0016520453385798647	942.4183834242523
-3199.344466818904	0.3516197479448002	0.045516737349193086	0.30581587229517154	0.3651508087727302	0.15047934418469602	0.010080738374344455	10.280801155838533	4.0876892513923115	8.246978841840352	3.0882173915775937	0.03329777252727908	0.049836733475041056	0.04768586966954575	0.0027269818379717487	994.9054691355202
-3255.598106040201	0.3367220308776861	0.09506114355331796	0.10118761382617877	0.11726746551660115	0.16281700519420686	0.008624805160830322	3.1810793300281373	9.138313747250065	4.281770849344889	10.261700257005133	0.08286003828211723	0.05147337508262134	0.04190044449712455	0.004024794294355613	1075.1948626033372
-3170.3111549988917	0.39046958376284835	0.04265415068682599	0.5420997280176206	0.2123119458608061	0.48475467195400235	0.010000367747972319	10.367398595509856	4.9642106508576225	5.64023998600479	4.9468037194587735	0.04817118805702546	0.05955453281814715	0.06237632086440112	0.007485530813016916	1006.1876625152728
-3178.357298694433	0.34315070426741073	0.07496597828577758	0.12854158571554947	0.2057785183043402	0.12574299712315606	0.010749848256702211	2.6003025867335827	8.158238866386375	8.75515887961393	3.165585274721601	0.10917946978266642	0.08581162128316938	0.04952466946189181	0.0016457648704387795	1139.892520927279
-3166.3383690338756	0.3566752998534394	0.04272326670854408	0.3026355418435444	0.135289263591645	0.40002100310641475	0.0069610188907984075	9.066893618573012	6.771781174124253	8.917440959750728	7.461238693395366	0.04328425657471028	0.0524492462339605	0.04612249224231193	0.0018278419395169794	1060.4795700552213
-3167.827479760445	0.4329174516283902	0.06407376631075008	0.10549693319138853	0.29210624222772474	0.5143624092399318	0.008886824980169156	5.932094845899433	6.18600164484718	6.5837854342864475	5.726209715339593	0.07703757869076391	0.09524334172824857	0.05927916456874174	0.005370056106932563	1024.003294433502
-3255.701879955076	0.3268046453245938	0.02922447264283301	0.037168516932597484	0.1534142294708611	0.4475731406652227	0.00918756152049625	4.15136332472986	10.9027387443562	5.280100152341132	3.224124494871294	0.027625601548263972	0.020405577072673403	0.043208311928123466	0.0026451130165689066	1019.7374935216809
-3237.755588711815	0.5386733372647567	0.1091099248447052	0.21066337297950083	0.15503497179090237	0.12790614665991956	0.00920410999968457	3.787538377055672	5.567794155925031	5.99543759335502	9.490761785908862	0.029368867441978926	0.051476505895103435	0.05049072971890095	0.006300657594920959	860.9093816722379
-3206.809948724182	0.5213834710175091	0.17433484701233362	0.12444651111702053	0.2032105851226608	0.013013067946480869	0.016781258705423838	7.368200477004793	4.441187961474012	6.7702434598517245	6.3417052414562844	0.05137277213330273	0.07396419443661892	0.06507890750157805	0.002026721268987745	897.1741434803866
-3145.639387639182	0.4086944494345383	0.02283285019872845	0.1256458678561191	0.1541668660972985	0.3774362402914684	0.00942750505372593	3.733979376966154	7.399359272109851	8.491505376879347	5.890179478477179	0.03780722629577664	0.024246182799715063	0.06886616369282349	0.0024799231927708034	1019.5931565541791
-3121.5589784918775	0.3730708492688881	0.027064371642535386	0.2384701364093228	0.18164050044768182	0.18662398490873533	0.012601120745467244	8.723023553880784	5.198269437619076	7.853390485733587	4.768156958047301	0.06604716786239948	0.04606258199283577	0.09530484617107185	0.003427236647135578	1116.8696690620231
-3153.991627444183	0.46695097385479645	0.03939130907729196	0.17686888343506935	0.24503675969624114	0.2900970485917221	0.012664665711720705	4.641507230763172	5.670449524342934	7.095867794848381	3.8264884536021744	0.029904909841473835	0.04833830886588129	0.08217127134108566	0.00604001873856661	948.3783925786136
-3116.4982520023223	0.3305064250021762	0.018804309791230798	0.2415668330476797	0.14641183216652304	0.24708425721289903	0.012411232317484706	4.67495922817787	6.157022249323622	7.458646638756059	5.195824422000662	0.05525480179915364	0.031241876256685945	0.09784211568083842	0.005719274901882789	1148.428919931215
-3134.8649943584815	0.3691604322045746	0.03960849744641374	0.28864388739118696	0.1173939408953157	0.12469866716565771	0.01707280901063063	6.258987267385374	8.983677081242265	4.487078222364082	3.7845290587088045	0.04870474405044624	0.07406995345059567	0.07021567455548867	0.009804809451517701	1095.6456006357726
-3123.733544592541	0.3860027553309751	0.04103882214909687	0.15672891312039217	0.2118104202394852	0.15588206067137766	0.013649195575124657	5.487549668213476	6.029543823288667	6.250796691791805	5.484113476902432	0.06912024967046339	0.07881906696433261	0.09374586987221187	0.004776524834288614	1105.3256464756123
-3149.424530413751	0.40055867748476975	0.05193428405260192	0.233914051049456	0.24381868280483895	0.3296735451155149	0.009600435931735625	8.010489413602103	4.654265559317343	8.553723869210566	4.571147564364667	0.09077317454201489	0.0755420394020082	0.06597752327433257	0.0017547620552819873	1069.4385331247456
-3172.159117339933	0.25085036031451097	0.03812190350051359	0.23808543814731448	0.09111318487415959	0.1749374607501188	0.006418095062130715	6.806717630957589	10.168689716181095	9.953813959109727	10.858234288994167	0.05465518046071677	0.053243594663517746	0.039799695879703556	0.002401391874829754	1261.2525362631384
-3186.7330064712587	0.5480831002394589	0.03825554587847983	0.05282940439557884	0.2696102327444705	0.46234776278877787	0.011918105465145394	7.33957245148215	5.746877453139679	5.005733569538608	5.876710305666808	0.03164816423053204	0.03694374494264137	0.0823558777876023	0.0031616741942228255	915.7752798349848
-3284.3575304815113	0.5521270147433189	0.28611708099862715	0.46317426242062437	0.13330736796729403	0.31821384832219346	0.014154713777302557	3.6148582516289354	5.631254853212796	4.956126576292854	3.7951448448308813	0.047015648558968566	0.02835206898880071	0.08510928685519893	0.005254614736245536	796.1216010820884
-3133.40408618711	0.37877121216376636	0.0466246961654407	0.18794922907311093	0.1371237641298656	0.04241676735096484	0.009518820635749393	4.606436119049137	7.218791007248329	9.657801607598763	9.705874357795768	0.07184578319003247	0.05821974930739477	0.06022540339581867	0.004576308671081425	1123.2958470680821
-3334.5742046387895	0.2907592511662766	0.4399505388212732	0.09759676714034803	0.25863138411115816	0.4030841371635499	0.007910667896474242	5.1936573344613395	3.8421624460268275	9.518660290004355	5.222996908658777	0.030197030330429954	0.07544994669328649	0.05598730479318814	0.0032366920670704228	902.0221071064419
-3137.7986882552273	0.4476667218407576	0.028066761352086998	0.3487283644350566	0.14617120623132332	0.3011498209283159	0.013854461710322551	9.115873482798678	5.827045895101623	4.821488606937695	5.956242222312971	0.0804570510356753	0.0454782813138299	0.09629702829464752	0.002526146674678176	1039.3133332522914
-3220.768793713324	0.372701402219276	0.08431566880309536	0.17876177873020935	0.09807009589232017	0.30725641754656097	0.00960183697021942	3.362636811663539	9.944447288137548	3.9962246868331976	9.212617205293254	0.06106912242500386	0.08930703918861357	0.05405731481344646	0.0039818545004005	1053.6189972071627
-3248.041394900963	0.4832979452115486	0.063672368854886	0.2253885968599564	0.32019485842259165	0.24275204843352022	0.011521944653204105	6.16998968415106	4.703494674881441	4.338475227741099	2.2961878657908574	0.057209715767818	0.028550967873783015	0.0460181106769474	0.003172307437885977	874.2463349499994
-3121.731472357886	0.3538926006016237	0.04736957867591172	0.12090982417600689	0.1543665636138955	0.3248255344691101	0.009298259070215097	7.0624267796713145	7.535330279445724	8.469863925017265	5.213461276185194	0.02824579983726321	0.13000238035261485	0.061738085513717934	0.0031626903523882598	1186.3566472669477
-3250.8035523539425	0.626698689016149	0.30939172324424474	0.1260815637192011	0.23339790407862013	0.16814002496916453	0.012870265922053129	5.570108949283606	3.2490455735839627	5.976679498340419	6.392322253409212	0.04541304118644863	0.047094965051535646	0.09276172902908587	0.0028450367768365634	796.2167244500093
-3122.7328792319727	0.33752614538622494	0.040012876237472746	0.500461819458362	0.11425652932916154	0.48508285698509357	0.008837002881943501	4.258452229705746	5.91133133522018	9.12434313595649	7.2424682808658245	0.044598746651176864	0.0727573441422985	0.0799223197934117	0.004075142309135799	1132.7726414690603
-3305.5379540643144	0.4527013026698507	0.31757779470536585	0.22756645910865925	0.15055546041240714	0.6296159062969677	0.01026991778021794	7.043081926048271	4.745793903363217	3.5628262139537985	3.2381678650028745	0.09158364508028977	0.03640980656490891	0.05630082391269324	0.002810320848308532	870.826333802245
-3258.1125254832446	0.5300629107674112	0.15292933131045264	0.27511500261015004	0.1549275554458837	0.6135685234146472	0.0062205529276163525	3.7355004388417967	5.2940535969710485	8.210789809498593	5.354776790050881	0.036389494766029186	0.05483853661254437	0.038987875084559746	0.0026586750641212644	837.3937466065643
-3273.2168895869277	0.5560974501060729	0.0995758188900317	0.4113760135683043	0.09662786998318904	0.41497583182996833	0.007171876219342085	6.74555896607685	7.11966497095824	3.829794138919408	10.872758966548611	0.03285669937117693	0.0642040485405276	0.04221833920337023	0.006298001594000934	869.409999079972
-3196.0927592885596	0.33311717191378576	0.05032044600305421	0.5367728726427917	0.12895499714063197	0.07052519224760948	0.011651070722773616	10.290287356358096	5.7934505190696965	6.0703879346754865	7.074075672550035	0.032694224529355914	0.05194821533698961	0.04903567721807058	0.0018627234968925342	1034.51947435295
-3094.1277732655426	0.38191119732110373	0.017490703694097772	0.10721604681993305	0.1357043897966262	0.2252098618061824	0.014925176220101425	4.049381813376919	7.568141102056087	5.671828221864006	6.588317932278506	0.03260416964210602	0.06302608451847011	0.16432978698346828	0.0047782836168847095	1238.6119920456638
-3083.841390446897	0.3416221624389052	0.012016494608525257	0.3138280448918553	0.1021825194003349	0.0638427440671934	0.01265797605034439	5.110704573002313	8.290568902948676	7.622983321257468	7.943551720104112	0.02652275045699127	0.033681097229635845	0.12207543024506386	0.0036373180125209	1252.8629787816258
-3173.6918676273585	0.2891730292732222	0.03551805692500825	0.20911210035292532	0.17546183762707393	0.7298632151196143	0.007913769364449777	10.085566278254898	9.458941739231998	6.8066626700194535	3.4035808922310755	0.036902027265251505	0.06905955285272294	0.04582393690076531	0.004088501689592582	1166.0529750772553
-3170.840139950429	0.3854990757694566	0.04157744403030765	0.14861381140260632	0.3732375081938549	1.3577339880705634	0.007858416436868389	4.686745128492826	4.02545584659246	9.881708047232829	6.585134762778101	0.02834423563694955	0.04425594998304826	0.07524122284349229	0.0054270568161275436	965.3261203405197
-3260.457814460208	0.3459819452465538	0.07913129451686443	0.04341346628987599	0.2569756400589736	0.5518108353188358	0.00722990448378743	4.03390135265835	6.889556581031189	5.14310148741979	5.560443853791224	0.05278766489434998	0.02918832751890226	0.040641872144574945	0.004134326621139658	986.5880908765135
-3135.6281302796997	0.4554628773094418	0.04554696729056114	0.5678919442857925	0.14681963811250373	0.05168357330728476	0.018317915026244608	3.250090543778814	5.243456679613335	5.8351875752422036	4.847394955196849	0.023946703434351586	0.08103583628101925	0.12062619945192256	0.0021121841840951094	1006.6743597294814
-3190.916751207831	0.37884021607444096	0.05933705021063787	0.24486615473558954	0.37764495799562464	0.7592750997165877	0.009285199404136933	10.713696400333333	4.776459350115475	5.55067067010724	1.9893627393222388	0.06544280367458867	0.10884629046269588	0.05069505454791696	0.005291456733822569	1065.752211591177
-3174.8830258768617	0.4058497669112794	0.07253487194169642	0.15925842819809935	0.09366049100973124	0.30686411201023456	0.01026304154172528	4.7610637688616615	10.878461859127247	4.350802435130384	6.355406680838469	0.09471946800463012	0.12208086383736735	0.051145404486326526	0.005115191401009498	1113.471503579617
-3141.2893247722973	0.3971881564721238	0.02521290413541169	0.4016691452751266	0.16267519769366143	0.3312253362897569	0.01231949859982324	4.9211120848159	6.618731695201886	6.541563514071768	4.034492890452106	0.056386592080006785	0.031489861774040624	0.07896500281283537	0.006102765511671131	1019.0101474423998
-3083.5799690390995	0.3367985679225089	0.03605579201722655	0.13231983194260336	0.11836998731627048	0.13847634521280575	0.010086232073504805	5.841955702833882	7.432874141808149	8.226922590569687	9.7157689940995	0.09226125155511893	0.10755836620527426	0.10647191934601806	0.007613097285407294	1385.704611744781
-3144.456245694119	0.3247580403872077	0.06505043748831957	0.23038373475413368	0.12141948951041238	0.03337628837271352	0.012301015395478065	5.3753834951547255	9.349720528362681	9.143317541162322	4.086777435435267	0.10985074994913191	0.10513197155994126	0.040739404192827955	0.008274788278285974	1240.08716644418
-3134.5613541179514	0.30170122809147637	0.022077787701234565	0.26373876535560303	0.11957992231611285	0.4086221530666177	0.010250559411525209	3.8157731810462265	9.198626894364697	10.115026449751383	3.553669486529061	0.0789148641598659	0.037745332520433675	0.07770489729407011	0.005295478385102492	1241.8913088379934
-3117.0762414197125	0.35456993620296023	0.03204079153048333	0.27726588695182286	0.15724228756720562	0.06026308074209653	0.01145752523247746	9.454083470592817	6.025027939140452	10.608341749078125	5.117604257975799	0.06387345341790507	0.06460156918385838	0.07474316167266751	0.0026773807579093625	1197.5120526820906
-3119.8482124234147	0.3336500337436389	0.027521332234613196	0.22559855150619867	0.14227172807910932	0.11261992839918267	0.010910888190748551	4.999458342693992	6.580460821348907	10.91608230170223	4.986427156662143	0.028985394966747582	0.05468670069750234	0.08668376534099775	0.00684313081917145	1169.008071113224
-3226.8149603024435	0.6036243086707072	0.10114107222628438	0.5167367921709762	0.1629639704076702	0.1150979668175985	0.01351951021660087	4.211627961331703	4.258323841174442	5.145554095938481	5.669240810845659	0.059635993568137806	0.05952099901633332	0.06398711042509543	0.0021479831107497393	844.0102008876114
-3134.856853719386	0.43159168116513147	0.018144083622625012	0.15324845370842458	0.21948625804605254	0.33162476995266577	0.015096854575911239	4.6767983251232605	5.571320323699179	5.688242123852475	4.220783284424637	0.02559367297443565	0.02653905964952322	0.11414978453038654	0.00480452620974402	987.2655440561529
-3157.193388626907	0.39027611310612165	0.0616788063820805	0.5334184241617098	0.09381073081422495	0.3680832188292023	0.00841061950877807	9.04870156637051	6.98795546701903	5.580772215247505	10.236684278002848	0.10227229047972576	0.0980036320236042	0.05867188428949843	0.0030785121709045703	1135.301692815738
-3297.6918844281004	0.27633447273733264	0.06962329659596765	0.3181813036444264	0.25670645677776127	0.01286804953966706	0.008337838029376253	4.750794501007326	3.5165530596573777	10.758667509033593	8.733650423142434	0.03064051952985953	0.023469021672683065	0.019351383383594344	0.0018068262297011822	973.9479385513904
-3228.0477571365154	0.3603228664117916	0.24035006175887752	0.28948074032358495	0.0952046861466365	0.045082676767157916	0.015097939764527921	6.989994290820281	10.756868623116885	6.340903643470963	6.148723349098161	0.05477427683941837	0.03409679847604627	0.09434539387268208	0.005484487091027615	993.4210176046562
-3094.327356453002	0.2799339333166645	0.024596265443042296	0.2872244005257597	0.0886369339925721	0.19732257327837735	0.009668983553851419	4.899700401800029	10.231499256937338	9.926938433927962	6.900549782399797	0.0644499449191843	0.08205447684145141	0.08363383010950581	0.0018119268374578704	1413.2383210358487
-3247.194456765496	0.3528575480142399	0.1008871829012468	0.36534851538645696	0.12672241469756626	0.5280874137400415	0.0053911239787653754	4.994612655632515	5.676042408927663	7.431736609761271	10.102911968349169	0.07492786363791255	0.05539061286849632	0.034533745269081983	0.0021497223277918	1016.961087625518
-3121.571552913754	0.48888146717715153	0.034373926206070396	0.27273055035104876	0.1826930345512201	0.11188983980921195	0.01548624688112711	4.9330280615049	5.220696925763691	6.221657281506631	5.055205289604582	0.05886304593815041	0.04435314335595192	0.10767622479187629	0.008166382809774149	986.2897234829331
-3102.404786072736	0.3932862739855613	0.023909172950710173	0.16846191477158926	0.1647442796431392	0.7238549428072103	0.01011264041009518	6.8142167096864945	5.18213769712657	8.2624405501684	7.277954600496681	0.05011249944192918	0.045698771918448525	0.11749902907870288	0.00509348098506176	1112.0199370588614
-3172.790215341184	0.46967095750326826	0.24165486058939434	0.24140242984256932	0.1438699135481306	0.0034000505035511365	0.013769733997318007	6.301789554739893	4.445252318533126	8.4745895912485	8.631934147544161	0.05560051139500275	0.02393348933717496	0.08505081761184413	0.006231488268286732	956.9329023207912
-3217.122795100307	0.3176828759095526	0.3635422258010535	0.06946404140129549	0.1632784878071154	0.27843477854462667	0.008459146873529586	5.212255032443187	6.380796971612729	10.483269847752698	5.858497952738277	0.13021488449892127	0.026058784807699357	0.06757634865711233	0.005950316471038822	1112.942541797991
-3180.0429809864845	0.37392424648925165	0.07157586006009045	0.2710326088861953	0.22894655980658163	0.5983639979295157	0.00706247569436497	6.497431036764759	5.13198099475359	9.201400259365782	3.5735300268821435	0.09829701844862174	0.07901048952824333	0.04457780009311237	0.004264628231874503	1069.1372571423653
-3107.4204760387643	0.41456506558140066	0.03568475555455165	0.18598282735003321	0.20851331681916985	0.06186680264839903	0.009680676971844531	9.451445099503218	3.941725362014699	10.983031044920644	9.010885366790264	0.029462766150938874	0.06673219609012261	0.08729783356196649	0.002355645652843489	1113.61162077774
-3238.567028753141	0.5986081301418369	0.13708319017904064	0.11457020845798574	0.2607938460035672	0.3234845173394955	0.00977662324802298	4.526917940961807	3.4876118308256085	5.564431251947717	7.392911132823691	0.03545164462933559	0.049931004533540733	0.06455092051698985	0.005976776909905148	818.4628040947248
-3312.289780666468	0.368853152246597	0.2582375162983084	0.1619714893505352	0.20956409658339029	0.3201548056149553	0.007676330735665234	3.1468866443500967	5.075915120134502	7.239244240179878	5.287922808270315	0.026840304973398836	0.03994049049874575	0.04331048070461375	0.001457201634390505	853.8645680072855
-3214.515760696567	0.5721223504100885	0.04476365548496812	0.14771297494122243	0.24368993414438042	0.2850095529933518	0.015170956291814735	5.945827109050684	5.758609177958389	4.108451096145491	2.888468814989295	0.024822734145784044	0.03613172613145084	0.06667248113147359	0.005096982542299341	859.4971928622884
-3109.155308610298	0.3858617319664995	0.03127374455856986	0.3252548760914086	0.1275004486172184	0.27244592556210967	0.012717000444421905	4.3236947432893444	6.824624085713909	7.28175420359076	5.394586631936555	0.03837545101010162	0.07073186960193951	0.11547175513197469	0.002812623340824217	1123.7811613917402
-3225.282087193533	0.332128557192676	0.05589988459936342	0.18516859273336062	0.14864450318153147	0.37830043447692796	0.007789836146685672	9.746257947551635	6.9946133159753865	5.087611346373468	5.05714194655549	0.05722339478332305	0.047614265873716	0.03905095093943799	0.0024333825553071453	1056.915098606686
-3124.2643513220078	0.402261874981935	0.0366453272031705	0.19954683680257773	0.15453314829598247	0.4433653694655957	0.008544818717666122	9.92467115155202	7.878665718979113	7.721449332739904	6.692354352848604	0.03555041234041965	0.07976160671488873	0.05880162590127886	0.006647252432343569	1096.413852172042
-3213.6588296659747	0.3379816457668214	0.03966291063705111	0.17996059226035807	0.2822506912269134	0.6571232128200281	0.009807204650971943	10.880182808787113	6.358190087275387	4.9341507867696155	1.8826879796457414	0.06552580751084618	0.03782087386442942	0.04856193323095327	0.004462417206259707	1043.9211186308723
-3212.3878335967556	0.4375614888139651	0.7552112283221589	0.5431264938182137	0.1036144030140193	0.003989294603565259	0.025053984148785204	4.198426873176499	6.9278661077526165	4.735860461744237	5.237768134873725	0.03673790703460364	0.025396036923353644	0.11261715909246674	0.005813589587543401	906.4017624575201
-3142.429988704803	0.3755876032842494	0.0431361656137492	0.12297927096053915	0.2922541276542961	0.03630029620525111	0.017739414762575886	7.910122663263538	6.249907660114719	6.864943563839334	3.5727387676731777	0.026140598498407278	0.07018491715187139	0.07130859096911514	0.007577528923440462	1045.9837727872882
-3285.08863267717	0.5975358553753343	0.22441257657982203	0.3547581094865631	0.1392769394134418	0.17011682318491775	0.009557159663703024	5.915517350592872	3.214720700264648	4.256930854229698	3.783573444510933	0.08389683596727067	0.0681051563854342	0.03680079386880349	0.00369984018099874	812.8986779390805
-3128.4415595730006	0.38289149262790084	0.04167644097942234	0.2504519646593957	0.14855111691422523	0.038996856641557366	0.01330595006615108	4.128551316796378	6.358098333309335	9.031952605980836	5.273149528556548	0.02980325279047997	0.06162932329258149	0.07755483601971314	0.002785057996794681	1074.5121522796544
-3235.481609931712	0.41461260728519383	0.048864886289535406	0.5579952368775333	0.1743588961014016	0.5185219481927115	0.009614886242566165	7.507083489932467	3.5835251425392376	4.949851906846603	8.981972552387248	0.05955288523311618	0.03443706373911736	0.07232627487136024	0.0036392430541482834	949.8120741040979
-3241.7930238923527	0.3173229055398735	0.05887109222850639	0.41619153403154285	0.09367534857930192	1.1078582223312445	0.005891626788765339	8.976077891583463	8.454362342968045	4.089386635102928	6.645472375416671	0.08853051509604001	0.03926760480567194	0.035045557208700576	0.0047750876191315185	1108.8121651896581
-3200.3398471173077	0.36101873280194263	0.051421989652348815	0.15231181081950526	0.1287585508708085	0.5388021314786832	0.00938380788044834	4.2185960122607735	10.481976201342526	6.202100904633745	3.55976279098963	0.038769787551038895	0.07080699763984924	0.0466199250318519	0.0019728354869442215	1052.3454723749683
-3321.4372753220646	0.4354992290348397	0.03618693371738459	0.3619478346980709	0.2261459538000119	0.6339923304621977	0.004890920870933718	6.002899198833634	10.68139491333731	6.943082610891473	5.197316848439317	0.05323539744034274	0.02223442404155365	0.026708083623761328	0.0016993923669122654	936.6857369204276
-3118.8030713654716	0.3332316057916613	0.028570737514344653	0.4943554869750859	0.10299273558187871	0.3401730261950156	0.011841779010142077	6.414794281551692	7.5175435843316745	5.72729296582957	6.999785597067562	0.08850876302388144	0.05896227609011882	0.09149952413483856	0.0010002662634062795	1217.3886322906853
-3229.1343243291803	0.4120390812806212	0.05921147270195088	0.26754662303957866	0.2140472797474737	0.37400061415561847	0.008106067874919014	6.767516624759368	5.506539454634747	5.328712475854868	4.1488410485761	0.09001060668634886	0.025402103897654457	0.04057896474707656	0.003950326960849555	966.3544920430755
-3141.0781113205344	0.28576757824316273	0.04545994256559336	0.5174579996815413	0.08922505569941805	0.21705922539481406	0.008558484962530286	3.9909495686801635	10.250790827325805	10.054669059695216	4.4264769025590995	0.12034419399670741	0.070545776561674	0.049495444411028336	0.002304367926212099	1326.7073130418562
-3319.0510567550195	0.3522293249247162	0.2955547235427993	0.15491794544893733	0.09270927561682833	0.8694140272585038	0.006625739309148169	3.075704993482216	10.249001430530647	2.9074304407216935	6.517489943296201	0.05792852650227067	0.043568377333700684	0.03982039950247361	0.005013446422281897	934.3005252561377
-3218.04674212751	0.5237511200189159	0.0674430051900402	0.35286376240152156	0.25180159890013576	0.5727038872420332	0.008504744611392894	5.609201251284945	3.8308460504160404	7.214104526662447	3.503759797153491	0.08686171143451728	0.039143750862854904	0.0500560543064345	0.002832766142154148	895.2338905721344
-3291.300429567972	0.4657155159121462	0.41007674318464465	0.4024343483988552	0.12828992269708495	0.5068382082212327	0.011997496090881377	3.628452856897007	4.774754530091528	4.642094221710514	5.158283380054478	0.06409321676674722	0.02340365869163242	0.08617221906003013	0.002550620869202827	837.770918962359
-3105.2512222413875	0.42543479202114526	0.22600971582997437	0.020264074588568184	0.1270651779893261	0.0036244326722178234	0.014667259405925486	3.3444652574174665	9.895165864753617	7.561170289702279	8.338036829885036	0.08553139398757696	0.031045096331209228	0.15659719246075554	0.0034817499224840055	1356.8609417611624
-3204.099768657877	0.5346362320080909	0.0883634932109798	0.16222149973941394	0.1908063050777439	0.03462543579406107	0.012769675825795135	8.673336500005727	5.0838495486785495	6.612377581162504	5.807538160504342	0.0439975262364512	0.060906423065769925	0.042719946961913446	0.004181288533527824	900.4856974497367
-3188.3695205688236	0.38532789297507386	0.23462425025301384	0.02307885456832799	0.16098010470696766	0.003948528787868795	0.020960658027010772	5.212365659417872	10.048613200084025	6.279049408999612	5.920778961593537	0.030861376419656906	0.06181861577454029	0.0824175816206331	0.0039304720483782744	1066.0322742981498
-3219.787413869705	0.525177987568494	0.1149928000844252	0.14385428587627505	0.1753156937935785	0.13020640739018363	0.00822733675913501	7.795185701343821	4.7790814904336765	6.218201369615179	10.639159249425802	0.04381971907996528	0.10827861113738568	0.04518452543504215	0.006582610830121086	917.6142996388097
-3261.7037573088137	0.41135490996842794	0.15924102970875587	0.37963361169788956	0.13144485777339707	0.6048265361484619	0.005866939058567313	4.7308592436197525	3.5137769772327547	7.418756919236731	9.942766431862932	0.035219762112433994	0.10715349189666529	0.04070450336439511	0.004420396079959865	912.0801942655357
-3088.7609704667175	0.34046299978447125	0.010900528155655401	0.6175504640368573	0.08848877275809637	0.35139449168346015	0.0097873317547462	2.8988649204131547	8.118297063420286	8.789673566716354	9.500366608561711	0.14219074923555075	0.020484982099510957	0.13126678039911857	0.0023537897084892723	1351.8688062432093
-3271.7931661059683	0.32069306177249707	0.053088318750567645	0.0559594182214156	0.2734844337549757	0.9388501767535242	0.007109889691980235	5.493082983448409	10.33602300293894	5.276704458739454	1.356302586114016	0.030582913144362865	0.03621506044019936	0.035087052602409734	0.001564599987531544	995.740943890633
-3230.053979201105	0.39367191467542473	0.09209023888100742	0.1866450394888705	0.1136562180689861	0.22882648323322868	0.008454795403403282	4.163376000896335	6.841477304833368	6.789262423007024	10.617025342647514	0.031927310828204186	0.03048231061563708	0.05985744033446186	0.0051215959424888565	936.9613697521895
-3231.1904890483765	0.3590159763543768	0.12067049516466336	0.2606846083426657	0.13742800920315554	0.35245184369487714	0.012570088381442369	3.400986190264285	6.891455810323	4.59135268412166	3.468664201320656	0.05258742715976621	0.08641027527862798	0.06378331193061793	0.002375266026007624	983.1884113631289
-3123.196135886269	0.5825882131370732	0.026217283207584874	0.17794975376108021	0.16262479542488611	0.10005089288171008	0.014294648756897853	1.9086785395510877	5.392336966524461	6.985446490556767	5.9086231643447835	0.051134349977660934	0.029931170831713653	0.12646941674987305	0.006574869940450243	978.0849849673262
-3099.911040242813	0.2978923069603283	0.030417539118794957	0.42988974873317054	0.09671081854172073	0.35945206250217915	0.010276492226432307	7.8262122100772205	8.709031984337196	7.405469240848458	6.040647891113006	0.040952021180844435	0.09333405248823368	0.07644814048107217	0.006653520735293959	1287.4191170999054
-3274.36144984979	0.30907020546851377	0.8439649226962724	0.5583320190310196	0.0779739212859404	0.1104022637743554	0.011277407641717847	4.750751023731582	6.728807559054969	4.534466834972662	9.406040287368757	0.09988989314758794	0.0366049781726155	0.0700026225643987	0.0025603233453522075	1032.0925944013313
-3287.6030596888427	0.3859143340894258	0.7291665720245593	0.2107934284156139	0.0954871221657566	0.08518745568039811	0.00799436937017854	2.858074766149372	4.324978559706415	7.277862287187314	10.791634458667897	0.03294876658195043	0.0299044049613503	0.042707546237809695	0.005989285411506876	866.2333325133326
-3144.5017986649664	0.44413453887280335	0.05985440310061995	0.27086282601914663	0.24031451221020625	0.1835518439905522	0.011964699380585017	10.953770502184009	4.264441415896168	7.4129985897787805	3.1993113648335543	0.02471776105408077	0.13534755959262113	0.06326522105323702	0.002007290664697609	1045.5357780500794
-3207.0105682077588	0.4610945560817318	0.05916479097230387	0.30095314812410207	0.1336878998534039	0.480370740445232	0.007704948405314013	5.429944480906914	7.530294125751742	9.604488978448025	2.426959549048363	0.03565926516769061	0.046786364857439255	0.043682046173481745	0.005749245889428058	937.2202549084933
-3152.0579332144043	0.3889892983441208	0.05165364007815224	0.39953680309117645	0.15078401580505688	0.024326336300105965	0.018800218958592022	4.145162587923001	5.148839672229767	6.002099555025158	4.8223966799822895	0.04710641700739817	0.06272080937234234	0.09161792178966484	0.0029390418087845986	1040.6058250321257
-3116.4480255175954	0.5968618841434247	0.6251740972412084	0.02933709015041116	0.22636483606652005	0.005699734485445903	0.014512869547075488	4.11324797854978	5.386921817944698	8.271804951881775	7.658916492465673	0.02234809479538142	0.001	0.1460522051515913	0.012246311229970575	1035.6309247816507
-3163.454221190631	0.41121238253361636	0.05047426821650693	0.21290920827926899	0.2326176038816523	0.2358397880532354	0.010179343297024818	7.634840710809792	4.644784729585075	7.211605310254068	5.841198768343257	0.06035715254259668	0.050924249255242256	0.061174956387812236	0.005076000707445725	996.1892454546024
-3141.529220356592	0.44440651070620535	0.010066909841005637	0.3175045519290876	0.20061511707492596	0.4241326406301309	0.013249018556473991	9.149983100482281	4.833893335806792	6.892631283511609	3.929147637418102	0.03613111633565946	0.011376083058289316	0.10435077699375352	0.0058310567963604214	963.1779605853696
-3264.29407854104	0.44076236923978457	0.19180700225284394	0.4826780491625416	0.0799069884267626	0.5016700369726753	0.006128229570117225	2.5246607389057214	6.202786400699293	5.325127470127688	8.110379548193935	0.13076826589509324	0.03790586421158961	0.03621173292666631	0.0021656439101858127	954.4951436812487
-3150.0969185792706	0.46245526202186626	0.10411042647552084	0.43212493884401587	0.136444448372575	0.004219044598015909	0.015027678129748747	6.661756190145419	4.240112629806192	7.583554242964555	8.124221528987839	0.08038524981855218	0.029261864024259673	0.11261175390813224	0.001909857460357331	1020.0693986364087
-3256.6651986383276	0.438580176626007	0.042446878986896426	0.5491092256706582	0.3525953894688438	0.2364304466135007	0.009153592824366627	3.6021717685272336	3.739331624099153	6.263770695516012	8.506893771419193	0.048661366128036974	0.027042582484063302	0.05676199685418901	0.005137008154878188	902.6766664368625
-3343.587446037285	0.5114244466459754	0.17412902458460935	0.24738195315769726	0.44740074123501106	0.34712871840834847	0.0056807452178518425	4.726244668966985	2.784297772252896	3.8741206286096235	4.553111820344844	0.0369329832877688	0.057835920493369726	0.026033014449194744	0.003933818866048738	808.9914111072659
-3105.656419825802	0.35231657966438956	0.028227190828627572	0.21073877090555576	0.1489888936368295	0.11596856903612722	0.010304538904721378	5.195120789741138	5.964538345053211	9.720875846327283	6.615728867961715	0.025940436315950235	0.042885652598949095	0.08451034908799335	0.008709733903721867	1105.5627223804709
-3153.8061050036167	0.3463945464302813	0.0763904078363789	0.28965544261402365	0.09367631128875906	0.33291519723659935	0.00845579983614827	4.980333426122443	8.618451970397922	10.828435410585062	8.976423741634614	0.10326126880547767	0.03835184848592693	0.09702802109774417	0.008052399450559732	1149.0415264941173
-3125.1081887478977	0.33992382946588795	0.019148961179196705	0.4217144842732438	0.11314994880425101	0.0814815293684515	0.016811723806228716	9.192049512051598	8.17758472153886	5.021828220678431	4.986234788955473	0.02967449710463239	0.03604995289787469	0.08656422105093499	0.002497836518560864	1107.6034645607167
-3125.8346806558857	0.38712111479111627	0.025784793636470155	0.3991614116573193	0.10968389478756249	0.2002678887406082	0.012186335493643632	8.663775645232695	7.750297581195557	5.245891065364172	8.340348261035079	0.06349902481801277	0.04996697104968446	0.08681232359372186	0.0028024230297378316	1124.814182673238
-3145.8168371983534	0.4847294950513585	0.06422084969264909	0.16399363879945636	0.3192346835710845	0.1341948265120537	0.011902576974762191	5.5814995749584675	3.7794707123247884	8.21671131757214	5.48194781113136	0.030769622533590786	0.10303636911724631	0.08256274278298245	0.005889268854223574	966.9992388503069
-3335.077993161039	0.27652724246702987	0.2252815857993011	0.37747339588925405	0.06828076764435946	0.6161744046305282	0.004606120572781842	3.2570081007778824	5.045366585623945	4.064763712043381	9.97329118277849	0.09416287113006039	0.027602929268388313	0.028031720590212892	0.005500063193848294	1089.7599177357997
-3343.3741015767905	0.3998734817493105	0.11240611361063294	0.18641399116456067	0.7448170456813472	0.38315280406588187	0.005462129159700402	3.9494984110837335	4.381935657084665	5.874533223233423	10.686021897165073	0.05234122148405607	0.06850785477584462	0.03270034385794145	0.00336993072694745	915.4276881903628
-3113.2643380616464	0.2771832944605999	0.027046353502653737	0.16676110601568533	0.14486337475892702	0.04182574739846097	0.009742330846416028	6.9089566244731015	7.278378602499851	10.159668030920473	8.344316205227377	0.09141692389047316	0.03910549568166717	0.06318618256043164	0.002445703602015902	1325.6893409675436
-3169.5559552367527	0.38336992172861023	0.04694087563734489	0.46660161550549095	0.1925435098009702	0.06760385138804108	0.011445087506660786	8.504603671640444	4.678140708207263	9.01227088602109	4.080788738717311	0.048963682302373385	0.0441748445890542	0.05054822224777696	0.0028975852122442095	1003.299597217689
-3117.849050284175	0.3806414363829224	0.029801588194466353	0.4911039679403273	0.12940655838167114	0.08346922439266444	0.01338176850964402	5.424082996415348	6.39305201278725	8.021474976935117	4.874193326194991	0.03351636964371136	0.057999103064217856	0.0995437893517394	0.0020491321190046793	1107.0164666304775
-3186.385105938795	0.41580832486766434	0.052317186979459945	0.3080223188762349	0.1943326539525875	0.10492283946973652	0.010669543778449166	3.406040602063441	5.2852958913537895	7.01806072797524	5.21730909662262	0.0965517528799509	0.02867936886933854	0.04895904033774881	0.004299670143323035	992.4039597137954
-3299.964295706091	0.2834776486991273	0.393119478404377	0.26033669748252364	0.09092480540037885	0.47080401890579526	0.007071655692253764	4.910213726765422	7.376376749590216	9.151137920137762	5.558425551188666	0.054928357101429647	0.06000323062875434	0.049555558265988675	0.0035792884412783176	980.7442008307877
-3107.956736220442	0.39000603651460325	0.03093053186212069	0.3438054344649403	0.11224690536459689	0.26994544053852976	0.014031222538269519	3.9348293368612737	8.312312395501415	5.36541303200754	5.077596279871146	0.09196401795362609	0.05966610143842334	0.09508633329526354	0.011562976064436415	1134.7880938112964
-3166.8356238878855	0.30068843685656804	0.061359000849273725	0.2595859883290792	0.09076018795917552	0.08045169530106107	0.011758713302208394	7.324714231755081	10.898007252709082	6.610035203988207	4.560865229247748	0.1363704031786313	0.03551651253303396	0.04951189844955332	0.0064793385150381045	1242.1743648317868
-3335.9839460868966	0.36297360890721536	0.2891718903345769	0.3181152478002878	0.07459100236472668	0.2843360439224921	0.008151676583189332	8.660801688296337	8.614042622223023	3.378256153242496	3.926738559578234	0.03339891563258881	0.049104415562344975	0.03623151129915329	0.0037694238991558293	881.4738417300232
-3276.9928071461177	0.3577431803570367	0.3772667256541135	0.1523640927355107	0.12408212242707813	0.3184776248926884	0.005969550375735162	3.849885927156486	4.240784955700113	9.541451485107462	9.123959736389713	0.06926397487086608	0.029227828889705914	0.03839860547687117	0.0029329079067043308	938.6792786582971
-3179.9897168038838	0.5111894973620025	0.07583236770278078	0.1894918104881993	0.2197447611228934	0.22165973230463096	0.01349706025822156	2.5544558470991103	4.58800781582663	6.0287845683883505	4.7968504931417035	0.028201128863785622	0.051129030698118284	0.09374424400977717	0.00372003979191743	884.5429266234387
-3124.3809466413454	0.3864466339546397	0.04599625034416293	0.5285089542747725	0.13014661765625146	0.6505417211977914	0.010098861075320091	3.2689621868289294	5.71233997020114	8.720903619681447	5.865705743494353	0.0891461206988313	0.0953971338783509	0.09887583725760056	0.0033288230946224937	1128.7439211812248
-3134.0242161978986	0.3922820627596068	0.042186891619444965	0.25919541013649333	0.11348846409473523	0.1128354540749693	0.01368279715162453	5.286736538222555	8.845350557999188	6.046026440822981	4.825525618597618	0.027951848760045774	0.09015749522538861	0.06899157344175257	0.003426821901013751	1086.148678501581
-3127.283520841818	0.3385847996085653	0.03750870018432879	0.31091819560402284	0.13358027535313588	0.21212111297247987	0.010130878946201828	5.884303704173953	4.906145499528723	7.420661474000108	9.893514416423939	0.07547364789734663	0.08328958522085982	0.10544403536706812	0.0028056885883222115	1231.7540396295806
-3208.471504805528	0.43337544937927297	0.07483750132406569	0.26779709863703033	0.12725420132305246	0.11712768919215794	0.00997522965423488	7.214685617525945	5.8580257705060665	5.464236477495531	7.830197626020149	0.0546312923815059	0.05462086509136754	0.04654632777531222	0.00808849598944068	963.1123538063307
-3137.1276990347637	0.5087812221855508	0.026953584535280992	0.15335772113416282	0.22722348208536208	0.06856624381153516	0.016101153583662577	9.372640222342556	4.952360372840353	6.396838435982252	5.392519997388401	0.03615950291120459	0.027716830073322006	0.08803920621491908	0.007914017593292041	948.3799053173692
-3122.067699730815	0.3777580023758842	0.051485898675308166	0.12787231771737254	0.18330127787200282	0.1171124882903929	0.011022734205878482	3.9479455645450967	6.572531676186632	8.236473543552973	6.383827980660624	0.12963640340796337	0.062450686096713975	0.07289665382689059	0.0037645052601743873	1158.7536680808219
-3242.8602568581946	0.31980433331159835	0.05739183617794128	0.31024305478837627	0.17305031170322072	0.3918819760039002	0.007312309760503909	4.84524591410066	9.673503610792768	6.783415868000958	3.812964926544452	0.03525467600810612	0.056183305054138634	0.03718889268165473	0.00174390122931533	1024.9290249556652
-3198.926052069239	0.5827588408328067	0.0701230127738898	0.14754938304420118	0.30606193325850317	0.46751755465355244	0.011743616061570384	6.59128760981969	5.137630750341202	4.923139222154306	3.519140328465294	0.0431107898792392	0.06577911106970465	0.06367992586171162	0.006992007087656378	866.3996926290915
-3222.806889025751	0.4757800240123424	0.08998845660768359	0.17929495404996937	0.39750695408840314	0.06155909804362184	0.014640493842082008	7.504940932938449	3.4884712716517052	6.0993873425079945	2.9874957709587147	0.036882190281612715	0.050684858984127654	0.04578312211740467	0.0035709856692240074	872.0194868335768
-3145.2869253214253	0.37044543671293306	0.04776933047943493	0.16501498880715848	0.23582727143856586	0.6252389671045726	0.008773549893549063	9.34283690890533	6.690941224952221	7.247134891701347	3.948111761183743	0.07618771612425841	0.09537001657831023	0.055078910052038056	0.005184118538046843	1132.6114527829277
-3311.0367122915645	0.46010457839000907	0.1201038796077103	0.19087930497837285	0.29044525207370037	0.4004753030738711	0.004525451229326367	6.833637655592981	6.647697454727819	4.311230228414788	3.5114331291243004	0.05964072840211332	0.06380220947098676	0.02122071035764005	0.0025579005942450964	899.7346111607827
-3299.632740620497	0.3655131190434267	0.6648353129009735	0.1478943366527911	0.1148356409087214	0.4462694738243025	0.009676497826916248	10.235861029089552	6.670324839855673	6.245126841524741	6.48391642248221	0.02449755749187503	0.01956088012981902	0.07311736552520162	0.00199424892774271	873.164780100531
-3243.5412771966794	0.37645257398427595	0.4668109377459296	0.09046505157323925	0.10916319432883474	0.22887903985847002	0.011612648194617905	4.2216345914644275	10.148086010050548	5.259824718248323	7.6226293443714095	0.036600699650467854	0.05745902733094233	0.1011173116975835	0.008201836832214222	949.904264048643
-3131.593766259516	0.39221688853479036	0.019945963538173555	0.3192395037988073	0.14007222896130145	0.5053398747168921	0.013847109620545498	4.846079353961704	6.527154234142907	5.970081488643104	3.873895614036546	0.041455045738114676	0.0346345113174745	0.1096601352371183	0.003665473920463674	1054.493820556961
-3088.607023104558	0.3634334688796217	0.02799483790290013	0.3170185420702177	0.11194694408617784	0.15617577731673526	0.00924961355656785	2.8526911379915307	6.408071722423037	10.236697084384458	9.254955491808557	0.12738572183673952	0.04140734653361816	0.09602167818202398	0.006704381983022685	1256.1278474701378
-3099.6873595169113	0.37639936978622035	0.0384756262962787	0.13367337977888308	0.1637373138808806	0.08188917207285847	0.010681638069964073	5.2965292391828305	6.309220512634447	9.76375602660605	7.523745911825359	0.07096432674264229	0.0885017882109759	0.08625334821751457	0.002200347334947799	1214.343364212682
-3140.0602874495607	0.5392850102244037	0.06222018125837329	0.24245036152234825	0.13955966704261713	0.055225782523280365	0.013349180177580851	9.069631319691513	6.070432583413565	6.509369268191885	6.457127113833881	0.02921837773174838	0.10500835290062081	0.0607877312172761	0.008137786642223031	985.593274134179
-3129.298976159523	0.34280194782407186	0.018637760647397427	0.2466309420675272	0.11119306217481296	0.07603477778799415	0.012134517509466423	7.659404869368938	9.643516614795384	8.47026419625946	4.587112206388329	0.08236218125969137	0.023857588422498917	0.05978251459312068	0.0028458063321824376	1166.7354899462518
-3272.513000923698	0.4041347499802155	0.3889554584970426	0.22118014470387556	0.16353855516363489	0.19593913148678857	0.010263829617624403	4.188106969536321	3.7341409822447407	8.036041649554654	6.682069992096747	0.034601005165997144	0.06591607660565058	0.07687480896003991	0.0024645210703169666	862.1528920713405
-3085.9985422213103	0.31992564489943665	0.03334951891111291	0.11654702184682632	0.10155258100382443	0.07853183057280662	0.011871614789691695	10.212589226704225	10.330750247948655	6.507511061873559	8.531650248094543	0.056447735684672276	0.12460518091891162	0.07491575507490762	0.006392268094317362	1439.8325617047453
-3317.2455286383115	0.6204431246433482	0.4959425811214807	0.2534571921710729	0.08402254281982	0.15064210501647537	0.007693283017079924	3.2134172658648392	5.343037535636339	4.807405754374443	9.722284750887969	0.053126331920439446	0.026455346892518092	0.038505674220988564	0.0017635975241338349	796.027150091203
-3106.7714201367885	0.3912375513042261	0.018232892011076942	0.19302887667935326	0.19444158023203745	0.14193448109805917	0.01064534114564508	2.794292251003985	4.615415564927089	9.298513375703333	7.950692774860855	0.0594050536963812	0.02588728136945163	0.11528442846056565	0.0030049825014669515	1114.014616411199
-3246.663609376382	0.5165418913162739	0.26652814330352637	0.20023278468082534	0.16368974865618596	0.17657883639968552	0.010070250480581643	7.7807573426027155	3.319344875854796	6.897661185539341	10.648244460271401	0.02667562387617114	0.046316871686163316	0.09521126538319194	0.005526462001775779	842.4550407496197
-3353.718091117751	0.371067937649957	0.45206055040718923	0.36953445571223653	0.0787686893367475	0.49512503847020145	0.009916505619877425	7.227722656219479	10.737808809402383	4.775111414488276	3.5952075702730086	0.028728395878183145	0.03187225793659294	0.057564315857098744	0.003008297060147839	859.3507674711641
-3198.939155833692	0.5938182707179951	0.084756382155071	0.049262846093224656	0.44701984168426534	0.3258234951422311	0.01248562689708413	6.220405895426637	5.207509393878182	5.4915065088485795	5.502932114899879	0.035833530176287466	0.06731905690168456	0.07703959447661916	0.00539440786992155	864.3080444670352
-3122.869013536064	0.36562042761700514	0.01997374701513621	0.3217716413107361	0.11813254934925968	0.27546141286661846	0.012439981162998026	3.009362399743221	8.031439874855543	7.133537628085625	4.638696495824174	0.04263205762529152	0.03100794746734114	0.0881852576870365	0.00296652333210201	1086.5495144443123
-3104.7301638862564	0.4127907291313128	0.023239925795673404	0.35461606168983384	0.12304367388185548	0.4719861764229939	0.010727223962000841	4.054668887765385	6.556828556510654	7.905617951707195	7.368018507316823	0.07110398880659201	0.04469185703957242	0.11184104933016392	0.0021628842162411126	1116.1712602062248
-3127.759220008401	0.34505870884201056	0.024918237502222246	0.12388665286700949	0.12122950469988901	0.37071421307755537	0.013638475789937547	6.772704661824866	8.569729223429691	3.8177772154352514	7.282715808539555	0.053082172685941176	0.06566745489919272	0.10209276429021152	0.002964488114132806	1209.6201097452463
-3136.2085092277157	0.4183992025701936	0.025089012136598015	0.19721166636241538	0.18652017317479172	0.39392635699540146	0.012682212727870745	10.79984120704137	6.204009369188258	5.83596225074845	4.339076681722854	0.040279354352259114	0.033613947680687685	0.08240394834230297	0.00485301846283586	1005.1144737559529
-3129.9467226290703	0.29353032734366513	0.02663142570712624	0.46272184840715785	0.08453977597759825	0.6063492586943995	0.007558040222536749	3.3664284695020346	9.4338424467728	8.250696626171049	10.861073638216844	0.05934740832255801	0.04454365814457756	0.06614931545977645	0.002008139798141424	1213.684803474498
-3082.9240172586506	0.35756742395961605	0.015116399834988466	0.13754864221643726	0.12814890166485773	0.08257700554723618	0.010945907627341583	5.869984973398241	7.139141788462341	9.547523848263584	7.942034349107743	0.09914625130652142	0.028788876687421312	0.11808086698036609	0.0015545849971493628	1323.2198094072244
