# /groups/rgutenk/lnt/software/anaconda3/envs/donni/bin/dadi-cli InferDM --fs input_fs/fs_018 --model out_of_africa --model-file /xdisk/rgutenk/lnt/software/donni/donni/custom_models.py --grids 40 50 60 --lbounds 1e-3 1e-3 1e-3 1e-3 1e-3 1e-3 0 0 0 0 1e-3 1e-3 1e-3 1e-5 --ubounds 1.1e2 1.1e2 1.1e2 1.1e2 1.1e2 1.1e2 11 11 11 11 2.1 2.1 2.1 1 --output-prefix inference/fs_018 --optimizations 100000 --cpus 50 --check-convergence --delta-ll .0005
# Log(likelihood)	nuAf	nuB	nuEu0	nuEu	nuAs0	nuAs	mAfB	mAfEu	mAfAs	mEuAs	TAf	TB	TEuAs	misid	theta
-1900.9040313381736	2.8354386079536122	0.00839039092376391	0.9431400904668201	0.28078036460972133	0.8183835192953989	0.8019252785198286	11.0	5.261673500812173	10.772995525082246	0.0	0.09441410423576503	0.3057477327401459	0.06235762704449266	0.012079252136050853	1404.5821914516607
-2680.1451081608484	2.2411366742080734	0.001	0.004270937371223602	0.31329163857176495	0.19620758885906686	0.7851142462425825	4.8766426452942895	10.144049491953796	10.638535971881343	0.029020822209483065	0.017358207666892462	0.022636643808919818	0.08754601562348752	0.007639243677071086	1082.5340721895254
-2348.106277083111	0.7264742050905263	0.0038645861881401924	1.2072683093253596	0.27221902806550885	0.8188115660825532	0.4395562523699997	11.0	4.591571558825824	8.245600921798987	0.0	0.14086920295293587	0.1681267954569275	0.07615941904469387	0.02484770387241223	1526.4965773081672
-2154.041468224211	1.0703951518219896	0.005915153871641583	0.20491212058785208	0.2800029267516065	1.2626818205095245	0.5753240017909647	11.0	6.571802747235174	10.919173163249699	4.4332529188445085	0.11398956689037343	0.2891132103209042	0.05341668964100441	0.0028594798999759434	1799.5899757469574
-2125.501595857164	1.4204462754279679	0.004222050955438607	0.38497408143645423	0.44842630343837747	0.18458252015681575	0.6154377828371821	10.995958222381752	4.583384539992732	10.899088522748581	0.13905940917306642	0.06067594940624502	0.19222987877310374	0.07912114166062603	0.0035122738809966855	1383.8372897111578
-2111.268346040979	1.8432592860070274	0.005089422744732061	0.5511105310275983	0.3631799607788988	0.38894833424490083	0.400777246428534	11.0	3.288980533651097	9.68116864229054	3.9474284566188134	0.12471165516253274	0.21353181780937705	0.07648359456227789	0.007705138601370989	1353.0220898783239
-2209.245065558441	0.8339496575586736	0.005644204587203017	0.8525148030043115	0.2743140140339371	0.7269975486600276	0.7581023843456856	10.999376303952294	6.287405020163118	10.495536734347471	0.014429310150112113	0.12707502233000093	0.26690962115821976	0.05761953896447252	0.0036810390380198083	1774.6347400745967
-1847.6065307026513	2.9310753134837544	0.006263048130589305	0.011305309683064197	0.48966501966265297	1.957212274222737	0.5833501033149066	10.9831112407595	10.122725069405147	11.0	1.1353807331475727	0.140791783174831	0.2747096475875228	0.05181602042594343	0.0008289689733789207	1548.7403537680925
-1944.051486820325	1.5041218735385344	0.005967006014515934	0.025072569890286014	0.6146775394688719	0.7392638218226909	0.7919115827153416	11.0	6.6103551879003	10.12028478773262	0.16192858730809673	0.11469618485691946	0.29237992608660823	0.06245917615394103	0.00964213560539289	1640.833541510232
-1883.188753584144	2.193148303348439	0.007182342303050885	0.26558248491667835	0.23624082213111325	0.3062390904502785	0.5996124953874228	10.998082644963622	8.284254053945753	10.976649266878253	0.0	0.11790178944783136	0.3379978815335365	0.051563286556360784	0.03636921828818231	1721.4790798207312
-1985.5262013640827	2.1650809205683226	0.008389998266500208	0.5468846106482992	0.14601552915506152	0.39497316888673195	0.6225365244081346	10.126313078962577	10.41394775354612	11.0	0.01743267406126316	0.09819415118225672	0.41836567737060903	0.04517336347930471	0.006312925003290325	1825.945872449932
-2077.63561295656	1.6791635142866252	0.006530798012550186	1.2690641812099943	0.11357218422538916	1.1719706923275994	0.5352150028722731	11.0	9.51566370885383	11.0	6.713934518598837	0.02509137552284313	0.3271760404452527	0.047906564546082935	0.007752769893927747	1814.4378389971478
-1937.3649169944263	2.3625346145171315	0.0063797812324575005	0.864160461295778	0.22896244942669502	0.21325471735792567	0.9622567286865733	11.0	6.35484903186344	10.778043842851622	0.39880373711798595	0.01636172095695987	0.2663434796783075	0.058558851794772514	0.0033690635961229174	1491.700539454023
-2069.416044906289	1.5147881155336718	0.005680213721369318	1.592546745444211	0.12953866658452995	0.5040135003882295	0.7347922695081126	11.0	9.426143457110664	9.464261775935798	1.7693779935759582	0.0313125981659708	0.2636939074813699	0.05302164047367342	0.013098412953613487	1656.6157763323547
-2178.0066810719727	1.1960791343906148	0.004680034493815106	0.521350160646926	0.4843370384953466	1.3369300832190025	0.5524023800074822	10.970416714513618	4.844095085643043	10.820589817160409	0.0	0.029966519358397767	0.17693005062438052	0.07252939424882153	0.005557857286819394	1329.6378921340365
-1808.9224789900895	2.454456632267264	0.007844919931728823	0.007707459807217812	0.501558855521173	1.3066768120342525	0.45544194557129297	11.0	11.0	11.0	1.8289269437697833	0.6891937862173588	0.4324901549243997	0.04668596519169832	0.02566881744045136	1886.2972276672326
-2290.911177194745	0.9233437821105279	0.004374498149988753	4.589180670092882	0.09649648977718644	0.7235146956461073	0.6078890346915775	10.997440736437047	8.607312989763047	10.839336717218027	10.599325251212308	0.20956706973050623	0.2516045750055658	0.05380396496741821	0.006605380080606622	1827.2893899365745
-1985.184729847135	1.9711694363737446	0.0011761752979938308	0.001	0.56962275474981	0.9465520034647444	0.7683781465331438	10.916144094724196	10.86135185252105	9.864448156575683	7.658132922245846	0.002725976945142666	0.17291338429199885	0.06866745639795298	0.016368891508566047	1529.7915209209805
-2490.3169302285696	0.5561265420280311	0.002013259032339812	0.8417704297885139	0.13866038622752294	0.9508783614240094	0.510986073088132	11.0	10.419783816394604	10.998611132794583	1.1776428881068026	0.22627600278999163	0.16138131636676967	0.06285423096338869	0.003006666036322081	1846.6266614407884
-2299.347311371674	0.6077334387852198	0.001	0.0023932905608444817	0.6201534821018392	0.605676157813008	0.48724925632604327	11.0	9.352011766980576	9.708701713321902	2.313450505566753	0.3509308070048385	0.1559190653244622	0.06274091397608081	0.005533753279973012	1973.321924280556
-1848.8908642167341	2.4635236253965624	0.006737881828359412	0.010933345637252815	0.7809944391295158	0.31548400644208197	1.5613890114334235	11.0	8.072759476823126	7.762253709543169	0.664410220203074	0.030603484069888696	0.24340568732116463	0.06907886300076589	0.021673888158735364	1410.303623454893
-2027.6978154256399	1.9300387780111408	0.001	0.001	0.43685262400411334	0.28481545815128784	0.48842413143840174	10.99955490217243	9.096048594386229	10.7326960449712	6.07719271196738	0.022688070566991878	0.16648385481162797	0.07741354180525657	3.864805090497074e-05	1578.790200483417
-1857.845951974295	1.3284299428358313	0.004481495362785568	0.0012463305964336524	0.5581297880575375	0.5147330927661398	0.4023829957231109	10.999710509408473	10.989809683932505	11.0	5.713509245904008	0.2494081522254656	0.43967739974669284	0.0515898253926718	0.06735737819120437	2386.8322302207425
-1952.2545971629145	1.9476117597452935	0.0013403607500105381	0.001	0.43734546670060076	0.8686714228554949	0.7514156440254557	9.723042378141136	10.97449911525303	7.489742775435617	4.894521193805576	0.07496087625602645	0.25207572398759814	0.07346480113891812	0.004625156374523442	1640.3658641183658
-1989.1246201328308	1.4613523634946235	0.0029760120396366547	0.003481305903669325	1.8986780937328946	0.7813782369206471	0.47334059418381186	11.0	8.740627590914434	10.09791762788752	0.7709368393429239	0.030862114884421265	0.21072747843270404	0.061500596426825545	0.007720844103156298	1586.2942672736008
-3592.5687646309543	0.33119245060863634	3.1683228861318735	0.001	0.33594201383613037	0.3287985708196629	1.1160434926979395	10.916522840189895	9.250582858128256	10.819994928055237	10.862520645758499	0.374669570404975	0.001	0.12847948998873218	0.006903235640486475	1620.6899017314602
-2042.504460046297	2.001876819755371	0.001	0.001	0.7335826640616568	0.6710221669699646	0.6530744943590776	11.0	8.266174253041706	5.882130920498997	2.936340784051762	0.005278622996111873	0.14060280231633235	0.10492061990690889	0.003851787173042743	1323.1486369120778
-1942.3953745033075	1.4169998159156385	0.0031442423641565268	0.0011163527548560361	0.6310798429752974	0.6969891854778086	0.42568339928492416	10.958895440818104	10.997246999515095	10.963166958190008	4.085434608731597	0.31704160044968926	0.31936901290138336	0.05725360229437126	0.006638272549799027	2048.45418499697
-1948.3949636669076	1.692343139513157	0.0036571422980298187	0.00496645614304928	1.1837856328621785	0.6242796136873114	0.6589199538209023	10.64644953065114	6.267636381398267	8.560408406617244	2.4824744149683657	0.043330391726021746	0.23373280882674535	0.07341048054033665	0.011903321336122612	1490.9785314284322
-1973.4235255548597	1.5325770483872614	0.00275009921086024	0.001856967893927655	0.7570353474952256	0.5115233074296835	0.8744476020948254	11.0	10.684935759229086	10.688873561943	2.748991365253815	0.20885422186889133	0.2215719032236897	0.05892070498849624	0.002786395533336356	1654.3146002640844
-1996.0831237729672	1.124824982284893	0.005573370536543786	0.00937032775999229	1.4546643173327944	0.3853789426712562	0.6955981804686384	10.991108023103903	8.38778225555376	10.80034812076258	0.018247995764767853	0.08598153043429543	0.2978107944589007	0.048974287126145974	0.004370113770500941	1897.0239013893063
-1977.3964765358094	1.2348023969791124	0.004734539676718869	0.002387371902905929	0.906956857365593	1.001884921900699	0.5740806340990444	11.0	9.870892501665615	10.782408230212106	3.124350886391686	0.055010033358911754	0.29258112898738425	0.052611567285282636	0.001426469143819323	1924.1342633147965
-2061.648640651254	1.7250834509436546	0.006536436915246702	0.739493211081052	0.22443775898297985	0.3252811871088434	0.5013533764553317	10.99203405344006	4.513452335553696	10.517420650090008	6.943637617922079	0.0458072445418519	0.3137525869254158	0.06080307907470197	0.01571679678220879	1669.2503396128575
-2388.1666097558477	0.807987429561008	0.002025060857810898	0.10614060205973903	0.24556618073305042	0.2868410763690211	0.8591551303092666	10.92876174289459	9.562175747301602	7.394536578385649	0.8206283114526713	0.06721835691335451	0.17885510496158602	0.08612895676630615	0.0016774743618542822	1605.0285678913453
-1900.1477230280734	1.8803597731480892	0.0024847244916182073	0.001	0.48081974848467396	0.15266828800984486	0.8004489129743814	10.938706349143951	10.989332593983196	10.986335093754787	5.502395098272755	0.0021326599689776194	0.2894595173613002	0.059263523250884034	0.00186163837655737	1982.1824807448713
-1858.6507815183522	2.266088612074152	0.005290098147439605	0.0010832480131121535	0.7377067668462844	0.5136834823479901	0.8083757277143419	11.0	11.0	10.973607648840355	5.472843080962902	0.051554082380620474	0.30360806949737623	0.051407285546408714	0.008423729701914757	1826.3759537291132
-2248.290503926134	1.6890510677893433	0.0030557404063985155	2.4403786171049298	0.14533645719591878	0.08581122856249401	0.4104370566495545	10.996026106235842	5.118915393732735	9.7541901945736	10.846164474229427	0.013851879326708226	0.2162535563308723	0.06698973666510798	2.2965340048906115e-05	1579.7522790440564
-1851.0789554005446	2.1760341926353233	0.0048556227434986025	0.0026117473214133753	0.7569470197943822	0.3487916926360783	0.6668608813725754	11.0	10.041741391038281	10.95523992917239	4.157822018940989	0.37465777197207434	0.32967152870959543	0.051888317816215064	0.01289325181487244	1820.0966840269837
-1904.065532474249	2.0827997178217346	0.002206803290842517	0.001	0.6598941262736404	1.8338213059055977	0.40009907523860055	11.0	10.99000905312582	10.999175674292161	5.8110955874553865	0.0015546268103476654	0.22862453220915518	0.0592015456649722	0.0017276681952328012	1716.596694882816
-1924.762746490752	1.634748129970961	0.004239321558545454	0.001	0.5367125163060908	1.7437958453478604	0.49189804143606836	11.0	10.990166008880754	10.96574263188047	7.254048421053638	0.05072739395502335	0.30336559153586945	0.05360140657446647	0.0038038869248014913	1958.2258254138635
-1996.082365351894	1.3318158787590737	0.003942712331060341	0.0012648108178073653	0.8454497483024146	0.7640927087755321	1.4260176538902933	10.64945764439153	9.969269078393246	10.941645231745895	4.075440766440702	0.08564096959689811	0.25622789710207194	0.05778883198219151	0.005591185219009334	1728.4450991512517
-1863.840838424442	2.9052526850399074	0.003563600993559799	0.001	0.47027696294891735	0.1734252321802133	0.7283848801763659	11.0	11.0	10.995405342421018	7.936478967287714	0.11775515332892703	0.3102234934696846	0.05420017218267572	0.0025726323478139877	1905.7819511961027
-2200.2774600711286	0.8148234361904649	0.001	0.001171967589632705	0.8369525739622456	0.19308140991628864	0.8722863392986694	11.0	8.627563310092004	9.034333668257828	2.4362370445484927	0.4645993207151048	0.16344448545011808	0.0754529875515314	0.0011093773952960068	1756.4675830818717
-1889.6605114334438	2.1344619671762257	0.00423365950666264	0.001	0.5251395973925501	0.24946717718970204	0.7844139582354589	11.0	10.999707988285719	10.105039645925247	6.459020924514389	0.203944484421488	0.3224557819115018	0.05507962355604625	0.0015676950489145927	1927.696671061254
-1904.3449453314536	2.2688547217042156	0.0036893487633659463	0.001156518015362277	0.6738624656712706	0.6111265919010717	0.7902902918642317	11.0	9.350789369726476	8.587449414383368	4.412160833075973	0.04323886785950228	0.2336596852548617	0.06786314773560997	0.0007336185121756563	1582.1257827765205
-1939.6578263448478	1.8169982453477203	0.006246238616966928	0.0031543843530234964	6.781831305156892	0.5219808710390945	1.1829796495430602	11.0	7.916828483799893	9.508645844956076	1.188122394936075	0.003117939183061179	0.24699250953596302	0.05591914218421998	0.0065616518500846354	1503.1587034363472
-1985.8644175008803	1.4849527757563787	0.0015409633125339846	0.002224581067875285	0.6462753177366694	0.2936821104757757	0.6712728351903499	10.999606981996282	8.443239676974386	10.110199899735534	3.4977641487655546	0.24520458480165003	0.23270599925714258	0.06695216595719689	0.00044833870078157047	1715.0924387559023
-1877.0701137297256	2.515256971433761	0.003023453799029144	0.001	0.5171916415395689	1.2111061270382564	0.458374937769037	11.0	10.9722740479242	10.942402922125664	7.5359591558059424	0.001205756280901188	0.253231560168597	0.056386517410115126	0.001980797104928188	1765.281976332605
-2419.8636503730804	0.9519847119367745	0.0015303135676388187	0.25969817994359606	0.2611323180086785	0.36190515594084555	0.3402331812060452	11.0	7.04581343585927	8.729483062287828	1.7515519384992067	0.12413278775308763	0.14551738581104295	0.07620062640867381	0.0002419389512450002	1502.1336234475427
-1925.4148934048972	3.7030495299473136	0.005870159724942078	0.001	4.434213758469836	0.5399995636652876	0.643544440979004	11.0	7.0650933296831315	11.0	7.940632571394411	0.07734872700083463	0.2770243114073035	0.05529417510872042	0.001095237786744334	1510.452876018508
-1948.45589413217	1.4276638142281466	0.003807583961420487	0.001	0.42815837685191016	0.5117654497016565	0.8337942747244672	11.0	10.538747662828326	8.661878212112486	8.015322612884448	0.3175785994023328	0.30554539263357644	0.06195781317566795	0.022323414600062326	1956.3822026317548
-1912.6722908650781	1.718330630229329	0.0031036557587146053	0.001	0.4009170527969268	0.5246867315580289	0.6800647316527488	11.0	11.0	9.031350386902458	5.810497503242404	0.11763801815715848	0.26933523893703554	0.0638980835567312	0.022465449727076613	1854.5609045765923
-1932.422517455604	1.3612732671056567	0.004933508613190987	0.004263247340316809	2.219693902418416	1.4020815524004828	0.502410443726103	11.0	8.690889901575568	10.716553004802341	1.2437009239838366	0.31094775631923777	0.27743343801125664	0.053599121204363526	0.017891624779039682	1720.4071867319096
-1971.9894949845511	2.2547658238442794	0.0010060109386378657	0.001	0.9073896463589042	0.3320115020252535	1.0581746843164732	10.979236099450848	9.640046249404772	8.567480590540798	6.069960685334706	0.008657511934065082	0.17473070216336775	0.08246802994369347	0.00668161362702648	1446.0173623820065
-1946.3766028247953	2.2053694199337124	0.001552775631452739	0.001	0.7890296160854625	0.6670019765426588	0.5964393720987773	10.992732816525688	8.671974685413016	8.273014367967095	4.171142604925894	0.03389641093879461	0.1910912903513882	0.07771297975338291	0.0015090059111005597	1489.959650367168
-2032.7111868160214	2.2708195742825343	0.001	0.001	0.5072666799725393	0.4739070796376775	1.1881583432319895	11.0	9.677819142573137	6.885524154281629	4.494242048853075	0.028450587704430475	0.10995895588095209	0.0972969187645802	0.02979920028523953	1255.9791677376934
-1837.898006877207	2.5979107346138184	0.0046309120121573785	0.002309483164933538	0.5336395705820461	0.23029951625114237	0.7428796685838428	11.0	10.99222469830492	11.0	4.7733323936968475	0.006300236847961221	0.3211767951471329	0.049055820660117	0.011230318965343012	1919.2963541387385
-1920.7617884699105	1.2508362305962566	0.002148749126800461	0.001	0.5690198792681055	0.9892726689582373	0.39182158670180206	11.0	10.983556450670857	10.99678559977042	5.111842723244715	0.4326001912794428	0.30693456991938267	0.05877942672958768	0.039028504259787586	2097.988243266729
-1849.5867241180695	2.295461742291387	0.0023566290912507212	0.0011077043735571864	0.5980404492156909	0.06062817240689733	0.8975899342779542	11.0	10.999528860301915	10.949096750521624	4.9140104583224105	0.45323288550790275	0.33964270499071253	0.055835301045976914	0.010620018663867357	2014.3457703898407
-2166.6768243793795	1.0865770958559842	0.003914155696100124	0.5220257667666073	0.2704333811015439	0.8779080521771766	0.5668011199818338	11.000000000000002	6.884927673340555	10.921427307056453	0.0	0.1756621875385254	0.19380747613597293	0.06139183974496795	0.009533975767444695	1508.8990759196024
-2343.760119131747	0.9180871606311296	0.001	0.022285866551690525	0.2762975263013922	0.36806510998554376	1.1673566724091868	11.0	9.536196562684324	7.148084773333332	0.5834770888306222	0.11428703306933354	0.1376117836543342	0.07623807743721984	0.00691002395620922	1504.4757487742797
-1895.3141456946569	2.245780520240962	0.004179571880059894	0.001	0.5950411192878502	1.1070452378369986	0.8516823049082795	11.0	9.641217239942574	7.293099526725376	4.116101247153793	0.03100591090716372	0.2409542256971224	0.07430249781483503	0.006515421829651794	1564.3352262615042
-1953.7950314428667	0.8028050571500057	0.005527237320435345	0.003959171484659851	2.8434609701219937	1.0985238661247585	0.5831358931404208	11.0	9.876982560712579	10.962266025374756	0.014324485557182735	0.004402776191305322	0.37225677941594615	0.051368779903730885	0.11627607694558569	2176.4141963207057
-1978.885452766028	1.257344791698446	0.0051752252856257595	0.011973660232925867	0.43598576544438	1.8343230414609044	0.7642254143810966	11.0	9.410552396473731	10.982757825881967	1.093257267165948	0.030913238164154262	0.27876404814206307	0.05252273286714885	0.011196420986505256	1808.346542373713
-2011.3983488275167	1.4856447754949293	0.003563379450401286	0.003538677136485715	6.401359751887394	0.876531387967122	0.4261774407257532	11.0	6.907143475843956	10.384501419709226	1.2923996023240862	0.41960104899651907	0.23934325971988407	0.06074110091331838	0.0033380285245166864	1536.2190031732416
-1980.7688737764772	2.356127751853391	0.001535189900945166	0.001	0.3603090793576155	1.047272472081107	0.9589672168813254	11.0	10.790347396460554	5.718613773652343	6.130613224282116	0.16468576341604724	0.1746615066801635	0.09274031440126414	0.00118082532982202	1417.2006791612232
-2081.4542615387436	1.4857554796271093	0.001	0.0016021298162668274	0.6360279658026576	0.20277336316491748	1.4573221948085509	11.0	10.80198250225459	8.605307312742404	1.076393197963348	0.3068842236241257	0.14913897652710392	0.08308498698195545	0.03470159909529018	1410.2868467403825
-2109.9747210522314	1.41908301341883	0.00485247986284144	0.27224936879826855	0.2564062217643969	0.3941764981155224	0.9233121687571786	10.76952444943461	6.5384484174661095	8.54765490787645	0.9248768181772749	0.0018087555495211545	0.2114774526714574	0.06617259638123109	0.0019222113766395041	1457.8224070182885
-2047.5763250143682	2.5048744911972953	0.001	0.001	0.5883388760068645	1.126128188743147	0.815155988793616	10.999767510757836	6.776271868619327	4.510676108071556	3.7586371594277135	0.0030574995357933094	0.12372767434293849	0.1248986384268669	0.0023466232264802347	1175.5211391232745
-1921.1632011190252	2.3599590750277115	0.0014767158037778585	0.001	0.5837050973957347	0.2539878494276982	0.8909092876185754	10.997468906685592	10.751677431371657	7.772355758349592	4.52293450231666	0.017673232634490384	0.20572125352280335	0.07531570664928983	0.0001609526009401921	1597.3433885940117
-2098.9270143642916	1.6677361756914035	0.001	0.001	0.34462989290191215	1.2821314415825305	0.711812287354109	11.0	10.365763592363475	5.086557527287509	5.386330772217424	0.015429027793158868	0.12490625848753613	0.10270027330914061	0.01417114595295732	1391.0081940691773
-1952.124140618225	1.0633063202565425	0.003821416906042067	0.001	0.8109390329328986	0.9409589300964559	0.38605414473291333	11.0	11.0	11.0	4.800728078680167	0.18717572352086048	0.3454645079880652	0.050912159559452004	0.027255970609363696	2268.2692545233585
-2201.969669013363	1.803057894949504	0.001	0.001	0.23904407938422026	0.2961884969686379	0.6348970140603081	11.0	10.697826930100467	9.98149034466506	8.662110225861902	0.060276782272834804	0.11271947566334425	0.11169697647456102	0.0002218412669629021	1472.6870105549092
-2169.2192218704363	2.1829457379240176	0.001	0.001	0.18052741331687294	0.9791660184765051	0.7244882399168603	11.0	10.945817948113602	4.694385825175335	9.998295224877433	0.09461203113186745	0.08446864689717863	0.13438139958734377	0.015225912529749574	1320.0746988512321
-1989.3313500189772	1.191508663068075	0.005151208175403589	0.004514372194127705	3.537491161698209	0.31617622114854743	0.6953234280444122	11.0	8.169952543440857	11.0	0.6164791288750389	0.1417040214686893	0.2986066956075952	0.051980824693604856	0.006777919359454551	1853.5222617387026
-1906.3140083018332	1.8529119330930197	0.003863397996196728	0.0012676261832648029	0.7402383537860655	2.315742291663445	0.5567562677693003	10.14097862164456	8.364612609646176	9.956418651114696	5.189333703826109	0.017792270424526826	0.28171286715559873	0.0656101287405952	0.015247063352490835	1650.88105399581
-2173.585954781123	0.9575686267045386	0.0015662101972640232	0.006008890159798394	0.903689959552238	1.3816544174256178	0.484304451201224	10.478235600732493	8.06217633659343	10.226322554627831	0.6754955556979734	0.15819935955982087	0.1736320969711942	0.06849647044281998	0.002937820842224389	1562.4447304135158
-2072.9632315129647	1.924625075848118	0.001	2.322527395268542	0.33928983702874504	0.001	1.4329963608596292	11.0	3.0706699324432916	11.0	2.7854997999822797	0.06860158036782615	0.1041393145406043	0.11455569921836305	0.01640382838576582	1230.114748443867
-2301.0975852718875	0.8652808102376908	0.004269692593349962	0.4463607035093555	0.13715167059416877	0.3868179407733281	0.33399024153013984	11.0	8.503846530267616	11.0	9.583073741911992	0.11853466755551356	0.31643889342480874	0.0499196951012532	0.0011209302127490478	2198.8702147107747
-1929.278287157539	1.9177360754805164	0.0014253871779815563	0.001	0.5009353189415556	0.06812610788681135	1.0405580903617868	11.0	10.56701547189481	9.771221956821872	6.7366912674372195	0.02513701323460502	0.24057481338580963	0.059460228373989815	0.00019597557009308323	1866.8413597150422
-1906.731995909453	1.8975181732423023	0.0035472027601028185	0.001	0.5977825010640847	0.2731744172094333	0.5464477102649751	11.0	10.998042931517626	11.0	6.098049520487711	0.03581164554004429	0.31297956669362426	0.053415563337443475	0.00024556488280226877	2024.5203166705285
-2041.0718321872728	1.2856240602039286	0.001	0.001	0.6133594265633732	0.05526647697708336	2.1174799042722414	11.000000000000002	10.210467803550037	8.513760756527622	4.801396425794352	0.011074316946829673	0.1815643267474914	0.0686135733031778	0.0019082029855445307	1693.3816764272417
-1986.9370385968373	1.0224463425753967	0.002604083093398726	0.001	0.4416939294250428	0.5826527469677236	0.3944307816046292	11.0	11.0	11.0	6.8003894366114634	0.019188227294550348	0.35162035718770346	0.05226438123889838	0.02212810492685424	2424.0627254583433
-1938.6641996305423	1.2709562695361272	0.003478286958569667	0.001	0.9263326624175953	1.160350615749734	0.45169401412811905	11.0	10.08844933066225	11.0	4.449869143549369	0.21713915355474325	0.3096896848557703	0.05618597563084907	0.015875924450420863	2010.2956922997744
-1979.106898685978	2.3476509394724494	0.001	0.7295418989673847	0.5113736385297417	0.001	1.2298811749445346	11.0	2.1861232427418504	10.914605608462054	3.739510715120148	0.2421287855383245	0.1505571491174915	0.11828814504717894	0.005641027897145603	1268.9094588093335
-1958.5580660832247	2.4695874169007728	0.001	0.001	0.30468480182997026	0.18698908986510263	0.8168140425310676	10.719731641508863	10.287732891764376	7.730008716497251	7.645041484965856	0.0012067095372629557	0.19937682150503447	0.0823114105943412	0.002428600831933392	1633.339363022697
-1925.2616977603911	1.7028164139186972	0.004072544921033906	0.001	0.49314185389508103	1.0717919215039735	0.5664306739148036	11.0	10.942559409408238	10.92832240842688	6.562058221979338	0.2819984025850012	0.30310836310635647	0.05409372560894249	0.0006918467611124646	1910.78031163372
-1961.3698688452787	1.2697877717308634	0.00387932820041095	0.001	0.6821004115062652	0.8368453043670718	0.5091783196319993	11.0	11.0	11.0	6.139291270432771	0.1690908766885429	0.3224309344385997	0.052113546426140384	0.006363262647714405	2107.708352055828
-2156.393873234484	2.246733536195184	0.0010978472141946248	0.001	0.31919434016502013	0.6761270964391003	0.8569104589603513	10.763814828496038	6.687484290634869	6.560632961999324	9.713734263918626	0.1259861175558088	0.12821262150752044	0.14106067484036316	0.010753441836731652	1243.5982529150322
-1862.2459226285514	2.298771294874846	0.0077703813253136396	0.004954278458052043	6.036863032867378	2.0585309812322223	0.6429671454159013	10.996740427600168	8.647443590916671	10.094493697227035	0.0770372173178509	0.023049502844305646	0.2774054525918194	0.05012536421843627	0.010534418945201164	1517.7926933853646
-1896.741834822669	1.877126857149643	0.005186254848551396	0.001	0.6524192068841617	0.8270331493964238	0.8032810550422912	11.0	10.999472884290343	10.911028152102059	6.509935963568981	0.12968676894838913	0.31181805219410613	0.049917155166494004	0.00739755853752479	1885.6636770380226
-1886.0176703439972	1.636974223474716	0.004145657367603699	0.0011014146861427856	0.6022648841893116	1.092626435300417	0.4327997816618687	11.0	11.0	11.0	5.540956951632089	0.23932314083511924	0.33952006148156016	0.05313001139986127	0.019187044472565775	2037.55126380457
-2079.311388743983	1.5586972207905814	0.001	0.001	0.4149607501870999	1.9566343947749598	0.47757068821930015	11.0	11.0	7.092278291100054	4.287946472093018	0.0034359489483308486	0.1439946182965733	0.09047706692656673	0.00026753738420094383	1487.5197707116838
-2080.6837134179427	1.804101041008638	0.001	1.044641170412111	0.4830336717191387	0.001	1.2517352421577377	11.0	1.931552915000932	10.95691957216901	3.1370251414546435	0.05800715819320073	0.13417109035583918	0.13587334307468948	0.0004470501344024011	1294.3503880900075
-2234.690161222066	1.7557168064657567	0.001	0.001	1.0502101827302974	0.002261259467452553	0.5990333646461733	11.0	9.072285087053775	10.995408659145077	6.07952328423561	0.023775877717725137	0.0841320739304031	0.09816816547258686	0.00021955419503497936	1526.1124797275431
-2226.254261890442	1.4901449052998488	0.001	0.001	0.24112456277904898	0.45481830882483026	1.1655799109789318	11.0	9.634507282310203	4.198518522798817	8.29427027880831	0.17719923107149452	0.09957798566130298	0.13018166167372955	0.0029014982732572634	1329.5179265768227
-1971.2042383124553	2.3827020222657875	0.008484523145513859	1.5302520509808204	0.2130151428317674	1.1820784994181404	0.6465113456585582	11.0	6.651339638157503	9.071249308372897	0.0	0.001	0.2989885723660065	0.05773176270717442	0.0026759267120050746	1484.5368614661277
-2204.0653337774606	2.7339868352578276	0.001	0.001	0.31849521290482524	0.011508354824263219	1.5072927459770262	6.290270250155171	7.474473879288519	4.123223854355835	4.166469980853284	0.006607858679381831	0.05651532286288452	0.19528817423764264	0.00693330371787183	1136.0081473334883
-2029.4376598717045	1.1753821386984116	0.0017955172542615098	0.001	0.4601984826125891	0.43854030732428545	0.8330526094539258	11.0	10.957584522541977	10.162310617842591	4.971831606071705	0.09359840496138673	0.229294250847039	0.06061136527412581	0.0018247176993549741	1883.6406081415776
-2202.553597846404	1.6324048469457442	0.005315030192153723	2.1267057873448416	0.12451748514543988	0.5373307428048806	0.4967924999705556	11.0	6.8703856297086645	8.391087318585866	10.979783340893453	0.03639261898011183	0.2575002937122258	0.05986497249818547	0.0021710030642151257	1600.327561933554
-1984.528146777707	2.2538728237352097	0.001	0.001	0.369636991034727	1.5021602658935582	0.6217577887579544	11.0	10.007654693173912	6.331529160058993	6.546155712748395	0.015643197018057078	0.1631005928460887	0.09221950482572523	0.0034008289564969336	1453.947526205168
-2026.3492885350431	1.7834153801161057	0.0010546448534755127	0.001307709487374094	1.1318746303126148	0.09693420530263723	1.150350263218856	10.431149951430227	10.706804966830346	8.988856434614753	0.30517081539627106	0.023359540444535067	0.1761697308484423	0.073637003333285	0.0030019708611483398	1510.0424104339202
-2106.998208708836	1.5144024118091617	0.001	0.001	0.6978981489802454	0.6251671382945974	0.6224480496366446	11.0	10.163335639881286	7.816161153672504	3.5028229256800785	0.17605936712265005	0.1261293497893272	0.08193056061491556	0.01830335268697585	1377.0219143110105
-1992.9632831280696	1.3159314506867057	0.004506405427422601	0.001	0.384800054995245	0.8270778278661028	0.6653827406716821	11.0	11.0	7.886030537845126	6.84804718961832	0.44852552902335074	0.2844243227492683	0.061792268399109763	0.007900552787691155	1914.3593202447666
-2075.121239521355	2.4756772952303896	0.001	0.001	1.62947807171023	0.20086714084164084	0.4135573891851352	10.96804313106496	7.057688734240358	10.553316747313188	4.077643408017704	0.07445441408095715	0.16130579581508428	0.11061845134756158	0.004272006552738616	1370.394182379875
-1986.5772518478823	1.7637015774901574	0.006763609220872089	0.9579743963258655	0.31810376208595614	0.6566994077231216	0.6029775127274615	11.0	4.841134035266281	11.0	0.0	0.02477111773105512	0.2716217530102427	0.05942626689498162	0.007859412875864679	1508.7632708859846
-2014.8383560880848	1.1037006216788028	0.005331440274976645	0.0011275817959213198	3.473159033981794	1.1319957012625574	0.5272375292128124	11.0	10.78964592713601	10.964886517868107	1.8041554986319486	0.04662631739471326	0.31451543318353054	0.04785292771120409	0.004348481446832467	2008.5951657153828
-2120.024100752581	0.8881661720616933	0.001	0.001	1.2211212173606512	0.0782891470330304	1.2725546110663764	11.0	10.225287955983683	10.993705589470263	8.15254851754644	0.06146993650024042	0.2559239928829299	0.052565549692278675	0.0031352652458405466	2148.5827924321843
-2619.93737636945	1.81193123919748	0.001	0.001	0.3401976169934201	1.0744357984622719	0.5605505822259297	2.84762458036325	10.98023324600035	5.943575948502961	7.081763560461394	0.16265771951152444	0.017693830424013665	0.10848887574433595	0.0019643040203064345	1057.3657703972112
-2322.9158792103144	1.4564253356574035	0.001	0.001	0.4165317435789957	1.0637378949468992	0.6816756547114565	11.0	9.908560445063486	11.0	5.785891671605469	0.03052136818124566	0.0751724535701015	0.11509291646468031	0.0063452988556417815	1260.1290254075143
-1973.7302366112635	1.5763641523137986	0.0018947743663792432	0.001	0.5644330137564374	1.2192965961229723	0.48442625420257135	11.0	10.998383739096441	9.29439628315838	4.078125139858648	0.07477544264784107	0.22002677742183485	0.06746968901582175	0.0007660226866504775	1721.3579257073288
-1982.7928650231534	1.4282054305010836	0.001	0.001	0.7645439964688181	0.33192200556079954	0.5473148227147184	11.0	9.599746639340658	10.716412685362503	8.174687799366929	0.08328948269340514	0.2495667525887246	0.05808891059410049	0.010836296111258156	1917.327690212185
-1998.4767437552898	1.1698638491766926	0.00661632841554845	0.031206350751738728	0.5151865595052467	0.34285613641352214	0.7571910001759143	11.0	6.658695229325292	10.997702361100437	0.1572682539818657	0.05372002031683888	0.3423226723587887	0.05437541665431671	0.011344655310082417	1921.2394954043878
-2025.5942265863655	1.0889586658177484	0.004808106969686283	0.007013503625529474	0.5420948680979694	0.8075622576531386	0.6836015697867259	11.0	9.067736923839098	9.383526361114543	2.1924745980037117	0.12511249935419572	0.28369503747785896	0.056692430398099944	0.005061367078477482	1891.6679221730046
-2030.8288827858112	1.3775372939390944	0.00653085092986002	0.2482541227576548	0.3017839064044835	1.4449691231911685	0.42916858928305424	11.0	6.682746162557489	10.991777505207617	0.03854330389439777	0.029003470374103932	0.29307086008825645	0.05297201165184832	0.0026044976873373813	1717.5001581778138
-1987.7178860887823	1.3540254989255152	0.005541668352187011	0.0019515585657269652	0.6626720084978247	0.806681342374521	1.1835218318649365	10.522295309483983	9.366779466238883	10.06980662516301	4.696805235331614	0.05179451581869227	0.300455023495778	0.0564313050533488	0.00354625348496508	1807.0287582493256
-2164.500630257316	1.0209754574559409	0.006538786926943682	0.8462037852138098	0.13380589832433304	0.07322725383256	0.6298014705822801	10.984113293680627	9.874808970570433	11.0	3.494684852402899	0.183590534033537	0.3912213853226818	0.04167831602311699	0.006155120094071167	2302.1413412180104
-1929.50624712947	2.7054903711066105	0.003264497472505009	0.001	0.5463260944209614	0.7606103477558311	1.1456329827741516	11.0	6.324818351685565	4.815392668857738	4.2887612299624776	0.013889660783989101	0.16553815256472484	0.12298802525400332	0.03708267713118676	1209.2263970452516
-1991.5708582156858	2.950640521499687	0.0010133016196591628	0.001361364254928387	0.5309247286771925	0.001	0.8025255424180471	10.249819548630416	4.744174493744948	9.26636456808868	3.077423673047189	0.026135770374669423	0.14054783882667846	0.1780482246067648	0.005462730029679096	1502.53582548982
-1837.4139546611327	2.981037181710743	0.0046671289675041605	0.005774941280777537	0.8107070372008278	0.09959991540166035	0.7667163610875061	11.0	8.197159469438526	10.786464224088693	2.606378569876908	0.0052168414823761345	0.29206083793306753	0.06110352429790057	0.00299537925054227	1702.303980172866
-2230.2475049078803	1.7178926802903953	0.005959170634291695	0.8393747779529855	0.24511112232174226	0.8226133135744128	0.4067661279607622	11.0	5.147567152339622	8.480028975509281	10.996510984657519	0.054779724387949355	0.2427227140799753	0.05970998859746387	0.002860739372076673	1495.9935209876373
-2242.279012297505	0.7681218147488983	0.001	0.001797154534739215	0.5946269451211676	1.0285659096104287	0.421995937945161	11.0	8.820705752512849	10.37142223899224	2.7354793391650127	0.10385978209431734	0.15986321707809822	0.07347480316257289	0.003503443741930362	1738.9460560114956
-2077.844488261303	0.8364331714665518	0.0026087441807269847	0.0015439805244993753	0.5197678055745385	0.5282228055766536	0.664653143654119	11.0	11.0	10.715118207191553	3.427191586983521	0.14355226551737846	0.2625342837407463	0.05633078303927755	0.009910462980462031	2134.226497759111
-1987.3803274156949	1.1978033484036166	0.001	0.001	0.39260958825698367	0.009536695946328251	1.7461469893828692	11.0	10.892842017390487	9.927780345462812	5.86675687662151	0.13725012795567543	0.29890537412937895	0.06734714014610356	0.0008727332895861005	2305.884365535775
-1978.1144690152476	2.108352624121308	0.0017119813414322488	0.001	1.0486978480608218	1.3304150663018077	0.8314548299603861	10.998962101785073	5.067514714938441	5.044706422524326	3.03181626862698	0.002639409638829284	0.15936113614623537	0.13727589311851465	0.026984977253092093	1163.1058074970108
-2025.6117589205846	1.3250986165931717	0.001	0.001	0.8184446122332947	0.9382048738206062	0.5944915686222962	10.999607687529222	8.536458970208818	9.93739353259828	4.305898514276389	0.06412907284106963	0.20169133013107468	0.08021387794568952	0.0055320494965678604	1622.7682200055438
-1904.0108373770072	1.8031691008310635	0.006630196957482394	0.004960330002946275	3.1831734083988383	2.0147941464130366	0.5605859430316195	11.0	7.714897347755252	10.997922005796092	1.6669933132360768	0.27666681634749946	0.3024485621089522	0.05268518260615984	0.002579045865319178	1611.5994861942606
-2124.2421534229775	1.220990197429496	0.005752936504337518	0.4137190284515227	0.3968251656380316	0.5701732893582668	0.8553759031610255	10.809278709175784	4.6676654209439015	9.678223943002395	0.007149390637889149	0.04122414070045206	0.23543103178351885	0.07335864492962638	0.0005419852501930635	1444.389076342063
-1852.8360850447448	2.6459537738445813	0.007350871882028504	0.005493829925878402	0.46258157060687033	0.5543940421730538	0.6564586222432868	11.0	10.972354624257212	10.988620806039584	4.168707925651012	1.0412882406111847	0.38278005637716317	0.045557996860755644	0.0005558579859168581	1742.1724090121916
-2212.834709507577	1.6036013619584129	0.001	1.581079249288762	0.1526204919420931	0.0017756493885079223	1.1148967183599297	11.0	8.310832650660407	11.0	8.336790300281216	0.031086544763310377	0.1549041439090499	0.0724919184179371	5.066466228906942e-05	1572.9186421662619
-2321.192075418824	1.0872999691698952	0.004148409429049871	2.0410769312183765	0.3193453851717031	0.6633342087396398	0.6233706684725703	10.997267983381692	2.847176460357939	10.952748687201453	4.168679293262701	0.025723581351887275	0.16751329094271483	0.09145500579272745	0.0069345492468089074	1279.8254315355316
-2006.6750269782287	1.1478253267318623	0.0016135545734538676	0.001	0.4627042948256436	0.34327701346968803	0.6228606096188027	10.967645992722504	10.966871435318694	10.22653203320613	5.0506957375918375	0.192869570535352	0.26667221225570714	0.05943313740089274	0.005110782947323552	2060.5776906568485
-1865.6848565031619	1.6995203234684273	0.005799824287061099	0.001727610827392464	0.5057941523655752	0.35418769730452326	0.5591529523834465	11.0	10.97825975330195	10.94527384747393	5.244420927521456	0.07037065097927009	0.4114813629309861	0.05162232859730136	0.030466251563990278	2191.0382419314324
-2224.1391184953823	1.4294992327375193	0.001	0.12609239703222963	1.118156872322208	0.001	1.9755253336909313	11.0	2.314114119212885	10.050378491509457	3.8128988024157033	0.006380081418735171	0.07883014103172788	0.13873292144930618	0.002866370338501412	1178.1773426043342
-2306.220959865674	1.5122701324026677	0.0030146470903737407	1.1848941833325801	0.25933059461978875	0.4677367169237914	0.4983881706264252	11.000000000000002	4.566046398996332	10.600054403103254	0.010588555348960796	0.14654618796758911	0.12142252565120776	0.09110835701781468	0.01054564194160797	1159.8308521115905
-2453.724983890385	1.2679447517537312	0.0026743017171295598	0.2209094567219406	0.23276539819726488	0.28069016573775796	1.0546543884309012	11.0	10.584276273784674	7.302815752854347	0.48220299792575	0.028732029255027706	0.10579061271056542	0.07574363201483154	0.0007059875927169707	1254.3159517830072
-2083.13593878516	2.0280071806214526	0.004832142307307208	0.6810366042455218	0.1723071529670565	0.5140524304130889	0.38522193955792833	10.681207118722437	7.1767664088753795	10.30856583600274	8.009570165948972	0.05531395395034289	0.2714747641728643	0.05775851070024389	0.01295983919492014	1602.4665601993322
-1997.407704134435	1.634548755800757	0.001	0.001	0.5533024331610419	0.7221570803457543	0.5931728794237073	11.0	9.31391510306872	8.439028633814491	3.9274385862902883	0.06028606465362082	0.19051469140044427	0.07707064024800617	0.0038342680528647855	1590.4508299732026
-1758.6756711230369	2.569339436200761	0.009593202595358693	0.01243203271658885	0.7637346226263627	1.5781253300138876	0.608211017898788	11.000000000000002	9.198325895070305	10.594763604740795	0.008850648435891909	0.15795257509591099	0.39486788889509056	0.051093104464507086	0.057692766898772396	1719.4616914994144
-2210.369731212806	1.4712046834134203	0.001	0.001	0.18768150181685345	0.1418232794158979	1.0169864712282581	10.896988025398723	10.940038032590001	5.840042827710637	8.78461779866176	0.03422559669367146	0.10757331927039546	0.12306945076144807	0.005066430583195155	1507.9820807984786
-1974.9347660870765	1.460520105913884	0.0018805033906707765	0.001263287200973033	1.1155693507059417	0.7221989852924421	0.5144253748332837	11.000000000000002	8.690073925452054	10.929760335763604	3.606493441469442	0.03389013200477644	0.2302995929982749	0.06243159803599645	0.00047262056862915926	1727.964143610986
-1944.7748599834426	2.2643780656359405	0.008157544672259435	2.996939400917003	0.17733093696344146	0.076427930652402	0.6475919316713395	11.0	6.138614275603306	11.0	0.0	0.001	0.3082076144024691	0.05425686837438039	0.0042381149918879835	1644.7461663744234
-1940.432949787993	1.5467370173774482	0.004201743202557851	0.001	0.5575683311561427	0.6512427202321054	0.6380495644015203	11.0	11.0	10.948675587997087	6.790134843497311	0.17770697647297296	0.3159537504994301	0.053224916021554346	0.0010868078415438365	2001.5874378594642
-2288.0762269667007	0.9357906266372615	0.001	0.001	0.4115237385269733	0.876265572814334	0.5036441541868407	11.0	10.001865426258943	10.988415471953271	5.822974655889222	0.3631203442625889	0.10976410151070416	0.07971024614512902	0.014523142515515395	1535.9791147131061
-3142.670966452435	2.1644982733695843	0.9667455024219567	0.001	0.13110031145821516	0.34008850807182595	0.8338569458356514	1.651125988355202	11.0	4.164974222944451	11.0	0.0703699769471422	0.029976037598143903	0.14371797041923468	0.005411412445801744	993.5686015337553
-1810.6778452610547	2.736450205297163	0.008212395488223605	0.004015563683946349	0.5559533680393561	1.3727082545883418	0.543720315425768	10.97951244547358	10.995505080986618	10.998451423413186	4.081355366844105	0.033095106949741986	0.3695437792781885	0.046641522610467584	0.01955808210333213	1853.3244536207621
-1994.8885991411375	2.1365254252627714	0.004895394375904793	0.001	1.895360427019851	0.6314427499413624	0.5266734783710776	11.0	7.845444506751508	10.842506782981312	10.972763754742122	0.026759093713462658	0.3054453640419401	0.052074627858565495	0.0038662991579570772	1796.9335073156326
-1956.4757298590114	2.2049362255252736	0.001	0.0012627112414488474	0.7245399171621852	0.001	1.1232928452913553	10.993368147777097	5.00724094157061	10.745004201528264	3.8976450176153143	0.25506038315354496	0.13598402230316897	0.14281445934435452	0.010339504402673705	1497.1953753365908
-1958.8291380487353	1.7246514078111739	0.0026943943471424057	0.001	0.34145798150329376	0.7613403693519442	0.718753366845001	11.0	11.0	8.071283605237385	6.712464668015888	0.0596999599054856	0.23329178902937908	0.0692887745642189	0.009059655143805781	1749.3977757556222
-2105.6576987672624	1.0363417547783154	0.0017782370368386476	0.001	1.1579259941710047	0.3066132921642607	1.4979846566678188	11.0	9.526728259937759	8.922288962693191	2.8123434564687906	0.035663240056121856	0.1964899974983044	0.07460977680991077	0.0006831878609536344	1646.9561407656893
-1917.9291654560943	1.4773845757858404	0.006007613455853181	0.004141806281660878	2.6414578821039405	0.19187344187964447	1.2078841018053281	11.0	10.456401911072545	11.0	0.0036560168382479105	0.2594602175672865	0.30854474409736776	0.04755989642823003	0.01017070098054985	1813.0892792790612
-2053.550415408821	0.9854378533360776	0.001802043046388795	0.0011152936138703509	9.009541687000363	0.12439728790465296	1.1149680170392358	11.0	7.700591311579432	10.013321768851268	0.7148808348689133	0.38617666025663283	0.22233331838921336	0.06637723876476609	0.047345075928376425	1718.7501096147994
-2044.1787705181555	2.0767263718480073	0.001	0.001	0.31734625870714245	1.0427694510255106	0.697735102917663	11.0	8.198334648032322	10.800817793158572	8.805447390075798	0.25232835799316067	0.16341548107203085	0.09617814687109738	0.02433905979882996	1399.1630643316607
-2139.0952641574295	2.7582199393029416	0.004520048108258359	2.272178454128769	0.11156617151446496	0.5279518187300586	0.5745913305605385	11.0	6.050692705389907	10.99087038023401	9.152490918890951	0.007034005113988558	0.1890497964132421	0.058824514996870275	0.0047714072348317765	1351.4116292426882
