# /groups/rgutenk/lnt/software/anaconda3/envs/donni/bin/dadi-cli InferDM --fs input_fs/fs_006 --model out_of_africa --model-file /xdisk/rgutenk/lnt/software/donni/donni/custom_models.py --grids 40 50 60 --lbounds 1e-3 1e-3 1e-3 1e-3 1e-3 1e-3 0 0 0 0 1e-3 1e-3 1e-3 1e-5 --ubounds 1.1e2 1.1e2 1.1e2 1.1e2 1.1e2 1.1e2 11 11 11 11 2.1 2.1 2.1 1 --output-prefix inference/fs_006 --optimizations 100000 --cpus 50 --check-convergence --delta-ll .0005
# Log(likelihood)	nuAf	nuB	nuEu0	nuEu	nuAs0	nuAs	mAfB	mAfEu	mAfAs	mEuAs	TAf	TB	TEuAs	misid	theta
-3998.436248537033	0.3779094136889242	0.001	0.5210810127908684	0.36625019294107913	0.4201400893260285	0.26904503122086626	0.09016672028778343	11.0	10.473865509229919	7.540968588270981	0.27429807434756764	0.0010207998150081644	0.07715897343685012	0.010114586966167934	1897.2690264352645
-4168.1040310214585	0.34072856850549665	0.001	0.6723112552382731	0.7255443732209643	0.3623293009564819	0.3132629232916748	1.7142282411325638	9.540795509117471	10.99827835937524	10.570723108562285	0.1556955766880403	0.0014147143295314617	0.16096824676545843	0.003636348630324863	1546.0745283847043
-3976.578231304768	0.3496696763729633	0.6732104566195717	0.11921955614582379	1.5242186703750806	0.0725113985985606	1.4327524039409982	9.384686891494079	10.976632661685294	10.871378122535456	3.029359072814831	0.34520115949035807	0.07028687738453326	0.04279388052268164	0.032305196804075134	1709.7095408950656
-3616.5561028409616	0.49532314884424744	4.565910301325182	0.13507255893728687	1.1669761206475369	0.052482528122120356	2.306914034627693	11.0	10.964709957547376	8.486156570780263	4.285941039777928	0.6398037809791511	0.10973012171559923	0.049735598394539546	0.15541197458385428	1361.1553975587165
-3619.4473333589735	0.7880996265776388	1.4360669867677152	0.3249018984318308	1.5559095984212061	0.19468902007229621	1.1781561175208295	5.810001308776164	6.473569510838446	5.512024107290781	2.3812558036628912	0.008858926502990397	0.12019368765277987	0.1331314280705532	0.1762790411009549	882.4976353215098
-3643.6755836450498	0.5105160120840663	6.458082606189469	1.7567688573413613	0.36641068167930174	0.08413156268749462	0.7712002392232532	3.959271499630452	10.955450269089127	7.801035565542312	5.918114056906332	0.45232651058986384	0.12849922450937923	0.08189202909270987	0.1400029898247065	1174.4441663247103
-3623.818740446396	0.7153869724917634	1.099364374150157	1.6802890427888277	0.6838620303556773	0.14484876166175217	2.015239557786176	10.39498152266775	8.025633302897692	5.455675205014115	2.064679269094306	0.18155836170890205	0.23472925636967917	0.08883528885455594	0.17740787611223194	903.993861337169
-3619.3905815458	0.785116973972376	1.57589993204294	0.46858896126137234	1.2254753820222442	0.1814486094974552	1.2987067493728544	9.58324941836988	6.658997090363253	5.334654550452328	2.4063465116882368	0.0014137747775791272	0.12419898537853725	0.12743581005468282	0.1768810740035681	874.845586013354
-4043.277003187636	0.36707772229465196	0.9028388482436145	0.12212754968824395	0.7152300383445848	0.003927458297254588	0.8690165663631195	7.9680637993223655	9.949710627932054	11.0	7.973818368785963	0.3281795006427176	0.005410600365366404	0.09510164424537905	0.018465928381710406	1901.4783418700863
-3618.8914283231256	0.6580606164289629	1.4998700500543762	0.24404724810366582	1.146420711701558	0.16176799989953197	0.9027588791963864	3.7274034726375436	7.867348587283222	6.496938317764573	2.8577792704224256	0.48100490859891004	0.12361638965557278	0.15016717884387584	0.16906568611374564	1035.2849159281577
-3669.566229947709	0.5142722096284748	0.15697477608746108	2.9626142334845817	0.40422391647612665	0.11801847686451455	0.5264282439392334	3.387236160536489	10.94074649638159	9.478852059265298	4.5830014126618455	0.3426219385822402	0.28265589251358486	0.12207270463706277	0.11043036821976196	1383.1328182329141
-3973.9657029018736	0.38593848729224445	0.010789775842041072	0.31890504572945905	0.4374816711305193	0.25196524026243267	0.3454060904955419	8.005524157607601	11.0	10.609030890292898	5.943578293263703	0.1851627280666001	0.015608441485710743	0.09710445824605289	0.008803360727948293	1735.196850946084
-4080.4779800716287	0.40277221573937655	0.49773831822396913	0.2315080220890434	0.535932608812211	0.0018409685764369753	0.7470739149641626	6.037621511439989	10.403832745497304	10.991079181744137	10.315838692653331	0.3636681947804835	0.007469920778971646	0.09703758282586694	0.010043555962184649	1884.8928487591174
-3817.0079053524946	0.4307844698529906	0.04895898894109246	0.16455051798142842	0.611168693036415	0.041415223754187734	0.5467880991380666	8.471984465307239	11.0	11.0	5.922693320700886	0.03137886924537075	0.21898567292947546	0.09484878058194372	0.031959227556293164	1825.2222519381887
-3865.7391957624986	0.4414577723487799	0.021562000771620432	0.017069683558326842	0.6573889762393017	0.008823278323044964	0.4861011306173681	10.782260712908016	11.0	11.0	8.848860124819419	0.07663400179304188	0.08028946592466996	0.11885579791175499	0.011233306540634534	2064.814657362789
-3820.862284192487	0.4518955949339467	0.04536380188959992	0.35834438657932244	0.44354072652521087	0.04223867510546183	0.42818980816507574	10.220749980277215	11.0	11.0	8.159239081747108	0.05712380272225074	0.1903330564273735	0.09030237196511819	0.0315633588827755	1850.4084230129436
-3791.624457835969	0.5019023874339833	0.04883461809962063	0.028612634964880562	1.7107396496058709	0.0306015109342966	0.7656620579294542	9.58808331146956	10.999468319925723	10.988246785137768	4.458808384672551	0.05493979182230515	0.14970122810764444	0.10271507323423765	0.04343308620438721	1681.0061223374935
-3855.3828601542104	0.42293724648530734	0.035996183896254745	0.4216471600896293	0.3733626429884455	0.06664131883985223	0.3974044768673705	10.919977139746422	11.0	10.684183202649558	8.479606231009903	0.001	0.16552692073142	0.08340605574036626	0.022425451590908196	1856.2010668247074
-3738.4005000452216	0.4418921386824789	0.019751995090067878	0.030818265884126315	0.7350747663447598	0.02010223899704037	0.5260567547804765	10.664681790745044	11.0	10.994586471284107	6.005559631216683	0.08564625517352156	0.05195648463485079	0.12978106619238575	0.05210226920488275	1820.3589771057639
-3995.353525931353	0.3752736628804785	0.02109922605675236	0.23618677012585734	0.6014824963158599	0.188821958947946	0.37315024894633264	8.26384081822303	10.812826108290396	10.998440231160027	4.79674239713953	0.05388763478582446	0.05083461710438975	0.09765474542734924	0.004067855331616959	1625.9000791915005
-3938.159935063034	0.3638695849232747	0.017878314536278108	0.39914970287402485	0.4199270586717059	0.08976305954886271	0.3226481599648986	10.885385983229655	11.0	11.0	8.581000203567665	0.07527695800805362	0.04963467814404291	0.10306659087665297	0.00912647026790747	1762.7141228321627
-3808.595821927865	0.5357683505983041	0.03295654287083313	0.0517177063432351	0.8403619324728687	0.06462259987566907	0.44556276903878794	10.898919242622261	10.840312426997752	10.06588711401953	5.927307709073718	0.2308436302238388	0.07832670718895532	0.11467967739616769	0.03583530229449415	1703.2772046431858
-3856.6027486210896	0.4610911464354128	0.03238809741500715	0.47636716886903385	0.3846800594174875	0.023528662498019638	0.5010294186521419	11.0	11.0	11.0	7.3699283724339635	0.19772691944725815	0.08711513216272183	0.10353658601836854	0.023495189675707205	1816.2548333088168
-3930.484123915882	0.37320285861524594	0.021851734086107143	1.2965564096496474	0.3856324202994074	0.1384920318430928	0.4278922764286009	8.450979036296532	10.890113354628587	10.329610248351468	5.734246982319769	0.014552556678264895	0.05291986294489289	0.11673906494318284	0.01594682602004818	1510.81427081203
-3852.7510681013773	0.3951225691763635	0.02940946364807099	0.9167017659833745	0.37265370562003713	0.014873175934580924	0.5292581927756363	11.0	11.0	10.715089567078353	8.113767914491099	0.0038938627918774587	0.10916108345373235	0.11274468874783909	0.02119671865252853	1758.8496765541688
-3876.4253407787573	0.43362079470053827	0.0220304794635209	0.03826163322031128	0.47521801259806257	0.005241493264535588	0.5155898040182275	10.777062106828948	10.535456262624173	10.999945732535279	9.678558830586878	0.002408540495504707	0.0915188362713282	0.12085742650650308	0.010644216145167204	2025.546302314805
-3866.1924220365318	0.4874772792890655	0.01771234140888966	0.018541843345536504	0.5954078354824025	0.009673457640841347	0.493388105534263	9.332348522530333	11.0	9.999565730502956	7.97236641007588	0.1259498369570207	0.05139008743239776	0.13632553486887325	0.01360207070184386	1955.714808715535
-3724.1264166348797	0.43430127141365793	1.9802607232746658	0.561397514197152	0.5222073553102167	0.011693301618476593	0.6231373977188046	0.46950715861506775	10.825722694840385	10.914057901335106	6.055067048067316	0.4496367107592793	0.0027131719012809846	0.14362520397311748	0.08171002494246596	1627.2549004447912
-3884.3543671654465	0.562852569465237	0.04094172078073363	0.9983257928311173	0.3303538355757283	0.027240902555459162	0.4482810716705295	9.918834111621816	10.998161338955937	11.000000000000002	7.833711772788253	0.13403805942760638	0.14457864744329355	0.09996028742730104	0.019227043498610284	1713.6538857177604
-3921.7554880674843	0.4161627126579529	0.02812002881577896	0.5289187831247658	0.3876254186266415	0.4810876973686915	0.2692022208399595	9.71950683919312	10.995776587759117	11.0	8.701220277313897	0.018472679421839607	0.085551971292482	0.08927280206087583	0.015987170946870004	1612.731672612823
-3920.0839342460463	0.3995505454762083	0.010168623450432344	0.005650170792864346	0.6191235392610368	0.1831859252416433	0.24592683874887303	10.107099182044122	11.0	11.0	10.643286564709653	0.045098419950646125	0.044422686470905214	0.12829272309494494	0.0056322618093585936	1969.1217503367566
-3943.143327161382	0.46657408652813415	0.030608881704919773	0.29334864040764314	0.5020611563924265	0.023344870004884114	0.5133396348999945	10.967249185749788	11.0	10.873936468676076	7.465056928349848	0.0465588801367404	0.12991781117121917	0.09056150759558436	0.002691793709193564	1822.3813990501037
-3870.7140142394574	0.3744815494880426	0.006129012558871588	0.3568756131176484	0.5355974563551064	0.005551610281217346	0.6279973822802704	7.264096309330026	10.879307072332487	11.0	6.903239836393677	0.039162724100386355	0.011260237844117891	0.1355527886590392	0.019419072371084724	1666.1401808607684
-3802.2881308701076	0.4349549680272321	0.035782699151263295	0.41256538329292686	0.39516582846254583	0.012089082317803554	0.4746849370580106	3.8815851880840357	11.0	11.0	8.362958817393766	0.22101626201670677	0.06004475976317023	0.12851016873789106	0.03967902240138177	1793.2040911402507
-3638.747815622023	0.48821978222583445	0.14604820181814976	0.17000009977550634	0.7843364742214205	0.28132116684781133	0.5413616444264574	4.181117311507843	10.593728789231335	8.46414528882031	3.297013709276384	0.022497517194264197	0.4164545394386506	0.21289562665245423	0.13197627128596728	1251.0653434346766
-3748.2112834226714	0.3983722373361303	0.036069973214547774	0.5849026802962042	0.36490782147538364	0.012816935803265666	0.5011386221658776	6.2839831713114735	11.0	11.0	7.28194636006037	0.07272178062146764	0.08771419360907946	0.14562519739438465	0.056889731189961	1720.926362984
-3892.1637571797232	0.48883424681695453	0.015299118612648746	0.0090067797538318	0.6990914790182761	0.013010859304008329	0.3031116683894495	10.099631794038507	11.0	11.0	10.642637631055926	0.12409487122466707	0.053310368897087505	0.13446293421106295	0.009059542702831366	2103.3140289016815
-3941.3484050608413	0.44018552121364823	0.023704323532682075	0.3331523796959324	0.4095648034300486	0.0027541810462667635	0.7698678186309365	5.3655764169669515	10.96522607441677	10.998523425042071	6.306115353326558	0.057042282197558906	0.07002272862088385	0.14373558475846038	0.006197526771148391	1747.449591969891
-4008.6706948831406	0.3698349889348104	1.764872427373476	1.1910195907557217	0.27048014452114433	0.0012075096094132788	0.817494311264593	2.3344004424416878	11.0	11.0	10.491592531170344	0.3534382874046608	0.02678572197236318	0.10762118467198965	0.016233724426993605	1894.5658629284205
-4017.132173421069	0.3751679055464298	2.1944876273735714	0.614320774829167	0.48785411084237207	0.010270996149868017	0.7848464637285002	7.921449085564739	10.949108126839054	11.0	7.171750629867257	0.3903726811293633	0.04527444410682647	0.08965010471145708	0.025180835022512737	1715.4072126293993
-3634.804891444979	0.6577272364398389	2.920591717506991	0.13799641510288127	3.933920405601348	0.14255903357367058	1.555559121515691	5.66537943853292	7.50094847300669	6.621258161151651	2.320897380798573	0.06996737373576135	0.1892117141679851	0.06101868203788523	0.1422945877961912	906.1252319463193
-3921.247145689729	0.39267063119137324	0.016465373682809977	0.5399525467541149	0.3499397787921466	0.002273072269617858	0.5774687201517685	8.552300520520102	11.0	11.0	8.089929351860114	0.006405555779615524	0.05604432214857595	0.14609026605978281	0.0047201230602517	1818.204136383487
-3895.419088687406	0.3395903190861587	1.729194787242788	0.3549276061107157	0.5720729877108931	0.07452109146788265	0.7993053275486444	10.01127898648417	11.0	10.65915817531599	4.641141275312042	0.27180707310145347	0.10564969860469252	0.0555182818544282	0.0450389369461633	1505.729115078937
-3618.622719045112	0.7915420988931776	2.6315703348836608	0.18594123705843413	3.186397273029978	0.10870014128297373	3.127749473388415	10.92641478889198	6.565262627421715	5.3534419158993165	2.121479521044828	0.004546574608612692	0.0910960062712536	0.06580996836002792	0.1679929248029386	928.8070923088978
-3879.6459447130865	0.4471045066463773	0.001973548487556855	0.013072443068017348	0.532736232649239	0.0030627241884777635	0.4921121549726693	4.325645970062963	10.99439191703619	10.959293857963686	9.25036516436442	0.029112956029179148	0.013356234933656421	0.1453498781637611	0.004521883004260398	2041.2594540020475
-3790.4983953117976	0.44787868702010086	0.030762428039850284	0.013096912581055019	0.710569229610529	0.010001172812582632	0.43731237592727107	5.113506917928402	11.0	10.969852506815208	8.533005462371673	0.0015343042965827419	0.1363678733531243	0.1345389248842574	0.03127963226505232	1983.8848781088998
-3900.894019900592	0.4338793393731827	0.011556505418830566	0.10650425599370877	0.38692541523631124	0.0036342993153170317	0.4171072273499628	5.426340834268145	11.0	10.31546153934598	10.47651231741225	0.07667167714951266	0.04064461584561229	0.1475765451393799	0.008636305459638624	1964.0835438399545
-3821.9453184258314	0.45905842285410514	0.05146082492065464	0.8356255101226159	0.3663484711795555	0.018677797545121392	0.46766632006831843	8.13003390855353	10.97089393532665	10.96518432249325	7.9783910322889655	0.07077951589871583	0.1792697439639005	0.1072261789419692	0.032844309573169916	1756.8757330301523
-3810.2385281535207	0.41687926511026263	0.004442008026920468	0.016749427005873424	0.49130281213038907	0.005328274337446326	0.39510758411585695	9.089725835015782	11.0	11.0	10.708374394653685	0.04525743054109547	0.016479806418866066	0.1470090646816839	0.026218835499854397	2087.2934768057407
-3801.1680581665205	0.4063886563152648	0.012590542298727258	0.010740063946588236	0.9374619026580345	0.009463212815598433	0.5712791078115834	10.99168717156654	11.0	11.0	6.896800727881175	0.029152169708613458	0.037571846744493285	0.1264159816555178	0.025826309537370327	1917.6933514123643
-3680.6578919575936	0.3998300745616121	3.963283944152969	2.4901586944605314	0.3389555503876854	0.009915052966497513	0.3667360110841899	1.7525032180216935	11.0	11.0	10.870455780729905	0.4220207037738826	0.0348072149109278	0.17927253088700523	0.11485127031946048	1692.9183832340527
-3887.261350132476	0.47189234260597823	0.02123536964467235	0.022337949801690682	0.6199285800231362	0.010393366331049399	0.45034542880327305	9.425907102382721	10.993730451558498	10.999681272173516	7.950912059737652	0.07004364178218235	0.08729288887462297	0.12121709508952612	0.006752599677567937	2006.2556390487277
-3923.3823022134534	0.39819066294970545	0.025078943591334387	0.6402350016065641	0.3740880316980266	0.017117691240171647	0.5219911936658022	10.880486627210589	11.0	11.0	7.398415194921225	0.001	0.10271025102213108	0.1025109398621365	0.005007017666347285	1788.4565186062064
-3681.650958170131	0.45408303558272667	3.9308433981542854	0.022288534392769205	0.8951344009409363	3.912618833066081	0.28102516631435515	8.950418790269836	10.765461893645515	10.82258385768375	5.486988519609871	0.4228364025489962	0.011374512897836205	0.18635361609339332	0.11085024476986051	1409.563014098369
-3910.9695598035178	0.4502108267614407	0.03508780573354592	0.05167632246632114	0.742243500584566	0.35413964518941177	0.28407434284701977	10.998035744030556	11.0	11.0	7.056006177196835	0.03635615389674003	0.15147486505287058	0.08617593867123015	0.010827933148775382	1825.8338360505734
-3906.5578754298244	0.4097514505374721	0.010128375980894578	0.39545677411911345	0.5001028914466518	0.0035859004882894552	0.6221226609755292	2.746172614383337	10.861557033034892	10.871672024251207	5.781801397208854	0.03828445239532953	0.022593130428156118	0.17378215528762933	0.012765113586421361	1659.4656379126266
-3882.1927185601126	0.4226066236187006	0.03160036041825759	1.4146411800791896	0.30613267199534744	0.01255421124389664	0.4986547070819416	10.69297613902515	11.0	11.0	9.15269847557459	0.11366352791995193	0.09779337644858195	0.10398629155098169	0.01671045426723576	1842.301448452333
-4066.445277193055	0.40270907911837384	1.0506737475171668	2.8637407074977355	0.3110051624615693	0.0022318432261412354	0.9368448792610756	1.1098988424241343	10.562544699406958	11.0	8.570534116439239	0.3505046116237071	0.0011527149925383193	0.1027391294755889	0.01155685420400688	1745.6529353849664
-3621.341887568978	0.7001019466028605	0.9683039377018343	0.31109152819423314	1.0700564183947254	0.14998478719004155	0.9336309354612203	0.5028256039170159	7.528008752906225	6.087960772026588	2.6195234772878835	0.3176046447509678	0.10545890759398659	0.20719570149037836	0.16913454725439644	971.1114046884882
-3842.976569070279	0.43814609789915554	0.03728459958933207	0.3343242492323513	0.3842860366633473	0.009230752629789408	0.443151996020344	7.484951917007431	11.0	11.0	9.424401026630324	0.11988518498505095	0.12274421759244822	0.12616580898981722	0.02580486056005139	1882.4012218180133
-3848.391195378069	0.3934626485129912	1.1048310748750074	0.001	1.5910985125883281	1.6919718811897797	0.24030117747789553	9.092174554712424	11.0	10.994621003899908	7.92161302374374	0.1494334545968218	0.06320705774017257	0.19439838009053798	0.043201300174912034	1516.2775220792769
-3819.1892722645302	0.4640195762592866	0.02335869594187831	0.016277133956586188	0.8950211757311649	0.011870110172627974	0.5686884409669944	10.595724928455578	11.0	11.0	6.566521591906181	0.1564219383287793	0.05683019717934353	0.12467896122651338	0.02589681419717714	1925.8301213465595
-3641.9006326715144	0.4578999570852368	2.6219459890446664	0.13494813556864277	1.4007075840753616	0.06498689529188838	1.7365293581846695	8.858365232078016	10.785257548919018	8.83659160597353	3.795149039054328	0.46650934040996306	0.12535657343836842	0.04958875287544861	0.12189932995525772	1341.43011145324
-3911.7769065999523	0.45132443035075964	0.02728261967217156	0.5786786277356812	0.41794611156943834	0.022313732240698356	0.5068672386308938	10.143044308183459	11.0	11.0	6.741558853651185	0.20624158248345975	0.06952875226435581	0.10589902817535408	0.013183880721495483	1791.4675746008543
-3963.0087877144815	0.4533675064246868	0.02141576895744864	0.16435622293384214	0.5912331021588038	0.010244152216234696	0.4979596331530801	8.104321499062959	9.845418122831965	10.27270384873754	6.489374396212194	0.05874601178612521	0.0730531816968391	0.13965719882337402	0.0025855091589607705	1741.106031129541
-3800.4064964472363	0.43169574975624986	0.8376370324837132	0.0019261829105707824	1.1647155603024548	1.0937009980332841	0.2785435148446071	10.98509022855419	10.893144825751095	10.965124571935975	6.734827612193572	0.27936452495063835	0.12386668287709737	0.18853715748010208	0.055987372895755706	1521.2747580581672
-3855.829727030151	0.4523584115500716	0.005725481495221646	0.006570209420547491	0.8582391639914849	0.006700566299186538	0.4567589143749322	10.246454205097928	11.0	11.0	8.242689770145788	0.004973735132077948	0.017797632939463123	0.13191120003123982	0.008467884530548659	1933.3764755469936
-3834.1324282049663	0.45448456457257824	0.018756136921979347	0.011130803859255555	0.6723457208420025	0.011653197998467013	0.4023306783849659	9.379944805796294	11.0	11.0	7.511180734932889	0.030741259494985247	0.06476960161182407	0.1370046121547113	0.018358015640243815	2002.384673270284
-3975.804410413852	0.3810570895684298	0.029384559071284462	0.21582700858208584	0.5227902907725784	0.25787006796457096	0.32862518470809593	8.29406247353114	10.997771168583693	10.988854584328498	6.074356938942796	0.005076115851850118	0.11896155642951485	0.09691658074011515	0.003303823114598017	1699.3250042315472
-3995.3813782632606	0.4586929582528983	0.022640409390406256	0.2209544547430344	0.7040113028531664	0.003284613230906683	1.137719310792848	10.065583865300605	7.805419623456742	10.99115759167881	6.1657029815755235	0.09295327832064908	0.043745805099486904	0.12665335005244252	0.005494653638764008	1645.3713840663188
-3789.813694447495	0.4805036447975236	0.019918215752040388	0.015690453354776264	0.8016886901912897	0.011967415712594	0.5178721791339492	11.0	11.0	11.0	6.8254142770895845	0.0031495067237508954	0.05888701015741451	0.12695480527599878	0.029976303426737204	1831.743779562382
-3623.980392177948	0.6071889603783124	1.3540068118937925	2.024760916890045	0.5251146206679204	0.12012715317010955	1.6818810885231987	9.054170144060123	9.710297705137407	6.386670047586803	2.508256731072947	0.25852268704277315	0.2126828214313029	0.07995970149242175	0.17048470267464705	983.6223636444813
-3925.009851187321	0.42849998248461585	0.01851334048024692	0.2245448265641357	0.388662903914596	0.0013795000471865963	0.4600821459687336	2.889204981618331	9.85027388398976	11.0	10.370772072322696	0.048771679473048196	0.059739401865385074	0.15616450914165142	0.0044157079833102636	1917.061424176232
-3898.160632701402	0.41239886081904203	0.02877206464244052	0.38266916703177584	0.3695242958884851	0.008149137126764761	0.49584171934571253	8.73257617943534	11.0	11.0	8.826455925095257	0.05937685678467843	0.10770727848363174	0.11867863472432615	0.010776910618211982	1883.9056168584152
-3750.59786923674	0.4776116502090683	0.03755702527664269	0.12716335632938483	0.528348628993496	0.04600169532248731	0.4513981005755546	10.645362373153374	10.999999999999998	11.0	6.234839989221561	0.001	0.12100743017532785	0.11586542623579604	0.051429272902292614	1678.5922473860287
-3906.7590224320375	0.4353199028771483	2.7377376160897313	1.1350754875445532	0.33776572644403735	0.001	0.42241219357278054	3.0015753662740887	11.0	10.995521808036946	9.862452268126878	0.2055014517507274	0.00118798546861592	0.21555918249676168	0.015092670836262388	1725.8557386995205
-3714.432257636717	0.4787845597426565	0.03538538326183052	0.07188083008166239	1.0708287295380878	0.056758778050118364	0.661802140767983	10.584604494618384	10.953958477627122	10.793938837143466	3.409971559810902	0.0010284472134673946	0.08801962191328916	0.1301495904776941	0.0686682830369655	1507.0557605508045
-3879.258438280871	0.4425364130119658	0.0025037290830410195	0.010839993332059107	0.6532842057115424	0.004134189294841241	0.5490392295768277	6.63022245886405	11.0	11.0	7.828292678673899	0.04578327064687996	0.008240856397162512	0.13612759039177746	0.003741418188195809	1975.5428495755584
-3872.4179892489674	0.47277741913663135	0.037032956003631406	0.29176553929076926	0.4379746590911849	0.009573178537640345	0.46915190581430716	5.112827828580018	10.997696835555265	11.0	8.717248566637451	0.2747123198170071	0.07739375355781179	0.12432619099902463	0.02253655697794901	1834.4445576224057
-3774.9762189793773	0.4097807324405362	0.014260993436017876	0.03632502772769506	0.4568133652045754	0.00794862397734505	0.35308890143678756	7.047149024854229	11.0	11.0	10.748651921339443	0.026205365205965402	0.06413159324798691	0.16161219731466564	0.04249183775043413	2062.6868771242766
-3692.601457957939	0.43738906648189235	2.2154588537273567	0.05729452203252572	0.5804205278340512	0.006016436194053066	0.46887455717952414	1.4220562567700554	11.0	11.0	6.903148604849177	0.6021371968611688	0.04009173891328606	0.183147720467675	0.0925945230221202	1914.1214737768948
-3831.497634851537	0.49728904075386604	0.0049899461630209824	0.06670877151476244	0.6897194498163672	0.41094381882774955	0.35892651234373574	3.1298122008080744	11.0	9.13887918837612	5.951322638589044	0.32037756587032745	0.005214406645402785	0.11440457174069843	0.03769592876264563	1629.7262977334447
-3832.4292942476804	0.4878287938346002	0.03876064112217575	0.0735246919965187	0.7448701051166402	0.017250148244727682	1.2438215832176105	10.137571985877853	11.0	9.925288049888714	4.901427001257079	0.08075187358854087	0.10896932178875343	0.10700797401137564	0.03292742018875031	1676.1709164394078
-3841.869561892392	0.4138320446493203	0.019815835795466558	0.4054273075837305	0.3981212431711482	0.009034842015816657	0.43539212426385887	9.164098599484586	11.0	11.0	8.613673348976674	0.09458451268091513	0.050123287083239314	0.1341704067204218	0.023804554246274617	1807.317879860111
-3898.894539448734	0.5069488964403538	0.019555422107284774	0.012873373363634597	0.6624509460763993	0.010989980184942212	0.39523135319410874	7.736375064747258	11.0	10.99992314448083	9.324904925182956	0.2516512636212423	0.054440189913483844	0.11930921970851996	0.00846017790404714	2062.092152603809
-3900.5358105645328	0.4119238246143821	0.029685009834462896	0.6599082197174063	0.3957141375851956	0.005998634629360609	0.7659284922433532	6.175875259664948	10.978181952577895	10.97534940706501	6.461681790165352	0.10359877159705556	0.06731106164330805	0.12704994230578606	0.016010796020645063	1720.0384435321796
-3623.9446808521357	0.5014811381318209	4.246868228042864	0.26050193453388154	0.8888122973165328	0.09107829019870994	1.1889248098390632	5.241082290002082	10.533348361311404	8.110608287481869	3.5373262797994496	0.446693234608454	0.11526656647247242	0.07590937280092103	0.14348864332742575	1226.389094085592
-3623.851690284684	0.5027038717661472	0.2132612651982074	0.14947796289387272	0.620173938907438	0.05929575543997429	0.5286402638929787	7.119123721816941	11.0	8.91092050540637	4.588138103909783	0.8104506981665547	0.003956407635317316	0.23271381150525142	0.16475010759565684	1475.6388542949292
-3788.390891648542	0.4700517083945073	0.040932557123252895	0.4494840484673581	0.47490872686372965	0.07793954190846882	0.38820318428477374	10.591203134861853	10.988570400121175	11.0	6.397860577298172	0.07675631897059926	0.13517985108313857	0.09926529202339025	0.04112547887846199	1699.4502775789324
-3800.002979495096	0.4359596351355765	0.020130476265320125	0.4957920800793946	0.47753707396546863	0.00899473051631311	0.5149328591554325	4.870785973575343	10.996713650692843	10.86207853674877	6.5890884345597325	0.060880918414494875	0.03713383277118121	0.1629740140102972	0.03725378137805759	1609.3908352530425
-3903.533421051862	0.37020956296891094	0.014388829486052811	0.25787753353675796	0.38277730464979487	0.280638908259407	0.2425690722453311	9.139110135900628	11.0	11.0	9.836403388420873	0.16468898846119803	0.024789086210107326	0.10411512823928269	0.02158474308418974	1803.9073731568792
-3762.4149383627246	0.4513359873711263	0.03563284720280155	0.6315113099494258	0.3715654722778563	0.013598642213087904	0.5488089387989581	9.377027693102916	11.0	10.94472661223461	6.583202004986596	0.07502807529178351	0.08648959497366872	0.1506293550072307	0.05119579276757493	1655.7859585210513
-3800.886798306252	0.4445638260823885	0.037834505319555935	1.4824885466498696	0.3834347410767498	0.02188923924211161	1.0321282024962601	7.386807362942042	11.0	10.42670637657977	4.587600203171686	0.12319751826171448	0.06259937808828207	0.11382268687969499	0.0472084335108331	1540.7373369889706
-3779.7442638023126	0.42158675725051104	0.03183054439166511	0.4906678949005721	0.518752262097776	0.04195610858696526	0.4953903728031142	11.0	11.0	11.0	5.325967926560049	0.03765199612165294	0.09291225443390098	0.11668541583410913	0.04266938742212027	1635.037682382381
-3885.907353412108	0.4045904576012223	0.027391485056416056	0.7959730917102903	0.30444362194434704	0.0029948703566922822	0.4125381909509948	4.478497222343216	11.0	11.0	10.6462659064858	0.02898664995305944	0.1001380711357715	0.14857843276491128	0.013275293621062242	1876.590597143847
-3857.222519513025	0.41714983210278617	0.015805129469129278	0.010148049730684679	0.7664308222784496	0.007309933628160765	0.5390234709002061	10.942282299220564	11.0	10.207048552496483	8.359665526740647	0.033312773698828554	0.05356169912812826	0.12628218275086017	0.01207609380136959	2013.1492925108207
-3845.56596876265	0.4153679751642999	0.02965565885232288	0.7015063396365357	0.5047364532333052	0.04182060226925607	0.592657530000123	10.970643738784306	11.0	10.992824103042068	4.513360176899513	0.015775138189700548	0.0852770971000756	0.10777025855717201	0.025782202774870443	1589.4016063226998
-3814.204023862763	0.44003844181980095	0.021297694312885834	0.4707148187838735	0.5878737202465755	0.7093417624369498	0.3551558273617358	11.0	11.0	11.0	3.6530081866951973	0.0405694024605484	0.03422645062255972	0.12172233950384423	0.04285432021284278	1386.0132435480207
-4227.173270765556	0.36589362752932647	1.0069796172005607	0.4510027973643075	0.3618302035739895	0.0012225516823218693	0.9555841627245407	9.079915465094414	10.348948270773596	10.9950903835456	10.253473547807442	0.05774721421392347	0.03967695578343881	0.09078655217326813	0.004178251033131056	1516.491757363442
-3875.637548841031	0.4140227953079821	0.014138070931580171	1.334770807882012	0.3228706045325188	0.0034435022680943525	0.3983705482987332	10.305263374880365	11.0	11.0	9.706431744424146	0.06114161542809287	0.02919900428241445	0.1659694185722944	0.015232184964849255	1784.4607511485376
-3622.7216713932976	0.6938002638989871	0.29163350298379825	0.27629546160321106	0.9572290778830465	0.17611564794803208	0.7667371339456481	10.869576983531212	7.795729800342912	6.029940852909633	2.896576062665587	0.18800260091175822	0.30032695814335314	0.2734914757052309	0.17446309868512078	982.9892725695739
-3944.396961563419	0.4107643708127701	0.0182786448238923	0.489857741714656	0.43397678620398794	0.005598282581049199	0.5618557679240513	8.214491659943203	11.0	11.0	7.178627269447011	0.05410288030598478	0.05449193018423062	0.12937648184617248	0.003001786366331036	1754.4061696095239
-3697.964495236916	0.5879320566993811	1.427476922743666	0.2702528854654187	1.4102029362508581	0.11495835148084736	1.6910313719863244	10.199725445293222	8.523357192336869	6.770966629733534	2.4373802639080804	0.2698460625354547	0.13416132110730505	0.07759819469557105	0.09721450822600966	1077.2883417019598
-3621.8314703238184	0.7322120180981118	3.6256149049458624	0.6543095908087498	0.9268246056054789	0.1976908107462154	0.9463132927409679	8.850186686278573	7.4435806833643525	5.8577284043232405	2.6357729132650642	0.16975900844889796	0.08922539165820287	0.16664731265541174	0.17926071621387038	911.6169536370245
-3864.9310779837137	0.47558622526276473	0.016112307893423026	0.01154049251966916	0.6586487370413857	0.223363435955167	0.30390564277555626	8.40650460253048	11.0	10.977694743483065	7.588711261633917	0.1895339088825515	0.035865658971220474	0.14424913395218722	0.023075238853844864	1794.7905063872647
-3892.7333690519963	0.4378164413871716	0.16712485183513712	0.14472515178399867	0.4717057688439754	0.0019078148974607122	0.6121625865788302	7.319381434760125	10.996040918629364	10.998450709326406	9.285682200946729	0.3595854335455752	0.03141438265128384	0.1271018895040589	0.02979841271058553	1868.496002990736
-3692.4029979170423	0.5263825362591397	0.09461043047133769	2.6455646068301886	0.3942406174677549	0.07770661175705877	0.5647629842042756	10.975778943278705	10.948717516567873	10.138310959686635	4.673098823984066	0.4127587306688025	0.1480453259870833	0.11470904120613537	0.09776338776921065	1513.0942168899571
-3637.424582929182	0.49714777832535073	1.6849624444921978	0.18230959514529887	0.8020515332765259	1.9923659687236883	0.3554819423956485	10.868626510579585	10.315938041104367	9.428980263112694	3.8573436106294077	0.43335800233084604	0.05609672314132844	0.16526559363059617	0.1653393550556446	1198.3856676673356
-3728.051926015141	0.4518558432705006	2.4161351883023414	1.9573571011579032	0.5371628307596504	0.0048254821975682914	1.2334346777528444	1.7627225979114467	10.860250961676636	8.273512618735051	3.6810200079270046	0.052309630808158765	0.003253140501321396	0.24100463630921637	0.08356451350821927	1171.6194101001497
-3906.9148103115112	0.40373259906927944	0.03310415684873307	1.6378905998126039	0.3398982342118788	0.022801850479324932	0.5342004327436715	10.792242336442271	11.0	11.0	7.43664961720658	0.05447483395394552	0.11618322865798356	0.09680785827065022	0.010890504629537884	1782.4917442049039
-3884.8980999025575	0.4689016666487735	0.019240946242701132	0.010956861581318148	0.814796769096505	0.00859395492173099	0.5010312670982233	10.308273436594977	11.0	11.0	8.274567109971027	0.11200469761825321	0.057614345602031096	0.11685421976921169	0.006665464979311185	2008.6619266337782
-3842.4660441892365	0.41940299408852827	0.03246901973485152	0.028353930033135886	0.7925853486530487	0.545301736192196	0.2737698797994237	10.772130962987484	11.0	11.0	6.975828693861423	0.00279706575418023	0.1333012848414382	0.11090413578740738	0.026375769651969902	1756.8233449315746
-3950.4927235334108	0.4091773624250707	0.022017698931757358	0.013388844899412932	0.7992581226382385	0.7508292058569102	0.21489909106174918	10.983252798673126	11.0	11.0	8.220803084347049	0.07543133460754654	0.07639712676449649	0.11073904155212272	0.004353687514337859	1838.052861798968
-3788.148803967951	0.4453793011299881	0.05130513654654586	0.9197385747129098	0.3478875400612599	0.03698979524834727	0.4515507556704649	9.80704679517283	11.0	11.0	7.964046726452528	0.13993665052090815	0.17536370098114834	0.0948255667537708	0.04439490905270128	1825.911736748867
-3692.1205336823696	0.44296479653880694	0.04585462901002702	2.652786014676014	0.39365717977669495	0.04137072942162504	0.4988252793116234	10.291525199933522	11.0	9.938855180340237	6.034828275216666	0.0021102677482357324	0.10496908225113155	0.15138466924877564	0.08496268554827498	1449.198645543872
-3913.036097265962	0.4746960474852045	0.0368598378786394	0.32256291044503665	0.4523838476595123	0.036248565107255805	0.45627846424207347	11.0	11.0	11.0	7.3836068975224505	0.18779992565105658	0.12914735330220548	0.08569542913357439	0.011677582454806547	1883.3001247619395
-3619.5011568923233	0.7711800719726324	1.7407270335494058	0.5551071323339113	1.071495313343023	0.15720573809252333	1.583600688284754	10.998441899538658	7.130006860318092	5.267399097766719	2.4053020351792425	0.03777015618139895	0.16038719493156048	0.10703935850605655	0.17219063616738473	873.4090097074841
-3882.6688568939776	0.43701534657090074	0.03128813636577084	0.02170466329683099	0.8262810040790918	0.006577999973469371	0.8423156956659886	10.172240742041051	10.997824056461049	10.98879953946161	7.385504065540027	0.06512411106169758	0.10724683107329344	0.1027005390789343	0.01237416017642156	1965.1864267631777
-3845.472081092602	0.4132356604355362	0.017915702310412323	0.21745102246975387	0.40898502689792177	0.002965437016733215	0.4331126736673038	3.529003483236483	11.0	11.0	9.778438969662163	0.032012922327424934	0.05727975231816911	0.1534852519274098	0.02068014889184421	1862.7518584105142
-3897.471641357691	0.4611831010283246	0.008227241159395006	0.2092483300572581	0.47794300612893426	0.003074199775092687	0.6633361144995706	9.721914464517317	10.876042445744465	10.913007405125809	7.117225529860842	0.06282654223479596	0.01767689683483165	0.14556712120184928	0.011076008567917942	1722.084154748656
-3856.0053812010765	0.4153650900533395	0.0026392580898197955	0.007559746997392786	0.771809808601363	0.005213616225422149	0.47852845916798076	11.0	11.0	11.0	7.4641312362832695	0.0026083028039129608	0.010757430765391303	0.14166195982345875	0.00795860003582561	1990.351099578105
-3918.7733560489974	0.37662866628349145	0.018140151576134418	0.7491259592552741	0.3176589794550008	0.0037899092562250253	0.4715299593485264	11.0	11.0	11.0	9.983778398235707	0.049964463867098054	0.058953232385778355	0.13095280529495973	0.005033418835115898	1910.608026929849
-3783.29913099156	0.41462974077200265	0.014733003449694804	0.014492814806254244	0.8303792293893459	0.010499018895902771	0.5370001594543283	10.550209083977709	11.0	11.0	6.715536720724162	0.03160308593887529	0.04493931500471097	0.13138902779676936	0.03147209419464051	1911.63047489567
-3916.248576458083	0.41208674549623503	0.016037292332910905	0.18534627447229662	0.4224196193605608	0.005398718753448998	0.46085247826789966	7.738721638353083	11.0	10.89540395284415	8.672940333930548	0.04482051173439888	0.05685036239828103	0.12937530317601065	0.004590932551265707	1871.5838875233367
-3620.693555762303	0.7869576571707246	6.407090668970912	0.26433746751446957	1.3097008484496135	0.21422172064412887	0.9627157993896471	0.4521432969778872	6.666067129650757	5.43940394849052	2.6006358995685956	0.09605054125240237	0.10104507563750892	0.18052084122524126	0.1765558764950997	875.9955174829961
-3883.29752872491	0.47964975700301904	0.03145933853484659	0.7052256854382718	0.33367727684722126	0.015579528749857232	0.38435939467775526	10.906227364098086	11.0	11.0	10.822203899087802	0.19461595059953288	0.08424403464076652	0.1081290289092269	0.01832965807347726	1843.7102778624665
-3925.514376508944	0.36749966791432376	0.0022051959524587482	0.005801356616977847	0.5879496632545155	0.15659095151533356	0.27575797200838353	5.922162534597844	10.990897256042183	11.0	8.569293955511736	0.018949501811533875	0.02684607157893889	0.144870218790782	0.004708481186625751	1933.743956638096
-3945.2831962607115	0.4227159765167361	0.007331751541159281	0.002408339992912848	0.6335732180745611	0.5264146903939739	0.22893210604902842	1.8634682784807448	11.0	10.99965900437048	9.419661032600459	0.06779617373192517	0.03863029081747261	0.16150620814118155	0.003392932909484391	1891.7954585570794
-3873.7792642664867	0.4086532663677552	0.01972611138832622	1.059969402913135	0.3227812727875097	0.005053165950515097	0.3675907473759528	11.0	11.0	11.0	10.646247502637264	0.028850589929285853	0.06171317481089148	0.15002093809332934	0.015312941920116575	1837.8057868872745
-3779.3322809196015	0.4625436423045304	0.027446029572731415	0.016950500831079053	0.8981556006303429	0.014744206691431836	0.5077230229010535	10.977990114663429	11.0	10.998671372089383	6.901785557640893	0.0423586883562081	0.09042569335135925	0.12736897103610692	0.03592945328734306	1896.0902097772089
-3892.8824493961897	0.4247477536322997	0.02401842365184067	0.41070711156896844	0.36074205004005855	0.026996807051434604	0.5134183886382527	11.000000000000002	11.000000000000002	10.997220880325687	7.138916705046271	0.25724242108327183	0.04979724573736173	0.09652164825383222	0.018453855776161227	1892.0341549776037
-3883.4193244852095	0.4514650859738119	0.0068014237808129135	0.00938914156885893	0.7313243138844111	0.005000708672285186	0.5501685084522261	10.181629158300568	11.0	10.889280772873668	7.285585047717874	0.03694089087984706	0.02107386852058892	0.13820973605787312	0.0035258835866538644	1970.4199515230537
-3985.165414224745	0.4906128038520825	0.38900401539367746	0.001	0.9690175107712028	1.2149226688227153	0.2280664724577963	5.746486830619541	11.0	11.0	9.503303127259313	0.411949195121595	0.001	0.1642604452046202	0.014508811091163738	1705.643644725953
-3844.5352976371446	0.4108384814020537	0.008937780870236112	0.009133084099781958	0.6840395902203474	0.005564963974185402	0.48043896834457916	3.4175418525574446	11.0	10.850655342858241	8.343224734432805	0.050599790419309044	0.037023940280931804	0.1393518753972415	0.013324241999823915	2049.3187994262685
-3613.3535754940226	0.6078639583790626	2.231032331649726	0.1332140930139952	2.044754618364394	0.10006852500330692	1.4245585549408692	4.815891975530405	8.594161221846958	7.234906250036698	3.172986563903468	0.5834384271360584	0.135463074926803	0.07002949476661888	0.1683648336927506	1136.3472239474916
-3877.8296851298105	0.4391315472027783	0.008590409652373945	0.009240172222510905	0.6449881563987917	0.0075580419573476445	0.4344336288641056	8.312295698629503	11.0	10.531098008179367	9.425991950956906	0.04154355155026088	0.03293941213661724	0.12959857064804722	0.005980561563243922	2024.3839850160732
-3897.065695241711	0.6062709231509386	0.03574878826353886	0.00996508884407464	0.7714408530108222	0.006361268261522394	0.5086384539937954	2.71319901848936	11.0	11.0	7.7826270298280535	0.2958461199431339	0.08312397266929175	0.1339609237954044	0.010162336788934615	1906.1167684173945
-3854.316363934925	0.3943082788630049	1.098161536930624	0.004173628706334845	0.8024336982307486	0.0011417958110334046	0.8445153239033752	6.930169078750816	10.949263131370897	9.667576632167464	7.599604535283943	0.20572242890438078	0.08483714751950738	0.15407258457646292	0.03439396284157938	2085.3849890793463
-3919.414493609779	0.4500558071458097	0.02796118499735366	0.31100584296224515	0.45030453020087086	0.017551327356300585	0.631238992745335	10.840434002471412	11.0	10.559930646736518	7.017510569943679	0.10915489793238223	0.07964440527671342	0.10359848284252948	0.008859945226533798	1759.6989218308627
-3810.306709679103	0.4070519593067291	0.018661903750773777	0.2752573285317849	0.564033012088002	0.9606944056336478	0.28811272817004874	5.6148528165903375	11.0	11.0	5.2541874147919225	0.09375741604529897	0.025586457567672118	0.12344353281875597	0.04414842755121949	1482.449727510559
-3783.2642394476684	0.548214206871055	0.40210896994168344	0.4184146520756429	0.5207481448573633	0.0025363997310546473	0.7640488819120913	0.17101177208391571	8.296713584571394	7.451277310284015	5.818817652538262	0.23464692778551643	0.010490589734494927	0.270458260419064	0.05762480965407272	1376.6271056544047
-4046.306460448894	0.3662746518021064	2.519646475011033	0.8901122444778475	0.41904121496410235	0.00179067263281152	0.7033829776980445	10.139849603833738	11.0	10.956613533813513	7.044989615695006	0.04227013998129097	0.06524650992999517	0.13622967537169456	0.015352146185297065	1402.1608759997805
-3634.2601560745793	0.5135276821419869	0.14742812479855066	0.07287563924037628	0.797346041540212	0.04609923810011258	0.6165972476209908	1.550540024932436	10.301065296869819	8.618777516294935	4.026052338820691	0.11233039445162828	1.32451593926625	0.2135030802772535	0.13194344704269584	1421.5075660822067
-3926.074952736887	0.46444379483361364	0.030798105969359543	0.18387981337988374	0.49127333850374116	0.01781440289791581	0.5043857520892653	11.0	11.0	11.0	8.040476136714865	0.09895741582027821	0.12712181363431888	0.09521995629920137	0.005534127469411399	1910.1738831065443
-4037.556040754374	0.36733752705496553	1.1353289481619806	0.0012446380142623707	0.8011714203023599	0.44846526050830876	0.2147683063863381	3.083170770113701	11.0	11.0	11.0	0.2924788916133506	0.001	0.12072847129966094	0.010233059171833345	1983.3649671012424
-3776.179865787338	0.7945674913011702	1.164813906372612	0.2689920410880839	1.5990864866237267	0.10165030223298858	2.9744819062815155	11.0	6.554303514630813	4.738902671688249	2.1127918431700183	0.07229707034306909	0.03799681280895775	0.12464306834175382	0.08094717814982015	955.333023733843
-3801.798446090549	0.5238218640791399	0.06118455763327199	0.025954099721512688	0.8161125310476671	0.01995327793222238	0.516642605306844	5.992940473542221	11.0	11.0	7.057756183639179	0.25380515821730054	0.20950489869445094	0.11191920771785331	0.038693410620533296	1891.3717510665376
-3780.0218314385984	0.4825759572240946	0.04664615610035126	0.079583083097926	0.764236520509978	0.2663002622833073	0.32548639949620783	11.0	11.0	10.869454881920712	7.333222163959252	0.1776419782407856	0.1512650683251878	0.0867884867881253	0.04837986081993328	1792.844056397107
-3902.195904822256	0.4134090805234868	0.027661149296618993	0.7142073360072133	0.3248673167000454	0.009714829419957527	0.4701356763193938	10.991662253424044	11.000000000000002	11.000000000000002	10.114285722855099	0.1201223721873883	0.08543807703577037	0.10802326825043143	0.011503219580741644	1907.9194013554581
-3909.9179829504487	0.3942617967280003	0.787277447895968	0.44724330445989324	0.38026917806729427	0.001	0.6192951465474813	10.24597992463639	11.0	11.0	9.811401699466018	0.3003829395903416	0.11182906944114684	0.14314561501431966	0.026264063184946087	1767.8965384469634
-3901.227774257726	0.36463609600196134	0.014848227959661899	0.740533597577424	0.42142866118467803	0.0016202538711553086	0.6692361684876116	6.371287834613007	10.53767118149614	11.0	8.455142914063208	0.044497793785085865	0.028610278776842007	0.1475524439238609	0.012767921291930589	1756.4008861515908
-3622.0246267848997	0.7562331686064591	0.7746179374511173	0.29845867414802624	1.282318998886713	0.20709768629228598	0.9782588039749215	8.398913797573904	6.838595657202839	5.798520222816489	2.315437154867375	0.1736440260438195	0.21148912653627433	0.19723034919631208	0.1762655287475937	890.8807151348872
-3619.67163621597	0.7743238685888951	3.7192446787768367	0.3868039061621313	1.16565583283049	0.16869170114522714	1.2537051601718623	6.55184982481733	6.971730401405426	5.362557898463312	2.477368611879967	0.001	0.08123654626122846	0.15040877167791197	0.17683707628581113	884.0097082542948
-3902.71160625554	0.3973947371537303	0.02140631309990598	0.39529391663332414	0.3469738458074157	0.01469299107431912	0.4401328866861479	11.0	11.0	11.0	8.711931436629875	0.07952258681816389	0.07520481111368135	0.10402413663729508	0.010057672783780787	1902.9606357769205
-3900.0834581285408	0.469528759911374	0.02051291404751935	0.012459171203888338	0.6991258586458077	0.010198368586805584	0.4944545880151768	9.031156746347792	11.0	10.08062316057409	8.01578913040342	0.07121728423419159	0.07370533394605916	0.1244601717076741	0.004520496668783049	1986.6867951891875
-4186.368923016498	0.4044547939310454	0.5938465657165996	0.2429878948228318	0.6301408612021016	0.0015306902559975694	0.8710302182318355	7.909298835504134	10.996518898889981	11.0	8.003158113180515	0.09008010294161928	0.04723166846512887	0.10824144844801732	0.0038583302984622095	1508.9053915615505
-3723.113053939453	0.41720881616398453	0.024739665170534938	0.03104667406076109	0.6035351591946115	0.012478006602179095	0.49650942373718754	10.535414434621156	10.994457484744935	10.87620178956934	7.4808536196551545	0.050797201861225494	0.07799852310171206	0.14112189854934928	0.05924740140272996	1935.6464037068536
-3820.2530023402937	0.4732307080587441	0.011087617803938543	0.010571751535929786	0.7659784785419705	0.006905406823142659	0.5045889781430656	4.76165766132359	11.0	11.0	7.737999042456035	0.10503842615826868	0.02486843508766435	0.136728114028856	0.02118759894025784	1940.2971511803912
-3875.876209072436	0.44456059317242363	0.021015431162589356	0.023295613002703764	0.5207480214443705	0.006409384587722217	0.4728117662678643	9.489309549213997	11.0	10.992002048723858	9.65347406881224	0.004156771229211368	0.09479886716419426	0.12071122620276697	0.008284341094229545	2054.26750522842
-3893.683143796305	0.41081253532167866	0.01720370776605246	0.0065360781269936915	0.7609371978619128	0.21129444666175207	0.28615694481346154	6.234332652185859	11.0	10.47273287606274	8.086943200041066	0.03526361390624624	0.06937170525525686	0.13744962669393385	0.012871009306315942	1840.4606467459812
-3641.439222207933	0.4517570517574201	3.8187862433342885	0.07899874078870865	0.5798434397583265	0.00364052493607065	0.5157576071426976	6.282422013354181	10.754927779633766	10.08755117539181	4.988211590037337	0.07215650201305195	0.01075164951785904	0.35454475561890797	0.12401435128896957	1561.6926095784827
-3828.075328079186	0.3725591727593554	0.014410786316091797	1.2108372748374499	0.33918251361549	0.007186925468074914	0.530032275214791	10.999999999999998	10.999999999999998	10.984903031485512	9.755887560083002	0.03889859772229657	0.030878583479670384	0.12209438398284528	0.031665156916857874	1714.3437388914779
-3820.6433824079813	0.4392156423154143	0.02759985009931087	0.6253784264504534	0.43512120863927184	0.025579878204649305	0.5864079045328261	11.0	10.971038531868603	10.987511240674403	6.044280452272375	0.04723567534244317	0.07479341801826249	0.11297160377662004	0.03062186002827514	1634.1326456179709
-4030.4713260755834	0.35607081571881055	0.2347167980426113	1.0365448880050108	0.3178807280649922	0.0023339660538140047	0.5771240986086188	0.26884003171021265	10.99865100732006	11.0	9.295188273111735	0.2852907602948817	0.04571190315125313	0.1118052460497654	0.011372119840928271	1872.5080839216132
-3923.615740284781	0.40236903183012884	0.024008932583470807	1.076013202373647	0.2938938803415481	0.006023909008379234	0.41794215496963416	10.100178418496016	11.0	11.0	10.869779363863088	0.05575234990491753	0.08112933323963788	0.11131816647925137	0.005827294571478477	1892.1073556275785
-3945.5233041880206	0.4548478316266149	0.027517921553882805	0.7382431581282289	0.3563260309163696	0.0022933215863079753	0.6010062139603006	1.5423523413100602	10.557117574989647	11.0	7.8304503028107675	0.13245839336333878	0.05795479771706078	0.145902589445261	0.006304416305148339	1754.5213619176197
-3704.8155008484823	0.44575042478561816	0.05457364673286951	2.6901984525316545	0.3660209457135064	0.03159580039924118	0.48675954386777814	9.827579112700672	11.0	11.0	6.188013858357774	0.001	0.15581032602789815	0.14889583031971945	0.07774458214789758	1525.8595783101593
-4140.822241241281	0.37021346378187686	0.2834583454488811	0.23806300339268352	0.5483596043251494	0.00130466734074396	0.7134179169218277	3.416486197050224	9.927158336909702	10.285618676777466	9.635109629474291	0.1543146794067817	0.01898134315881257	0.11115012595870259	0.0022917445547007975	1710.3516395011163
-3936.604256580521	0.44708594874000757	0.020438017337613686	1.3309416747660399	0.3254983006823483	0.010035417794869439	0.41938864903381146	10.90983117110793	11.0	10.999655098374436	10.127427847099188	0.20987871384648524	0.044455132922253705	0.1142816853005773	0.007583360616229358	1837.9485106708821
-3917.60731099403	0.41622501728622346	0.02435808542714862	0.12402220155790475	0.4133262866159767	0.005941058235144886	0.48954855666073016	7.050036432402468	10.993722323313799	11.0	8.80808975870503	0.023418306011161336	0.11245193328114965	0.12123390655294859	0.004149311639166504	1952.500648502547
-3932.8488133968976	0.48798266143209895	0.30835208954011084	0.006426018087193136	0.5309033185238788	0.0015809443461795207	0.41634131021092985	4.0744588700583995	11.0	11.0	10.924775510216522	0.4397170085749467	0.02310286355980538	0.1464724167637063	0.013962379248418144	2278.344021959461
-3828.531935640342	0.5067173632838429	0.010571826081795483	0.013482856445162863	0.6773708572414103	0.009513047859169786	0.4244327377122015	10.903166169488793	11.0	11.0	9.042043591695148	0.21019604944737572	0.021620197144850434	0.1290728209857271	0.02336007654437546	1987.9332735623802
-3891.469278146714	0.4525230605324241	0.005941636442375697	0.014726014014752679	0.5520546772394568	0.005874685016890998	0.45937495528957334	10.938857488711443	11.0	11.000000000000002	8.04650766621178	0.06049092074694959	0.021772557129699745	0.13755266862334484	0.002999630290518302	2029.1429658252314
-3851.18248541995	0.4000463760520125	0.020326051215421605	1.159313291075928	0.3872484662359496	0.004481128000866499	0.501164456801493	2.082441955916078	10.892424943253037	10.996996397201544	8.632800359441232	0.02969263239163047	0.040429779634321705	0.14390426011322224	0.023740279119529244	1653.5603565740305
-3851.886141424287	0.46832902383511477	0.01584659978381473	0.010580648765996863	0.6760567465948176	0.01858728398920356	0.33717510808555085	10.903872865292978	11.0	10.189710992545667	9.433647500176225	0.028775088575167397	0.062075787460334396	0.12843096379796326	0.01665028161767457	1992.4549255418772
-4012.5093806201285	0.3830706717319364	0.01926835529890936	0.6400965393533871	0.4639877443552499	0.6188236708104403	0.3145998282995512	9.039205342999745	10.7505102567706	9.237410255316373	6.6093668738061515	0.02881592417274285	0.03992665413289608	0.10376668444102194	0.007340700914512146	1491.092071805358
-3864.861271646095	0.4387740582052913	0.018514919445098237	0.8363496895380588	0.5074267302790795	0.11582513253241486	0.4626680607244106	2.3783388843454585	10.217383180692174	10.716402054811557	4.647041585558807	0.032179098816656704	0.02389618516359125	0.10886420214505003	0.031473137853883	1411.918662183194
-3655.1795528934713	0.4613395976051087	0.01917770959427645	0.0691315254534013	0.6150059080479809	0.017114165492566176	0.5563278719672089	2.411040771845207	10.937690422194514	9.536395822724838	5.085104112541416	0.06635438636357081	0.027390765281529526	0.21557827839408164	0.10480445002909866	1590.9550211649773
-3869.846228651298	0.42701713364245975	0.010230148124646322	0.0072454678658911515	0.9644937998425019	0.013349980949088479	0.4041721842000661	9.30662710190872	10.998823916162308	11.0	7.284863407423737	0.050105460197686996	0.033960708992595616	0.12746237351037665	0.008643737982112244	1969.6963398896537
-3880.93430670068	0.4091506368025275	0.006194443240742011	1.0892278564384275	0.4155163340511477	0.23397122903495285	0.3227864815248969	0.8020011538181842	11.0	11.0	6.3762835626799195	0.2551382973636793	0.006503001802058035	0.10261247086960056	0.026854978591588297	1693.6025251653778
-3897.180527496749	0.408546100004734	0.01176967547084289	0.010149849960570417	0.5976233533376512	0.0033727884936292467	0.48983115093628854	5.481816958812374	11.0	11.0	10.566890163309523	0.023472038828751356	0.05667748733471619	0.126260952376859	0.001837555036939079	2117.787992433903
-3653.8804520170434	0.7347365399379412	0.424398641706373	2.2746707655288025	0.7270686514166526	0.1221810409453329	4.919372961635697	0.6372397570612273	7.706342688472587	4.724243536458708	1.1913189657335543	0.001	0.001	0.08681103496708298	0.15746462750199283	979.1709662764573
-3944.8239478067308	0.41085503444804583	0.01517093389509415	0.2999213017617598	0.5014131078300627	0.003540213641223462	0.6823536005402868	8.203229270526988	10.515225673109112	11.0	7.009871950143656	0.06432143053778679	0.0426561118449947	0.1355985877811936	0.0038723663364024622	1766.4228903326168
-3936.9609729922613	0.3927183937156973	0.006873018725027606	0.19594417565403394	0.40147094194717353	0.0013166412465829276	0.5759645755775689	6.682586497818728	10.526297708246348	10.980094821840492	10.979262302983761	0.24113973392654198	0.008878883951187964	0.13388690087380675	0.009299413645709539	2080.658575235791
