# /groups/rgutenk/lnt/software/anaconda3/envs/donni/bin/dadi-cli InferDM --fs input_fs/fs_028 --model out_of_africa --model-file /xdisk/rgutenk/lnt/software/donni/donni/custom_models.py --grids 40 50 60 --lbounds 1e-3 1e-3 1e-3 1e-3 1e-3 1e-3 0 0 0 0 1e-3 1e-3 1e-3 1e-5 --ubounds 1.1e2 1.1e2 1.1e2 1.1e2 1.1e2 1.1e2 11 11 11 11 2.1 2.1 2.1 1 --output-prefix inference/fs_028 --optimizations 100000 --cpus 50 --check-convergence --delta-ll .0005
# Log(likelihood)	nuAf	nuB	nuEu0	nuEu	nuAs0	nuAs	mAfB	mAfEu	mAfAs	mEuAs	TAf	TB	TEuAs	misid	theta
-3664.3120777251706	0.6334826733103245	0.370149356586541	0.40279142716768757	0.0030306732139565615	0.8596069403281099	0.671996790537414	3.3341821505859595	2.950000460915522	9.395178044697126	10.13774673759608	0.07071539403974102	0.178737415069952	0.02451827063032197	0.00346516282029915	1489.2956920750191
-3699.00734047459	1.0641574357101968	0.5276683456171964	0.13453932095528529	0.0034628322839432273	0.8814152069948776	0.47707461643033655	3.971364282606033	7.286232633880815	4.162552995381732	7.789279335343713	0.09598444460438202	0.07757178395225052	0.025396027215745527	0.004842936916136911	1335.8984917233315
-4245.745973018514	0.4289689997644809	0.5037933166876812	0.09499865111632645	0.005082079621448488	0.8240117583616484	0.8439928019929829	4.579125401916775	9.53758880959056	6.038004787810916	3.131003789681659	0.08479296386792229	0.037310661895323324	0.03445545552843805	0.0014940134464308424	1684.375488629399
-4005.997436796891	0.5322455218217357	0.8931228533253716	0.0655869508769072	0.0072784468002864	0.42697357385928414	0.4759598206380529	4.679218201680499	4.238535635658391	3.836354432622724	5.719470959724486	0.05450383517854005	0.06961309556483841	0.04775163044888591	0.0017027556137448852	1508.7688181495782
-3550.593299782815	0.8106972445599899	0.026102983182765865	0.17177455818067014	0.0066361656713918755	0.2396980838764123	0.9123881996088026	10.163706218167238	7.153613490377233	5.65070586985158	3.6340745733450976	0.09365961021758129	0.06481969346602484	0.05193997970380364	0.002736054111771387	1835.9571880363708
-3210.0893624807986	0.6889420165988789	0.017152373868927318	0.11992253656523959	0.011148526387086848	0.39064863571111874	0.7801828069442844	10.478132643455941	3.4142291812077326	6.883916676862425	4.982668665649699	0.07437006592039966	0.04311385863362544	0.0736177287905864	0.002615286869039927	1794.8550137542077
-3013.2191191709626	1.014170552833239	0.014916876209868235	0.33201603851559314	0.010043820191868934	0.38707115631462885	0.7268258434023389	6.435276810243601	2.2887403791568737	7.345180557822832	6.716780928929195	0.008795155355018203	0.036362018130904214	0.107527141774418	0.0030262532169710757	1571.7021437203368
-3398.246883084132	0.38265131503547717	0.012990510052030965	0.4221757968981759	0.0062024042047629	0.4290014975995547	0.7730303520497541	4.127288717630945	5.833134995668785	7.196172619596744	7.502139847811174	0.051010580549122636	0.02957824813170263	0.07386395045867654	0.0013267278084051163	2045.3212597273896
-3134.3907274161	0.8746521239305689	0.031280054314016106	0.44698735519874455	0.008891722875974355	0.28890726948781725	0.9898371301362984	4.484401474718647	3.59053305659074	8.79953067699088	4.798881556660786	0.02902878663306691	0.07585342615749889	0.07847976401559174	0.0019813426935679683	1630.1493441045768
-3146.625864695798	0.5563040209302647	0.01177222250442595	0.14176233045910375	0.007056807514108705	1.0312746562743313	0.7360350590058806	3.215209651649448	5.700939654191177	9.113146461733262	7.81592160606348	0.05968593448918972	0.029648688296982383	0.08597428301083557	0.0023738012534172985	1850.8719230643321
-3323.0803205576667	0.49524672978350165	0.0029359619800734646	0.11524720815394278	0.006596445642327963	0.2686239938038524	0.5851810464486118	3.5955629134243283	6.988781188616655	10.248409962970618	8.218808177986778	0.045549113696253744	0.0330357776410552	0.09025363417094091	0.002115386333674456	2071.9699373938506
-3733.6401405196743	1.7514424063213239	0.543844743856393	0.8874736459970578	0.0010044413173214885	0.2920836537798185	1.4316718980253593	9.579105607467055	9.1184333950033	5.515293626548007	7.851574397809699	0.046328506162440254	0.0953535513405631	0.009885876652604651	0.005136163717199451	1239.9860677082054
-3214.918548007432	0.5381299765693218	0.016401528818740158	0.11842223638381137	0.010081173959978741	0.4958718337868448	0.688162706701122	4.808935969849945	3.372212487311363	9.13805235223787	5.720634492451889	0.10249390830264715	0.0461679665442579	0.0787198413355345	0.0026053407401798595	1917.3101390748907
-3009.4353352983394	0.5464711898043971	0.014296061697027171	0.08468832399888693	0.010388905767132207	0.5193490278942323	1.0106006986011613	6.004399517974553	3.195247670040314	8.178055437987787	6.423819812012681	0.061930219324560075	0.057978941381950186	0.09816044564885347	0.0019571906071217085	1873.0687874489734
-3289.770590316374	0.9526066763445162	0.5473601579533978	0.07699833477617848	0.012534718614750593	0.6232371037326101	0.6416941612986221	5.964020586774056	0.5152888892115011	9.570187423797984	7.9323799773524755	0.042833377633144806	0.03805305695466931	0.11745583356853341	0.005084899123972436	1323.815390156786
-3458.2736171894894	0.8184248527969633	2.1763820446193245	0.001	0.008919638050421402	0.5407623056675797	0.5093768942066302	4.399449695296585	6.314648415854513	6.357619339593511	10.128464925939204	0.027798589973862774	0.07961624553240049	0.0469383640391227	0.004651101534487467	1394.6762145047287
-2917.319269520678	0.4659012356914719	0.008760622318689801	0.121657917878695	0.006540385514352224	0.5310314702908299	0.6709853976227114	6.052530674916081	5.079314453032555	10.200564984390182	9.924456996119874	0.12118216647775071	0.1455195549047581	0.10489186256219987	0.0025486776669014642	2483.0208927085237
-2837.0335024842643	0.9604582263231303	0.017074003554908516	0.006700151818458679	0.018724095519488077	0.9411026484393855	1.2823008725888188	3.1561446773777515	0.9961655910435978	9.48658872960302	6.392061564392882	0.03400313079106426	0.03754053851787453	0.10662696853117856	0.0021803358964485693	1495.4434336122654
-3082.9264916612683	1.0635589031312898	0.5750585964756603	0.2742178003928185	0.008570533067377093	0.4442341289136527	1.329913087073748	9.067095813527864	1.2584705359718613	6.109017469943919	9.78827883569271	0.019559746428207174	0.06902004041578054	0.11502283215034562	0.00842966997955599	1248.80003081826
-2857.0746599303598	0.4992328606034115	0.013841149051077032	0.003949237460991205	0.0170201075587491	0.8133844765845135	0.8053612450468485	10.889658692058783	0.9319885613866804	10.198900399233942	7.4130997113894495	0.08312940858101157	0.11373482594196385	0.08450875645713439	0.004202405133524837	2273.9434004868676
-3469.047016825942	0.5424379670789966	0.02306337293850824	0.18221796895860992	0.0056736907015292005	0.638131830869084	0.46061715489833527	4.301580684656034	9.66286290336029	8.879754393085943	5.845817920631352	0.10409947152185434	0.12988427154172882	0.06863848668310596	0.0021385814115820107	2180.727827259807
-2756.5187856876846	1.1682500152125501	0.025404471767050817	0.2100004732673856	0.007366007386563581	0.384352652157195	1.3105775056856852	10.24838492310914	3.686938733275218	6.6804476339764225	10.037494122902332	0.10962801217900543	0.12175739886468943	0.10379166842184213	0.005898326491726626	1719.179494026901
-3476.1846784124914	0.6475786230160321	0.0381986084911765	0.3860619405521726	0.004482015216287089	0.6801006159369216	0.9924399734516388	5.181275291627098	10.559276918933847	8.33844625240617	4.648624787843703	0.05079686546018428	0.08181136023456621	0.04310589699072824	0.005280593181580479	1854.14355695308
-3498.183148250835	0.9890949080098732	0.9245044730782424	0.001	0.018841773860892176	0.8220541980106106	0.28949729730252316	8.528662034276909	1.7085581289211946	3.984277008667519	10.20627543428228	0.02550325059895228	0.0726954753090915	0.02411105531308072	0.0018630103869382007	1341.41511703604
-3298.0383795467087	0.7099977381210842	0.020437104335149708	0.05800329112828235	0.0058737239052207455	0.7821622709521809	0.9178929985991736	6.001963839882439	10.895996817980771	5.246001445909188	7.313646386721441	0.013557103760378145	0.06554849591354424	0.08293411896671697	0.003950520979883503	1891.1547026972605
-2803.286444338197	0.964032277463534	0.014432084153281654	0.049994429708542905	0.009014851729641558	1.1019849466859166	0.6707517560808101	2.6527185161177336	2.0361296719686193	10.520910079930143	10.997976462196126	0.0828485490620329	0.05394727254415088	0.14311478828101032	0.0034295947387745665	1626.1803257763645
-3086.874749659425	1.0118325226237648	1.4781821494520548	0.0015448321757656903	0.019746784173293213	0.7771629511459311	1.4362778585166516	10.99637697665539	0.0	10.994888846202667	8.954980188039192	0.029788727556139878	0.06163428812543622	0.062302901497162125	0.0027143284759580497	1267.2643210749143
-3273.1544204873526	1.0133535366738993	0.06542063849100423	0.8008877515702842	0.0049919289724266085	0.5232295362595623	0.6886416006542513	3.9261468049660126	3.0877571797424546	10.086013355239766	8.761088448363367	0.08629544650269301	0.11059456493970043	0.04316177171222597	0.003641461877129731	1581.1845039989405
-2620.743179505886	0.8628625072352324	0.022780844267322995	0.44192895524391107	0.007685159586781046	0.8367599310831189	0.6794385725660267	10.946613696007825	2.3113641562707405	7.083319843951012	11.0	0.06127601256663669	0.2284724795569198	0.20581039639824397	0.002180157020310815	2043.7452058201452
-3524.5543100702557	0.8775691333166469	0.028548167394164867	0.5478410661891351	0.008829738697508414	0.4312031483836465	0.4054674329433851	3.559563558287096	2.74192605287835	9.395358888630136	2.6536114884353053	0.036258730983464146	0.05154951327946344	0.05456670875297734	0.0034484546258437268	1649.4007511643629
-3291.500601119101	1.0639369317303398	0.35942085732313267	0.001	0.02844646159944774	0.8072672516250524	0.8643346106263959	3.7792881961616356	1.2269343125692302	6.734001837236544	5.943732844470412	0.03941765108229613	0.03737463475952589	0.05267494735558972	0.006001093481097757	1351.5097369505497
-2745.3981936210107	0.758053171009574	0.015662912655722082	0.011314234523474728	0.010999093072074114	0.5773616210210577	1.2920980894313172	3.6498816739028204	2.3983579484859896	7.9384952345074185	9.061506591561592	0.02452161809845677	0.07789098331370695	0.1323448549978035	0.0023783429654149757	1702.7112043717768
-3418.4853217071272	0.6534898061325435	0.6501761235617324	0.0030552616425865153	0.016568075218859796	0.8832905508556254	0.5093910349438368	2.3221182939311404	0.5181100955229146	6.341120863496258	8.786272333542776	0.19352573811458512	0.04129996899715176	0.06482801526172068	0.003049735190309393	1571.0195060916656
-3851.005911066844	0.5952029566253396	0.9839165254192902	0.002273566361706799	0.017513652581798475	0.6068441107495905	0.3544868992938011	3.185896021033559	3.1268390470332736	7.19759740771535	4.521782793397772	0.031743900457930845	0.06539988922562219	0.01061510862290243	0.0024420366866054815	1427.769454841594
-3050.149919717249	0.42966654225680684	0.001	0.001	0.0060626455206791606	0.6665251427735457	0.6658257590377196	11.0	9.630875476002617	10.574617965294998	11.0	0.03368949578297672	0.08855366239926188	0.11299683080797922	0.0030582411989961084	3019.822281879545
-2655.439643981157	1.7400843096905332	0.03152199660260612	0.3823059546569711	0.009988076154947236	0.648829678296857	0.9981181395903677	10.055963412551181	0.30976699428279914	8.165675898256158	10.5780705519667	0.04434503915329474	0.13042464356877279	0.15594872260569873	0.001840795723328269	1447.1105354676101
-3103.187136183899	0.8217136894225244	0.02032228483464424	0.0673640678783674	0.008114966762880555	0.24749799434903724	1.0851430012017638	5.464470754022562	3.970552393420892	9.951520197155594	8.219382830506966	0.03283340415064725	0.05502223261902012	0.06584253243447943	0.0013784214106090948	1724.9494203393963
-2655.9620838783103	1.010337983159298	0.03544377797209088	0.04066926671271298	0.008682905362478455	1.4710626497869832	1.4157298842383317	4.3471275898318265	2.7110119088028193	6.779035862629894	11.0	0.03604197196388589	0.10754721607741685	0.12847821582809696	0.003762131347159428	1564.2011081137064
-3461.831460537365	0.5057131432713075	0.009639287581054319	2.167598201734115	0.0038119606454471208	0.1480320078574487	0.4645416451256972	10.144009230725365	9.803930605330788	10.535563156551158	10.947673300424858	0.002200044823283688	0.05275697242493672	0.06856376121981879	0.0030522394130683955	2159.7368814808437
-2760.2791117087863	0.7131617979031667	0.001	0.010773712983535057	0.011062447532716	0.6009525508319838	0.7392786495689592	8.62566044372912	1.0503494835312932	10.406852014158671	10.949061994641173	0.1786412911799707	0.025997952830920944	0.1629253011188295	0.00453877683540517	1878.7942630919792
-2782.8235902209976	1.1849651878441931	0.44767504233686156	0.001	0.014012465897570487	0.4921752937400692	2.19233681352719	8.735957809350857	1.7150173873679206	6.914623794275998	8.83695342237767	0.07819469308284065	0.027803620017984993	0.1551815877594546	0.005048870465167206	1302.2243128777127
-2930.140002820041	1.2302315820964997	1.0715601559555303	0.0021115982986184157	0.012475976979580208	1.3669693917684058	1.126356396706001	7.909138077644211	1.7972934126655358	4.206677739574139	11.0	0.029102267529074154	0.091870420874649	0.061713677367451814	0.009307625129922547	1239.3226797524708
-3230.997114483671	0.47908055098839963	0.0033832846225153117	0.06317975975428997	0.006176865358996598	0.6424434488367636	0.502457803190225	8.088782199866854	8.757113780604842	7.525087512386554	9.06146198044945	0.022755772458530246	0.060416503492345904	0.10662391171965462	0.0019119556477281074	2324.6469521394847
-2968.442956099025	0.5457030213247768	0.012294245237148197	0.007853037267654022	0.010428773058832152	0.5466794438309127	1.1761967396068385	6.407394050122574	4.431902472663733	9.2639242128496	7.0694575590015445	0.04758756140843859	0.10052551155245101	0.0908295115099523	0.002630847277126001	2061.647859619274
-3299.7780642655516	0.41765979116128027	0.01590625004252685	0.09498855046834055	0.008623063393654025	1.0680078256461647	0.6651394267120267	8.089449299190672	1.770986056745847	9.06064072282435	9.460754434116826	0.10598101828042451	0.03217076759352812	0.06120602029395313	0.0021646803721961714	2081.424068174992
-3386.4594957242225	0.3515249927011799	0.001	0.03233169556440532	0.005411865276459366	0.45230322384502	0.38795190041022526	7.262389981749968	9.565658597854902	9.394822827383164	10.908040748080007	0.00376319925597122	0.042768798298530135	0.09585149746572649	0.0018510906468857734	2510.5594336198033
-2887.9081378114274	2.1325378854291355	1.4740677606495374	0.004249368988034637	0.01302286840292633	0.631805262853738	1.588358757552481	6.3954780956828285	0.5621447500662793	6.587953965463957	10.983034075436276	0.07572659593394432	0.05796940029246974	0.07054751310064464	0.007013750482686887	1137.480395398546
-2816.2295746483533	0.6309715798814013	0.017400889431729363	0.07862931947374689	0.007352956639143691	0.8272704061801319	1.1476818472949546	6.2450106770872065	5.956559211865073	6.733557409799573	8.890298816851748	0.002197971537171838	0.16359793997200384	0.12843535552443433	0.0020715522057027152	2055.2147044096037
-2468.3466539860833	0.6209219499827046	0.013982304247622483	0.019000404045918046	0.012526476072755052	0.9338498270387605	2.32768294772761	9.07256464609494	0.9464184123412326	8.606057484314102	9.2693956586429	0.03787743006867549	0.18546622153546619	0.24795377958713918	0.0012443668716249667	1975.5263824479982
-2504.226849119215	0.559170689770634	0.00868980563062882	0.026337915545682534	0.009033115715698726	0.3058349176309926	1.1862625783724126	10.192046849793334	2.6193457270603364	8.389100277879802	11.0	0.069449810912063	0.18091884669188898	0.2196986967774976	0.00275476060327537	2511.798547604268
-2669.8737879710443	1.2220310135807415	0.026312457612900155	0.1523993281409967	0.009413952140034812	1.4652864776956323	0.9049618605975494	7.363184354926924	0.8907812918091006	10.196768204840941	10.993940316642977	0.02124862394560871	0.10520152537387747	0.1344895794084507	0.0011729797589740542	1539.0368207302715
-2579.494016614577	0.6532220200629376	0.015430341915229517	0.028846740252089952	0.01008629879237155	0.4671236130187071	1.5569048081741041	9.480586571067944	1.2773073870333498	10.301428557588302	10.99628534018936	0.01512745998805926	0.16740941571122814	0.12841764130001163	0.001884608979001256	2128.6853784459313
-2806.25577545801	0.4310453174910927	0.001	0.001	0.012591699349653818	0.3371433515498922	0.9464472176168294	4.495492643324449	2.3214894645682618	10.598106522557837	8.944132604398717	0.13408827787597713	0.07785451078234823	0.1465361716026607	0.002758958874707992	2331.8840069013268
-2895.2915250216706	2.171212125125181	1.738414162127779	0.001	0.01330452914606174	0.7243994246709685	1.0180471559716369	3.1789069385581015	1.5553981421464895	8.21959985168658	10.546750286533168	0.03468562422636115	0.07773014038061138	0.10862654740480292	0.010037513669242302	1181.7477564408946
-3013.438181668569	0.9243742393951834	0.6390837677773035	0.0022174406850692316	0.015020346132105334	0.9490508203025407	1.2812339729079016	5.423804385084796	0.4164324024295431	8.691110189983362	9.92864582763471	0.16737232058491092	0.04217471379795919	0.09430122830816984	0.0016992041819824195	1352.9502674718808
-2789.1315185037	0.7891585497902663	0.1800620820853471	0.16538530326093506	0.008195352279006158	0.7797865638256845	1.8907896304421932	10.92646717983172	3.1684980108523724	4.1902427048797515	10.500035233618334	0.18555562906093953	0.03549692259463826	0.27752743015096043	0.008047587756837362	1410.4115801394933
-3059.4367203677857	0.42711178087348495	0.001	0.01989440326666342	0.005346562788412749	0.2854330290370836	0.6740057250558398	7.511582430787402	10.323447596287952	7.099849089904772	10.99956432117742	0.06512214546139403	0.08705126249391475	0.1358832816638796	0.0023109957300825328	2891.5292328016235
-3911.215875022346	0.7862995498694951	1.936515364959354	2.2167767327260868	0.0029179331418003824	0.29138571388435375	0.5625724326652135	8.602461611948739	10.33862642850576	5.944727271166066	6.506563102109894	0.03399429039083725	0.09186847179126977	0.03918261319913846	0.003059441493319002	1293.203433982515
-3683.747477314917	0.46235735064018446	0.010980286044351613	0.15619822546152848	0.006251907531096034	0.7667928196721852	0.4532851347770727	9.315908363674332	9.69897757230045	10.192205231336189	2.929221803531034	0.04391886868044011	0.031299470826966276	0.05687627319803847	0.00751473947772898	2050.5081817255677
-2752.2371886762185	2.0825233947819246	0.7338901141857386	0.002948849988377764	0.011547282656067985	1.210254630369458	1.8629944962974787	4.327275671403735	2.601920991296783	4.158842738785869	9.992417691204889	0.11079680124589998	0.04752007436200125	0.13189942877393784	0.005367246654160082	1156.0962889564169
-3271.6855344808296	0.3956057301982691	0.011218943795704811	0.13976321792820437	0.005956784515155821	0.33545890347301277	0.5059020665834079	5.023788858179982	7.23041117344919	9.750322553107358	8.499547470245078	0.14069876499750553	0.10058062563254265	0.07945351520746735	0.004271476300122749	2573.004869847384
-3048.3007056131823	1.4130022071920165	1.0825637703273312	0.0018848317217858282	0.017822104279696705	0.9624171228306407	0.6847075102656006	0.3564923509530267	0.8203758381535237	6.915457432284488	7.9383894752548505	0.052974589140345744	0.0973120325379537	0.09918272685967794	0.0024759611852882475	1195.4642634026914
-2626.5997352851464	1.4033584083741544	0.011170864193971133	0.07264861453984695	0.009854906868918758	0.7896435222535507	1.5390723666800334	6.286898559205474	1.463725858589663	8.039674611202804	11.0	0.04530045804469346	0.026756951691133266	0.1520506008242512	0.0016931537614146026	1426.5453233100898
-3401.0638545855495	0.6798649273498155	0.028389733617249318	0.23860565236914674	0.00900561001412419	0.23150383932505258	0.6033156945351507	3.726556550840041	3.629175597655574	9.462340676102215	3.9546744590951874	0.04699721375549999	0.09186614625671093	0.06513026793061867	0.0053368225638188525	1810.7548761892772
-2780.962191645199	2.0534893751593684	1.198251146029345	0.0016958184106161765	0.010756035990431012	0.7851704421101022	2.034124019568194	7.543209769724063	2.784576047871016	5.003754809580742	10.55257694388341	0.16832006587744133	0.12128835039317748	0.11977223549672703	0.003278598789465604	1088.3348892864822
-3118.663451841273	0.5419339925784616	0.001	0.06436373320019094	0.005980998028584639	0.37049377880800366	0.41286453444071014	7.340358246755601	7.06818075692122	10.991393413129677	11.0	0.08763927789442778	0.07359011943829627	0.1263127338858834	0.004317909078346631	2496.8394853993145
-2994.915016544377	0.4721947346677936	0.001	0.03205482892687166	0.005437954059979343	0.7366732729290312	1.0737587792618761	6.430714319789587	10.762855131448763	6.418474505815528	11.0	0.06346801343613737	0.10849466253533921	0.14687026353690244	0.0034685998948450775	2651.0907110354483
-3039.494516887827	0.7936892891851828	0.02109284702962756	0.05609310690554785	0.004764841457560885	1.1793928880714621	1.185135514535825	6.129986509212621	10.429158130131619	4.74187933852106	10.68862598251859	0.033413751963229654	0.06831135051340469	0.10795260121099304	0.006905147170739981	1890.405186439647
-3201.9701769500866	0.7614205604455778	0.04626271987892732	0.10472648078860801	0.009191790014187799	0.5638754439221588	0.5296752009606923	3.077728883219781	0.004767274708251618	11.0	10.999340793869855	0.536754085126612	0.06903255630966465	0.05913973861274522	0.0025435402558896614	1788.6348573179928
-3241.1552119351218	0.5766353452720034	0.024455658944495626	1.013338690025188	0.006683711949016041	0.7024576216099334	0.49049702227574926	5.530377171319456	3.2761875305366037	9.990866247775381	6.505253402966156	0.03732991747127445	0.11306098409977505	0.06655576862180446	0.003223867055663351	1948.5626788586167
-3810.31983452387	0.9638682005975798	0.18059050056419323	0.6007661721610595	0.0032231093081263734	0.22324851248065838	0.8332337654930405	3.812732766803464	5.249954210044713	6.05529912430522	9.243428344637874	0.041610936138028104	0.06289461913310948	0.029571954519715588	0.0027320020348216047	1491.7488032785973
-2569.03048964199	0.7612888021949783	0.013480890116831156	0.03498921579350353	0.01254485676150542	0.849078134761812	1.3509058638048206	4.721490987185655	1.2363229280818726	7.568144978846251	8.792153823068432	0.07563745650496519	0.16107248204758623	0.2039455016565553	0.005752640952708637	1737.8142669795168
-2835.7259666942937	0.2591326004503835	0.012918225158642731	0.005440614000207036	0.005411064247444522	0.761342932840571	0.5060757621847097	10.0626505565777	10.046526088021594	10.367352274910612	11.0	0.810167430537377	0.05980121232978854	0.06412129964278314	0.001796891626231857	4771.366075398693
-2862.6998063051	0.9971586343286667	0.626868365378938	0.001	0.00928369178734005	0.4846991853591515	1.2770761369509334	10.770726023470134	3.612605490881529	6.193564353628758	11.0	0.061453790453601075	0.05485889794606172	0.14591184183998354	0.010687242638783657	1455.6378787907765
-3353.2713854938647	0.5035577601887068	0.015952195498000928	0.13780075980162218	0.006651312348001304	0.5285074541616843	0.46253298189229186	9.1048670421128	6.4386571341459335	9.51249816482559	6.656022492105235	0.032528988989319496	0.09389216299083727	0.05965131148019403	0.002072792166498171	2219.6526907445123
-2910.6961298458405	0.5358680591721662	0.0086939104757435	0.5028650223195448	0.010449029329889545	0.6454126980336086	0.585122226713355	11.0	0.1890567522140473	10.709880616392393	8.368016869010061	0.09753241564184104	0.07195533295356155	0.13380496239332149	0.002559749820295596	2038.572595289635
-2616.158004885682	1.058967550826591	0.005961399015627283	0.15856083321920791	0.011313147074418198	0.4276529811671172	1.3560636874928191	2.535234327938647	1.2940132670061042	7.383148495697729	8.901959952644024	0.0546479554820644	0.02408037613711707	0.21954209607202263	0.0015832722547388393	1457.0321420094872
-3372.191116677005	0.582795758250737	0.042532486734817826	0.271888379688434	0.007188863124765752	0.276747331222395	0.7264124642077109	4.263137761995698	3.669926540011055	5.254650850847434	9.190135747954088	0.05477220488323918	0.05288565150918507	0.0847219578036604	0.006481527018858947	1771.5098092051242
-2837.798075192187	0.6441802709444374	0.001	0.001	0.007651623006096279	0.35434675092945617	0.7678187682511874	2.515890332924383	5.372962227248044	7.4125774127473205	11.0	0.04187594819284038	0.05071366528040708	0.18321236589837392	0.0040051671017517256	2157.9465484165617
-3451.1030757557164	0.6144118521158785	0.026879180920146833	0.2526410324830502	0.006069438675064279	0.418861060238476	0.43102438303644247	5.481961037667946	7.296590334777981	9.152389419934195	5.692406594594049	0.043376896805330904	0.12973452886970066	0.062110554079762126	0.0013661166298782716	2046.5974140374797
-2629.356851474378	1.233906535393325	0.011496978272412637	0.15776134245539242	0.01040525699154646	1.2991855295604846	1.1946048673334693	2.7626603740661966	1.0956329960377675	8.651856628028883	10.452353828437737	0.0029120015205186898	0.029733354806857137	0.17472382845942075	0.003189217336434868	1417.3982308977616
-2925.0786910077036	0.4648136911235562	0.0096267557040722	0.07226042689237717	0.007895761936807745	0.8395647731465259	0.8166958021959686	10.20386670686936	3.0095318766758137	10.142203792570008	10.80252364443074	0.08955119696224448	0.05777385463984289	0.08967846410728199	0.0016249421513762651	2165.8500195221504
-2888.3361803939356	0.5637700527624618	0.001	0.011248847703640525	0.007754249990669581	0.4015970094861717	0.7566316615259184	7.297280833416973	4.8083017360261	8.42346278871342	10.997826256119604	0.033229372948127604	0.046834272789521326	0.12900419356123644	0.002779673207237468	2147.5203236272246
-2612.446793054621	0.37059102102162417	0.001	0.001	0.012140486091168873	0.9885012885028046	1.4004877436725038	11.0	1.6343144616765155	11.0	10.45419248978854	0.17903953490548094	0.08598724284907917	0.1533526085903217	0.0072976713012449825	2742.8709621276603
-3543.9249941313483	0.4484392972311935	0.018574105664558395	0.001	0.16083898925908535	0.4974885678486735	0.8797431280588552	4.683557829989737	0.0	7.300216930343015	0.0	0.05540147131702047	0.0768904872432703	0.09568013379274623	0.004249572652429966	1814.260964867362
-2600.8421239913737	1.1466303906587498	0.008384254150098195	0.08864313612040764	0.010847940897088848	0.636186912093425	1.5775940414558505	5.854676854000668	0.2920648252918555	9.600829028632884	10.681637678654985	0.030977652426692082	0.026699231476055702	0.18559443219470914	0.0029823811115152585	1441.7675854220795
-3216.628200741441	0.5006227185491504	0.001	0.022834200185958074	0.005710642476486889	0.5926392396430528	0.4984704913978473	2.5736309037524374	9.215592968411357	9.259397378913864	11.0	0.031161508875938753	0.06313856521140877	0.111311000753948	0.004212677409843235	2263.6448498260484
-2642.394823903838	1.4306707176749913	0.3609268009969781	0.001	0.011316840033993797	0.285844120970739	1.2031472730531685	5.1038830009936165	1.405502920287839	9.499140790978988	11.0	0.04094378412076512	0.0181947435743564	0.35164083309117616	0.0014169357792868955	1452.583081496781
-2539.6910447635314	0.8151071056641287	0.001	0.09328011343115943	0.01087923596075374	0.6033030501293262	1.6780677611479586	10.28845593505557	1.6067119134272898	7.046971902270397	9.53947966422675	0.05313563364889687	0.019935721943678143	0.2447032789600217	0.0002368157264578505	1608.685437369644
-2852.866936943465	0.9643110212470678	0.027028932285536548	0.11680756880475773	0.010879941892725868	0.3493124191602013	0.7702171804291448	7.554507871852546	0.9354436349122921	10.2011914634177	8.40518717286499	0.028082240831976423	0.12339082108899067	0.1018165614412402	0.0024998643988261376	1713.2074957173509
-2759.3102591517745	0.919905936402751	0.08379426632595878	0.001	0.010702070024148606	1.825617731814262	1.153405966595278	5.6531734075082785	1.3232696436796594	10.972371883403206	10.928414596557364	0.03827523261473056	0.042833230976004846	0.18184990263663867	0.0036982013294023903	1490.9396916239882
-3026.762174550924	1.38277296097195	0.5215691299956814	0.1625814487552359	0.010675901307747926	1.0613727328709126	0.730351493919072	4.823905831404432	0.4191618770992307	7.704387592285986	10.871163580403973	0.034547791730847974	0.09994321197475797	0.1972997137780768	0.0018257431925308351	1182.6355959151776
-2883.225521631131	0.8946007835089983	0.016545598863088307	0.38793051229751463	0.008790913460405133	0.6015510284919816	1.1608549209168475	7.293991782852124	3.643454806796268	6.36440333862784	6.8779396116915	0.03540428323951759	0.04787698787712339	0.11304430777742937	0.0017663585214601582	1599.097856221497
-2710.2236907371644	0.8395954543530438	0.006456864422465888	0.2069748403990854	0.012315125669031094	0.39413594137083185	1.5565652564289383	3.6409106976622128	0.09327810773495986	10.567344352108467	8.801810408024838	0.04653606767263219	0.02244058932600802	0.175161782052608	0.004761928582733188	1504.4195619301809
-3755.2775315584927	0.3478914179596913	0.02279024102826062	0.3565054697090174	0.0055270050882326996	0.5637453370500386	0.6016143372806187	3.1901838621356653	10.524964570120982	9.303457083616268	2.1716479453505735	0.08184853922086638	0.06974507930451287	0.054967635362359185	0.003233069871724753	2307.856688479719
-2559.1249725538228	0.8454093528694977	0.016258095510041797	0.09536551714265952	0.010748553573520373	1.0170413426374303	1.2632575531603203	7.034175453821316	1.7439444174035392	6.69654849261247	9.336983869718873	0.04398727904604339	0.13759918619261233	0.1907971187179991	0.0008558062111846654	1719.4902227425637
-2940.225111192168	0.8073906325391818	0.016991871293496733	0.3984403059653094	0.009383781380632573	1.4503303050857128	0.8129277291885575	1.8637295256880915	2.1913142004792032	9.02374592036098	7.122852719989027	0.04176650065965252	0.03571961418134117	0.10522622679446308	0.0016580085192463086	1560.443994451025
-2827.9944133369454	0.9475498758796685	0.003912036261533239	0.03856113374972478	0.00972783939239056	0.5921495053489576	0.5994368857490187	3.055223734183002	1.5902801712436854	10.251358820838743	10.967277006000765	0.026467910946350894	0.042280115511572826	0.16237692042692192	0.001291858084024262	1687.7274198240282
-3913.8883708856065	0.6674773160316084	0.7042901824333936	1.1631313447527782	0.004218555726420261	0.7131077731751354	0.47205785073370465	10.471475938190666	6.080844893570037	2.565391492549868	6.119335585952409	0.028069973395728122	0.0706827133128657	0.04967549935057647	0.0025913061140013355	1387.9808529318784
-2609.930015796044	0.41597175598187797	0.003024239814003294	0.001	0.008489481876758102	0.5407993088492477	0.575933594188159	10.979708283243808	3.5077695835819718	10.942064226501609	10.940751667257421	0.19235093202633743	0.16377992628346338	0.20751552497148956	0.005226128370263209	3351.86420774746
-2837.5270670075897	0.5194637779401201	0.001	0.001	0.006541800003728169	0.8431368547981372	0.708565838517044	7.841001881924698	8.210124482124588	10.251145905943375	10.516041657917212	0.07679951851932468	0.09971847127293726	0.24827385187378836	0.00021100563952653197	2983.3174319020095
-2928.7578087440334	0.29718073342310175	0.001	0.001	0.00637312074849555	0.6382110751772856	0.5547457793146111	7.398107913728303	8.323279733401844	10.888196635634051	11.0	0.13819079002481158	0.1111205602508746	0.12021124942793246	0.0028822303240760125	3578.757256324911
-2633.268630425104	1.1128530905933394	0.019598947760186062	0.07479168377318027	0.009691648619727303	0.6362416167080895	1.4843585872820553	1.0813416760479644	1.656668689135886	8.04827155153887	11.0	0.031806077444249285	0.06525253523405385	0.16450553713962718	0.0017551879549062542	1474.178920532444
-2858.9316797604565	1.2469798293930578	0.037159507543272755	0.02591333009746229	0.007512855619660557	0.7796935181385045	1.1637076832268862	3.411778252417993	6.160847894112542	4.205592491180732	10.33955416584567	0.011249429391231514	0.07565383318109738	0.13353384894256723	0.0019493072403320908	1598.114113326265
-2926.107792762911	0.6575288957432048	0.011288276721171369	0.017539916667672063	0.008505698332229236	0.6798302694202072	0.9727218312757436	10.081236182404362	6.435325057212491	5.51488700083383	7.889306940284553	0.07734291975758366	0.071262679700675	0.13341839467558006	0.0015232068531286405	2060.413839762911
-2911.933278841946	0.22018584640712027	0.001	0.001	0.005810946303460513	0.665522332364606	0.5661542491830521	9.03927554950126	9.804063964521145	11.0	11.0	0.360880630045636	0.05620124904458422	0.09464461499543908	0.004534553989135092	4714.638563300356
